% File initiated 31/01/2023 17:34:50 UTC
% Raw fountain data
%
% File notes: maser 5 MHz RF amplitudes 200 220 180
%
%% fountain_code = ALPHA-CsF1
%% microwave_ref = ALPHA HM1
%% MJD_start = 59975.732534
%% clock_data = False
%% sequence = 1
%% density = HD
%
% Units: V.s, Hz
%
% Shot B MJD days	Shot B MJD seconds	freq error	shot A sum	shot A ratio	shot B sum	shot B ratio	shot A F=3 bg 1	shot A F=3 bg 2	shot A F=4 bg 1	shot A F=4 bg 2	shot B F=3 bg 1	shot B F=3 bg 2	shot B F=4 bg 1	shot B F=4 bg 2	Shot A MJD days	Shot A MJD seconds	Shot order (0=LF->HF)
59975	63293	0.00187801	0.03564083	0.48142500	0.03580748	0.47579098	0.53095222	0.53100276	0.28117454	0.28095703	0.53087958	0.53105773	0.28122688	0.28099179	59975	63292	0
59975	63297	0.00095048	0.03592936	0.47607990	0.03607856	0.47886248	0.53101147	0.53100432	0.28098111	0.28096303	0.53091385	0.53088115	0.28091570	0.28093600	59975	63295	0
59975	63300	0.00132646	0.03613574	0.47739875	0.03624669	0.47627081	0.53082412	0.53087934	0.28108440	0.28079836	0.53108534	0.53089676	0.28108086	0.28085292	59975	63298	0
59975	63303	0.00035611	0.03630044	0.47606912	0.03635577	0.47898017	0.53076109	0.53077309	0.28073229	0.28072547	0.53062600	0.53077367	0.28082128	0.28067132	59975	63301	0
59975	63306	0.00055992	0.03640936	0.47906175	0.03644581	0.47845031	0.53080029	0.53105034	0.28080863	0.28091307	0.53060612	0.53081303	0.28090255	0.28068126	59975	63305	0
59975	63637	0.00057991	0.03641197	0.47942428	0.03642673	0.47936431	0.52938842	0.52934224	0.27924885	0.27911540	0.52951784	0.52945514	0.27922116	0.27911162	59975	63635	0
59975	63640	0.00089570	0.03643797	0.47843715	0.03641738	0.47748978	0.52938727	0.52953189	0.27945189	0.27924540	0.52939573	0.52945103	0.27937005	0.27925542	59975	63638	0
59975	63643	0.00060275	0.03644233	0.47645976	0.03629641	0.47733860	0.52942581	0.52947264	0.27939668	0.27916544	0.52949664	0.52955177	0.27952881	0.27934376	59975	63642	0
59975	63647	0.00116534	0.03636654	0.47852626	0.03634331	0.47683850	0.52941594	0.52945005	0.27938131	0.27924482	0.52946911	0.52947010	0.27936767	0.27926495	59975	63645	0
59975	63650	0.00124327	0.03624077	0.47669520	0.03638485	0.47646141	0.52958505	0.52945415	0.27948131	0.27922551	0.52954331	0.52946221	0.27943858	0.27927588	59975	63648	0
59975	63980	0.00099287	0.03653750	0.47699813	0.03650625	0.47774932	0.53019189	0.53030274	0.28037830	0.28017492	0.53020619	0.53025935	0.28054478	0.28021946	59975	63979	0
59975	63983	0.00095531	0.03660395	0.47781329	0.03654352	0.47792595	0.53021893	0.53019846	0.28021962	0.28019464	0.53019419	0.53038442	0.28042785	0.28028216	59975	63982	0
59975	63987	0.00058942	0.03650991	0.47487012	0.03654770	0.47596779	0.53023010	0.53024596	0.28040484	0.28022907	0.53029337	0.53040841	0.28050081	0.28032127	59975	63985	0
59975	63990	0.00045966	0.03652980	0.47757584	0.03652762	0.47796511	0.53022262	0.53035254	0.28031149	0.28024427	0.53019041	0.53027571	0.28029596	0.28020549	59975	63988	0
59975	63993	0.00039174	0.03650542	0.47746384	0.03641874	0.47766760	0.53028088	0.53018696	0.28041051	0.28018988	0.53014004	0.53027061	0.28053130	0.28024567	59975	63992	0
59975	64324	0.00100304	0.03674420	0.47826406	0.03673312	0.47643015	0.53078435	0.53089347	0.28095498	0.28074067	0.53111082	0.53095296	0.28118604	0.28076187	59975	64322	0
59975	64327	0.00075880	0.03672685	0.47867759	0.03678177	0.47941034	0.53102503	0.53095009	0.28085785	0.28073426	0.53119274	0.53094795	0.28102770	0.28070879	59975	64325	0
59975	64330	0.00115684	0.03681523	0.47950668	0.03684037	0.47831254	0.53106932	0.53099323	0.28081455	0.28082515	0.53098452	0.53102527	0.28083649	0.28083024	59975	64328	0
59975	64333	0.00062265	0.03681233	0.47792133	0.03683577	0.47952390	0.53113185	0.53103571	0.28097379	0.28082457	0.53096997	0.53092503	0.28083139	0.28077872	59975	64332	0
59975	64337	0.00055771	0.03684710	0.47617988	0.03679244	0.47637471	0.53100703	0.53105560	0.28089581	0.28078266	0.53102963	0.53109364	0.28104841	0.28088891	59975	64335	0
59975	64667	0.00121713	0.03663071	0.47813225	0.03676361	0.47615399	0.53095222	0.53096208	0.28105087	0.28082383	0.53104122	0.53104910	0.28110560	0.28088521	59975	64665	0
59975	64670	-0.00043118	0.03669786	0.47244383	0.03669179	0.47738876	0.53110819	0.53112495	0.28104635	0.28094536	0.53114188	0.53111764	0.28104356	0.28096780	59975	64669	0
59975	64674	0.00008955	0.03659347	0.47625779	0.03666598	0.47469560	0.53113144	0.53106751	0.28116139	0.28095095	0.53105683	0.53111238	0.28120001	0.28090584	59975	64672	0
59975	64677	0.00049155	0.03679556	0.48004361	0.03676714	0.47883760	0.53110983	0.53111599	0.28097363	0.28091726	0.53120811	0.53120383	0.28111234	0.28092868	59975	64675	0
59975	64680	0.00093109	0.03676164	0.47721947	0.03669803	0.47590086	0.53097071	0.53112421	0.28117758	0.28087815	0.53095132	0.53098830	0.28113822	0.28084314	59975	64678	0
59975	65011	0.00099509	0.03709008	0.47792796	0.03711262	0.47773593	0.53138412	0.53149982	0.28135080	0.28116139	0.53142981	0.53134730	0.28152188	0.28121497	59975	65009	0
59975	65014	0.00061064	0.03715919	0.47618331	0.03707481	0.47733667	0.53151666	0.53153318	0.28125375	0.28133239	0.53145684	0.53151773	0.28148786	0.28122236	59975	65012	0
59975	65017	0.00046147	0.03707938	0.47712534	0.03711283	0.47757284	0.53135873	0.53144328	0.28138104	0.28134184	0.53129849	0.53141543	0.28130642	0.28119558	59975	65015	0
59975	65020	0.00111256	0.03707807	0.47799177	0.03703707	0.47603853	0.53140466	0.53136489	0.28122984	0.28115194	0.53147221	0.53141937	0.28160142	0.28127265	59975	65019	0
59975	65024	0.00008448	0.03716148	0.47600213	0.03712721	0.47908635	0.53147894	0.53157196	0.28149986	0.28127832	0.53167016	0.53152200	0.28145622	0.28121579	59975	65022	0
59975	65354	0.00113798	0.03671548	0.47804062	0.03679662	0.47488012	0.53077293	0.53086644	0.28089680	0.28062013	0.53100498	0.53092445	0.28085801	0.28068702	59975	65352	0
59975	65357	0.00061702	0.03675977	0.47614640	0.03682707	0.47770928	0.53084680	0.53088073	0.28094816	0.28070016	0.53116340	0.53110498	0.28090543	0.28081718	59975	65356	0
59975	65361	0.00035251	0.03675934	0.47677588	0.03673042	0.47756941	0.53109109	0.53105773	0.28086615	0.28073533	0.53109759	0.53104122	0.28093484	0.28083098	59975	65359	0
59975	65364	-0.00022597	0.03671229	0.47559301	0.03680086	0.47732846	0.53096208	0.53113267	0.28086771	0.28082424	0.53087433	0.53096973	0.28096788	0.28070082	59975	65362	0
59975	65367	0.00099761	0.03677556	0.48029231	0.03680970	0.47662156	0.53087695	0.53094581	0.28082293	0.28072769	0.53092560	0.53095395	0.28078751	0.28067633	59975	65365	0
59975	65697	0.00029801	0.03701366	0.47560459	0.03684235	0.47770340	0.53122429	0.53131567	0.28112203	0.28112236	0.53148404	0.53144846	0.28139616	0.28119352	59975	65696	0
59975	65701	0.00107561	0.03682634	0.47725917	0.03686125	0.47492635	0.53128576	0.53163548	0.28149714	0.28139764	0.53159998	0.53129126	0.28145762	0.28122943	59975	65699	0
59975	65704	0.00111245	0.03689595	0.47633560	0.03681756	0.47622509	0.53143967	0.53138847	0.28132294	0.28115161	0.53140277	0.53133021	0.28127709	0.28114611	59975	65702	0
59975	65707	0.00071080	0.03694895	0.47700452	0.03690200	0.47820946	0.53124040	0.53124377	0.28144373	0.28111488	0.53136464	0.53122101	0.28129254	0.28108711	59975	65706	0
59975	65711	0.00036323	0.03692058	0.47691821	0.03695038	0.47796095	0.53129496	0.53127212	0.28122277	0.28115671	0.53133777	0.53142693	0.28132705	0.28112696	59975	65709	0
59975	66041	0.00025813	0.03687295	0.47616003	0.03687650	0.47647531	0.53022616	0.53029855	0.28002381	0.27986719	0.53040891	0.53050217	0.28008971	0.27990524	59975	66039	0
59975	66044	0.00063352	0.03688705	0.47703664	0.03683840	0.47591046	0.53062395	0.53053225	0.28012036	0.27996341	0.53042197	0.53042518	0.28019892	0.27992167	59975	66043	0
59975	66047	0.00058338	0.03693356	0.47868685	0.03685893	0.47883729	0.53040940	0.53037464	0.28019415	0.27994911	0.53037489	0.53036840	0.28015578	0.27994764	59975	66046	0
59975	66051	-0.00078212	0.03679229	0.47550756	0.03685749	0.47960406	0.53040817	0.53043430	0.28021839	0.27997097	0.53052789	0.53038351	0.28009357	0.27996308	59975	66049	0
59975	66054	0.00045310	0.03684528	0.47731199	0.03694865	0.47360633	0.53039913	0.53035821	0.28026424	0.27996580	0.53041753	0.53040808	0.28012923	0.27992446	59975	66052	0
59975	66384	0.00018022	0.03677105	0.47702400	0.03683134	0.47784264	0.53116924	0.53110958	0.28106098	0.28096492	0.53125166	0.53119093	0.28108399	0.28098743	59975	66383	0
59975	66388	0.00167716	0.03679473	0.47997862	0.03674561	0.47548781	0.53126127	0.53112906	0.28097141	0.28091931	0.53116784	0.53122125	0.28101357	0.28085884	59975	66386	0
59975	66391	0.00029858	0.03676995	0.47516324	0.03672721	0.47929898	0.53120392	0.53122824	0.28112261	0.28094668	0.53125766	0.53116924	0.28132483	0.28093978	59975	66389	0
59975	66394	-0.00013738	0.03672372	0.47701148	0.03675865	0.47831937	0.53122019	0.53123580	0.28102178	0.28099910	0.53117121	0.53115280	0.28100888	0.28085769	59975	66393	0
59975	66397	0.00056047	0.03674138	0.47773695	0.03676608	0.47564338	0.53101155	0.53120342	0.28115482	0.28084207	0.53110169	0.53109027	0.28109746	0.28084856	59975	66396	0
59975	66728	0.00108260	0.03687130	0.47956235	0.03679363	0.47799596	0.53124467	0.53126308	0.28126830	0.28098267	0.53145183	0.53136160	0.28145187	0.28100461	59975	66726	0
59975	66731	0.00032759	0.03682429	0.47625880	0.03691145	0.47852385	0.53126842	0.53142586	0.28129788	0.28108407	0.53141526	0.53138395	0.28129098	0.28111160	59975	66729	0
59975	66734	0.00095447	0.03691850	0.47757409	0.03687574	0.47569344	0.53144073	0.53138962	0.28122902	0.28105440	0.53139307	0.53136473	0.28135433	0.28110741	59975	66733	0
59975	66738	0.00051398	0.03684811	0.47663951	0.03685514	0.47796098	0.53134689	0.53136448	0.28129007	0.28099927	0.53143309	0.53137656	0.28110461	0.28098727	59975	66736	0
59975	66741	0.00019547	0.03694208	0.47612999	0.03698668	0.47708552	0.53133334	0.53136653	0.28131530	0.28099803	0.53132405	0.53133580	0.28098292	0.28093723	59975	66739	0
59975	67071	0.00029076	0.03694214	0.47612367	0.03688393	0.47583781	0.53104845	0.53083981	0.28082589	0.28058405	0.53089939	0.53093119	0.28090904	0.28058142	59975	67070	0
59975	67075	-0.00025506	0.03694071	0.47615019	0.03682253	0.47778767	0.53089339	0.53095855	0.28100354	0.28070969	0.53096932	0.53107482	0.28091102	0.28077017	59975	67073	0
59975	67078	0.00000338	0.03683188	0.47585444	0.03692640	0.47507910	0.53096669	0.53089298	0.28093115	0.28065727	0.53103292	0.53102396	0.28093961	0.28075094	59975	67076	0
59975	67081	0.00068126	0.03690897	0.47904052	0.03697907	0.47700690	0.53093743	0.53091418	0.28079622	0.28062785	0.53090670	0.53099651	0.28094265	0.28072506	59975	67079	0
59975	67084	0.00085248	0.03683038	0.47653532	0.03677498	0.47602167	0.53103867	0.53091689	0.28083106	0.28067066	0.53091262	0.53087663	0.28077864	0.28067518	59975	67083	0
59975	67415	0.00140755	0.03729611	0.47781617	0.03716783	0.47615095	0.53071278	0.53074343	0.28044584	0.28031815	0.53074351	0.53074573	0.28040525	0.28032143	59975	67413	0
59975	67418	0.00079802	0.03719181	0.47536277	0.03714729	0.47719136	0.53074622	0.53074425	0.28068258	0.28039851	0.53075723	0.53085543	0.28062629	0.28044888	59975	67416	0
59975	67421	0.00120039	0.03712209	0.47839112	0.03715439	0.47718400	0.53076126	0.53085575	0.28063738	0.28038397	0.53075748	0.53075099	0.28061487	0.28045685	59975	67420	0
59975	67424	0.00096084	0.03732633	0.47748335	0.03714014	0.47820200	0.53083694	0.53088871	0.28065382	0.28045726	0.53070267	0.53078648	0.28061454	0.28038808	59975	67423	0
59975	67428	0.00161346	0.03712523	0.47746638	0.03707261	0.47550853	0.53063611	0.53078509	0.28063286	0.28042333	0.53077071	0.53076841	0.28042177	0.28038873	59975	67426	0
59975	67758	0.00229483	0.03671045	0.47726027	0.03661829	0.47521615	0.53050192	0.53057826	0.28051380	0.28027279	0.53060653	0.53072190	0.28058972	0.28043122	59975	67757	0
59975	67761	0.00122630	0.03666518	0.47479469	0.03680611	0.47800030	0.53053381	0.53049132	0.28031922	0.28026005	0.53063291	0.53054663	0.28035923	0.28025915	59975	67760	0
59975	67765	0.00065891	0.03668946	0.47592089	0.03676728	0.47762305	0.53052452	0.53062420	0.28055069	0.28030221	0.53057325	0.53061532	0.28057888	0.28027328	59975	67763	0
59975	67768	-0.00070553	0.03666619	0.47574887	0.03676742	0.47984221	0.53074047	0.53072379	0.28058512	0.28033713	0.53064597	0.53067038	0.28035652	0.28028388	59975	67766	0
59975	67771	0.00024837	0.03690400	0.47826577	0.03689525	0.47540407	0.53065033	0.53056692	0.28034559	0.28015561	0.53039592	0.53040200	0.28043746	0.28019719	59975	67770	0
59975	68102	0.00074241	0.03700729	0.47845416	0.03697455	0.47697204	0.53088484	0.53097047	0.28076031	0.28063927	0.53106118	0.53104927	0.28101472	0.28066368	59975	68100	0
59975	68105	0.00023471	0.03708152	0.47668715	0.03720945	0.47821024	0.53114796	0.53113275	0.28078998	0.28073854	0.53128461	0.53126045	0.28111899	0.28081200	59975	68103	0
59975	68108	0.00049047	0.03728480	0.47832731	0.03718296	0.47756002	0.53124360	0.53133753	0.28099664	0.28084470	0.53125692	0.53126234	0.28088447	0.28075933	59975	68107	0
59975	68111	0.00057573	0.03707174	0.47814672	0.03712549	0.47789093	0.53126456	0.53123070	0.28099919	0.28081134	0.53119775	0.53117836	0.28104808	0.28079326	59975	68110	0
59975	68115	0.00057544	0.03723947	0.47690139	0.03714574	0.47690226	0.53112536	0.53112199	0.28097116	0.28079228	0.53102947	0.53102766	0.28094150	0.28080641	59975	68113	0
59975	68445	-0.00034625	0.03675436	0.47704200	0.03683001	0.47980709	0.53040209	0.53039839	0.28027665	0.28009242	0.53044769	0.53056651	0.28022151	0.28013088	59975	68443	0
59975	68448	0.00167956	0.03671682	0.48057808	0.03679496	0.47450064	0.53041605	0.53048278	0.28039810	0.28007862	0.53042444	0.53046881	0.28013285	0.28010163	59975	68447	0
59975	68452	0.00068712	0.03691692	0.47569010	0.03697403	0.47866741	0.53068278	0.53049962	0.28024239	0.28010458	0.53053660	0.53048697	0.28028076	0.28005873	59975	68450	0
59975	68455	0.00166667	0.03690351	0.47770557	0.03691386	0.47476691	0.53069700	0.53062387	0.28026835	0.28012168	0.53063003	0.53062411	0.28028101	0.28024296	59975	68453	0
59975	68458	0.00041376	0.03682927	0.47464728	0.03675784	0.47840603	0.53052888	0.53055657	0.28040895	0.28014214	0.53042230	0.53050439	0.28022086	0.28012332	59975	68457	0
59975	68789	0.00088382	0.03709696	0.47715523	0.03699398	0.47574505	0.53104089	0.53124763	0.28095621	0.28076623	0.53113547	0.53125503	0.28089458	0.28086787	59975	68787	0
59975	68792	0.00075125	0.03690641	0.47630343	0.03687108	0.47670113	0.53114911	0.53116431	0.28100716	0.28088283	0.53120704	0.53126793	0.28093747	0.28078299	59975	68790	0
59975	68795	-0.00004540	0.03689451	0.47539894	0.03686616	0.47778890	0.53129702	0.53125355	0.28096410	0.28090206	0.53133580	0.53137943	0.28110773	0.28094857	59975	68793	0
59975	68798	0.00043155	0.03687105	0.47779778	0.03691294	0.47636693	0.53122397	0.53125108	0.28101480	0.28085177	0.53132635	0.53127417	0.28111998	0.28089754	59975	68797	0
59975	68802	-0.00019247	0.03695184	0.47673902	0.03691865	0.47861106	0.53140244	0.53133925	0.28104882	0.28092227	0.53142274	0.53139981	0.28109212	0.28094101	59975	68800	0
59975	69132	0.00061596	0.03666539	0.47884131	0.03661326	0.47641601	0.53060949	0.53062830	0.28019966	0.27999579	0.53081894	0.53075813	0.28022743	0.28008462	59975	69130	0
59975	69135	0.00016491	0.03656010	0.47531551	0.03669461	0.47666867	0.53075123	0.53065961	0.28033729	0.28014008	0.53071006	0.53059995	0.28020491	0.28005643	59975	69134	0
59975	69138	-0.00004493	0.03683712	0.47736005	0.03651985	0.47798959	0.53068229	0.53065230	0.28030344	0.28013614	0.53068796	0.53076668	0.28026893	0.28028454	59975	69137	0
59975	69142	0.00082471	0.03663235	0.47713395	0.03656553	0.47452501	0.53066627	0.53059289	0.28034814	0.28014748	0.53076586	0.53071253	0.28032842	0.28013039	59975	69140	0
59975	69145	0.00003582	0.03652250	0.47495554	0.03667377	0.47732222	0.53092839	0.53082601	0.28040467	0.28025463	0.53076118	0.53079980	0.28055940	0.28023080	59975	69143	0
59975	69475	0.00100063	0.03674846	0.47799749	0.03692058	0.47510308	0.53114097	0.53114927	0.28087149	0.28072835	0.53122290	0.53121164	0.28085612	0.28077338	59975	69474	0
59975	69479	0.00033754	0.03696544	0.47634474	0.03687668	0.47833399	0.53117680	0.53119759	0.28101808	0.28079170	0.53138313	0.53125922	0.28118284	0.28079359	59975	69477	0
59975	69482	0.00102032	0.03688273	0.47790252	0.03681232	0.47585420	0.53124015	0.53122068	0.28093994	0.28079187	0.53105970	0.53104689	0.28090198	0.28076401	59975	69480	0
59975	69485	0.00133373	0.03676431	0.47758057	0.03680741	0.47664034	0.53114853	0.53106768	0.28084741	0.28074930	0.53110252	0.53142882	0.28108538	0.28098135	59975	69484	0
59975	69488	0.00055368	0.03675632	0.47423660	0.03682071	0.47657674	0.53101180	0.53113489	0.28082613	0.28067411	0.53102051	0.53105001	0.28084552	0.28068463	59975	69487	0
59975	69819	0.00084620	0.03706308	0.47751276	0.03714083	0.47663521	0.53101944	0.53114870	0.28076631	0.28069671	0.53127401	0.53126053	0.28099688	0.28080066	59975	69817	0
59975	69822	0.00096953	0.03722176	0.47734238	0.03725595	0.47697239	0.53128255	0.53139118	0.28082457	0.28073550	0.53125305	0.53130088	0.28108925	0.28078874	59975	69820	0
59975	69825	0.00036731	0.03711283	0.47515730	0.03709128	0.47696396	0.53118871	0.53131846	0.28099656	0.28083969	0.53111386	0.53123087	0.28094898	0.28088686	59975	69824	0
59975	69829	0.00059886	0.03711267	0.47675862	0.03709618	0.47606395	0.53099816	0.53111172	0.28090395	0.28070838	0.53119857	0.53123958	0.28088267	0.28072309	59975	69827	0
59975	69832	0.00166399	0.03730966	0.47776088	0.03723427	0.47456549	0.53124459	0.53133194	0.28095531	0.28077395	0.53120983	0.53120720	0.28102712	0.28076524	59975	69830	0
59975	70162	0.00024057	0.03680727	0.47593934	0.03689645	0.48020962	0.53110547	0.53105387	0.28087543	0.28058578	0.53111090	0.53109438	0.28080049	0.28072933	59975	70161	0
59975	70166	0.00182325	0.03681059	0.47796569	0.03665168	0.47321765	0.53111985	0.53116184	0.28086812	0.28070476	0.53108107	0.53115428	0.28073813	0.28071610	59975	70164	0
59975	70169	0.00074888	0.03672662	0.47604433	0.03668317	0.47926745	0.53117474	0.53120753	0.28085226	0.28078447	0.53108271	0.53105083	0.28085678	0.28066187	59975	70167	0
59975	70172	0.00100550	0.03674157	0.47796214	0.03680400	0.47719228	0.53107113	0.53104853	0.28072473	0.28067863	0.53102782	0.53107392	0.28073944	0.28063648	59975	70170	0
59975	70175	0.00041182	0.03674942	0.47502701	0.03666095	0.47680805	0.53101640	0.53105592	0.28089327	0.28068660	0.53103711	0.53104417	0.28089146	0.28069753	59975	70174	0
59975	70506	0.00026974	0.03707908	0.47701927	0.03708669	0.47744549	0.53157492	0.53151518	0.28128711	0.28116427	0.53157739	0.53154567	0.28145557	0.28114175	59975	70504	0
59975	70509	0.00072312	0.03709397	0.47893124	0.03717212	0.47757112	0.53157459	0.53160845	0.28129624	0.28112902	0.53153383	0.53155134	0.28143165	0.28116542	59975	70507	0
59975	70512	0.00110190	0.03720209	0.47843339	0.03709152	0.47729703	0.53137795	0.53151855	0.28134192	0.28111488	0.53155742	0.53155306	0.28141275	0.28119007	59975	70511	0
59975	70516	0.00040447	0.03699661	0.47612267	0.03705788	0.47821495	0.53150614	0.53151855	0.28127183	0.28119812	0.53154074	0.53150779	0.28125688	0.28107766	59975	70514	0
59975	70519	0.00055473	0.03709230	0.47813451	0.03710123	0.47768374	0.53144377	0.53143465	0.28134858	0.28112491	0.53140647	0.53156637	0.28141464	0.28127290	59975	70517	0
59975	70849	0.00003487	0.03687878	0.47639294	0.03694445	0.47795251	0.53147746	0.53165183	0.28130495	0.28111127	0.53161781	0.53168955	0.28129221	0.28114364	59975	70848	0
59975	70852	0.00036425	0.03696664	0.47726164	0.03679717	0.47627350	0.53170549	0.53170533	0.28135055	0.28115819	0.53189572	0.53178561	0.28141949	0.28124217	59975	70851	0
59975	70856	0.00101934	0.03692705	0.47951906	0.03702269	0.47755379	0.53183376	0.53174469	0.28140010	0.28124381	0.53174863	0.53173885	0.28129574	0.28127487	59975	70854	0
59975	70859	0.00135051	0.03708071	0.47888338	0.03694778	0.47788988	0.53179078	0.53181519	0.28131941	0.28128005	0.53172135	0.53172891	0.28147307	0.28124603	59975	70857	0
59975	70862	0.00037799	0.03692183	0.47622342	0.03704566	0.47914097	0.53182579	0.53172809	0.28138539	0.28125104	0.53180960	0.53172562	0.28131768	0.28128547	59975	70861	0
59975	71193	0.00064144	0.03676460	0.47638109	0.03678046	0.47559075	0.53145437	0.53138289	0.28131555	0.28106878	0.53132578	0.53149710	0.28132779	0.28109582	59975	71191	0
59975	71196	0.00034592	0.03692786	0.47670697	0.03693937	0.47759352	0.53137426	0.53138100	0.28123781	0.28100592	0.53146300	0.53136325	0.28113214	0.28102137	59975	71194	0
59975	71199	0.00056812	0.03683459	0.47739348	0.03681948	0.47672687	0.53146810	0.53154090	0.28112951	0.28113000	0.53139299	0.53146300	0.28122056	0.28106254	59975	71198	0
59975	71202	0.00087184	0.03677255	0.47773745	0.03684484	0.47682630	0.53137508	0.53140515	0.28122056	0.28098867	0.53139365	0.53130441	0.28114635	0.28095284	59975	71201	0
59975	71206	0.00083308	0.03688579	0.47635336	0.03689079	0.47646963	0.53131937	0.53141674	0.28127635	0.28098390	0.53137730	0.53147426	0.28119681	0.28109607	59975	71204	0
59975	71536	0.00076420	0.03723286	0.47705906	0.03730145	0.47726571	0.53144838	0.53163745	0.28134940	0.28105334	0.53144303	0.53156605	0.28135244	0.28106574	59975	71534	0
59975	71539	0.00117771	0.03715426	0.47750376	0.03713255	0.47626323	0.53160089	0.53155167	0.28119040	0.28110297	0.53166284	0.53170220	0.28123387	0.28129484	59975	71538	0
59975	71543	0.00171147	0.03706147	0.47723827	0.03692752	0.47563700	0.53155528	0.53169678	0.28135910	0.28125992	0.53157508	0.53161091	0.28133247	0.28123789	59975	71541	0
59975	71546	0.00081494	0.03706197	0.47627071	0.03703049	0.47896027	0.53157928	0.53163819	0.28124718	0.28123543	0.53170007	0.53165709	0.28129697	0.28117224	59975	71544	0
59975	71549	0.00118867	0.03697056	0.47725792	0.03709445	0.47613673	0.53153408	0.53171930	0.28145762	0.28123658	0.53165693	0.53156679	0.28126559	0.28115572	59975	71547	0
59975	71879	0.00021729	0.03675032	0.47591766	0.03684372	0.47883181	0.53118050	0.53122060	0.28078669	0.28067921	0.53121953	0.53134722	0.28087782	0.28069720	59975	71878	0
59975	71883	0.00026946	0.03685304	0.47736417	0.03695955	0.47720765	0.53123958	0.53126858	0.28078743	0.28069425	0.53118806	0.53129849	0.28084174	0.28067855	59975	71881	0
59975	71886	0.00124167	0.03678760	0.47789408	0.03674699	0.47497746	0.53107778	0.53125634	0.28083714	0.28064971	0.53128469	0.53122939	0.28075875	0.28063640	59975	71884	0
59975	71889	0.00060127	0.03670663	0.47586527	0.03669179	0.47778645	0.53122101	0.53128732	0.28090945	0.28071594	0.53119923	0.53117688	0.28074947	0.28078135	59975	71888	0
59975	71893	0.00107082	0.03667690	0.47755026	0.03673613	0.47614161	0.53117121	0.53116768	0.28087198	0.28064774	0.53111911	0.53115280	0.28073081	0.28062054	59975	71891	0
59975	72223	0.00027694	0.03702282	0.47703864	0.03688256	0.47942030	0.53162447	0.53172168	0.28136058	0.28119673	0.53165339	0.53169834	0.28140413	0.28130297	59975	72221	0
59975	72226	0.00045993	0.03698203	0.47713623	0.03698462	0.47658723	0.53164378	0.53176646	0.28150183	0.28127471	0.53164066	0.53169308	0.28131415	0.28124611	59975	72225	0
59975	72229	0.00170595	0.03692809	0.47922543	0.03689757	0.47548739	0.53151025	0.53160204	0.28149279	0.28125088	0.53154386	0.53157098	0.28143412	0.28122129	59975	72228	0
59975	72233	0.00044762	0.03685158	0.47397264	0.03684165	0.47774763	0.53158700	0.53172990	0.28144382	0.28131407	0.53164419	0.53163762	0.28128161	0.28129681	59975	72231	0
59975	72236	0.00125804	0.03681092	0.47679565	0.03683442	0.47436439	0.53158946	0.53167221	0.28146534	0.28130092	0.53161412	0.53159793	0.28156937	0.28120387	59975	72234	0
59975	72566	0.00015790	0.03720513	0.47621395	0.03715635	0.47951436	0.53143646	0.53161116	0.28133921	0.28112959	0.53170031	0.53171067	0.28155187	0.28121505	59975	72565	0
59975	72570	0.00069058	0.03703711	0.47647558	0.03707950	0.47487755	0.53166399	0.53177279	0.28128785	0.28122088	0.53180705	0.53178725	0.28137068	0.28123247	59975	72568	0
59975	72573	0.00076521	0.03705701	0.47703565	0.03694053	0.47681176	0.53167385	0.53167180	0.28123165	0.28114611	0.53167246	0.53170031	0.28139624	0.28114939	59975	72571	0
59975	72576	0.00045165	0.03706327	0.47609338	0.03701117	0.47703408	0.53162965	0.53172899	0.28132228	0.28115621	0.53177706	0.53165545	0.28123025	0.28114233	59975	72574	0
59975	72579	0.00063737	0.03709995	0.47625318	0.03707100	0.47569601	0.53173146	0.53160187	0.28124348	0.28109204	0.53157903	0.53170870	0.28136526	0.28111234	59975	72578	0
59975	72910	0.00029926	0.03675537	0.47697342	0.03680686	0.47798775	0.53115420	0.53117705	0.28088710	0.28079154	0.53113144	0.53142068	0.28098012	0.28105506	59975	72908	0
59975	72913	0.00128068	0.03688505	0.47826320	0.03674820	0.47531893	0.53113506	0.53119504	0.28103805	0.28082662	0.53129003	0.53125831	0.28108514	0.28091726	59975	72911	0
59975	72916	0.00085905	0.03670658	0.47589657	0.03667089	0.47716148	0.53122487	0.53120145	0.28087765	0.28081857	0.53113415	0.53121936	0.28107676	0.28079376	59975	72915	0
59975	72920	0.00188295	0.03671002	0.47552708	0.03678085	0.47245539	0.53123933	0.53119570	0.28092786	0.28083755	0.53117680	0.53126267	0.28081077	0.28082802	59975	72918	0
59975	72923	0.00105538	0.03674613	0.47528480	0.03678243	0.47776752	0.53117787	0.53115100	0.28091652	0.28078743	0.53113793	0.53118477	0.28093394	0.28081635	59975	72921	0
59975	73253	0.00107837	0.03711404	0.47800234	0.03715220	0.47793337	0.53166860	0.53164994	0.28137085	0.28118777	0.53174025	0.53172546	0.28130338	0.28120330	59975	73252	0
59975	73256	0.00176113	0.03716216	0.47823960	0.03704349	0.47619130	0.53159908	0.53177065	0.28148170	0.28132483	0.53158338	0.53170303	0.28151325	0.28124841	59975	73255	0
59975	73260	0.00023376	0.03707185	0.47513454	0.03727716	0.47971667	0.53159727	0.53169670	0.28134003	0.28128498	0.53163671	0.53179267	0.28125614	0.28130618	59975	73258	0
59975	73263	0.00049823	0.03721389	0.47765397	0.03722466	0.47686054	0.53160721	0.53176441	0.28145335	0.28123526	0.53160738	0.53171494	0.28135943	0.28127191	59975	73261	0
59975	73266	0.00180961	0.03709926	0.47846375	0.03708493	0.47452963	0.53155873	0.53173787	0.28136164	0.28134151	0.53150869	0.53159407	0.28131193	0.28117824	59975	73265	0
59975	73597	0.00084408	0.03718215	0.47460719	0.03719692	0.47750376	0.53125938	0.53135881	0.28106369	0.28087470	0.53137763	0.53130975	0.28087141	0.28084322	59975	73595	0
59975	73600	0.00136360	0.03719165	0.47739023	0.03713434	0.47583168	0.53138132	0.53146917	0.28105629	0.28088940	0.53150992	0.53147130	0.28093789	0.28095161	59975	73598	0
59975	73603	0.00161928	0.03728041	0.47803103	0.03730499	0.47726399	0.53141707	0.53149842	0.28087921	0.28082835	0.53149620	0.53147968	0.28099721	0.28085555	59975	73602	0
59975	73606	0.00076041	0.03726211	0.47532902	0.03732686	0.47790564	0.53138387	0.53141033	0.28111357	0.28089088	0.53138880	0.53134681	0.28105712	0.28080247	59975	73605	0
59975	73610	0.00135723	0.03729536	0.47751524	0.03735236	0.47572478	0.53131961	0.53137491	0.28083821	0.28078455	0.53137746	0.53129767	0.28101677	0.28079162	59975	73608	0
59975	73940	0.00146471	0.03667521	0.47645477	0.03671832	0.47613232	0.53142192	0.53150047	0.28149665	0.28123148	0.53148289	0.53139702	0.28145310	0.28119163	59975	73938	0
59975	73943	0.00045627	0.03657747	0.47486958	0.03664464	0.47789493	0.53153630	0.53143646	0.28115474	0.28110091	0.53175052	0.53180385	0.28139517	0.28129426	59975	73942	0
59975	73947	0.00115428	0.03667331	0.47721555	0.03669584	0.47512150	0.53146736	0.53145741	0.28117635	0.28116262	0.53142085	0.53142685	0.28121143	0.28108037	59975	73945	0
59975	73950	0.00140159	0.03672408	0.47753336	0.03671067	0.47679142	0.53144254	0.53142060	0.28123748	0.28111899	0.53137237	0.53146037	0.28139361	0.28110568	59975	73948	0
59975	73953	0.00142154	0.03666139	0.47631066	0.03667946	0.47625081	0.53167369	0.53158125	0.28156855	0.28119837	0.53149965	0.53155019	0.28128407	0.28118391	59975	73951	0
59975	74284	0.00143805	0.03729931	0.47576683	0.03724638	0.47571730	0.53182563	0.53191938	0.28150848	0.28153741	0.53184239	0.53182061	0.28165245	0.28149542	59975	74282	0
59975	74287	0.00118933	0.03721479	0.47660962	0.03713251	0.47735578	0.53183195	0.53182217	0.28158301	0.28147159	0.53192275	0.53182982	0.28158803	0.28141275	59975	74285	0
59975	74290	-0.00002776	0.03715922	0.47517212	0.03719254	0.47882341	0.53171757	0.53174165	0.28152032	0.28134932	0.53181511	0.53184354	0.28156732	0.28150043	59975	74288	0
59975	74293	0.00047276	0.03714865	0.47736411	0.03725461	0.47586255	0.53173277	0.53189153	0.28158573	0.28146206	0.53195201	0.53192916	0.28156904	0.28149221	59975	74292	0
59975	74297	0.00081883	0.03734301	0.47595820	0.03732714	0.47491997	0.53190492	0.53192990	0.28157570	0.28154612	0.53180171	0.53185348	0.28149263	0.28137775	59975	74295	0
59975	74627	0.00061709	0.03746256	0.47702126	0.03735226	0.47762649	0.53121369	0.53120942	0.28084199	0.28075374	0.53137615	0.53135207	0.28108308	0.28089401	59975	74625	0
59975	74630	0.00008260	0.03726553	0.47478118	0.03729539	0.47638464	0.53142578	0.53151650	0.28095621	0.28086878	0.53127582	0.53132356	0.28109475	0.28079556	59975	74629	0
59975	74634	0.00105974	0.03737783	0.47733679	0.03747790	0.47440537	0.53133408	0.53132898	0.28105794	0.28080197	0.53136062	0.53142077	0.28102679	0.28088825	59975	74632	0
59975	74637	0.00057794	0.03745473	0.47567322	0.03734983	0.47711862	0.53145947	0.53147820	0.28109064	0.28087601	0.53145626	0.53142101	0.28096977	0.28089080	59975	74635	0
59975	74640	0.00092062	0.03741206	0.47808958	0.03730791	0.47706155	0.53131764	0.53140450	0.28114192	0.28089458	0.53127951	0.53162792	0.28111357	0.28108399	59975	74638	0
59975	74970	0.00056816	0.03697923	0.47606856	0.03705996	0.47712595	0.53211881	0.53211224	0.28194605	0.28183849	0.53226795	0.53221052	0.28186774	0.28182682	59975	74969	0
59975	74974	0.00114824	0.03698640	0.47919446	0.03702997	0.47745422	0.53222046	0.53224248	0.28197916	0.28181408	0.53200780	0.53206811	0.28200718	0.28175738	59975	74972	0
59975	74977	0.00109063	0.03698161	0.47640126	0.03691090	0.47657408	0.53208077	0.53214856	0.28197029	0.28176478	0.53210550	0.53224158	0.28200102	0.28183002	59975	74975	0
59975	74980	0.00077076	0.03697509	0.47686401	0.03706219	0.47782364	0.53217798	0.53220320	0.28178737	0.28172764	0.53212481	0.53210254	0.28201861	0.28171079	59975	74979	0
59975	74983	0.00095234	0.03710860	0.47733241	0.03704306	0.47678765	0.53204174	0.53210213	0.28188754	0.28174013	0.53226713	0.53219515	0.28194284	0.28173306	59975	74982	0
59975	75314	0.00076657	0.03718269	0.47612344	0.03706522	0.47668075	0.53213969	0.53221019	0.28191852	0.28184374	0.53218315	0.53220435	0.28219141	0.28182090	59975	75312	0
59975	75317	0.00103406	0.03709335	0.47850029	0.03713770	0.47769782	0.53213040	0.53233928	0.28207588	0.28193808	0.53211355	0.53216836	0.28199174	0.28190200	59975	75315	0
59975	75320	0.00041727	0.03703923	0.47524087	0.03710713	0.47709125	0.53216606	0.53211840	0.28198097	0.28182460	0.53201593	0.53206014	0.28198656	0.28179617	59975	75319	0
59975	75324	0.00043281	0.03715292	0.47687434	0.03687156	0.47682771	0.53218077	0.53216976	0.28198418	0.28183791	0.53219367	0.53219022	0.28189806	0.28187045	59975	75322	0
59975	75327	0.00080881	0.03700424	0.47797148	0.03715616	0.47684349	0.53212884	0.53221578	0.28210275	0.28186355	0.53227658	0.53228932	0.28211006	0.28188335	59975	75325	0
59975	75657	0.00159702	0.03730279	0.47731904	0.03722781	0.47495441	0.53166794	0.53183450	0.28142196	0.28135638	0.53160877	0.53172127	0.28135433	0.28119434	59975	75656	0
59975	75661	0.00131621	0.03732290	0.47545696	0.03729876	0.47629940	0.53178199	0.53171716	0.28134455	0.28122705	0.53176531	0.53172012	0.28136107	0.28127405	59975	75659	0
59975	75664	0.00030792	0.03718972	0.47589852	0.03742338	0.47892338	0.53178191	0.53173803	0.28143387	0.28119163	0.53166350	0.53170483	0.28143239	0.28130166	59975	75662	0
59975	75667	0.00072806	0.03741249	0.47631631	0.03734893	0.47505588	0.53185660	0.53175792	0.28134628	0.28134505	0.53167878	0.53182932	0.28146124	0.28131933	59975	75665	0
59975	75670	0.00170107	0.03728110	0.47750175	0.03731355	0.47458271	0.53176802	0.53184650	0.28160594	0.28124726	0.53171543	0.53168404	0.28147611	0.28129122	59975	75669	0
59975	76001	0.00085591	0.03730525	0.47451833	0.03734927	0.47705382	0.53187583	0.53199983	0.28159879	0.28142574	0.53204445	0.53209088	0.28168269	0.28152023	59975	75999	0
59975	76004	0.00087745	0.03731616	0.47744220	0.03735641	0.47737759	0.53194247	0.53203722	0.28162550	0.28151350	0.53192546	0.53202284	0.28158605	0.28140051	59975	76002	0
59975	76007	0.00094818	0.03720222	0.47613562	0.03717415	0.47592344	0.53184165	0.53185356	0.28162607	0.28133486	0.53187066	0.53191421	0.28150807	0.28138876	59975	76006	0
59975	76011	0.00019983	0.03710193	0.47607807	0.03720107	0.47832310	0.53181864	0.53187937	0.28142557	0.28139501	0.53176843	0.53184403	0.28155565	0.28132319	59975	76009	0
59975	76014	0.00014134	0.03727862	0.47722093	0.03736447	0.47739642	0.53169103	0.53183705	0.28159238	0.28136945	0.53181954	0.53183425	0.28142130	0.28134554	59975	76012	0
59975	76344	0.00060285	0.03700045	0.47671850	0.03693236	0.47533395	0.53209728	0.53209441	0.28199108	0.28187365	0.53220444	0.53224141	0.28220744	0.28203085	59975	76343	0
59975	76347	0.00067792	0.03704325	0.47729713	0.03682948	0.47707191	0.53232063	0.53241364	0.28232354	0.28212724	0.53230740	0.53220353	0.28210168	0.28197744	59975	76346	0
59975	76351	0.00121478	0.03687440	0.47714174	0.03688352	0.47553116	0.53222317	0.53218628	0.28221294	0.28189773	0.53213878	0.53210986	0.28196158	0.28194317	59975	76349	0
59975	76354	-0.00041740	0.03684161	0.47559322	0.03694112	0.48048976	0.53215259	0.53214001	0.28202419	0.28192148	0.53216253	0.53225415	0.28214277	0.28190036	59975	76352	0
59975	76357	0.00100984	0.03688948	0.47797090	0.03687298	0.47368918	0.53216771	0.53216656	0.28223570	0.28192033	0.53215135	0.53214651	0.28211376	0.28190989	59975	76356	0
59975	76688	0.00104553	0.03717593	0.47701168	0.03721990	0.47690461	0.53197238	0.53200829	0.28170413	0.28165754	0.53201207	0.53206820	0.28184333	0.28168762	59975	76686	0
59975	76691	0.00094051	0.03727705	0.47807137	0.03736962	0.47838644	0.53217247	0.53221389	0.28187267	0.28180373	0.53204215	0.53214462	0.28191671	0.28174662	59975	76689	0
59975	76694	0.00068826	0.03738537	0.47710868	0.03729417	0.47786542	0.53213007	0.53211503	0.28186108	0.28173832	0.53211561	0.53213508	0.28195155	0.28180636	59975	76693	0
59975	76697	0.00035520	0.03717974	0.47748961	0.03736708	0.47848881	0.53206154	0.53203286	0.28180677	0.28173503	0.53220238	0.53212876	0.28189732	0.28173437	59975	76696	0
59975	76701	0.00022445	0.03736628	0.47683666	0.03733529	0.47722891	0.53220674	0.53212621	0.28188228	0.28178039	0.53204026	0.53202456	0.28200751	0.28172090	59975	76699	0
59975	77031	0.00097050	0.03742185	0.47789716	0.03731787	0.47565901	0.53179974	0.53194576	0.28151843	0.28141695	0.53177583	0.53175726	0.28149098	0.28130996	59975	77029	0
59975	77034	0.00022562	0.03725675	0.47584585	0.03725857	0.47808048	0.53175816	0.53180023	0.28162615	0.28139961	0.53179456	0.53191774	0.28159748	0.28144127	59975	77033	0
59975	77038	0.00040980	0.03720389	0.47597299	0.03731940	0.47542044	0.53186819	0.53189506	0.28153330	0.28149394	0.53187928	0.53183253	0.28168302	0.28140856	59975	77036	0
59975	77041	0.00068480	0.03734052	0.47533603	0.03746542	0.47451103	0.53189950	0.53193393	0.28146460	0.28137775	0.53190073	0.53185833	0.28141653	0.28131850	59975	77039	0
59975	77044	0.00029652	0.03745622	0.47687144	0.03728222	0.47803629	0.53180254	0.53185734	0.28140372	0.28136690	0.53168224	0.53168782	0.28155105	0.28131037	59975	77043	0
59975	77375	0.00049308	0.03695955	0.47761869	0.03692236	0.47702900	0.53198446	0.53203360	0.28197908	0.28185812	0.53194823	0.53207091	0.28200842	0.28178696	59975	77373	0
59975	77378	0.00096679	0.03687102	0.47792501	0.03680784	0.47650389	0.53210435	0.53209145	0.28194646	0.28186807	0.53206729	0.53229614	0.28206511	0.28204326	59975	77376	0
59975	77381	0.00038507	0.03683330	0.47527298	0.03674266	0.47701814	0.53206212	0.53201470	0.28208599	0.28182468	0.53205538	0.53208586	0.28210628	0.28185558	59975	77379	0
59975	77384	-0.00009851	0.03679433	0.47492233	0.03683602	0.47637308	0.53200879	0.53202555	0.28193019	0.28188467	0.53217165	0.53212662	0.28198648	0.28188664	59975	77383	0
59975	77388	0.00047107	0.03680004	0.47710001	0.03679570	0.47539126	0.53199638	0.53199966	0.28210464	0.28177842	0.53204732	0.53206096	0.28205049	0.28176650	59975	77386	0
59975	77718	0.00087127	0.03720029	0.47805396	0.03712693	0.47685337	0.53201889	0.53202374	0.28183988	0.28174514	0.53206129	0.53211955	0.28214786	0.28185402	59975	77716	0
59975	77721	0.00047361	0.03711956	0.47675938	0.03726156	0.47795235	0.53216738	0.53223155	0.28202148	0.28194728	0.53221939	0.53219433	0.28217868	0.28196791	59975	77720	0
59975	77724	0.00049444	0.03713843	0.47765857	0.03711899	0.47759609	0.53212884	0.53227305	0.28219043	0.28191679	0.53211651	0.53217411	0.28215748	0.28192452	59975	77723	0
59975	77728	0.00112604	0.03707100	0.47775571	0.03714665	0.47586093	0.53206458	0.53243378	0.28217580	0.28210152	0.53210115	0.53211109	0.28200899	0.28188450	59975	77726	0
59975	77731	0.00089909	0.03720622	0.47642751	0.03721977	0.47710834	0.53222408	0.53221578	0.28209700	0.28189543	0.53212284	0.53217650	0.28217481	0.28183298	59975	77729	0
59975	78061	0.00150832	0.03724408	0.47840298	0.03709002	0.47657529	0.53162504	0.53176424	0.28150043	0.28139805	0.53181486	0.53182464	0.28147636	0.28147036	59975	78060	0
59975	78065	0.00159783	0.03720292	0.47613015	0.03729172	0.47586162	0.53177879	0.53184896	0.28169271	0.28142557	0.53202325	0.53191454	0.28160438	0.28150027	59975	78063	0
59975	78068	0.00055636	0.03726105	0.47514056	0.03721998	0.47826497	0.53170541	0.53176572	0.28158474	0.28140232	0.53193302	0.53194231	0.28144209	0.28153445	59975	78066	0
59975	78071	0.00093974	0.03735655	0.47634732	0.03724562	0.47519720	0.53172209	0.53176457	0.28148991	0.28141801	0.53176778	0.53183261	0.28166995	0.28147611	59975	78070	0
59975	78074	0.00059755	0.03722141	0.47555010	0.03731257	0.47657666	0.53169637	0.53172431	0.28160980	0.28143946	0.53184050	0.53189268	0.28153881	0.28147586	59975	78073	0
59975	78405	-0.00007611	0.03713733	0.47427332	0.03717781	0.47629430	0.53209367	0.53206302	0.28171950	0.28168565	0.53211783	0.53213541	0.28188853	0.28177546	59975	78403	0
59975	78408	0.00073456	0.03721863	0.47781723	0.03714973	0.47538520	0.53208438	0.53210575	0.28190439	0.28163979	0.53209531	0.53208134	0.28181572	0.28173865	59975	78406	0
59975	78411	0.00059903	0.03725781	0.47550446	0.03720692	0.47591107	0.53207773	0.53206384	0.28184432	0.28167702	0.53188101	0.53188693	0.28180652	0.28156420	59975	78410	0
59975	78415	0.00152110	0.03726514	0.47778044	0.03729766	0.47501423	0.53192283	0.53195562	0.28180003	0.28154505	0.53199966	0.53215932	0.28163856	0.28160347	59975	78413	0
59975	78418	0.00129654	0.03715805	0.47686563	0.03721542	0.47753932	0.53203409	0.53207880	0.28160578	0.28165574	0.53186334	0.53206540	0.28162993	0.28159871	59975	78416	0
59975	78748	0.00023747	0.03706558	0.47472264	0.03703904	0.47789984	0.53205801	0.53204519	0.28187875	0.28182254	0.53210616	0.53203713	0.28199182	0.28189329	59975	78747	0
59975	78752	0.00138862	0.03710515	0.47862760	0.03708533	0.47517415	0.53210961	0.53214692	0.28229454	0.28198459	0.53213147	0.53208167	0.28196100	0.28188984	59975	78750	0
59975	78755	0.00015175	0.03711893	0.47477894	0.03707053	0.47848954	0.53202070	0.53226738	0.28201959	0.28202748	0.53200665	0.53209950	0.28185944	0.28189535	59975	78753	0
59975	78758	0.00072761	0.03702287	0.47849962	0.03694018	0.47677204	0.53205924	0.53213632	0.28189181	0.28187135	0.53202966	0.53209860	0.28190693	0.28185969	59975	78756	0
59975	78761	0.00099998	0.03713422	0.47725193	0.03712915	0.47643484	0.53202719	0.53212161	0.28209807	0.28184999	0.53221356	0.53205907	0.28200234	0.28181359	59975	78760	0
59975	79092	0.00044991	0.03732056	0.47573721	0.03736360	0.47738741	0.53178487	0.53198528	0.28166568	0.28157981	0.53189670	0.53197353	0.28177908	0.28160652	59975	79090	0
59975	79095	0.00096837	0.03731923	0.47752760	0.03728815	0.47597223	0.53190048	0.53194650	0.28182353	0.28165516	0.53199597	0.53197436	0.28172147	0.28162377	59975	79093	0
59975	79098	0.00027590	0.03721863	0.47491326	0.03718980	0.47699065	0.53214158	0.53205291	0.28185738	0.28167669	0.53209474	0.53200805	0.28180931	0.28171391	59975	79097	0
59975	79101	0.00078866	0.03717085	0.47611579	0.03722079	0.47457752	0.53191191	0.53189720	0.28188508	0.28164366	0.53183179	0.53195694	0.28182320	0.28163363	59975	79100	0
59975	79105	-0.00002331	0.03718681	0.47568596	0.03722608	0.47812187	0.53188397	0.53196688	0.28191959	0.28164251	0.53200928	0.53201643	0.28184974	0.28171490	59975	79103	0
59975	79435	0.00109534	0.03730398	0.47816236	0.03730451	0.47480643	0.53142611	0.53147705	0.28111874	0.28102926	0.53138461	0.53139225	0.28131982	0.28112844	59975	79433	0
59975	79438	0.00148144	0.03733501	0.47873651	0.03727774	0.47757819	0.53140409	0.53147377	0.28138186	0.28111743	0.53152997	0.53161321	0.28124652	0.28109294	59975	79437	0
59975	79442	0.00063872	0.03734107	0.47514234	0.03731300	0.47767051	0.53160154	0.53149267	0.28151646	0.28109648	0.53156794	0.53154369	0.28119188	0.28111118	59975	79440	0
59975	79445	0.00043030	0.03722912	0.47500006	0.03730060	0.47562532	0.53150195	0.53162061	0.28121768	0.28116575	0.53155980	0.53146144	0.28124315	0.28113501	59975	79443	0
59975	79448	0.00008237	0.03727209	0.47635082	0.03731073	0.47739461	0.53144090	0.53144451	0.28134020	0.28109911	0.53141321	0.53142438	0.28122121	0.28106731	59975	79447	0
59975	79779	-0.00000390	0.03713317	0.47640344	0.03709648	0.47666226	0.53219507	0.53214831	0.28208377	0.28190833	0.53235440	0.53229507	0.28207300	0.28197711	59975	79777	0
59975	79782	0.00119242	0.03710939	0.48043443	0.03711490	0.47684547	0.53225924	0.53230896	0.28196963	0.28198787	0.53211586	0.53222103	0.28213258	0.28198360	59975	79780	0
59975	79785	0.00103099	0.03702496	0.47663786	0.03705618	0.47712215	0.53226426	0.53225341	0.28206018	0.28202674	0.53225957	0.53229450	0.28217309	0.28201713	59975	79783	0
59975	79788	0.00112341	0.03723224	0.47891913	0.03717551	0.47864187	0.53225407	0.53223081	0.28206914	0.28199757	0.53221487	0.53218702	0.28213743	0.28188286	59975	79787	0
59975	79792	0.00103052	0.03716337	0.47672731	0.03710594	0.47700597	0.53218784	0.53216894	0.28211820	0.28193405	0.53212711	0.53213319	0.28197432	0.28187448	59975	79790	0
59975	80122	0.00072444	0.03730714	0.47600262	0.03724626	0.47692086	0.53194823	0.53199210	0.28186790	0.28168762	0.53198808	0.53200484	0.28185204	0.28174621	59975	80121	0
59975	80126	0.00182011	0.03722018	0.47804167	0.03721252	0.47475466	0.53201717	0.53209975	0.28201852	0.28175410	0.53210271	0.53206220	0.28198664	0.28178557	59975	80124	0
59975	80129	0.00119611	0.03730149	0.47387899	0.03732809	0.47575099	0.53195644	0.53199572	0.28182065	0.28172271	0.53209704	0.53207304	0.28177981	0.28170446	59975	80127	0
59975	80132	0.00032497	0.03732147	0.47574687	0.03724310	0.47836028	0.53205151	0.53216598	0.28192682	0.28183027	0.53207691	0.53209663	0.28188310	0.28183380	59975	80130	0
59975	80135	0.00090285	0.03720866	0.47727072	0.03719615	0.47553708	0.53206647	0.53215957	0.28185434	0.28180833	0.53211848	0.53209268	0.28178721	0.28173799	59975	80134	0
59975	80466	-0.00021121	0.03729285	0.47451695	0.03711325	0.47785915	0.53122101	0.53127795	0.28097067	0.28097166	0.53142989	0.53145676	0.28109187	0.28103879	59975	80464	0
59975	80469	0.00035828	0.03730464	0.47663345	0.03734775	0.47492497	0.53135256	0.53143909	0.28123362	0.28106763	0.53145676	0.53132167	0.28116419	0.28103912	59975	80467	0
59975	80472	0.00185973	0.03738554	0.47772364	0.03719190	0.47321928	0.53136818	0.53132520	0.28114044	0.28100518	0.53131016	0.53152184	0.28125005	0.28110938	59975	80471	0
59975	80476	0.00059766	0.03715536	0.47291676	0.03733217	0.47670298	0.53132430	0.53144953	0.28127101	0.28107791	0.53134969	0.53146432	0.28111883	0.28106205	59975	80474	0
59975	80479	-0.00012825	0.03732427	0.47462316	0.03724506	0.47680090	0.53132134	0.53141970	0.28124118	0.28105375	0.53147796	0.53143810	0.28116024	0.28105555	59975	80477	0
59975	80809	0.00033094	0.03730460	0.47706159	0.03729602	0.47568401	0.53189079	0.53189933	0.28168745	0.28156510	0.53188840	0.53192842	0.28191515	0.28163725	59975	80808	0
59975	80813	0.00107174	0.03724887	0.47733435	0.03726021	0.47511195	0.53202218	0.53193779	0.28166215	0.28168293	0.53209523	0.53204371	0.28175393	0.28168729	59975	80811	0
59975	80816	0.00091566	0.03716113	0.47638630	0.03725978	0.47685456	0.53195028	0.53188208	0.28189058	0.28162969	0.53201002	0.53193812	0.28176157	0.28159534	59975	80814	0
59975	80819	0.00107643	0.03728739	0.47844142	0.03719884	0.47795909	0.53185258	0.53183664	0.28171358	0.28151974	0.53177484	0.53175504	0.28166436	0.28146954	59975	80817	0
59975	80822	0.00043967	0.03716660	0.47704513	0.03728636	0.47895541	0.53182259	0.53186293	0.28155746	0.28152771	0.53199317	0.53188109	0.28187793	0.28149238	59975	80821	0
59975	81153	0.00065280	0.03710709	0.47673532	0.03712107	0.47609594	0.53233377	0.53223772	0.28213767	0.28197686	0.53221668	0.53223377	0.28230095	0.28203430	59975	81151	0
59975	81156	0.00038222	0.03690760	0.47562265	0.03697573	0.47643440	0.53215612	0.53228940	0.28233940	0.28208385	0.53224322	0.53218989	0.28212239	0.28202304	59975	81154	0
59975	81159	0.00051293	0.03708200	0.47748452	0.03688184	0.47709239	0.53221660	0.53222383	0.28218007	0.28210102	0.53206548	0.53221298	0.28218862	0.28196552	59975	81158	0
59975	81163	0.00060531	0.03710286	0.47749426	0.03706659	0.47721712	0.53224651	0.53229606	0.28225099	0.28204720	0.53229195	0.53229598	0.28205986	0.28209971	59975	81161	0
59975	81166	0.00068796	0.03713025	0.47739379	0.03703844	0.47714585	0.53229335	0.53223147	0.28216347	0.28202206	0.53241578	0.53239072	0.28214835	0.28215731	59975	81164	0
59975	81496	0.00091982	0.03732891	0.47528499	0.03728042	0.47458939	0.53177361	0.53188857	0.28168441	0.28152434	0.53180443	0.53197279	0.28171465	0.28158515	59975	81495	0
59975	81499	0.00043072	0.03723052	0.47406756	0.03725542	0.47553488	0.53190098	0.53202210	0.28182427	0.28166790	0.53198159	0.53195258	0.28190710	0.28170726	59975	81498	0
59975	81503	0.00120511	0.03722347	0.47782507	0.03730570	0.47550190	0.53201635	0.53207814	0.28178195	0.28166445	0.53199210	0.53208726	0.28181466	0.28171893	59975	81501	0
59975	81506	0.00048260	0.03721020	0.47545497	0.03721676	0.47762248	0.53196918	0.53202259	0.28174177	0.28165039	0.53188931	0.53191486	0.28167587	0.28161038	59975	81504	0
59975	81509	0.00058122	0.03718770	0.47670568	0.03713969	0.47640984	0.53194420	0.53193327	0.28177283	0.28158482	0.53187337	0.53199022	0.28165631	0.28168499	59975	81508	0
59975	81840	0.00101811	0.03706285	0.47748584	0.03710157	0.47617515	0.53182020	0.53177065	0.28151046	0.28142524	0.53199391	0.53200657	0.28171153	0.28160956	59975	81838	0
59975	81843	-0.00003394	0.03715809	0.47610945	0.03714691	0.47926560	0.53190780	0.53197501	0.28165664	0.28167431	0.53191733	0.53195546	0.28167036	0.28155680	59975	81841	0
59975	81846	0.00053867	0.03722429	0.47839018	0.03726235	0.47667234	0.53173236	0.53182423	0.28152648	0.28149797	0.53181938	0.53184272	0.28154020	0.28154678	59975	81845	0
59975	81849	-0.00002244	0.03720130	0.47657565	0.03726111	0.47825897	0.53191371	0.53188988	0.28160109	0.28158112	0.53183302	0.53183162	0.28167685	0.28144250	59975	81848	0
59975	81853	0.00083377	0.03726753	0.47656943	0.03730546	0.47400081	0.53176753	0.53187107	0.28176133	0.28154185	0.53177336	0.53177189	0.28159090	0.28142557	59975	81851	0
59975	82183	0.00051721	0.03680601	0.47570486	0.03690683	0.47665455	0.53190689	0.53189128	0.28183996	0.28175903	0.53186112	0.53191864	0.28174374	0.28178088	59975	82181	0
59975	82186	0.00115064	0.03695914	0.47610610	0.03692895	0.47420581	0.53211569	0.53200870	0.28189288	0.28185755	0.53188183	0.53194798	0.28197867	0.28175960	59975	82185	0
59975	82190	0.00054641	0.03678845	0.47555910	0.03685347	0.47737179	0.53188421	0.53193023	0.28206142	0.28179436	0.53200739	0.53207756	0.28197234	0.28187793	59975	82188	0
59975	82193	0.00109060	0.03683704	0.47733908	0.03674681	0.47570650	0.53188389	0.53194412	0.28195993	0.28174826	0.53192177	0.53189769	0.28192477	0.28175155	59975	82191	0
59975	82196	0.00043117	0.03681996	0.47543059	0.03685618	0.47740890	0.53192645	0.53192793	0.28189962	0.28181646	0.53197288	0.53193228	0.28182279	0.28176938	59975	82194	0
59975	82526	-0.00034455	0.03710294	0.47534845	0.03714349	0.47767559	0.53155545	0.53169243	0.28171991	0.28148005	0.53170639	0.53181215	0.28175886	0.28158178	59975	82525	0
59975	82530	0.00103322	0.03713392	0.47790060	0.03709291	0.47376729	0.53161683	0.53174025	0.28162024	0.28154587	0.53184773	0.53182234	0.28159041	0.28158055	59975	82528	0
59975	82533	0.00061245	0.03700947	0.47632853	0.03717007	0.47759084	0.53186835	0.53186162	0.28166814	0.28161038	0.53186129	0.53184822	0.28178384	0.28160438	59975	82531	0
59975	82536	0.00073968	0.03722114	0.47694388	0.03706691	0.47656220	0.53184510	0.53184009	0.28167915	0.28158729	0.53178364	0.53180533	0.28185722	0.28156395	59975	82535	0
59975	82540	0.00072403	0.03701193	0.47769503	0.03710327	0.47774198	0.53171157	0.53172628	0.28185385	0.28161925	0.53182965	0.53179267	0.28166683	0.28156987	59975	82538	0
59975	82870	0.00121144	0.03725638	0.47703000	0.03715999	0.47556776	0.53087630	0.53098665	0.28077683	0.28062769	0.53096471	0.53102659	0.28077675	0.28063812	59975	82868	0
59975	82873	0.00088609	0.03711134	0.47524305	0.03715192	0.47621912	0.53093053	0.53107877	0.28090083	0.28069893	0.53096817	0.53097384	0.28074092	0.28062161	59975	82872	0
59975	82876	-0.00020454	0.03705813	0.47571338	0.03719084	0.47898528	0.53091311	0.53087539	0.28068619	0.28058167	0.53090613	0.53099200	0.28061684	0.28064511	59975	82875	0
59975	82880	0.00042968	0.03728806	0.47654862	0.03720859	0.47464594	0.53095494	0.53098444	0.28077190	0.28057978	0.53087145	0.53087022	0.28076459	0.28058783	59975	82878	0
59975	82883	0.00046044	0.03718625	0.47694735	0.03724661	0.47685508	0.53092429	0.53095009	0.28075489	0.28057822	0.53094968	0.53084154	0.28066812	0.28056647	59975	82881	0
59975	83213	0.00045925	0.03691064	0.47717228	0.03691883	0.47717584	0.53139554	0.53142660	0.28145992	0.28119845	0.53153392	0.53150631	0.28141974	0.28140708	59975	83212	0
59975	83217	0.00050934	0.03692621	0.47688359	0.03680372	0.47673333	0.53146867	0.53141370	0.28155812	0.28135975	0.53153236	0.53153729	0.28147915	0.28133535	59975	83215	0
59975	83220	0.00024651	0.03687334	0.47620779	0.03690987	0.47699629	0.53155495	0.53153030	0.28151736	0.28135786	0.53153540	0.53160039	0.28149123	0.28132705	59975	83218	0
59975	83223	0.00063172	0.03692966	0.47704324	0.03689657	0.47588760	0.53151674	0.53162340	0.28142935	0.28142229	0.53136752	0.53141321	0.28159518	0.28130955	59975	83222	0
59975	83226	0.00022977	0.03683713	0.47659619	0.03690783	0.47780204	0.53145659	0.53149866	0.28159098	0.28144817	0.53140573	0.53141345	0.28158729	0.28128350	59975	83225	0
59975	83557	0.00074063	0.03717048	0.47879533	0.03731486	0.47726274	0.53101796	0.53108140	0.28075661	0.28068595	0.53115626	0.53112199	0.28086270	0.28074840	59975	83555	0
59975	83560	0.00018226	0.03728691	0.47547268	0.03732029	0.47714781	0.53107926	0.53117105	0.28084626	0.28076976	0.53121624	0.53120613	0.28104002	0.28079836	59975	83558	0
59975	83563	0.00102281	0.03729989	0.47695215	0.03718737	0.47443049	0.53105017	0.53114763	0.28101850	0.28074322	0.53103292	0.53113013	0.28095703	0.28079318	59975	83562	0
59975	83567	0.00126272	0.03719982	0.47755464	0.03730883	0.47683491	0.53114385	0.53116875	0.28100157	0.28079047	0.53121238	0.53111566	0.28106903	0.28083073	59975	83565	0
59975	83570	0.00069795	0.03721612	0.47722617	0.03716135	0.47892049	0.53112437	0.53113399	0.28084207	0.28077141	0.53103045	0.53111649	0.28094002	0.28077371	59975	83568	0
59975	83900	0.00157693	0.03731099	0.47737323	0.03731222	0.47473627	0.53064047	0.53076118	0.28058175	0.28037246	0.53069971	0.53085189	0.28055036	0.28063853	59975	83899	0
59975	83904	0.00154746	0.03724532	0.47681756	0.03707732	0.47690599	0.53067301	0.53073628	0.28056976	0.28042366	0.53072929	0.53064614	0.28051947	0.28040878	59975	83902	0
59975	83907	0.00016693	0.03711947	0.47452203	0.03707964	0.47866359	0.53073365	0.53068771	0.28064642	0.28034839	0.53069281	0.53072987	0.28047657	0.28045981	59975	83905	0
59975	83910	0.00059191	0.03713411	0.47703040	0.03720611	0.47575547	0.53069938	0.53076857	0.28073073	0.28044025	0.53071886	0.53074458	0.28050632	0.28037164	59975	83908	0
59975	83913	0.00123489	0.03717138	0.47730049	0.03731586	0.47537156	0.53069379	0.53079256	0.28052226	0.28040393	0.53063734	0.53069946	0.28055562	0.28041133	59975	83912	0
59975	84244	0.00149864	0.03681070	0.47755274	0.03669788	0.47676148	0.53125897	0.53131090	0.28115400	0.28110634	0.53110712	0.53117236	0.28139542	0.28115071	59975	84242	0
59975	84247	0.00124802	0.03667007	0.47607770	0.03673877	0.47682958	0.53111369	0.53113842	0.28135400	0.28111916	0.53121501	0.53121904	0.28137627	0.28113715	59975	84245	0
59975	84250	0.00078116	0.03683136	0.47584103	0.03675255	0.47724160	0.53126768	0.53142907	0.28120626	0.28129730	0.53108321	0.53112224	0.28121028	0.28107676	59975	84249	0
59975	84254	0.00139203	0.03676599	0.47736887	0.03679324	0.47553625	0.53112593	0.53122602	0.28132113	0.28115999	0.53117105	0.53128559	0.28132828	0.28110264	59975	84252	0
59975	84257	0.00116234	0.03664326	0.47487182	0.03671521	0.47556089	0.53107597	0.53112832	0.28125531	0.28101414	0.53116242	0.53121912	0.28143601	0.28112869	59975	84255	0
59975	84587	0.00055663	0.03720704	0.47658739	0.03720495	0.47840452	0.53109693	0.53105042	0.28080427	0.28074297	0.53119668	0.53112413	0.28089425	0.28079737	59975	84586	0
59975	84590	-0.00004704	0.03723379	0.47625543	0.03725000	0.47806644	0.53103768	0.53116677	0.28098949	0.28078989	0.53119028	0.53126916	0.28088710	0.28086549	59975	84589	0
59975	84594	0.00041369	0.03733894	0.47895129	0.03713225	0.47756912	0.53098435	0.53116949	0.28103592	0.28081413	0.53112462	0.53119299	0.28105531	0.28084955	59975	84592	0
59975	84597	0.00080852	0.03708867	0.47748100	0.03726431	0.47629649	0.53110293	0.53115207	0.28093846	0.28089573	0.53113300	0.53109413	0.28083213	0.28075768	59975	84595	0
59975	84600	0.00081962	0.03725528	0.47596850	0.03710022	0.47593522	0.53107474	0.53128592	0.28111932	0.28092285	0.53119800	0.53119693	0.28102556	0.28077946	59975	84599	0
59975	84931	0.00083670	0.03724285	0.47548002	0.03707389	0.47542878	0.53072280	0.53071130	0.28057970	0.28040435	0.53091262	0.53096775	0.28060846	0.28052440	59975	84929	0
59975	84934	0.00031575	0.03697524	0.47732924	0.03694899	0.47889207	0.53100062	0.53095535	0.28073599	0.28055579	0.53097720	0.53100144	0.28062925	0.28057000	59975	84932	0
59975	84937	0.00060096	0.03696911	0.47796847	0.03704126	0.47711285	0.53088493	0.53087383	0.28072292	0.28053771	0.53091730	0.53087843	0.28066113	0.28048643	59975	84935	0
59975	84940	0.00074731	0.03710034	0.47633663	0.03718002	0.47589758	0.53078616	0.53083998	0.28074930	0.28048496	0.53085017	0.53091032	0.28063525	0.28054338	59975	84939	0
59975	84944	0.00000828	0.03721116	0.47549690	0.03724412	0.47771398	0.53086085	0.53088378	0.28061240	0.28056433	0.53094886	0.53081500	0.28056154	0.28050073	59975	84942	0
59975	85274	0.00060005	0.03700203	0.47792234	0.03693437	0.47614703	0.53131657	0.53146423	0.28143116	0.28123543	0.53147640	0.53145470	0.28140988	0.28129336	59975	85272	0
59975	85277	0.00084773	0.03692734	0.47871383	0.03691840	0.47797079	0.53147557	0.53153104	0.28133371	0.28138769	0.53142167	0.53136415	0.28133132	0.28124085	59975	85276	0
59975	85281	0.00106403	0.03688907	0.47748590	0.03700710	0.47683700	0.53138387	0.53146004	0.28146641	0.28127701	0.53129389	0.53146218	0.28146230	0.28130100	59975	85279	0
59975	85284	0.00032364	0.03693327	0.47592811	0.03697538	0.47814928	0.53140417	0.53157139	0.28143165	0.28124373	0.53167952	0.53143695	0.28148170	0.28123214	59975	85282	0
59975	85287	0.00080584	0.03696334	0.47708452	0.03701951	0.47563792	0.53145914	0.53151370	0.28141062	0.28127273	0.53146908	0.53147845	0.28131357	0.28124299	59975	85285	0
59975	85617	0.00154146	0.03735528	0.47764172	0.03730765	0.47543486	0.53109142	0.53120868	0.28116591	0.28087133	0.53119792	0.53120014	0.28111086	0.28102047	59975	85616	0
59975	85621	0.00046383	0.03723120	0.47555295	0.03724584	0.47878585	0.53116784	0.53145536	0.28123477	0.28108177	0.53125511	0.53127721	0.28124003	0.28099401	59975	85619	0
59975	85624	0.00047226	0.03702686	0.47571604	0.03715667	0.47569074	0.53120671	0.53129200	0.28093641	0.28095079	0.53121460	0.53126957	0.28103830	0.28101151	59975	85622	0
59975	85627	-0.00016533	0.03727955	0.47524124	0.03716873	0.47715402	0.53119233	0.53116636	0.28126534	0.28098645	0.53115979	0.53118444	0.28123469	0.28098842	59975	85626	0
59975	85630	0.00053450	0.03720428	0.47799293	0.03724585	0.47589341	0.53108140	0.53117762	0.28100288	0.28089179	0.53121641	0.53130433	0.28103608	0.28100831	59975	85629	0
59975	85961	0.00082321	0.03719916	0.47887264	0.03714711	0.47800652	0.53110654	0.53110022	0.28092646	0.28091175	0.53118995	0.53128214	0.28112203	0.28094873	59975	85959	0
59975	85964	0.00030879	0.03716711	0.47596955	0.03705740	0.47751282	0.53128099	0.53127335	0.28120330	0.28096977	0.53113744	0.53122775	0.28114570	0.28096919	59975	85963	0
59975	85967	0.00063881	0.03706669	0.47652770	0.03714097	0.47553763	0.53125807	0.53122528	0.28108834	0.28100362	0.53123259	0.53116751	0.28093715	0.28088784	59975	85966	0
59975	85971	0.00051774	0.03705784	0.47600894	0.03701256	0.47637215	0.53118912	0.53128346	0.28097881	0.28094232	0.53115075	0.53111435	0.28104463	0.28091258	59975	85969	0
59975	85974	0.00073779	0.03701699	0.47700364	0.03706356	0.47634347	0.53102421	0.53121509	0.28113625	0.28101381	0.53108436	0.53113538	0.28113345	0.28090847	59975	85972	0
59975	86304	0.00053743	0.03678238	0.47491499	0.03675483	0.47551609	0.53159982	0.53169070	0.28147529	0.28156568	0.53162283	0.53165093	0.28155105	0.28145138	59975	86303	0
59975	86308	0.00040655	0.03676250	0.47710841	0.03686797	0.47750105	0.53160434	0.53163688	0.28151136	0.28148630	0.53169152	0.53160023	0.28178779	0.28158293	59975	86306	0
59975	86311	0.00136681	0.03672595	0.47681262	0.03671414	0.47393184	0.53160787	0.53167895	0.28171153	0.28153552	0.53188364	0.53161305	0.28166067	0.28143469	59975	86309	0
59975	86314	0.00089741	0.03672699	0.47547919	0.03674706	0.47688740	0.53172595	0.53163556	0.28163191	0.28155721	0.53152060	0.53154394	0.28161440	0.28143124	59975	86312	0
59975	86317	0.00085882	0.03678770	0.47628821	0.03685249	0.47640397	0.53166884	0.53150105	0.28151908	0.28144825	0.53169522	0.53168092	0.28164801	0.28153404	59975	86316	0
