% File initiated 28/10/2022 12:57:30 UTC
% Raw fountain data
%
% File notes: ----------test 
%
%% fountain_code = ALPHA-CsF1
%% microwave_ref = ALPHA HM1
%% MJD_start = 59880.539936
%% clock_data = False
%% sequence = 1
%% density = HD
%
% Units: V.s, Hz
%
% Shot B MJD days	Shot B MJD seconds	freq error	shot A sum	shot A ratio	shot B sum	shot B ratio	shot A F=3 bg 1	shot A F=3 bg 2	shot A F=4 bg 1	shot A F=4 bg 2	shot B F=3 bg 1	shot B F=3 bg 2	shot B F=4 bg 1	shot B F=4 bg 2	Shot A MJD days	Shot A MJD seconds	Shot order (0=LF->HF)
59880	46653	0.00085292	0.04629008	0.48853185	0.04667089	0.48597310	0.61844199	0.61865128	0.35285764	0.35290185	0.61857445	0.61873287	0.35299873	0.35295608	59880	46651	0
59880	46656	-0.00088057	0.04679489	0.48473598	0.04705439	0.48993643	0.61876221	0.61908958	0.35308221	0.35325173	0.61873271	0.61931769	0.35322724	0.35338616	59880	46654	0
59880	46659	-0.00034239	0.04697330	0.48644923	0.04693586	0.48483470	0.61887487	0.61888456	0.35313497	0.35313899	0.61869269	0.61886994	0.35328674	0.35312124	59880	46658	0
59880	46663	-0.00109027	0.04689064	0.48412166	0.04673996	0.48636530	0.61878456	0.61880806	0.35312905	0.35308805	0.61859885	0.61867618	0.35306175	0.35300998	59880	46661	0
59880	46666	-0.00029849	0.04692979	0.48723759	0.04686327	0.48486227	0.61849219	0.61863575	0.35309667	0.35295246	0.61847099	0.61860017	0.35302239	0.35297120	59880	46664	0
59880	46669	-0.00007309	0.04695757	0.48666476	0.04697841	0.48598855	0.61856270	0.61872515	0.35286832	0.35296561	0.61843517	0.61853090	0.35302691	0.35288541	59880	46667	0
59880	46672	0.00082558	0.04698277	0.48701038	0.04699698	0.48431436	0.61858381	0.61871093	0.35279050	0.35293636	0.61854667	0.61864766	0.35284194	0.35294712	59880	46671	0
59880	46676	-0.00028727	0.04706725	0.48483303	0.04704731	0.48817161	0.61879491	0.61872803	0.35324097	0.35294416	0.61846631	0.61906608	0.35302379	0.35320251	59880	46674	0
59880	46679	-0.00004753	0.04701736	0.48462585	0.04706457	0.48390662	0.61866689	0.61883008	0.35289297	0.35297958	0.61849523	0.61883197	0.35301730	0.35301943	59880	46677	0
59880	46682	-0.00059513	0.04689726	0.48335275	0.04701629	0.48499556	0.61849466	0.61866295	0.35303135	0.35289190	0.61852580	0.61878464	0.35305551	0.35302042	59880	46681	0
59880	46719	0.00033121	0.04794979	0.48530652	0.04793733	0.48252750	0.61848981	0.61865095	0.35257316	0.35258425	0.61860723	0.61860362	0.35257028	0.35258055	59880	46717	0
59880	46722	0.00024230	0.04774042	0.48482383	0.04783335	0.48509055	0.61860691	0.61870190	0.35279519	0.35268573	0.61846261	0.61871899	0.35260003	0.35264777	59880	46720	0
59880	46725	0.00056356	0.04756138	0.48518477	0.04743166	0.48422097	0.61852219	0.61870379	0.35271228	0.35271778	0.61841356	0.61855333	0.35278377	0.35269444	59880	46724	0
59880	46729	-0.00056285	0.04737823	0.48229211	0.04731155	0.48567135	0.61823335	0.61850271	0.35264177	0.35253725	0.61828660	0.61851339	0.35260159	0.35251671	59880	46727	0
59880	46732	0.00083243	0.04729224	0.48621400	0.04716356	0.48202815	0.61829630	0.61852597	0.35242599	0.35252262	0.61824182	0.61845242	0.35262238	0.35243626	59880	46730	0
59880	46735	0.00046418	0.04715144	0.48471481	0.04732570	0.48581957	0.61836031	0.61846861	0.35250151	0.35246658	0.61841413	0.61848439	0.35256289	0.35249501	59880	46733	0
59880	46738	0.00074420	0.04739361	0.48315599	0.04726770	0.48231592	0.61839079	0.61847806	0.35273791	0.35255262	0.61846426	0.61851454	0.35261959	0.35254900	59880	46737	0
59880	46742	-0.00051626	0.04735920	0.48171957	0.04731458	0.48550096	0.61838463	0.61879228	0.35250816	0.35274728	0.61856681	0.61859096	0.35253881	0.35250520	59880	46740	0
59880	46745	0.00063451	0.04727526	0.48548462	0.04729082	0.48203231	0.61849178	0.61860567	0.35258425	0.35258885	0.61850600	0.61856516	0.35252114	0.35257250	59880	46743	0
59880	46748	-0.00028446	0.04725862	0.48205307	0.04731007	0.48480997	0.61837863	0.61855621	0.35269527	0.35248417	0.61853813	0.61866615	0.35268130	0.35257858	59880	46746	0
59880	46785	0.00017019	0.04780861	0.48847515	0.04773962	0.48711121	0.61833459	0.61844486	0.35246691	0.35258384	0.61827838	0.61842424	0.35266905	0.35252649	59880	46783	0
59880	46788	-0.00028608	0.04749793	0.48510045	0.04756460	0.48646926	0.61840747	0.61866903	0.35275805	0.35273446	0.61848184	0.61859737	0.35252780	0.35268532	59880	46786	0
59880	46791	0.00056703	0.04755267	0.48750180	0.04749433	0.48494246	0.61844741	0.61864462	0.35258392	0.35261934	0.61847675	0.61874824	0.35262879	0.35281811	59880	46790	0
59880	46794	0.00028611	0.04744056	0.48580215	0.04724308	0.48664492	0.61850559	0.61859959	0.35269223	0.35270915	0.61841249	0.61864766	0.35257102	0.35264054	59880	46793	0
59880	46798	0.00099570	0.04737579	0.48726723	0.04730144	0.48513844	0.61844914	0.61863903	0.35276330	0.35264432	0.61851873	0.61861142	0.35264909	0.35264202	59880	46796	0
59880	46801	0.00129956	0.04729768	0.48608543	0.04727623	0.48517387	0.61849269	0.61864758	0.35258655	0.35270053	0.61852268	0.61866623	0.35280620	0.35271408	59880	46799	0
59880	46804	0.00048400	0.04732526	0.48542846	0.04701862	0.48787512	0.61866434	0.61872178	0.35276676	0.35266190	0.61842407	0.61862375	0.35271540	0.35266568	59880	46803	0
59880	46808	-0.00064273	0.04729501	0.48395636	0.04730255	0.48733656	0.61834239	0.61856081	0.35274079	0.35262082	0.61840501	0.61859376	0.35273183	0.35261934	59880	46806	0
59880	46811	0.00063619	0.04724179	0.48788550	0.04730544	0.48404873	0.61849622	0.61869088	0.35281474	0.35269346	0.61852531	0.61863476	0.35263832	0.35262846	59880	46809	0
59880	46814	0.00065629	0.04721819	0.48547978	0.04711931	0.48541949	0.61848439	0.61847675	0.35277021	0.35261696	0.61847551	0.61863583	0.35250948	0.35266872	59880	46812	0
59880	46851	-0.00011501	0.04768232	0.48242179	0.04779640	0.48473570	0.61853780	0.61867305	0.35264046	0.35262230	0.61851841	0.61878579	0.35268804	0.35275698	59880	46849	0
59880	46854	-0.00097655	0.04764098	0.48337001	0.04761510	0.48595463	0.61863164	0.61877018	0.35292009	0.35274761	0.61867519	0.61891850	0.35288944	0.35295164	59880	46852	0
59880	46857	0.00121621	0.04766897	0.48009278	0.04747783	0.47351449	0.61877856	0.61888514	0.35275673	0.35283562	0.61859080	0.61886755	0.35284153	0.35283594	59880	46855	0
59880	46860	-0.00020822	0.04748084	0.48024740	0.04732637	0.48452069	0.61883394	0.61888727	0.35308279	0.35279338	0.61874504	0.61886788	0.35282222	0.35282559	59880	46859	0
59880	46864	-0.00033811	0.04735461	0.48784863	0.04746634	0.48823832	0.61863336	0.61889319	0.35271293	0.35278870	0.61867108	0.61878448	0.35286774	0.35275657	59880	46862	0
59880	46867	-0.00002336	0.04730693	0.48863839	0.04737581	0.48769412	0.61869319	0.61892064	0.35279921	0.35276388	0.61868382	0.61883781	0.35265771	0.35271507	59880	46865	0
59880	46870	-0.00023652	0.04729063	0.48655576	0.04733007	0.48719524	0.61863575	0.61880338	0.35287226	0.35278935	0.61879927	0.61893148	0.35268204	0.35275821	59880	46869	0
59880	46873	0.00098692	0.04744686	0.48861232	0.04730536	0.48494200	0.61869549	0.61894841	0.35265903	0.35272649	0.61878398	0.61885720	0.35278081	0.35284301	59880	46872	0
59880	46877	-0.00031870	0.04722474	0.48291184	0.04737011	0.48682871	0.61870888	0.61894742	0.35286183	0.35284572	0.61870083	0.61882515	0.35294014	0.35283553	59880	46875	0
59880	46880	-0.00061594	0.04728181	0.48296572	0.04733576	0.48385744	0.61868439	0.61891809	0.35282666	0.35275920	0.61865456	0.61889335	0.35286060	0.35281614	59880	46878	0
59880	46916	-0.00270419	0.04780108	0.47952114	0.04794310	0.48578588	0.61877971	0.61887174	0.35289650	0.35293677	0.61887470	0.61902442	0.35307958	0.35303644	59880	46915	0
59880	46920	0.00037067	0.04778064	0.49156505	0.04759488	0.48234046	0.61880527	0.61914176	0.35320859	0.35314836	0.61883329	0.61900330	0.35303817	0.35296487	59880	46918	0
59880	46923	0.00020500	0.04764846	0.48611995	0.04739967	0.48661696	0.61892088	0.61905926	0.35301278	0.35304745	0.61894069	0.61912048	0.35311130	0.35313784	59880	46921	0
59880	46926	0.00031736	0.04744466	0.48589562	0.04744741	0.48555856	0.61880247	0.61908120	0.35316167	0.35304351	0.61899722	0.61918556	0.35302379	0.35313891	59880	46925	0
59880	46930	0.00114915	0.04722627	0.48625606	0.04735961	0.48376067	0.61884537	0.61904899	0.35323497	0.35309610	0.61895934	0.61915162	0.35322494	0.35320835	59880	46928	0
59880	46933	-0.00049644	0.04732820	0.48375024	0.04732658	0.48868703	0.61886468	0.61906378	0.35320563	0.35313603	0.61884068	0.61897931	0.35322158	0.35305008	59880	46931	0
59880	46936	0.00059287	0.04730573	0.48829233	0.04724299	0.48502439	0.61888884	0.61905893	0.35317014	0.35303324	0.61895055	0.61904989	0.35308854	0.35312100	59880	46934	0
59880	46939	-0.00045612	0.04717930	0.48232267	0.04730857	0.48546966	0.61882655	0.61914891	0.35316069	0.35314129	0.61907988	0.61911415	0.35313677	0.35322585	59880	46938	0
59880	46943	-0.00020674	0.04709267	0.48481097	0.04721626	0.48406281	0.61894759	0.61906140	0.35307022	0.35318698	0.61892935	0.61909492	0.35309881	0.35314639	59880	46941	0
59880	46946	0.00314006	0.04724169	0.48737834	0.04726712	0.47733794	0.61889557	0.61917036	0.35311944	0.35325239	0.61897635	0.61924069	0.35331739	0.35325822	59880	46944	0
59880	46982	0.00066124	0.04786833	0.47842185	0.04782172	0.48585833	0.61906164	0.61922245	0.35349603	0.35327647	0.61908128	0.61938638	0.35333777	0.35340243	59880	46981	0
59880	46986	-0.00032410	0.04782568	0.47943113	0.04766534	0.48238715	0.61908449	0.61927882	0.35340211	0.35337877	0.61909344	0.61930569	0.35348600	0.35340646	59880	46984	0
59880	46989	0.00027363	0.04763629	0.48219253	0.04750200	0.48039932	0.61924620	0.61926313	0.35360975	0.35346431	0.61903633	0.61913321	0.35349693	0.35337556	59880	46987	0
59880	46992	-0.00087262	0.04756892	0.48096858	0.04740279	0.48440735	0.61944629	0.61948269	0.35378971	0.35359841	0.61917356	0.61938795	0.35346184	0.35340589	59880	46991	0
59880	46995	0.00067828	0.04734177	0.48698318	0.04712964	0.48233048	0.61925351	0.61939205	0.35346866	0.35344368	0.61907413	0.61928515	0.35350490	0.35334763	59880	46994	0
59880	46999	0.00068902	0.04726344	0.48294683	0.04707637	0.48291460	0.61915877	0.61918597	0.35331048	0.35335486	0.61913141	0.61932845	0.35330917	0.35336710	59880	46997	0
59880	47002	-0.00042932	0.04718815	0.48229026	0.04723328	0.48564527	0.61915392	0.61926411	0.35337745	0.35329249	0.61905055	0.61919862	0.35337548	0.35337565	59880	47000	0
59880	47005	-0.00078559	0.04727610	0.48319188	0.04729714	0.48426070	0.61920840	0.61927291	0.35328649	0.35342692	0.61915860	0.61927685	0.35336817	0.35339718	59880	47004	0
59880	47009	-0.00011644	0.04722322	0.48233198	0.04718719	0.48032452	0.61901020	0.61921062	0.35341739	0.35337031	0.61911029	0.61921432	0.35349586	0.35332191	59880	47007	0
59880	47012	-0.00096037	0.04647544	0.48625676	0.04733090	0.48878855	0.61922722	0.61931333	0.35333423	0.35336357	0.61901037	0.61918819	0.35331377	0.35331739	59880	47010	0
59880	47048	0.00089824	0.04785634	0.48841917	0.04769646	0.48284333	0.61913371	0.61916789	0.35329627	0.35331755	0.61893181	0.61924940	0.35339652	0.35329093	59880	47047	0
59880	47052	-0.00004182	0.04762654	0.48284955	0.04739164	0.48566973	0.61903748	0.61911686	0.35333596	0.35328682	0.61907364	0.61923445	0.35330366	0.35340038	59880	47050	0
59880	47055	-0.00047174	0.04755844	0.48572766	0.04740190	0.48701741	0.61911029	0.61929435	0.35333908	0.35338970	0.61899163	0.61915318	0.35321328	0.35320522	59880	47053	0
59880	47058	0.00064440	0.04746374	0.48885459	0.04745201	0.48550617	0.61896690	0.61914759	0.35322823	0.35321467	0.61892787	0.61915014	0.35337277	0.35327047	59880	47057	0
59880	47061	0.00048142	0.04719504	0.48615228	0.04735993	0.48664123	0.61910938	0.61947381	0.35346398	0.35342470	0.61912023	0.61912491	0.35317844	0.35319742	59880	47060	0
59880	47065	-0.00153102	0.04728699	0.48224609	0.04729466	0.48828340	0.61896846	0.61916986	0.35328904	0.35318895	0.61906361	0.61927069	0.35340860	0.35330901	59880	47063	0
59880	47068	0.00023829	0.04720733	0.48721445	0.04730190	0.48190651	0.61898859	0.61925286	0.35315723	0.35323587	0.61898950	0.61923461	0.35323349	0.35320941	59880	47066	0
59880	47071	-0.00179398	0.04709746	0.48093928	0.04717263	0.48703611	0.61902762	0.61919065	0.35312198	0.35331730	0.61888834	0.61918342	0.35332733	0.35312297	59880	47070	0
59880	47074	-0.00050989	0.04716294	0.48870023	0.04735568	0.48484795	0.61909804	0.61915548	0.35323505	0.35317375	0.61902935	0.61903494	0.35321369	0.35311500	59880	47073	0
59880	47078	0.00122880	0.04730176	0.48841472	0.04710073	0.48319863	0.61905047	0.61925811	0.35312502	0.35318460	0.61898021	0.61910922	0.35304014	0.35311549	59880	47076	0
59880	47114	-0.00022406	0.04800859	0.48181690	0.04811452	0.48617549	0.61898662	0.61923987	0.35317367	0.35313390	0.61909796	0.61928852	0.35335962	0.35326932	59880	47113	0
59880	47118	0.00014845	0.04788152	0.48287199	0.04775529	0.48175446	0.61920643	0.61933190	0.35338929	0.35323941	0.61922385	0.61941079	0.35329265	0.35331911	59880	47116	0
59880	47121	-0.00071526	0.04764718	0.48301464	0.04755043	0.48560577	0.61915515	0.61932804	0.35345182	0.35325140	0.61918950	0.61939115	0.35339759	0.35330794	59880	47119	0
59880	47124	-0.00012052	0.04752730	0.48387665	0.04763380	0.48209244	0.61916419	0.61939805	0.35345157	0.35339849	0.61918589	0.61933790	0.35337474	0.35331098	59880	47122	0
59880	47127	-0.00043712	0.04756142	0.48333542	0.04738101	0.48428520	0.61924037	0.61939107	0.35327638	0.35326159	0.61928909	0.61941646	0.35321204	0.35334902	59880	47126	0
59880	47131	-0.00092275	0.04749646	0.48298205	0.04743444	0.48443896	0.61918474	0.61941966	0.35343925	0.35333489	0.61924480	0.61942049	0.35339101	0.35336209	59880	47129	0
59880	47134	0.00067909	0.04740914	0.48591580	0.04741225	0.48111027	0.61934743	0.61945327	0.35335510	0.35336275	0.61928572	0.61947094	0.35349767	0.35337655	59880	47132	0
59880	47137	0.00033349	0.04716567	0.48144191	0.04738051	0.48247870	0.61937948	0.61941054	0.35358929	0.35337228	0.61939082	0.61947727	0.35341649	0.35339183	59880	47135	0
59880	47140	-0.00068401	0.04734051	0.48270861	0.04744459	0.48576110	0.61928737	0.61962164	0.35337803	0.35339603	0.61929928	0.61951490	0.35338386	0.35338855	59880	47139	0
59880	47144	0.00084696	0.04742901	0.48570035	0.04715224	0.48110746	0.61925392	0.61937685	0.35334524	0.35332421	0.61926485	0.61940989	0.35334450	0.35343752	59880	47142	0
59880	47180	0.00008285	0.04771432	0.48692200	0.04787860	0.48921433	0.61928540	0.61941194	0.35353835	0.35351394	0.61919361	0.61944744	0.35365971	0.35359003	59880	47179	0
59880	47184	0.00073184	0.04762795	0.48679905	0.04757993	0.48485208	0.61944538	0.61958557	0.35357154	0.35363071	0.61944292	0.61943996	0.35366908	0.35358132	59880	47182	0
59880	47187	0.00128068	0.04751258	0.48649408	0.04738984	0.48484753	0.61931128	0.61950019	0.35372849	0.35358264	0.61926715	0.61942829	0.35348502	0.35351526	59880	47185	0
59880	47190	-0.00131242	0.04727141	0.48077281	0.04742618	0.48855212	0.61930701	0.61955788	0.35348033	0.35353136	0.61936362	0.61962419	0.35354007	0.35378659	59880	47188	0
59880	47193	-0.00081383	0.04734298	0.48697202	0.04719433	0.48547624	0.61918876	0.61946856	0.35359891	0.35349225	0.61926263	0.61953322	0.35349307	0.35349989	59880	47192	0
59880	47197	0.00023554	0.04734343	0.48535664	0.04722160	0.48220856	0.61920446	0.61931777	0.35355536	0.35345535	0.61920396	0.61942106	0.35359932	0.35352799	59880	47195	0
59880	47200	-0.00001466	0.04731921	0.48434386	0.04731678	0.48509446	0.61915047	0.61935894	0.35357615	0.35348058	0.61908375	0.61932788	0.35356620	0.35350457	59880	47198	0
59880	47203	-0.00024236	0.04729473	0.48552354	0.04733580	0.48620662	0.61919484	0.61941720	0.35353752	0.35360022	0.61923067	0.61921407	0.35333966	0.35337170	59880	47201	0
59880	47206	0.00153006	0.04730655	0.48773753	0.04737459	0.48242028	0.61927619	0.61941506	0.35337228	0.35345511	0.61919410	0.61933421	0.35348239	0.35341813	59880	47205	0
59880	47210	-0.00028317	0.04732360	0.47962946	0.04737250	0.48506915	0.61923659	0.61937398	0.35348025	0.35339635	0.61926625	0.61933059	0.35337326	0.35346875	59880	47208	0
59880	47246	0.00027861	0.04802224	0.48616139	0.04787141	0.48447605	0.61910881	0.61927800	0.35338649	0.35327112	0.61919402	0.61934974	0.35318139	0.35326061	59880	47245	0
59880	47249	0.00167589	0.04771641	0.48588619	0.04773798	0.48169434	0.61917422	0.61931539	0.35325231	0.35331451	0.61911703	0.61943330	0.35336340	0.35345856	59880	47248	0
59880	47253	0.00017486	0.04761251	0.48295315	0.04765597	0.48745623	0.61921169	0.61935467	0.35329652	0.35336653	0.61919008	0.61944694	0.35349775	0.35334993	59880	47251	0
59880	47256	-0.00022487	0.04741021	0.48279538	0.04737376	0.48399458	0.61914160	0.61942747	0.35343629	0.35336349	0.61927241	0.61948261	0.35352249	0.35338074	59880	47254	0
59880	47259	0.00034938	0.04744174	0.48449338	0.04732613	0.48277062	0.61924521	0.61947817	0.35334648	0.35331311	0.61915121	0.61936790	0.35336160	0.35329438	59880	47258	0
59880	47262	0.00038099	0.04736954	0.48328908	0.04733510	0.48319426	0.61921530	0.61939329	0.35333801	0.35335330	0.61905786	0.61928318	0.35346086	0.35332306	59880	47261	0
59880	47266	0.00008942	0.04732086	0.48384545	0.04734982	0.48472016	0.61917085	0.61924382	0.35331164	0.35327926	0.61923100	0.61932812	0.35329274	0.35332445	59880	47264	0
59880	47269	0.00008195	0.04705075	0.48385110	0.04741491	0.48387351	0.61914595	0.61929846	0.35353498	0.35328378	0.61912163	0.61920503	0.35334418	0.35332930	59880	47267	0
59880	47272	-0.00024628	0.04729332	0.48309247	0.04729250	0.48407717	0.61921703	0.61937685	0.35337507	0.35327359	0.61929509	0.61931112	0.35322757	0.35329315	59880	47271	0
59880	47276	0.00034091	0.04722314	0.48531384	0.04726743	0.48355227	0.61899204	0.61925327	0.35339668	0.35325477	0.61904858	0.61928449	0.35337630	0.35325255	59880	47274	0
59880	47312	-0.00022194	0.04799881	0.48527007	0.04787972	0.48695860	0.61948359	0.61941605	0.35356678	0.35347598	0.61930167	0.61943963	0.35344615	0.35353087	59880	47310	0
59880	47315	0.00031609	0.04781565	0.48516563	0.04768484	0.48355157	0.61931744	0.61950389	0.35352561	0.35355174	0.61945393	0.61958992	0.35353826	0.35360803	59880	47314	0
59880	47319	0.00053466	0.04761750	0.48626437	0.04757404	0.48560863	0.61941679	0.61957809	0.35346858	0.35350893	0.61932541	0.61962411	0.35368716	0.35358329	59880	47317	0
59880	47322	0.00018494	0.04746986	0.48449644	0.04748132	0.48554561	0.61924160	0.61958376	0.35359915	0.35354780	0.61945763	0.61960134	0.35349948	0.35353366	59880	47320	0
59880	47325	-0.00009325	0.04739162	0.48458369	0.04706249	0.48541827	0.61947513	0.61959017	0.35344171	0.35360326	0.61940356	0.61954284	0.35363408	0.35359028	59880	47324	0
59880	47328	-0.00008539	0.04731581	0.48519714	0.04724971	0.48517354	0.61938819	0.61954309	0.35364295	0.35356744	0.61942961	0.61954161	0.35347524	0.35359496	59880	47327	0
59880	47332	0.00056267	0.04720230	0.48664902	0.04712396	0.48470485	0.61947998	0.61950011	0.35353399	0.35352134	0.61937891	0.61944399	0.35348584	0.35345642	59880	47330	0
59880	47335	0.00007359	0.04709998	0.48476004	0.04733185	0.48622727	0.61917479	0.61949699	0.35358247	0.35344771	0.61935401	0.61948359	0.35342479	0.35344648	59880	47333	0
59880	47338	0.00043348	0.04719585	0.48612504	0.04715553	0.48504537	0.61939214	0.61960143	0.35346809	0.35353679	0.61932467	0.61947028	0.35367779	0.35354755	59880	47337	0
59880	47341	-0.00085962	0.04729155	0.48251531	0.04742087	0.48639463	0.61912902	0.61946363	0.35362126	0.35343678	0.61920322	0.61941317	0.35361427	0.35351591	59880	47340	0
59880	47378	0.00042585	0.04792484	0.48548209	0.04793082	0.48162566	0.61912212	0.61938548	0.35345535	0.35327975	0.61903962	0.61932845	0.35330325	0.35331369	59880	47376	0
59880	47381	0.00011937	0.04783154	0.48400700	0.04768797	0.48492645	0.61910823	0.61935015	0.35338937	0.35331073	0.61917808	0.61944686	0.35341345	0.35326907	59880	47380	0
59880	47385	-0.00007940	0.04759789	0.48396609	0.04774023	0.48456242	0.61915754	0.61947365	0.35342824	0.35336422	0.61911768	0.61942517	0.35334557	0.35329660	59880	47383	0
59880	47388	-0.00055143	0.04756284	0.48311305	0.04759769	0.48452913	0.61921884	0.61944711	0.35352996	0.35336381	0.61911357	0.61941408	0.35342405	0.35327129	59880	47386	0
59880	47391	0.00011317	0.04760776	0.48491192	0.04763687	0.48291812	0.61927282	0.61955163	0.35344681	0.35348493	0.61924497	0.61938039	0.35330925	0.35330342	59880	47389	0
59880	47394	-0.00025672	0.04763407	0.48338868	0.04747322	0.48449833	0.61944325	0.61946215	0.35333160	0.35331155	0.61931678	0.61942805	0.35331459	0.35338304	59880	47393	0
59880	47398	0.00000633	0.04749728	0.48476697	0.04735305	0.48397783	0.61917298	0.61942887	0.35333924	0.35325527	0.61937414	0.61947176	0.35322724	0.35335913	59880	47396	0
59880	47401	0.00090827	0.04719212	0.48567517	0.04732326	0.48296936	0.61918285	0.61946634	0.35323653	0.35334952	0.61907693	0.61933618	0.35329775	0.35325527	59880	47399	0
59880	47404	-0.00036953	0.04746308	0.48190836	0.04730663	0.48574177	0.61917052	0.61932048	0.35335362	0.35324721	0.61909270	0.61918260	0.35336538	0.35315222	59880	47402	0
59880	47407	0.00049808	0.04739112	0.48598601	0.04738396	0.48338317	0.61920528	0.61939386	0.35327400	0.35327934	0.61919714	0.61917142	0.35326348	0.35313809	59880	47406	0
59880	47444	-0.00011261	0.04766738	0.48438209	0.04791256	0.48621416	0.61916000	0.61932484	0.35332799	0.35329306	0.61910330	0.61940430	0.35330095	0.35328863	59880	47442	0
59880	47447	0.00047796	0.04794697	0.48547265	0.04769039	0.48370094	0.61922664	0.61946658	0.35348083	0.35344590	0.61921563	0.61947809	0.35342906	0.35339422	59880	47446	0
59880	47450	0.00057247	0.04767190	0.48614150	0.04756882	0.48585798	0.61913551	0.61936855	0.35344952	0.35334911	0.61919386	0.61927512	0.35341073	0.35332618	59880	47449	0
59880	47454	-0.00047817	0.04743990	0.48349058	0.04752058	0.48664250	0.61911563	0.61943363	0.35352791	0.35340375	0.61941588	0.61947817	0.35344442	0.35343193	59880	47452	0
59880	47457	0.00017464	0.04739138	0.48519276	0.04732879	0.48323431	0.61930577	0.61949033	0.35338378	0.35343448	0.61905014	0.61935557	0.35344919	0.35337770	59880	47455	0
59880	47460	0.00079852	0.04746428	0.48674134	0.04731859	0.48486970	0.61952238	0.61965993	0.35364007	0.35369086	0.61921333	0.61940076	0.35359291	0.35343506	59880	47459	0
59880	47464	0.00054776	0.04707996	0.48427502	0.04738755	0.48502732	0.61925573	0.61944908	0.35338715	0.35342322	0.61941038	0.61952410	0.35347844	0.35349504	59880	47462	0
59880	47467	0.00033743	0.04733530	0.48531979	0.04736079	0.48595076	0.61925943	0.61948080	0.35353333	0.35343350	0.61939288	0.61946050	0.35376514	0.35349915	59880	47465	0
59880	47470	-0.00019845	0.04741581	0.48356822	0.04738275	0.48517588	0.61923634	0.61945870	0.35365388	0.35349438	0.61914751	0.61940800	0.35363556	0.35346012	59880	47468	0
59880	47473	0.00062300	0.04705677	0.48607953	0.04725921	0.48361517	0.61924053	0.61946001	0.35359250	0.35346267	0.61916658	0.61945286	0.35357310	0.35349759	59880	47472	0
59880	47510	0.00105833	0.04814173	0.48713837	0.04785194	0.48583237	0.61942336	0.61964613	0.35370548	0.35364772	0.61941892	0.61957004	0.35384131	0.35373638	59880	47508	0
59880	47513	-0.00031619	0.04788139	0.48191258	0.04789735	0.48603616	0.61949518	0.61977818	0.35389242	0.35379628	0.61970907	0.61973578	0.35375816	0.35381485	59880	47512	0
59880	47516	0.00016040	0.04720983	0.48367340	0.04773370	0.48224360	0.61947924	0.61972567	0.35382767	0.35377623	0.61941629	0.61966749	0.35383745	0.35371099	59880	47515	0
59880	47520	-0.00020337	0.04762935	0.48370434	0.04762256	0.48479566	0.61946724	0.61960061	0.35379382	0.35370515	0.61940265	0.61963840	0.35382241	0.35372635	59880	47518	0
59880	47523	-0.00075359	0.04758585	0.48273065	0.04761233	0.48438133	0.61944210	0.61966314	0.35382381	0.35375290	0.61941317	0.61962764	0.35382036	0.35372167	59880	47521	0
59880	47526	0.00035618	0.04756904	0.48589577	0.04752926	0.48256646	0.61939592	0.61966642	0.35383022	0.35372792	0.61944308	0.61961572	0.35375257	0.35364665	59880	47525	0
59880	47529	0.00018836	0.04762611	0.48443357	0.04750801	0.48493701	0.61966905	0.61964991	0.35371600	0.35374419	0.61945943	0.61955993	0.35379341	0.35372611	59880	47528	0
59880	47533	0.00059876	0.04737471	0.48378746	0.04740092	0.48255628	0.61955311	0.61977234	0.35366736	0.35373457	0.61957949	0.61971096	0.35370269	0.35384485	59880	47531	0
59880	47536	-0.00010410	0.04741192	0.48248646	0.04729536	0.48459505	0.61962279	0.61971145	0.35370844	0.35374197	0.61947694	0.61961720	0.35382989	0.35373958	59880	47534	0
59880	47539	-0.00001067	0.04742249	0.48444581	0.04745169	0.48416550	0.61956790	0.61967579	0.35370507	0.35374764	0.61958072	0.61976059	0.35383778	0.35381748	59880	47538	0
59880	47576	0.00000217	0.04788627	0.48553118	0.04789034	0.48549267	0.61906920	0.61919566	0.35318583	0.35326102	0.61901678	0.61926337	0.35344245	0.35340030	59880	47574	0
59880	47579	-0.00059604	0.04774482	0.48471477	0.04772206	0.48650939	0.61914233	0.61929205	0.35324458	0.35335116	0.61895367	0.61913420	0.35336677	0.35328912	59880	47577	0
59880	47582	0.00104763	0.04734786	0.48705469	0.04751949	0.48212368	0.61891907	0.61910503	0.35327277	0.35323497	0.61900133	0.61914299	0.35335535	0.35320531	59880	47581	0
59880	47586	0.00054505	0.04749603	0.48461425	0.04736243	0.48612201	0.61902360	0.61921144	0.35312371	0.35323283	0.61893083	0.61920388	0.35316397	0.35322724	59880	47584	0
59880	47589	-0.00035866	0.04743531	0.48429667	0.04730967	0.48700780	0.61899771	0.61927504	0.35339833	0.35328214	0.61893732	0.61909147	0.35317203	0.35317350	59880	47587	0
59880	47592	-0.00037465	0.04731609	0.48624172	0.04730517	0.48628968	0.61892688	0.61905129	0.35310727	0.35312880	0.61869861	0.61902417	0.35318493	0.35307794	59880	47590	0
59880	47595	0.00030186	0.04732133	0.48562875	0.04739110	0.48359922	0.61887396	0.61900667	0.35305312	0.35307498	0.61899574	0.61915507	0.35314598	0.35314064	59880	47594	0
59880	47599	-0.00009980	0.04732165	0.48416762	0.04740070	0.48537260	0.61875720	0.61904907	0.35325412	0.35311763	0.61871167	0.61899114	0.35313735	0.35303151	59880	47597	0
59880	47602	0.00004761	0.04723098	0.48413876	0.04734632	0.48369652	0.61889023	0.61902688	0.35300719	0.35302519	0.61897947	0.61903173	0.35302609	0.35308147	59880	47600	0
59880	47605	0.00089496	0.04725133	0.48490541	0.04726916	0.48236337	0.61884422	0.61896254	0.35322256	0.35305855	0.61894775	0.61919838	0.35322190	0.35314655	59880	47604	0
59880	47642	0.00017726	0.04797835	0.48143030	0.04779273	0.48358340	0.61869754	0.61890453	0.35277152	0.35281458	0.61858201	0.61891020	0.35297227	0.35295633	59880	47640	0
59880	47645	0.00046534	0.04752648	0.48356654	0.04770590	0.48270228	0.61870641	0.61888374	0.35283134	0.35283323	0.61885243	0.61887429	0.35313119	0.35285353	59880	47643	0
59880	47648	-0.00083005	0.04753225	0.48278344	0.04761155	0.48666961	0.61858192	0.61889188	0.35297539	0.35286947	0.61871069	0.61887676	0.35269149	0.35285254	59880	47647	0
59880	47652	0.00062212	0.04745885	0.48512031	0.04745594	0.48076380	0.61856713	0.61880247	0.35292995	0.35286051	0.61867897	0.61871619	0.35290053	0.35281967	59880	47650	0
59880	47655	0.00026172	0.04751701	0.48293795	0.04734677	0.48401916	0.61865350	0.61887166	0.35277358	0.35288886	0.61868201	0.61869113	0.35297218	0.35283915	59880	47653	0
59880	47658	0.00056893	0.04728002	0.48554406	0.04720319	0.48462242	0.61873789	0.61883633	0.35296397	0.35285336	0.61874356	0.61883567	0.35275878	0.35280119	59880	47656	0
59880	47661	0.00040678	0.04736750	0.48501806	0.04738187	0.48550452	0.61871365	0.61890207	0.35295863	0.35290374	0.61877536	0.61879524	0.35284490	0.35287818	59880	47660	0
59880	47665	0.00011063	0.04738986	0.48405371	0.04727656	0.48494218	0.61856631	0.61888136	0.35289807	0.35285788	0.61875654	0.61878242	0.35269346	0.35276470	59880	47663	0
59880	47668	-0.00006257	0.04738717	0.48559360	0.04740921	0.48611320	0.61863254	0.61874200	0.35287925	0.35279568	0.61870592	0.61882425	0.35301828	0.35286988	59880	47666	0
59880	47671	-0.00006230	0.04732899	0.48526550	0.04730982	0.48526467	0.61876919	0.61884931	0.35287555	0.35287251	0.61864963	0.61885391	0.35275172	0.35289018	59880	47669	0
59880	47708	0.00101397	0.04784940	0.48750241	0.04775111	0.48427360	0.61858480	0.61869425	0.35263520	0.35270858	0.61847017	0.61873189	0.35269773	0.35274358	59880	47706	0
59880	47711	0.00016663	0.04783165	0.48275319	0.04755537	0.48529521	0.61847929	0.61874561	0.35288632	0.35279543	0.61847954	0.61899722	0.35269757	0.35296109	59880	47709	0
59880	47714	-0.00059886	0.04741551	0.48354777	0.04736669	0.48584423	0.61850715	0.61862827	0.35280718	0.35276593	0.61845719	0.61863862	0.35282091	0.35279864	59880	47713	0
59880	47717	0.00007117	0.04736521	0.48820818	0.04721606	0.48619809	0.61860797	0.61873731	0.35278114	0.35279864	0.61854815	0.61868497	0.35283414	0.35279699	59880	47716	0
59880	47721	0.00112350	0.04733309	0.48742046	0.04724367	0.48426349	0.61848365	0.61866525	0.35276018	0.35273726	0.61845505	0.61868061	0.35270110	0.35274671	59880	47719	0
59880	47724	0.00016542	0.04714237	0.48415339	0.04726985	0.48702762	0.61868546	0.61870946	0.35276971	0.35274868	0.61864421	0.61885630	0.35276133	0.35280833	59880	47722	0
59880	47727	0.00039208	0.04703182	0.48334394	0.04718697	0.48266397	0.61850140	0.61870592	0.35286479	0.35275451	0.61841643	0.61863698	0.35289930	0.35271236	59880	47726	0
59880	47731	0.00000489	0.04736347	0.48395714	0.04720000	0.48511869	0.61842720	0.61862145	0.35279338	0.35272904	0.61847034	0.61846730	0.35269757	0.35262526	59880	47729	0
59880	47734	0.00097963	0.04719955	0.48412597	0.04715680	0.48120175	0.61847469	0.61865645	0.35259033	0.35264999	0.61844174	0.61856656	0.35279264	0.35261720	59880	47732	0
59880	47737	0.00134769	0.04706287	0.48463537	0.04729547	0.48353120	0.61846039	0.61864101	0.35278196	0.35269108	0.61858102	0.61863271	0.35263142	0.35264284	59880	47735	0
59880	47774	0.00036437	0.04811766	0.48306739	0.04803503	0.48601734	0.61864454	0.61886813	0.35273668	0.35279987	0.61869746	0.61890897	0.35295986	0.35292206	59880	47772	0
59880	47777	0.00042020	0.04771247	0.48414503	0.04791965	0.48397756	0.61883255	0.61900355	0.35289059	0.35291795	0.61884233	0.61899081	0.35314228	0.35293167	59880	47775	0
59880	47780	0.00045139	0.04776557	0.48473221	0.04774076	0.48463863	0.61876089	0.61901661	0.35291203	0.35288311	0.61893329	0.61907627	0.35292600	0.35298393	59880	47778	0
59880	47783	-0.00000671	0.04761372	0.48317380	0.04754089	0.48454809	0.61885851	0.61899451	0.35303850	0.35293200	0.61895194	0.61892663	0.35290645	0.35292247	59880	47782	0
59880	47787	-0.00069410	0.04754321	0.48296830	0.04741855	0.48503048	0.61882072	0.61911522	0.35319709	0.35303603	0.61881800	0.61902820	0.35301984	0.35291491	59880	47785	0
59880	47790	0.00008752	0.04739523	0.48555125	0.04744602	0.48320639	0.61894710	0.61901784	0.35290291	0.35296668	0.61881735	0.61899985	0.35303850	0.35303266	59880	47788	0
59880	47793	-0.00000016	0.04729365	0.48399048	0.04733556	0.48425351	0.61875736	0.61905096	0.35319117	0.35303973	0.61893756	0.61902105	0.35322757	0.35300366	59880	47792	0
59880	47796	-0.00060215	0.04740052	0.48240438	0.04739652	0.48421035	0.61893691	0.61905860	0.35324713	0.35310004	0.61898465	0.61909024	0.35304277	0.35312782	59880	47795	0
59880	47800	-0.00004654	0.04733128	0.48603044	0.04742603	0.48436360	0.61901291	0.61908794	0.35336012	0.35311566	0.61894225	0.61906945	0.35310407	0.35308953	59880	47798	0
59880	47803	0.00017948	0.04730754	0.48555424	0.04730165	0.48487620	0.61890157	0.61903921	0.35324910	0.35317063	0.61874947	0.61895120	0.35317137	0.35304918	59880	47801	0
59880	47840	-0.00029777	0.04808368	0.48529364	0.04794501	0.48672538	0.61874520	0.61897512	0.35321278	0.35312617	0.61893625	0.61900971	0.35312042	0.35312954	59880	47838	0
59880	47843	0.00059182	0.04758820	0.48845955	0.04766597	0.48579078	0.61895876	0.61907150	0.35325181	0.35315206	0.61889377	0.61914406	0.35314762	0.35323842	59880	47841	0
59880	47846	0.00005887	0.04755345	0.48355658	0.04756099	0.48515545	0.61903691	0.61906509	0.35328435	0.35312987	0.61878119	0.61911399	0.35322897	0.35319232	59880	47844	0
59880	47849	0.00073756	0.04754181	0.48656343	0.04748778	0.48452735	0.61893576	0.61918161	0.35315173	0.35326159	0.61878686	0.61895622	0.35321656	0.35317334	59880	47848	0
59880	47853	0.00005926	0.04741091	0.48307606	0.04741281	0.48511096	0.61883625	0.61904513	0.35325880	0.35318550	0.61892844	0.61908153	0.35328715	0.35317293	59880	47851	0
59880	47856	0.00032775	0.04744081	0.48519741	0.04739989	0.48439194	0.61909188	0.61910380	0.35349562	0.35322314	0.61898547	0.61908777	0.35324319	0.35318041	59880	47854	0
59880	47859	0.00039469	0.04738301	0.48477924	0.04732443	0.48457843	0.61887815	0.61905909	0.35332618	0.35316019	0.61884857	0.61907430	0.35332265	0.35324902	59880	47857	0
59880	47862	0.00000262	0.04734578	0.48217459	0.04742460	0.48335080	0.61888349	0.61913067	0.35321623	0.35327162	0.61897199	0.61911916	0.35327983	0.35327293	59880	47861	0
59880	47866	0.00027310	0.04749531	0.48485938	0.04733430	0.48404794	0.61889878	0.61920889	0.35317375	0.35315444	0.61898153	0.61920536	0.35323858	0.35328000	59880	47864	0
59880	47869	-0.00042625	0.04736501	0.48422066	0.04736608	0.48631873	0.61897643	0.61915277	0.35313965	0.35324738	0.61893896	0.61906937	0.35324269	0.35317129	59880	47867	0
59880	47905	-0.00002904	0.04794685	0.48520070	0.04780657	0.48400906	0.61850666	0.61863139	0.35287958	0.35275821	0.61862958	0.61873633	0.35292075	0.35287021	59880	47904	0
59880	47909	0.00040402	0.04773879	0.48427037	0.04767417	0.48297120	0.61851734	0.61872260	0.35294803	0.35285361	0.61852876	0.61865703	0.35286733	0.35286659	59880	47907	0
59880	47912	-0.00055539	0.04758720	0.48091145	0.04756390	0.48378968	0.61854634	0.61866106	0.35287645	0.35281984	0.61856615	0.61858825	0.35277358	0.35283036	59880	47910	0
59880	47915	0.00087007	0.04755421	0.48711929	0.04739547	0.48284291	0.61856508	0.61863961	0.35271926	0.35286791	0.61855218	0.61876665	0.35298155	0.35284433	59880	47914	0
59880	47919	0.00044322	0.04742691	0.48322222	0.04731327	0.48450275	0.61847888	0.61868119	0.35293471	0.35280907	0.61850164	0.61876139	0.35291639	0.35278557	59880	47917	0
59880	47922	0.00081514	0.04735524	0.48434762	0.04734400	0.48323185	0.61848932	0.61895235	0.35290160	0.35300341	0.61840887	0.61865604	0.35285583	0.35274712	59880	47920	0
59880	47925	-0.00014542	0.04736266	0.48312388	0.04731918	0.48600558	0.61847025	0.61860502	0.35269288	0.35271704	0.61850197	0.61860066	0.35279888	0.35275607	59880	47923	0
59880	47928	0.00002502	0.04732835	0.48404708	0.04734023	0.48353577	0.61834207	0.61861545	0.35287448	0.35273216	0.61839671	0.61851364	0.35285583	0.35266922	59880	47927	0
59880	47932	0.00039246	0.04706572	0.48426499	0.04721514	0.48316266	0.61838299	0.61857552	0.35263019	0.35269223	0.61843812	0.61856746	0.35269543	0.35268598	59880	47930	0
59880	47935	0.00073276	0.04713371	0.48538489	0.04716160	0.48436399	0.61830788	0.61857437	0.35285517	0.35277957	0.61836064	0.61858538	0.35265632	0.35275558	59880	47933	0
59880	47971	-0.00057603	0.04786122	0.47805653	0.04782980	0.48198289	0.61827847	0.61855054	0.35273191	0.35270513	0.61851947	0.61863682	0.35266667	0.35276602	59880	47970	0
59880	47975	0.00019709	0.04747922	0.48389899	0.04759521	0.48157963	0.61833196	0.61866286	0.35279165	0.35273002	0.61839112	0.61854593	0.35272107	0.35274975	59880	47973	0
59880	47978	0.00054559	0.04754727	0.48810581	0.04719405	0.48706031	0.61847231	0.61861570	0.35292313	0.35276988	0.61836770	0.61860074	0.35282017	0.35279519	59880	47976	0
59880	47981	-0.00144504	0.04737404	0.48485320	0.04740248	0.49082510	0.61834568	0.61858833	0.35280677	0.35274202	0.61833944	0.61872047	0.35287777	0.35285419	59880	47980	0
59880	47984	0.00068200	0.04748375	0.49329173	0.04730947	0.48691062	0.61846310	0.61858612	0.35275180	0.35273775	0.61852605	0.61851413	0.35266478	0.35269691	59880	47983	0
59880	47988	0.00029557	0.04725060	0.48783382	0.04738815	0.48899308	0.61848266	0.61863591	0.35272723	0.35273479	0.61843377	0.61869368	0.35287300	0.35271121	59880	47986	0
59880	47991	0.00050020	0.04740921	0.48769593	0.04739271	0.48708206	0.61849745	0.61872696	0.35286889	0.35276281	0.61851011	0.61871225	0.35273956	0.35273405	59880	47989	0
59880	47994	0.00047692	0.04739910	0.48714600	0.04737567	0.48721582	0.61859384	0.61882458	0.35271104	0.35276865	0.61866632	0.61875892	0.35274136	0.35279034	59880	47993	0
59880	47998	0.00031750	0.04731285	0.48502309	0.04735037	0.48550136	0.61856089	0.61870362	0.35266659	0.35278812	0.61861537	0.61891160	0.35293718	0.35280620	59880	47996	0
59880	48001	-0.00023720	0.04729811	0.48351200	0.04736993	0.48517610	0.61863879	0.61872531	0.35282247	0.35281918	0.61860715	0.61866229	0.35279437	0.35275090	59880	47999	0
59880	48037	-0.00026580	0.04802146	0.48402983	0.04812461	0.48411563	0.61862449	0.61894307	0.35292411	0.35286536	0.61874742	0.61894373	0.35295517	0.35298492	59880	48036	0
59880	48041	0.00021201	0.04787956	0.48455586	0.04789254	0.48312245	0.61874766	0.61893543	0.35307005	0.35294663	0.61876246	0.61890100	0.35300596	0.35295452	59880	48039	0
59880	48044	-0.00040645	0.04775623	0.48171913	0.04772337	0.48357449	0.61874610	0.61895318	0.35291335	0.35294573	0.61866903	0.61896090	0.35300719	0.35289396	59880	48042	0
59880	48047	-0.00002351	0.04760636	0.48329250	0.04756706	0.48214370	0.61874676	0.61889853	0.35286618	0.35296347	0.61870674	0.61901390	0.35293274	0.35299084	59880	48045	0
59880	48050	-0.00004397	0.04762998	0.48428757	0.04750023	0.48434893	0.61881348	0.61906403	0.35291220	0.35298361	0.61898777	0.61892647	0.35298771	0.35295361	59880	48049	0
59880	48054	0.00000650	0.04747931	0.48361165	0.04737769	0.48346026	0.61881225	0.61889385	0.35306085	0.35295731	0.61875005	0.61884101	0.35309922	0.35297473	59880	48052	0
59880	48057	0.00003628	0.04746267	0.48437259	0.04735324	0.48428324	0.61876722	0.61911670	0.35300415	0.35304737	0.61880141	0.61900396	0.35293258	0.35300587	59880	48055	0
59880	48060	-0.00053799	0.04744383	0.48370436	0.04734600	0.48542717	0.61882113	0.61898703	0.35295444	0.35304704	0.61884898	0.61904948	0.35311064	0.35305567	59880	48059	0
59880	48063	-0.00035922	0.04727283	0.48740029	0.04732833	0.48686399	0.61885687	0.61894069	0.35295452	0.35300094	0.61895745	0.61891086	0.35309971	0.35300579	59880	48062	0
59880	48067	-0.00032078	0.04727924	0.48558578	0.04709074	0.48547046	0.61873386	0.61895613	0.35310218	0.35302009	0.61880050	0.61901727	0.35300020	0.35304967	59880	48065	0
59880	48103	0.00036295	0.04805520	0.48535767	0.04786230	0.48330648	0.61855407	0.61874972	0.35279132	0.35280045	0.61861635	0.61891151	0.35288352	0.35281548	59880	48102	0
59880	48106	0.00019401	0.04774872	0.48421076	0.04750332	0.48471757	0.61855662	0.61873164	0.35291508	0.35288040	0.61865128	0.61880067	0.35291080	0.35293167	59880	48105	0
59880	48110	0.00067918	0.04757490	0.48759058	0.04733424	0.48613506	0.61851545	0.61882622	0.35297038	0.35290957	0.61868669	0.61887026	0.35309092	0.35296939	59880	48108	0
59880	48113	-0.00036029	0.04760569	0.48152116	0.04744500	0.48463959	0.61890478	0.61897347	0.35291828	0.35296972	0.61879269	0.61893485	0.35287292	0.35300875	59880	48111	0
59880	48116	0.00137695	0.04741419	0.48796286	0.04745288	0.48275114	0.61867807	0.61888629	0.35303069	0.35296832	0.61883477	0.61887618	0.35308139	0.35290127	59880	48115	0
59880	48120	0.00021859	0.04730043	0.48207828	0.04743936	0.48555337	0.61879212	0.61895186	0.35296060	0.35299002	0.61891423	0.61899993	0.35301204	0.35313332	59880	48118	0
59880	48123	0.00012089	0.04730105	0.48289205	0.04740586	0.48318512	0.61879458	0.61896608	0.35307843	0.35306085	0.61884274	0.61888136	0.35293882	0.35296602	59880	48121	0
59880	48126	-0.00023147	0.04732577	0.48346924	0.04739031	0.48452632	0.61906394	0.61893066	0.35310580	0.35298722	0.61874635	0.61893025	0.35306676	0.35295205	59880	48124	0
59880	48129	0.00051872	0.04725977	0.48444147	0.04720670	0.48219090	0.61875843	0.61888555	0.35288944	0.35290710	0.61876262	0.61903469	0.35309207	0.35311779	59880	48128	0
59880	48133	-0.00076689	0.04731373	0.48201646	0.04742755	0.48587331	0.61875251	0.61899369	0.35305781	0.35300653	0.61886665	0.61901333	0.35303546	0.35302231	59880	48131	0
59880	48169	0.00131339	0.04790758	0.48649573	0.04800129	0.48025487	0.61912039	0.61921423	0.35355166	0.35348518	0.61924201	0.61934374	0.35360302	0.35349685	59880	48168	0
59880	48172	0.00053212	0.04801285	0.48321656	0.04792971	0.48556037	0.61943930	0.61950701	0.35361649	0.35358790	0.61930807	0.61949033	0.35377755	0.35365109	59880	48171	0
59880	48176	0.00102467	0.04778089	0.48538233	0.04784142	0.48390467	0.61926913	0.61948047	0.35362454	0.35359792	0.61958277	0.61967785	0.35373556	0.35384904	59880	48174	0
59880	48179	0.00010437	0.04762986	0.48258699	0.04757575	0.48534790	0.61948943	0.61950586	0.35366358	0.35363358	0.61925680	0.61944678	0.35371822	0.35369628	59880	48177	0
59880	48182	0.00103113	0.04739717	0.48495709	0.04749618	0.48217681	0.61929263	0.61944456	0.35361970	0.35366489	0.61939444	0.61950175	0.35364484	0.35374953	59880	48181	0
59880	48185	-0.00092135	0.04732193	0.48149225	0.04733805	0.48734970	0.61931333	0.61955771	0.35388593	0.35370672	0.61940142	0.61953692	0.35380803	0.35385709	59880	48184	0
59880	48189	0.00048776	0.04746392	0.48804465	0.04735628	0.48381731	0.61946091	0.61968795	0.35374016	0.35391313	0.61919468	0.61943404	0.35386588	0.35368182	59880	48187	0
59880	48192	-0.00061544	0.04726229	0.48419238	0.04731547	0.48750198	0.61933486	0.61955410	0.35389703	0.35373613	0.61942969	0.61939394	0.35374098	0.35378157	59880	48190	0
59880	48195	0.00110342	0.04736659	0.48822944	0.04739658	0.48307285	0.61932780	0.61945681	0.35380220	0.35369414	0.61941556	0.61956544	0.35374419	0.35381551	59880	48194	0
59880	48199	-0.00029723	0.04737117	0.48436714	0.04734943	0.48856910	0.61961556	0.61950668	0.35381354	0.35372997	0.61948129	0.61953454	0.35392981	0.35382061	59880	48197	0
59880	48235	0.00073565	0.04792909	0.48795403	0.04813408	0.48485538	0.61949033	0.61965911	0.35397057	0.35388067	0.61965706	0.61966930	0.35397599	0.35398487	59880	48233	0
59880	48238	-0.00021544	0.04794861	0.48493678	0.04785127	0.48779005	0.61957423	0.61984129	0.35409999	0.35401149	0.61950397	0.61982395	0.35412645	0.35407205	59880	48237	0
59880	48242	0.00067264	0.04784931	0.48652610	0.04771958	0.48386185	0.61961975	0.61972090	0.35387246	0.35394682	0.61952501	0.61977325	0.35407082	0.35389021	59880	48240	0
59880	48245	0.00041942	0.04764971	0.48543941	0.04752119	0.48619908	0.61964802	0.61987358	0.35397065	0.35401034	0.61958269	0.61965476	0.35391108	0.35389546	59880	48243	0
59880	48248	-0.00007168	0.04764424	0.48437499	0.04733629	0.48584830	0.61945582	0.61959058	0.35395635	0.35386925	0.61947784	0.61969510	0.35374131	0.35391297	59880	48247	0
59880	48251	-0.00041812	0.04741168	0.48260551	0.04741243	0.48364483	0.61955106	0.61974819	0.35375692	0.35390984	0.61952797	0.61960677	0.35374887	0.35384304	59880	48250	0
59880	48255	-0.00009158	0.04750458	0.48574106	0.04748262	0.48476144	0.61944160	0.61960077	0.35394723	0.35379883	0.61950405	0.61962789	0.35373276	0.35381798	59880	48253	0
59880	48258	0.00031801	0.04738105	0.48413346	0.04738081	0.48290468	0.61962550	0.61967185	0.35375750	0.35384879	0.61963586	0.61966043	0.35377171	0.35378100	59880	48256	0
59880	48261	-0.00019531	0.04739669	0.48333163	0.04719307	0.48487159	0.61959411	0.61964555	0.35382348	0.35375175	0.61964613	0.61968582	0.35373005	0.35380006	59880	48260	0
59880	48264	0.00043028	0.04731133	0.48538311	0.04731982	0.48350634	0.61944399	0.61961236	0.35392833	0.35379201	0.61941597	0.61966725	0.35373490	0.35382882	59880	48263	0
59880	48301	0.00020203	0.04818413	0.48377866	0.04805497	0.48446343	0.61922007	0.61924127	0.35332733	0.35330835	0.61916953	0.61928696	0.35332486	0.35340605	59880	48299	0
59880	48304	-0.00013650	0.04781701	0.48400052	0.04762541	0.48501610	0.61923683	0.61942607	0.35357220	0.35344319	0.61901102	0.61938753	0.35348083	0.35338074	59880	48303	0
59880	48308	0.00060321	0.04774625	0.48543898	0.04768260	0.48321985	0.61905918	0.61939049	0.35351041	0.35343432	0.61906098	0.61932870	0.35328978	0.35330786	59880	48306	0
59880	48311	0.00038203	0.04751669	0.48276902	0.04760425	0.48343254	0.61904258	0.61926945	0.35353892	0.35330013	0.61907767	0.61922968	0.35348559	0.35329684	59880	48309	0
59880	48314	-0.00049879	0.04745019	0.48315338	0.04747243	0.48579586	0.61900757	0.61927578	0.35334804	0.35327425	0.61896682	0.61912524	0.35324598	0.35321484	59880	48312	0
59880	48317	0.00066457	0.04735664	0.48514560	0.04741993	0.48165551	0.61896032	0.61905951	0.35344097	0.35324746	0.61904702	0.61911111	0.35333760	0.35320720	59880	48316	0
59880	48321	0.00105727	0.04730633	0.48438896	0.04734315	0.48321086	0.61897988	0.61918441	0.35328222	0.35330292	0.61905195	0.61920832	0.35324023	0.35330794	59880	48319	0
59880	48324	0.00018013	0.04717291	0.48416233	0.04713871	0.48679375	0.61904956	0.61917808	0.35328493	0.35331394	0.61901579	0.61900412	0.35340194	0.35323760	59880	48322	0
59880	48327	-0.00007967	0.04729545	0.48583350	0.04727006	0.48661291	0.61901308	0.61902549	0.35317063	0.35317671	0.61895178	0.61912746	0.35310974	0.35314852	59880	48325	0
59880	48330	0.00090864	0.04729300	0.48805597	0.04710163	0.48509103	0.61894332	0.61925664	0.35309076	0.35318854	0.61892803	0.61916395	0.35331237	0.35319775	59880	48329	0
59880	48367	0.00063202	0.04799005	0.48563565	0.04784397	0.48646552	0.61900248	0.61920043	0.35318673	0.35321139	0.61913469	0.61932566	0.35316792	0.35334401	59880	48365	0
59880	48370	0.00012115	0.04785676	0.48324270	0.04779112	0.48477531	0.61907849	0.61939296	0.35343810	0.35341640	0.61921686	0.61927422	0.35326965	0.35333316	59880	48369	0
59880	48373	0.00082346	0.04786322	0.48603572	0.04773940	0.48392876	0.61914817	0.61933716	0.35333768	0.35331911	0.61908449	0.61920676	0.35329298	0.35319701	59880	48372	0
59880	48377	-0.00061652	0.04750623	0.48188626	0.04759890	0.48620621	0.61909936	0.61928745	0.35331509	0.35328797	0.61924817	0.61925138	0.35322840	0.35323004	59880	48375	0
59880	48380	0.00123053	0.04763977	0.48624261	0.04741104	0.48070146	0.61903502	0.61919435	0.35326102	0.35332232	0.61909739	0.61920594	0.35324771	0.35326669	59880	48378	0
59880	48383	-0.00002007	0.04741840	0.48264967	0.04735367	0.48640145	0.61915425	0.61920832	0.35321040	0.35323185	0.61910182	0.61937069	0.35344253	0.35330958	59880	48382	0
59880	48387	0.00017885	0.04730497	0.48321510	0.04731761	0.48261834	0.61904611	0.61931531	0.35330654	0.35328657	0.61908062	0.61925565	0.35324861	0.35325518	59880	48385	0
59880	48390	0.00004528	0.04727267	0.48402937	0.04739616	0.48443010	0.61907997	0.61922812	0.35343999	0.35332618	0.61915491	0.61923642	0.35335773	0.35327137	59880	48388	0
59880	48393	0.00090323	0.04747315	0.48386162	0.04737508	0.48128777	0.61920322	0.61936034	0.35325543	0.35332963	0.61915104	0.61926452	0.35334459	0.35328509	59880	48391	0
59880	48396	0.00094038	0.04761747	0.48430246	0.04738431	0.48419098	0.61915967	0.61929222	0.35319372	0.35333744	0.61926247	0.61936469	0.35327770	0.35326710	59880	48395	0
59880	48433	0.00054032	0.04823377	0.48208244	0.04807419	0.48328263	0.61922204	0.61935187	0.35318682	0.35329684	0.61918556	0.61944275	0.35319027	0.35333719	59880	48431	0
59880	48436	0.00005858	0.04803926	0.48341685	0.04772314	0.48486207	0.61923733	0.61943963	0.35339331	0.35335034	0.61919164	0.61937989	0.35348888	0.35329372	59880	48434	0
59880	48439	-0.00007996	0.04782444	0.48270619	0.04777352	0.48312182	0.61919657	0.61941325	0.35345954	0.35332922	0.61923872	0.61932361	0.35346431	0.35320892	59880	48438	0
59880	48443	-0.00021872	0.04755840	0.48425746	0.04771651	0.48467374	0.61913100	0.61938121	0.35339529	0.35326085	0.61919172	0.61939099	0.35334302	0.35338543	59880	48441	0
59880	48446	-0.00102382	0.04755453	0.48292583	0.04737611	0.48534114	0.61928211	0.61943873	0.35341755	0.35338781	0.61930314	0.61930898	0.35326167	0.35334187	59880	48444	0
59880	48449	0.00127822	0.04748402	0.48813766	0.04748898	0.48123153	0.61925261	0.61940537	0.35330876	0.35336521	0.61948409	0.61949107	0.35352208	0.35339340	59880	48448	0
59880	48452	0.00005260	0.04759967	0.48397995	0.04753364	0.48765681	0.61927627	0.61935960	0.35367434	0.35338962	0.61917726	0.61945278	0.35346834	0.35346776	59880	48451	0
59880	48456	-0.00093161	0.04744991	0.48211351	0.04737992	0.48506615	0.61932106	0.61935927	0.35331993	0.35339948	0.61927710	0.61949584	0.35348165	0.35345675	59880	48454	0
59880	48459	0.00017134	0.04749921	0.48769211	0.04733785	0.48438325	0.61920873	0.61933757	0.35338395	0.35346291	0.61934300	0.61949888	0.35347088	0.35348707	59880	48457	0
59880	48462	0.00042359	0.04735965	0.48592825	0.04738782	0.48517150	0.61925294	0.61936091	0.35344385	0.35343218	0.61923774	0.61933314	0.35335609	0.35338937	59880	48461	0
59880	48499	0.00056098	0.04817922	0.48670228	0.04784602	0.48629013	0.61950257	0.61960176	0.35358765	0.35369004	0.61952871	0.61964490	0.35371058	0.35364155	59880	48497	0
59880	48502	0.00044954	0.04802658	0.48472974	0.04787132	0.48506406	0.61944201	0.61967152	0.35376095	0.35372077	0.61950907	0.61981844	0.35376054	0.35374139	59880	48500	0
59880	48505	-0.00029952	0.04783256	0.48466818	0.04773574	0.48691534	0.61945681	0.61971959	0.35374197	0.35375988	0.61946913	0.61967407	0.35374197	0.35370113	59880	48504	0
59880	48509	0.00098911	0.04761111	0.48685720	0.04731815	0.48299131	0.61943002	0.61962665	0.35376703	0.35365996	0.61951597	0.61969305	0.35365150	0.35366563	59880	48507	0
59880	48512	0.00071569	0.04760543	0.48163468	0.04758963	0.48245496	0.61956519	0.61970233	0.35385487	0.35376226	0.61955631	0.61974498	0.35373252	0.35386251	59880	48510	0
59880	48515	0.00012646	0.04759334	0.48230971	0.04747633	0.48407738	0.61947981	0.61969913	0.35375183	0.35380368	0.61955738	0.61972567	0.35389859	0.35379776	59880	48513	0
59880	48518	0.00021942	0.04757167	0.48451687	0.04748223	0.48423799	0.61951334	0.61961457	0.35394937	0.35386227	0.61953972	0.61976289	0.35393096	0.35384665	59880	48517	0
59880	48522	0.00049305	0.04748582	0.48410614	0.04764382	0.48328525	0.61956223	0.61970710	0.35394567	0.35382849	0.61961918	0.61977243	0.35385750	0.35389546	59880	48520	0
59880	48525	-0.00017730	0.04754395	0.48375091	0.04751834	0.48576196	0.61975887	0.61992050	0.35385232	0.35398889	0.61985871	0.61991754	0.35382973	0.35396934	59880	48523	0
59880	48528	-0.00012003	0.04755854	0.48405708	0.04740764	0.48388528	0.61970414	0.61988895	0.35389998	0.35395874	0.61978483	0.61997194	0.35403318	0.35398939	59880	48527	0
59880	48565	-0.00096838	0.04818659	0.48291614	0.04831854	0.48546117	0.61972468	0.61992494	0.35395085	0.35399522	0.61982510	0.61986701	0.35395939	0.35397903	59880	48563	0
59880	48568	0.00006827	0.04799276	0.48502190	0.04788669	0.48191198	0.61987021	0.62000308	0.35401297	0.35403581	0.61984203	0.61987917	0.35395948	0.35403072	59880	48566	0
59880	48571	0.00075418	0.04790208	0.48487233	0.04775470	0.48281460	0.61980801	0.61989831	0.35401872	0.35396720	0.61978327	0.62000440	0.35395767	0.35402719	59880	48570	0
59880	48574	-0.00040776	0.04781130	0.48266438	0.04759450	0.48615021	0.61967152	0.62000423	0.35388273	0.35400574	0.61963331	0.61982091	0.35401774	0.35394773	59880	48573	0
59880	48578	-0.00068642	0.04770360	0.48343277	0.04754893	0.48426874	0.61963183	0.61985780	0.35405479	0.35400089	0.61970266	0.61990020	0.35407657	0.35394707	59880	48576	0
59880	48581	0.00027433	0.04751726	0.48685646	0.04749095	0.48397421	0.61973783	0.61986783	0.35407649	0.35390689	0.61976585	0.61981113	0.35390993	0.35396038	59880	48579	0
59880	48584	-0.00004033	0.04743527	0.48472073	0.04741469	0.48566470	0.61957242	0.61982888	0.35401963	0.35387821	0.61963405	0.61980045	0.35395126	0.35392718	59880	48583	0
59880	48588	0.00087771	0.04739143	0.48670594	0.04746613	0.48395181	0.61978434	0.61973701	0.35411429	0.35387845	0.61961926	0.61980151	0.35405422	0.35390582	59880	48586	0
59880	48591	0.00088148	0.04738769	0.48459718	0.04740962	0.48458586	0.61955714	0.61978911	0.35392439	0.35388117	0.61964909	0.61976026	0.35389612	0.35381165	59880	48589	0
59880	48594	-0.00092956	0.04742524	0.48425207	0.04747748	0.48968522	0.61977407	0.61979938	0.35390138	0.35388223	0.61956922	0.61969264	0.35370918	0.35380458	59880	48592	0
59880	48631	0.00028893	0.04813383	0.48682033	0.04805744	0.48316484	0.61932237	0.61948984	0.35360704	0.35347770	0.61933741	0.61949444	0.35351378	0.35353991	59880	48629	0
59880	48634	0.00053799	0.04799254	0.48466142	0.04790294	0.48391426	0.61918301	0.61940298	0.35346168	0.35350926	0.61929156	0.61947365	0.35340424	0.35350646	59880	48632	0
59880	48637	-0.00015695	0.04777981	0.48180458	0.04775501	0.48388938	0.61932122	0.61942427	0.35353325	0.35348978	0.61923174	0.61941514	0.35339767	0.35339553	59880	48636	0
59880	48640	0.00005507	0.04763476	0.48432265	0.04759648	0.48368659	0.61934637	0.61950208	0.35331279	0.35342290	0.61939304	0.61951589	0.35342766	0.35350392	59880	48639	0
59880	48644	0.00079924	0.04765431	0.48429107	0.04760297	0.48205858	0.61938269	0.61958918	0.35336661	0.35344599	0.61925992	0.61956437	0.35360474	0.35355536	59880	48642	0
59880	48647	0.00009591	0.04757564	0.48518251	0.04751331	0.48729249	0.61938039	0.61950981	0.35353227	0.35347935	0.61933749	0.61953372	0.35356464	0.35343958	59880	48645	0
59880	48650	-0.00071249	0.04744467	0.48168966	0.04747899	0.48411486	0.61952714	0.61952566	0.35350687	0.35356785	0.61934694	0.61943881	0.35356538	0.35346850	59880	48649	0
59880	48653	0.00129589	0.04711173	0.48769564	0.04744982	0.48167049	0.61926855	0.61985148	0.35351912	0.35373745	0.61933979	0.61951063	0.35358568	0.35349693	59880	48652	0
59880	48657	-0.00029523	0.04745695	0.48250131	0.04743263	0.48727469	0.61933905	0.61958861	0.35348337	0.35344442	0.61917923	0.61942952	0.35351485	0.35347179	59880	48655	0
59880	48660	0.00058021	0.04734962	0.48561192	0.04732623	0.48298560	0.61951926	0.61970398	0.35357154	0.35356456	0.61950282	0.61964432	0.35354566	0.35361230	59880	48658	0
59880	48697	-0.00063281	0.04741293	0.48169539	0.04790265	0.48533443	0.61956412	0.61971343	0.35368412	0.35369184	0.61962912	0.61976873	0.35370113	0.35378716	59880	48695	0
59880	48700	-0.00046106	0.04782105	0.48309182	0.04761311	0.48257659	0.61962049	0.61992978	0.35385857	0.35377829	0.61954982	0.61976659	0.35383778	0.35379908	59880	48698	0
59880	48703	0.00115061	0.04758973	0.48737838	0.04767274	0.48254336	0.61956552	0.61978804	0.35388265	0.35379834	0.61954949	0.61977284	0.35384657	0.35377508	59880	48701	0
59880	48706	-0.00032414	0.04757029	0.48310920	0.04752436	0.48753347	0.61966684	0.61973923	0.35381584	0.35383244	0.61953470	0.61982041	0.35379209	0.35382504	59880	48705	0
59880	48710	0.00083091	0.04741471	0.48850325	0.04730396	0.48503810	0.61963010	0.61981565	0.35377944	0.35376744	0.61958138	0.61976758	0.35378930	0.35381584	59880	48708	0
59880	48713	0.00077920	0.04720391	0.48578239	0.04711253	0.48593750	0.61959576	0.61975476	0.35390220	0.35385578	0.61963495	0.61983496	0.35385380	0.35380540	59880	48711	0
59880	48716	0.00107431	0.04729217	0.48755233	0.04728102	0.48666701	0.61966125	0.61969050	0.35384115	0.35367812	0.61942714	0.61969888	0.35390738	0.35384706	59880	48715	0
59880	48719	-0.00016658	0.04730734	0.48339110	0.04718671	0.48711378	0.61970915	0.61967571	0.35377089	0.35376374	0.61966536	0.61974588	0.35377632	0.35381091	59880	48718	0
59880	48723	0.00002342	0.04725733	0.48640308	0.04736574	0.48583308	0.61963660	0.61978081	0.35394370	0.35377188	0.61970381	0.61973824	0.35368552	0.35382052	59880	48721	0
59880	48726	-0.00005779	0.04730493	0.48569543	0.04726932	0.48593905	0.61954251	0.61969338	0.35365002	0.35378314	0.61960586	0.61974646	0.35397155	0.35387525	59880	48724	0
59880	48762	0.00027587	0.04802010	0.48409393	0.04776469	0.48309296	0.61960159	0.61981516	0.35396860	0.35388043	0.61964029	0.61992058	0.35385635	0.35380195	59880	48761	0
59880	48766	0.00006543	0.04781699	0.48431042	0.04793289	0.48494172	0.61973668	0.61986996	0.35379850	0.35386054	0.61985567	0.62005329	0.35390278	0.35388191	59880	48764	0
59880	48769	-0.00024093	0.04773111	0.48343726	0.04763390	0.48435635	0.61971491	0.61992995	0.35401207	0.35390089	0.61982247	0.61995435	0.35397624	0.35397772	59880	48767	0
59880	48772	0.00076027	0.04763767	0.48654624	0.04744176	0.48354263	0.61966659	0.61984079	0.35394436	0.35382537	0.61965418	0.61987350	0.35400311	0.35386958	59880	48771	0
59880	48776	0.00022523	0.04746869	0.48313354	0.04748374	0.48473868	0.61971597	0.61985148	0.35385323	0.35386301	0.61956905	0.61984901	0.35396137	0.35387287	59880	48774	0
59880	48779	-0.00023976	0.04734910	0.48282878	0.04750249	0.48422374	0.61981811	0.62000686	0.35394468	0.35395438	0.61983348	0.62003160	0.35397846	0.35406030	59880	48777	0
59880	48782	-0.00144268	0.04747608	0.48192086	0.04745402	0.48552964	0.61969806	0.61986520	0.35393556	0.35386457	0.61986865	0.61991064	0.35384657	0.35385241	59880	48780	0
59880	48785	-0.00032778	0.04735287	0.48563079	0.04723834	0.48228608	0.61960028	0.61990604	0.35404419	0.35386695	0.61969272	0.61984170	0.35384411	0.35381839	59880	48784	0
59880	48789	0.00008632	0.04733760	0.48386807	0.04735811	0.48262578	0.61962115	0.61974712	0.35398544	0.35385914	0.61957332	0.61970283	0.35386555	0.35383540	59880	48787	0
59880	48792	0.00042880	0.04723831	0.48470214	0.04738844	0.48367470	0.61972058	0.61980595	0.35403450	0.35387599	0.61961219	0.61978220	0.35385142	0.35374838	59880	48790	0
59880	48828	0.00049119	0.04814202	0.48305346	0.04790875	0.48286629	0.61961326	0.61962591	0.35355273	0.35359858	0.61952936	0.61980907	0.35378116	0.35371592	59880	48827	0
59880	48832	-0.00003237	0.04790456	0.48312713	0.04786360	0.48469780	0.61958319	0.61976207	0.35379908	0.35371625	0.61961819	0.61988229	0.35383507	0.35381379	59880	48830	0
59880	48835	-0.00083094	0.04770802	0.48470753	0.04770959	0.48710324	0.61960915	0.61979354	0.35369653	0.35371156	0.61967965	0.61979453	0.35367952	0.35373120	59880	48833	0
59880	48838	-0.00074276	0.04761549	0.48684001	0.04747174	0.48657548	0.61964235	0.61973027	0.35372159	0.35372348	0.61955730	0.61972740	0.35376103	0.35378190	59880	48837	0
59880	48841	0.00100542	0.04754991	0.48712408	0.04742191	0.48187952	0.61947579	0.61969075	0.35381502	0.35375380	0.61961655	0.61973668	0.35370524	0.35375388	59880	48840	0
59880	48845	-0.00036071	0.04746411	0.48568018	0.04741002	0.48977859	0.61954613	0.61960710	0.35388158	0.35371222	0.61944547	0.61965040	0.35381921	0.35371937	59880	48843	0
59880	48848	0.00048656	0.04728920	0.48460667	0.04731560	0.48206485	0.61950898	0.61975057	0.35391436	0.35376276	0.61946190	0.61969116	0.35374271	0.35372159	59880	48846	0
59880	48851	0.00014199	0.04732631	0.48473965	0.04732486	0.48577334	0.61953733	0.61975837	0.35383975	0.35377894	0.61953931	0.61971244	0.35381568	0.35382282	59880	48850	0
59880	48855	0.00060244	0.04714897	0.48576642	0.04730076	0.48438508	0.61960784	0.61978442	0.35386884	0.35384887	0.61962789	0.61975870	0.35388034	0.35377180	59880	48853	0
59880	48858	0.00042448	0.04721083	0.48570866	0.04729506	0.48624255	0.61963520	0.61982173	0.35396227	0.35373967	0.61985525	0.61990686	0.35389514	0.35388527	59880	48856	0
59880	48894	0.00043628	0.04806940	0.48447999	0.04807167	0.48444459	0.61952525	0.61974260	0.35382414	0.35377763	0.61965607	0.61981031	0.35394904	0.35381904	59880	48893	0
59880	48898	0.00095652	0.04748870	0.48482845	0.04778003	0.48326772	0.61990242	0.61993833	0.35389949	0.35385717	0.61969896	0.61998591	0.35387007	0.35383227	59880	48896	0
59880	48901	-0.00011066	0.04765742	0.48294201	0.04775151	0.48614354	0.61986848	0.62001393	0.35384255	0.35389218	0.61973224	0.61996339	0.35375955	0.35389941	59880	48899	0
59880	48904	0.00017275	0.04765447	0.48408217	0.04764921	0.48323196	0.61977029	0.61995435	0.35380286	0.35382291	0.61972033	0.61991212	0.35388034	0.35375117	59880	48903	0
59880	48907	0.00080466	0.04762879	0.48522851	0.04756646	0.48333277	0.61964917	0.61993619	0.35389423	0.35384846	0.61976717	0.61982551	0.35382891	0.35389481	59880	48906	0
59880	48911	0.00012298	0.04736224	0.48298063	0.04752526	0.48502568	0.61980957	0.61979700	0.35370524	0.35373096	0.61972041	0.61982830	0.35385545	0.35381033	59880	48909	0
59880	48914	0.00069242	0.04759883	0.48565300	0.04752588	0.48394470	0.61976059	0.61990900	0.35377459	0.35384337	0.61966297	0.61991187	0.35386933	0.35386588	59880	48912	0
59880	48917	-0.00070122	0.04752383	0.48255188	0.04749396	0.48673277	0.61965558	0.61994983	0.35393450	0.35384024	0.61980932	0.61990300	0.35385109	0.35383490	59880	48916	0
59880	48920	0.00094630	0.04755077	0.48621067	0.04745312	0.48126812	0.61974441	0.61987202	0.35390031	0.35388708	0.61969740	0.62000850	0.35391403	0.35382882	59880	48919	0
59880	48924	0.00031641	0.04749844	0.48231959	0.04743783	0.48420927	0.61982756	0.61989470	0.35382266	0.35384846	0.61976988	0.61986701	0.35380959	0.35388347	59880	48922	0
59880	48960	-0.00003541	0.04827366	0.48350858	0.04816866	0.48456404	0.61987448	0.61992305	0.35383351	0.35379242	0.61981705	0.61986117	0.35389916	0.35378881	59880	48959	0
59880	48964	0.00092108	0.04802801	0.48589841	0.04794020	0.48302895	0.61980579	0.61986314	0.35381387	0.35384698	0.61981466	0.61987210	0.35388725	0.35385849	59880	48962	0
59880	48967	-0.00041599	0.04772258	0.48207417	0.04756479	0.48608537	0.61962435	0.61983340	0.35389053	0.35381510	0.61966002	0.61986799	0.35392069	0.35383819	59880	48965	0
59880	48970	0.00049598	0.04763918	0.48712164	0.04736209	0.48438573	0.61978442	0.61979108	0.35366128	0.35376128	0.61963347	0.61984055	0.35384846	0.35380425	59880	48968	0
59880	48973	0.00054503	0.04738173	0.48600463	0.04742912	0.48585746	0.61964161	0.61989363	0.35378215	0.35381206	0.61972058	0.61989922	0.35383400	0.35384205	59880	48972	0
59880	48977	-0.00036185	0.04735768	0.48300391	0.04745881	0.48572457	0.61958664	0.61988960	0.35377632	0.35381666	0.61962107	0.61961400	0.35366177	0.35373967	59880	48975	0
59880	48980	-0.00090608	0.04732572	0.48511329	0.04698824	0.48674597	0.61955426	0.61985074	0.35384641	0.35390615	0.61965476	0.61979198	0.35378618	0.35378568	59880	48978	0
59880	48983	-0.00126818	0.04731522	0.48565012	0.04731717	0.48673641	0.61959263	0.61984014	0.35391034	0.35378724	0.61979141	0.61992247	0.35386029	0.35394452	59880	48982	0
59880	48986	0.00030256	0.04709568	0.48737446	0.04737194	0.48266225	0.61972041	0.61988862	0.35400401	0.35393425	0.61962353	0.61990916	0.35389226	0.35394748	59880	48985	0
59880	48990	-0.00065284	0.04720197	0.48582059	0.04736551	0.48868679	0.61976577	0.61990530	0.35389612	0.35397336	0.61978286	0.61989404	0.35406745	0.35402932	59880	48988	0
59880	49026	-0.00006925	0.04820020	0.48530188	0.04829008	0.48355111	0.62011574	0.62029282	0.35426967	0.35432596	0.62011607	0.62038008	0.35450805	0.35448825	59880	49025	0
59880	49030	-0.00042873	0.04788959	0.48333905	0.04794684	0.48441749	0.62022766	0.62042060	0.35443352	0.35437945	0.62026291	0.62036464	0.35440509	0.35445694	59880	49028	0
59880	49033	0.00085901	0.04768757	0.48615194	0.04770711	0.48228872	0.62012026	0.62036932	0.35446845	0.35438340	0.62022864	0.62022683	0.35437009	0.35436491	59880	49031	0
59880	49036	-0.00055791	0.04760279	0.48211571	0.04749579	0.48636647	0.61996791	0.62025559	0.35453969	0.35443689	0.62008788	0.62019906	0.35438529	0.35442120	59880	49034	0
59880	49039	0.00071652	0.04764330	0.48596981	0.04764886	0.48214652	0.62006841	0.62029882	0.35445324	0.35453451	0.62005107	0.62034894	0.35452145	0.35456615	59880	49038	0
59880	49043	-0.00090882	0.04750232	0.48152309	0.04762365	0.48639910	0.62017268	0.62024064	0.35439761	0.35448340	0.62010728	0.62019610	0.35439679	0.35449556	59880	49041	0
59880	49046	0.00031401	0.04753569	0.48617034	0.04742415	0.48250186	0.62006126	0.62017540	0.35442161	0.35445563	0.62010497	0.62022273	0.35429794	0.35435226	59880	49044	0
59880	49049	0.00072379	0.04743860	0.48421812	0.04747743	0.48298876	0.62005912	0.62016282	0.35455547	0.35438488	0.62003989	0.62014417	0.35440370	0.35436228	59880	49047	0
59880	49052	0.00092342	0.04725765	0.48348029	0.04745317	0.48288140	0.62000727	0.62019643	0.35456138	0.35441397	0.62013480	0.62013801	0.35439334	0.35445152	59880	49051	0
59880	49056	0.00116920	0.04737089	0.48475325	0.04734609	0.48401591	0.62004129	0.62034804	0.35453574	0.35443845	0.61999503	0.62016167	0.35452506	0.35441117	59880	49054	0
59880	49092	0.00044301	0.04810929	0.48329035	0.04810242	0.48546893	0.62012519	0.62027597	0.35442884	0.35440517	0.62026956	0.62042068	0.35452391	0.35449770	59880	49091	0
59880	49095	-0.00014026	0.04783219	0.48457004	0.04797232	0.48631985	0.62008386	0.62038345	0.35459943	0.35450493	0.62040761	0.62028871	0.35456689	0.35447436	59880	49094	0
59880	49099	-0.00044121	0.04787914	0.48462162	0.04782932	0.48552447	0.62014968	0.62025905	0.35450929	0.35449071	0.62008040	0.62025510	0.35456492	0.35446458	59880	49097	0
59880	49102	0.00042419	0.04777325	0.48750925	0.04768569	0.48491304	0.62013152	0.62034779	0.35445596	0.35456656	0.62021196	0.62017950	0.35451085	0.35451068	59880	49100	0
59880	49105	-0.00007268	0.04741574	0.48582709	0.04751509	0.48731770	0.62015272	0.62021607	0.35435168	0.35447822	0.62000735	0.62026373	0.35459770	0.35450271	59880	49104	0
59880	49108	-0.00015875	0.04735891	0.48674262	0.04743411	0.48700083	0.62013045	0.62035650	0.35453813	0.35450427	0.62020695	0.62028435	0.35446187	0.35451339	59880	49107	0
59880	49112	0.00094589	0.04736583	0.48799582	0.04720948	0.48468190	0.62003915	0.62021525	0.35453328	0.35447716	0.62007983	0.62023571	0.35436664	0.35448184	59880	49110	0
59880	49115	0.00074684	0.04720014	0.48582774	0.04720075	0.48642488	0.62000210	0.62023218	0.35446894	0.35451208	0.62000078	0.62013069	0.35440493	0.35445785	59880	49113	0
59880	49118	-0.00108186	0.04734327	0.48433186	0.04737400	0.48981796	0.61998287	0.62012585	0.35458053	0.35443665	0.61999051	0.62011368	0.35435431	0.35442021	59880	49117	0
59880	49122	0.00104020	0.04719673	0.48845217	0.04730583	0.48208599	0.62002617	0.62012486	0.35435916	0.35445168	0.61989075	0.62007589	0.35435398	0.35437272	59880	49120	0
59880	49158	0.00006665	0.04757844	0.48320712	0.04799891	0.48612778	0.61957752	0.61962912	0.35374829	0.35381757	0.61959617	0.61980020	0.35395816	0.35389735	59880	49156	0
59880	49161	0.00014756	0.04795701	0.48409414	0.04787599	0.48385141	0.61946404	0.61961153	0.35381880	0.35380524	0.61952821	0.61959691	0.35383425	0.35376128	59880	49160	0
59880	49165	0.00041306	0.04778428	0.48390331	0.04773225	0.48310682	0.61957924	0.61973183	0.35363876	0.35370483	0.61939304	0.61968656	0.35372529	0.35373622	59880	49163	0
59880	49168	0.00005799	0.04767862	0.48232639	0.04758265	0.48339159	0.61945565	0.61969280	0.35376621	0.35376226	0.61945138	0.61960792	0.35358790	0.35368749	59880	49166	0
59880	49171	0.00045708	0.04765014	0.48650444	0.04749188	0.48530718	0.61929082	0.61947825	0.35371000	0.35355700	0.61943659	0.61959781	0.35358773	0.35357631	59880	49170	0
59880	49174	-0.00020747	0.04753545	0.48330893	0.04745495	0.48530257	0.61931407	0.61943355	0.35351797	0.35347121	0.61919673	0.61945253	0.35360556	0.35351271	59880	49173	0
59880	49178	-0.00029284	0.04741559	0.48310068	0.04737674	0.48335680	0.61917907	0.61938523	0.35356653	0.35345026	0.61924710	0.61953758	0.35346069	0.35351148	59880	49176	0
59880	49181	0.00040936	0.04733466	0.48375874	0.04741283	0.48165213	0.61917027	0.61948318	0.35351723	0.35339923	0.61935754	0.61948441	0.35362512	0.35345749	59880	49179	0
59880	49184	-0.00083428	0.04725931	0.48359667	0.04732082	0.48732759	0.61918005	0.61933174	0.35348929	0.35332010	0.61914209	0.61930117	0.35343054	0.35330917	59880	49183	0
59880	49187	-0.00054007	0.04730900	0.48585563	0.04722626	0.48497301	0.61921259	0.61936601	0.35353711	0.35336028	0.61922960	0.61920224	0.35324795	0.35325190	59880	49186	0
59880	49224	0.00046936	0.04810383	0.48695273	0.04809029	0.48392444	0.61916189	0.61932122	0.35321204	0.35332330	0.61905301	0.61930462	0.35337343	0.35331032	59880	49222	0
59880	49227	0.00064037	0.04772591	0.48558670	0.04781191	0.48507366	0.61908679	0.61918482	0.35326118	0.35327679	0.61922870	0.61936108	0.35332059	0.35340087	59880	49226	0
59880	49231	0.00064699	0.04759681	0.48472369	0.04755734	0.48470383	0.61916469	0.61938671	0.35342824	0.35345182	0.61921045	0.61922377	0.35333571	0.35334467	59880	49229	0
59880	49234	0.00069684	0.04746899	0.48488942	0.04735524	0.48473988	0.61904422	0.61932985	0.35335987	0.35336086	0.61914940	0.61926247	0.35327080	0.35339742	59880	49232	0
59880	49237	0.00029722	0.04737275	0.48489463	0.04737487	0.48609349	0.61918474	0.61941810	0.35348214	0.35340202	0.61910404	0.61922845	0.35331566	0.35335897	59880	49235	0
59880	49240	0.00049667	0.04732780	0.48638347	0.04725326	0.48578510	0.61910388	0.61930717	0.35347318	0.35339397	0.61901990	0.61924949	0.35330835	0.35326866	59880	49239	0
59880	49244	0.00003875	0.04717317	0.48557803	0.04722432	0.48695181	0.61909583	0.61921859	0.35335108	0.35323686	0.61911900	0.61915425	0.35338074	0.35328937	59880	49242	0
59880	49247	-0.00000642	0.04729720	0.48680236	0.04733466	0.48693786	0.61921596	0.61940931	0.35330728	0.35340474	0.61914579	0.61919665	0.35329208	0.35330876	59880	49245	0
59880	49250	-0.00039715	0.04729532	0.48502234	0.04731967	0.48619452	0.61911949	0.61923248	0.35343851	0.35332955	0.61926888	0.61922007	0.35348370	0.35330021	59880	49249	0
59880	49253	0.00048223	0.04733865	0.48780798	0.04730889	0.48516986	0.61913634	0.61922845	0.35341961	0.35333851	0.61900478	0.61926986	0.35332864	0.35331952	59880	49252	0
59880	49290	-0.00066328	0.04789911	0.48276574	0.04789375	0.48620226	0.61909270	0.61925787	0.35312683	0.35325617	0.61911768	0.61938121	0.35333136	0.35333653	59880	49288	0
59880	49293	-0.00011074	0.04786587	0.48415502	0.04773330	0.48249741	0.61900593	0.61925302	0.35344673	0.35337006	0.61908958	0.61925417	0.35321821	0.35326094	59880	49292	0
59880	49296	-0.00075296	0.04767639	0.48451193	0.04756322	0.48643859	0.61891645	0.61919131	0.35336850	0.35329011	0.61910067	0.61939501	0.35331418	0.35331804	59880	49295	0
59880	49300	0.00086921	0.04747717	0.48689011	0.04676190	0.48202360	0.61905334	0.61918375	0.35334409	0.35320958	0.61903789	0.61919065	0.35316899	0.35325970	59880	49298	0
59880	49303	0.00045254	0.04738488	0.48483988	0.04745829	0.48608989	0.61890864	0.61922993	0.35341764	0.35320572	0.61895129	0.61914611	0.35335798	0.35319807	59880	49301	0
59880	49306	0.00028491	0.04741238	0.48286809	0.04720166	0.48337097	0.61892450	0.61906468	0.35327195	0.35315354	0.61894751	0.61908629	0.35338625	0.35317408	59880	49305	0
59880	49310	0.00022999	0.04726226	0.48427850	0.04732295	0.48444328	0.61888925	0.61903313	0.35323982	0.35309191	0.61899434	0.61915737	0.35325313	0.35317770	59880	49308	0
59880	49313	-0.00044722	0.04733001	0.48290783	0.04727781	0.48493945	0.61902401	0.61923856	0.35324089	0.35321024	0.61911086	0.61920585	0.35329610	0.35322478	59880	49311	0
59880	49316	0.00088274	0.04733361	0.48653173	0.04726035	0.48254185	0.61905844	0.61910182	0.35315797	0.35316825	0.61892655	0.61915293	0.35308468	0.35310473	59880	49314	0
59880	49319	-0.00013588	0.04738407	0.48177224	0.04738109	0.48482809	0.61902450	0.61921892	0.35320029	0.35315321	0.61893419	0.61900996	0.35310982	0.35308410	59880	49318	0
59880	49356	0.00031551	0.04814703	0.48721423	0.04789472	0.48586006	0.61882080	0.61914406	0.35318912	0.35312100	0.61900297	0.61904800	0.35309577	0.35311886	59880	49354	0
59880	49359	-0.00002832	0.04769572	0.48412488	0.04751435	0.48515637	0.61907463	0.61915203	0.35306216	0.35324138	0.61888004	0.61922327	0.35318074	0.35319750	59880	49358	0
59880	49362	0.00025956	0.04739832	0.48650816	0.04745291	0.48564452	0.61905605	0.61915220	0.35306068	0.35321180	0.61900429	0.61920659	0.35341805	0.35331394	59880	49361	0
59880	49366	-0.00028857	0.04734876	0.48512820	0.04731407	0.48677260	0.61898522	0.61904020	0.35317778	0.35317770	0.61911464	0.61918556	0.35339052	0.35322116	59880	49364	0
59880	49369	0.00037514	0.04711653	0.48742689	0.04719528	0.48543575	0.61909229	0.61915392	0.35326085	0.35329627	0.61897602	0.61919402	0.35325617	0.35329791	59880	49367	0
59880	49372	0.00109495	0.04730833	0.48906459	0.04727238	0.48690515	0.61893247	0.61912434	0.35334089	0.35335921	0.61897339	0.61915754	0.35332043	0.35329430	59880	49371	0
59880	49375	-0.00032808	0.04720140	0.48400971	0.04725719	0.48827881	0.61890050	0.61911645	0.35333308	0.35320991	0.61879721	0.61901300	0.35322560	0.35321919	59880	49374	0
59880	49379	0.00075908	0.04706151	0.48727338	0.04720008	0.48401191	0.61903403	0.61917611	0.35338263	0.35331739	0.61904562	0.61913436	0.35317622	0.35324039	59880	49377	0
59880	49382	0.00143562	0.04724828	0.48551286	0.04703863	0.48348324	0.61899681	0.61910084	0.35330580	0.35324705	0.61901464	0.61913058	0.35316348	0.35325157	59880	49380	0
59880	49385	0.00005804	0.04710155	0.48316288	0.04710687	0.48729561	0.61890018	0.61916814	0.35322955	0.35322322	0.61888851	0.61907495	0.35322659	0.35319758	59880	49384	0
59880	49422	0.00003176	0.04787470	0.48377951	0.04797894	0.48385835	0.61898448	0.61910421	0.35313932	0.35312256	0.61909270	0.61920150	0.35331500	0.35325436	59880	49420	0
59880	49425	-0.00003444	0.04784701	0.48347576	0.04761546	0.48367436	0.61914924	0.61924102	0.35320547	0.35320169	0.61899607	0.61923568	0.35330103	0.35320621	59880	49423	0
59880	49428	0.00115366	0.04774903	0.48549417	0.04749900	0.48192986	0.61906789	0.61924530	0.35333694	0.35319438	0.61913666	0.61938942	0.35329413	0.35318526	59880	49427	0
59880	49432	-0.00001320	0.04752014	0.48263843	0.04757021	0.48613902	0.61932845	0.61936781	0.35326439	0.35328534	0.61909599	0.61943881	0.35325666	0.35329487	59880	49430	0
59880	49435	0.00063109	0.04735496	0.48496964	0.04743423	0.48303678	0.61903683	0.61931276	0.35327269	0.35327647	0.61909410	0.61942985	0.35336340	0.35331435	59880	49433	0
59880	49438	-0.00055808	0.04745432	0.48318394	0.04743058	0.48675146	0.61912015	0.61922615	0.35334450	0.35322396	0.61922845	0.61923585	0.35326899	0.35322519	59880	49437	0
59880	49441	-0.00011043	0.04750791	0.48540083	0.04742881	0.48405786	0.61906986	0.61919780	0.35330769	0.35324771	0.61909706	0.61930101	0.35334779	0.35325485	59880	49440	0
59880	49445	0.00024130	0.04743952	0.48490400	0.04731596	0.48384881	0.61912952	0.61927266	0.35313283	0.35322051	0.61919287	0.61937463	0.35312026	0.35325658	59880	49443	0
59880	49448	0.00005940	0.04732724	0.48421574	0.04744645	0.48476146	0.61896386	0.61924677	0.35326587	0.35311245	0.61906682	0.61925212	0.35324491	0.35321040	59880	49446	0
59880	49451	0.00045760	0.04736021	0.48475543	0.04749558	0.48356083	0.61922262	0.61922631	0.35317466	0.35314433	0.61901743	0.61911620	0.35299527	0.35302412	59880	49450	0
59880	49488	0.00109168	0.04810028	0.48596462	0.04801456	0.48406238	0.61882252	0.61897479	0.35287243	0.35291253	0.61888251	0.61895737	0.35308903	0.35301089	59880	49486	0
59880	49491	0.00006034	0.04781997	0.48535101	0.04781479	0.48844502	0.61900067	0.61911579	0.35306118	0.35310736	0.61888563	0.61904726	0.35302543	0.35307991	59880	49489	0
59880	49494	0.00069438	0.04764261	0.48707893	0.04748606	0.48517681	0.61889147	0.61910889	0.35302938	0.35306101	0.61870962	0.61922179	0.35306446	0.35314639	59880	49493	0
59880	49498	0.00029542	0.04745888	0.48446283	0.04744140	0.48565971	0.61881324	0.61898982	0.35292559	0.35295591	0.61883822	0.61887643	0.35294540	0.35303702	59880	49496	0
59880	49501	0.00089303	0.04736778	0.48653072	0.04689507	0.48473789	0.61862958	0.61894940	0.35290924	0.35299593	0.61887824	0.61902729	0.35312157	0.35307457	59880	49499	0
59880	49504	-0.00010950	0.04734004	0.48478011	0.04727006	0.48778772	0.61872540	0.61948630	0.35311738	0.35343777	0.61900535	0.61915787	0.35312124	0.35313858	59880	49502	0
59880	49507	0.00118950	0.04736304	0.48705898	0.04732064	0.48316196	0.61901505	0.61923387	0.35306167	0.35319881	0.61907709	0.61919632	0.35319372	0.35310300	59880	49506	0
59880	49511	0.00079659	0.04729709	0.48517394	0.04740973	0.48635268	0.61892614	0.61894101	0.35294786	0.35292789	0.61879319	0.61908399	0.35310144	0.35302658	59880	49509	0
59880	49514	-0.00009338	0.04732567	0.48554054	0.04703945	0.48821044	0.61889820	0.61902672	0.35311064	0.35292313	0.61898489	0.61914653	0.35305025	0.35302732	59880	49512	0
59880	49517	0.00065614	0.04734017	0.48680878	0.04728526	0.48456024	0.61898999	0.61908186	0.35295115	0.35299610	0.61892696	0.61905638	0.35295665	0.35301113	59880	49515	0
59880	49554	-0.00010164	0.04804183	0.48238622	0.04803024	0.48465957	0.61880823	0.61893255	0.35303636	0.35295690	0.61885827	0.61909591	0.35295583	0.35301467	59880	49552	0
59880	49557	0.00023589	0.04790167	0.48605242	0.04780564	0.48503980	0.61893773	0.61917652	0.35312207	0.35310678	0.61898473	0.61909180	0.35297654	0.35305559	59880	49555	0
59880	49560	0.00016837	0.04778181	0.48382550	0.04769195	0.48402807	0.61892039	0.61947275	0.35324458	0.35323365	0.61913625	0.61911489	0.35312667	0.35301705	59880	49559	0
59880	49563	0.00104539	0.04773482	0.48504927	0.04752004	0.48241820	0.61897043	0.61916822	0.35314959	0.35308731	0.61904414	0.61914455	0.35308772	0.35306652	59880	49562	0
59880	49567	-0.00050734	0.04755106	0.48151054	0.04743752	0.48616874	0.61884307	0.61913379	0.35304072	0.35300834	0.61896723	0.61902360	0.35298993	0.35300883	59880	49565	0
59880	49570	0.00106749	0.04737608	0.48621064	0.04738824	0.48148617	0.61904020	0.61918169	0.35292724	0.35304219	0.61902384	0.61913026	0.35289387	0.35301960	59880	49568	0
59880	49573	0.00068137	0.04736248	0.48537023	0.04754431	0.48652857	0.61892466	0.61913806	0.35303020	0.35303012	0.61892351	0.61915343	0.35313152	0.35300924	59880	49572	0
59880	49577	-0.00014059	0.04737258	0.48278265	0.04743352	0.48524853	0.61897487	0.61904619	0.35326521	0.35302239	0.61898202	0.61911760	0.35303184	0.35301113	59880	49575	0
59880	49580	-0.00015301	0.04742544	0.48403899	0.04735537	0.48407624	0.61908613	0.61903551	0.35306257	0.35306915	0.61895178	0.61912311	0.35297013	0.35302141	59880	49578	0
59880	49583	-0.00021754	0.04732950	0.48484318	0.04734206	0.48503678	0.61900453	0.61905055	0.35324212	0.35304934	0.61896263	0.61907331	0.35301902	0.35306331	59880	49581	0
59880	49620	-0.00032587	0.04794745	0.48539749	0.04787009	0.48572249	0.61885588	0.61894060	0.35308197	0.35302699	0.61892138	0.61909106	0.35315954	0.35310177	59880	49618	0
59880	49623	0.00038964	0.04779030	0.48635533	0.04766665	0.48420881	0.61882269	0.61918597	0.35322166	0.35319166	0.61896969	0.61920758	0.35302453	0.35318788	59880	49621	0
59880	49626	0.00011491	0.04769630	0.48653484	0.04759197	0.48735901	0.61887955	0.61911103	0.35322199	0.35308533	0.61896493	0.61912352	0.35310777	0.35310218	59880	49624	0
59880	49629	0.00004593	0.04739636	0.48605649	0.04747924	0.48626345	0.61904365	0.61915072	0.35302108	0.35311492	0.61907232	0.61914653	0.35314187	0.35311500	59880	49628	0
59880	49633	0.00027939	0.04755031	0.48686811	0.04730754	0.48616770	0.61894085	0.61912319	0.35307342	0.35312141	0.61897840	0.61905737	0.35310489	0.35307679	59880	49631	0
59880	49636	0.00006250	0.04739734	0.48581292	0.04733745	0.48646359	0.61898037	0.61921859	0.35317852	0.35319651	0.61901941	0.61911670	0.35307893	0.35313414	59880	49634	0
59880	49639	0.00057305	0.04724002	0.48690150	0.04729022	0.48536987	0.61895548	0.61907586	0.35330358	0.35308287	0.61891776	0.61912368	0.35321607	0.35317359	59880	49638	0
59880	49642	-0.00044510	0.04728417	0.48515488	0.04724215	0.48820933	0.61893140	0.61918211	0.35317556	0.35322733	0.61892055	0.61912130	0.35324220	0.35319035	59880	49641	0
59880	49646	-0.00013602	0.04722632	0.48550723	0.04684646	0.48457997	0.61901826	0.61913757	0.35313825	0.35322609	0.61906476	0.61906485	0.35332511	0.35321936	59880	49644	0
59880	49649	0.00115769	0.04725241	0.48807374	0.04722920	0.48419262	0.61910906	0.61913289	0.35318780	0.35320276	0.61915524	0.61919073	0.35317219	0.35323407	59880	49647	0
59880	49685	0.00063778	0.04824756	0.48317923	0.04797775	0.48473897	0.61918153	0.61943314	0.35352964	0.35349512	0.61932295	0.61954539	0.35349907	0.35357869	59880	49684	0
59880	49689	0.00040263	0.04780561	0.48405068	0.04743887	0.48475612	0.61930183	0.61956281	0.35353021	0.35361205	0.61948088	0.61950759	0.35372455	0.35366497	59880	49687	0
59880	49692	0.00057883	0.04766253	0.48350283	0.04761843	0.48297425	0.61942246	0.61961137	0.35376169	0.35374361	0.61942961	0.61956190	0.35364558	0.35368888	59880	49690	0
59880	49695	-0.00044436	0.04754003	0.48400763	0.04761915	0.48707719	0.61937200	0.61961983	0.35376267	0.35367870	0.61964136	0.61973233	0.35375906	0.35374164	59880	49694	0
59880	49699	-0.00001452	0.04753916	0.48358776	0.04752922	0.48229823	0.61951778	0.61967711	0.35374123	0.35375462	0.61947801	0.61961605	0.35383679	0.35371962	59880	49697	0
59880	49702	0.00016648	0.04759930	0.48465147	0.04751019	0.48410848	0.61959904	0.61974613	0.35375175	0.35380779	0.61947603	0.61965936	0.35388651	0.35374936	59880	49700	0
59880	49705	0.00008377	0.04745887	0.48287161	0.04743897	0.48311975	0.61960200	0.61976446	0.35371017	0.35381083	0.61956741	0.61977538	0.35392201	0.35392694	59880	49703	0
59880	49708	0.00024200	0.04755793	0.48379000	0.04746064	0.48331531	0.61959863	0.61985641	0.35377590	0.35384263	0.61970184	0.61978212	0.35381748	0.35381576	59880	49707	0
59880	49712	0.00102258	0.04754427	0.48641034	0.04745434	0.48406858	0.61967571	0.61977103	0.35384575	0.35389448	0.61964785	0.61986586	0.35408060	0.35398372	59880	49710	0
59880	49715	-0.00076557	0.04747971	0.48108419	0.04742977	0.48644864	0.61963997	0.61986446	0.35404559	0.35401396	0.61952410	0.61987621	0.35415102	0.35401272	59880	49713	0
59880	49751	-0.00023639	0.04816456	0.48590949	0.04789863	0.48432197	0.61979396	0.61987908	0.35417468	0.35415176	0.61981639	0.61998279	0.35417575	0.35415899	59880	49750	0
59880	49755	0.00018093	0.04784906	0.48563337	0.04770246	0.48438142	0.61978015	0.61996446	0.35421125	0.35415085	0.61973800	0.62004844	0.35429260	0.35433903	59880	49753	0
59880	49758	0.00085328	0.04759866	0.48621533	0.04750650	0.48419827	0.61971310	0.61988566	0.35405340	0.35418758	0.61976618	0.61993225	0.35417657	0.35423426	59880	49756	0
59880	49761	0.00041662	0.04745313	0.48483876	0.04689931	0.48614875	0.61969765	0.62001787	0.35415578	0.35418413	0.61971901	0.61985583	0.35427362	0.35423467	59880	49760	0
59880	49764	-0.00017032	0.04736363	0.48515341	0.04729251	0.48691423	0.61988566	0.61998500	0.35420665	0.35428808	0.61972789	0.61990834	0.35416293	0.35424749	59880	49763	0
59880	49768	-0.00010291	0.04738274	0.48587268	0.04731932	0.48567043	0.61990784	0.61990867	0.35448365	0.35415324	0.61978220	0.61991614	0.35415241	0.35419358	59880	49766	0
59880	49771	0.00064421	0.04738423	0.48684494	0.04742829	0.48460358	0.61970644	0.61978829	0.35428044	0.35416778	0.61967259	0.61993069	0.35425866	0.35415463	59880	49769	0
59880	49774	-0.00004117	0.04748817	0.48592785	0.04748833	0.48798401	0.61982460	0.61989527	0.35414140	0.35420188	0.61988681	0.62021525	0.35408635	0.35432111	59880	49773	0
59880	49778	-0.00045831	0.04751024	0.48402863	0.04738992	0.48528004	0.61970694	0.61991729	0.35431980	0.35418052	0.61975197	0.61991927	0.35422448	0.35418142	59880	49776	0
59880	49781	0.00054698	0.04730765	0.48746545	0.04730928	0.48444958	0.61989314	0.62009848	0.35415817	0.35431002	0.61967456	0.61994515	0.35429359	0.35416310	59880	49779	0
59880	49817	0.00030996	0.04813525	0.48372296	0.04817976	0.48443402	0.61959181	0.61987111	0.35379078	0.35388338	0.61960907	0.61977793	0.35392546	0.35381387	59880	49816	0
59880	49821	0.00003954	0.04791592	0.48407968	0.04793746	0.48489094	0.61956626	0.61988944	0.35389366	0.35387566	0.61969831	0.61985706	0.35379201	0.35390500	59880	49819	0
59880	49824	-0.00010581	0.04768010	0.48420971	0.04773952	0.48464577	0.61964046	0.61973077	0.35374912	0.35384427	0.61952304	0.61964539	0.35391067	0.35383137	59880	49822	0
59880	49827	0.00025215	0.04765368	0.48617148	0.04757846	0.48509758	0.61952361	0.61980201	0.35385684	0.35379834	0.61957217	0.61963076	0.35391173	0.35372488	59880	49826	0
59880	49830	0.00026994	0.04751126	0.48487384	0.04751531	0.48482048	0.61943322	0.61932262	0.35355716	0.35347606	0.61943347	0.61939772	0.35343473	0.35351312	59880	49829	0
59880	49834	0.00120288	0.04739342	0.48487188	0.04778411	0.48207307	0.61939871	0.61987383	0.35380442	0.35386457	0.61954177	0.61975911	0.35370261	0.35371559	59880	49832	0
59880	49837	0.00071306	0.04795877	0.48321988	0.04774662	0.48468932	0.61937702	0.61952213	0.35377163	0.35358453	0.61942238	0.61951211	0.35356571	0.35356267	59880	49835	0
59880	49840	-0.00006051	0.04772472	0.48291926	0.04755797	0.48523996	0.61931670	0.61948935	0.35349611	0.35357056	0.61926165	0.61936387	0.35352569	0.35345412	59880	49839	0
59880	49843	-0.00003471	0.04767844	0.48523193	0.04760290	0.48515453	0.61927578	0.61940339	0.35340621	0.35347466	0.61935647	0.61954087	0.35361345	0.35358017	59880	49842	0
59880	49847	0.00009899	0.04757476	0.48300968	0.04751536	0.48260860	0.61942599	0.61954588	0.35335009	0.35344804	0.61916633	0.61951498	0.35353974	0.35335560	59880	49845	0
59880	49883	-0.00072154	0.04829218	0.48518109	0.04813908	0.48764268	0.61931720	0.61944810	0.35339890	0.35346439	0.61934390	0.61963857	0.35352093	0.35352323	59880	49882	0
59880	49887	-0.00042166	0.04801925	0.48509604	0.04792393	0.48419640	0.61940471	0.61945524	0.35351057	0.35350079	0.61944382	0.61960907	0.35354755	0.35356924	59880	49885	0
59880	49890	0.00117766	0.04773894	0.48588855	0.04754529	0.48109058	0.61926724	0.61951704	0.35350835	0.35344262	0.61937932	0.61956240	0.35345182	0.35350614	59880	49888	0
59880	49893	-0.00096769	0.04770796	0.48192568	0.04734166	0.48836172	0.61936313	0.61951046	0.35347532	0.35347696	0.61928211	0.61948384	0.35345774	0.35338444	59880	49891	0
59880	49896	0.00125221	0.04759893	0.48991794	0.04750521	0.48325824	0.61935664	0.61953339	0.35359841	0.35359151	0.61947045	0.61951646	0.35345954	0.35348806	59880	49895	0
59880	49900	0.00081503	0.04746948	0.48492406	0.04749257	0.48623561	0.61940315	0.61958146	0.35353563	0.35350901	0.61935960	0.61953561	0.35360515	0.35357795	59880	49898	0
59880	49903	0.00050687	0.04744830	0.48386570	0.04741683	0.48479017	0.61951917	0.61955442	0.35347335	0.35347581	0.61939764	0.61958746	0.35349973	0.35353038	59880	49901	0
59880	49906	0.00050745	0.04739033	0.48514232	0.04747525	0.48514058	0.61934842	0.61957678	0.35365281	0.35352043	0.61936042	0.61957949	0.35359784	0.35350531	59880	49905	0
59880	49909	-0.00040869	0.04752784	0.48328648	0.04746207	0.48603490	0.61938770	0.61968836	0.35370557	0.35356538	0.61946469	0.61961227	0.35364854	0.35350860	59880	49908	0
59880	49913	-0.00092652	0.04758011	0.48568497	0.04751769	0.48723847	0.61945138	0.61960751	0.35350425	0.35355256	0.61945672	0.61953339	0.35351452	0.35359250	59880	49911	0
