% File initiated 12/12/2022 11:58:01 UTC
% Raw fountain data
%
% File notes: maser 5 MHz RF amplitudes 2300 uwave leak  no water cooling
%
%% fountain_code = ALPHA-CsF1
%% microwave_ref = ALPHA HM1
%% MJD_start = 59925.498629
%% clock_data = False
%% sequence = 12
%% density = LD
%
% Units: V.s, Hz
%
% Shot B MJD days	Shot B MJD seconds	freq error	shot A sum	shot A ratio	shot B sum	shot B ratio	shot A F=3 bg 1	shot A F=3 bg 2	shot A F=4 bg 1	shot A F=4 bg 2	shot B F=3 bg 1	shot B F=3 bg 2	shot B F=4 bg 1	shot B F=4 bg 2	Shot A MJD days	Shot A MJD seconds	Shot order (0=LF->HF)
59925	43120	0.00108158	0.00588562	0.53205352	0.00589619	0.53162089	0.61873353	0.61817986	0.31548831	0.31563844	0.61890971	0.61824773	0.31564247	0.31556350	59925	43118	0
59925	43623	-0.00155692	0.00591753	0.52980302	0.00590942	0.53085842	0.61923050	0.61859096	0.31616828	0.31610633	0.61937718	0.61877034	0.31624175	0.31622096	59925	43622	0
59925	44127	-0.00045223	0.00592025	0.53148739	0.00592182	0.53104551	0.61898440	0.61827008	0.31569884	0.31563409	0.61881587	0.61840016	0.31556210	0.31565175	59925	44125	0
59925	44630	-0.00400556	0.00585665	0.53081883	0.00587163	0.53224017	0.61959222	0.61905786	0.31648078	0.31652220	0.61966486	0.61916058	0.31648128	0.31653115	59925	44629	0
59925	45134	-0.00134797	0.00582924	0.53259609	0.00585330	0.53153306	0.61966848	0.61910322	0.31620033	0.31616738	0.61981014	0.61912935	0.31625144	0.31619343	59925	45132	0
59925	45638	0.00151126	0.00583541	0.53405906	0.00579911	0.53291537	0.62000785	0.61939575	0.31610855	0.31615998	0.62000037	0.61942221	0.31610329	0.31609975	59925	45636	0
59925	46141	0.00295276	0.00581021	0.53372478	0.00580077	0.53314818	0.61938088	0.61885071	0.31544082	0.31545988	0.61939920	0.61877527	0.31543975	0.31543392	59925	46140	0
59925	46645	-0.00179100	0.00583306	0.53281480	0.00577578	0.53471230	0.61998648	0.61947801	0.31605497	0.31606409	0.61989774	0.61925286	0.31598282	0.31592128	59925	46643	0
59925	47148	0.00156920	0.00586152	0.53266812	0.00585259	0.53132403	0.61846237	0.61806991	0.31464844	0.31467769	0.61846877	0.61776818	0.31459182	0.31458615	59925	47147	0
59925	47652	0.00185306	0.00586025	0.53289838	0.00583884	0.53278484	0.61810056	0.61746530	0.31442419	0.31442329	0.61810180	0.61756883	0.31443586	0.31452157	59925	47650	0
59925	48155	0.00287545	0.00586865	0.53215795	0.00588016	0.53174900	0.61824371	0.61761255	0.31453718	0.31446980	0.61819884	0.61761616	0.31457021	0.31447580	59925	48154	0
59925	48659	-0.00046126	0.00587688	0.53127145	0.00585552	0.53260614	0.61869245	0.61809136	0.31495872	0.31498115	0.61864396	0.61813803	0.31495938	0.31497688	59925	48657	0
59925	49162	-0.00144730	0.00583967	0.53314461	0.00588846	0.53353903	0.61965525	0.61914135	0.31559686	0.31561206	0.61969395	0.61900215	0.31557780	0.31553219	59925	49161	0
59925	49666	0.00032174	0.00580697	0.53487734	0.00580290	0.53416973	0.62112916	0.62043185	0.31630000	0.31623410	0.62110311	0.62055347	0.31635621	0.31629499	59925	49664	0
59925	50169	-0.00002475	0.00580001	0.53407936	0.00580409	0.53421796	0.62067631	0.61999914	0.31636747	0.31631578	0.62074049	0.62006545	0.31650584	0.31631932	59925	50168	0
59925	50673	-0.00244003	0.00589643	0.53069257	0.00585784	0.53165868	0.62046842	0.61997531	0.31666953	0.31674094	0.62061074	0.61998443	0.31673798	0.31671045	59925	50671	0
59925	51177	-0.00103203	0.00580307	0.53659435	0.00574704	0.53603115	0.62198958	0.62143550	0.31590920	0.31590780	0.62205885	0.62150189	0.31602046	0.31609375	59925	51175	0
59925	51680	-0.00048605	0.00586012	0.53536003	0.00585061	0.53514163	0.62153780	0.62097977	0.31477194	0.31484245	0.62144314	0.62082291	0.31476151	0.31468007	59925	51679	0
59925	52184	0.00072622	0.00581252	0.53547291	0.00581115	0.53498800	0.62099440	0.62028477	0.31514270	0.31501353	0.62077566	0.62020095	0.31502585	0.31500868	59925	52182	0
59925	52687	-0.00280378	0.00580757	0.53552461	0.00577911	0.53693661	0.62248746	0.62175679	0.31612432	0.31597140	0.62248581	0.62174282	0.31608077	0.31597502	59925	52686	0
59925	53191	0.00297154	0.00581977	0.53664637	0.00579424	0.53433624	0.62306011	0.62243470	0.31544789	0.31551223	0.62307367	0.62257628	0.31551650	0.31546498	59925	53189	0
59925	53694	-0.00002969	0.00579329	0.53505362	0.00581714	0.53625411	0.62118816	0.62060992	0.31549300	0.31545495	0.62122382	0.62065980	0.31542340	0.31549094	59925	53693	0
59925	54198	0.00251678	0.00576966	0.53848395	0.00578361	0.53746536	0.62377451	0.62323776	0.31500506	0.31488230	0.62375232	0.62322125	0.31490120	0.31490227	59925	54196	0
59925	54701	-0.00478092	0.00584572	0.53439765	0.00583646	0.53731674	0.62277349	0.62215137	0.31525462	0.31521123	0.62275640	0.62213806	0.31519480	0.31515905	59925	54700	0
59925	55205	0.00826714	0.00577713	0.53969927	0.00576202	0.53448005	0.62281918	0.62207693	0.31566967	0.31564559	0.62274983	0.62220651	0.31575504	0.31574461	59925	55203	0
59925	55709	0.00089580	0.00575233	0.53678802	0.00575888	0.53973656	0.62287654	0.62223930	0.31525848	0.31523013	0.62283808	0.62217110	0.31521772	0.31523251	59925	55707	0
59925	56212	-0.00032852	0.00580620	0.53646986	0.00577881	0.53695959	0.62369628	0.62307227	0.31534131	0.31533761	0.62361962	0.62292017	0.31523761	0.31515692	59925	56210	0
59925	56716	0.00020829	0.00577435	0.53576031	0.00577201	0.53554559	0.62147560	0.62080524	0.31505782	0.31501427	0.62131963	0.62066974	0.31493727	0.31486258	59925	56714	0
59925	57219	0.00194621	0.00577533	0.53543922	0.00574179	0.53474405	0.62114740	0.62058740	0.31522298	0.31524468	0.62106745	0.62057228	0.31526933	0.31527220	59925	57218	0
59925	57723	-0.00300288	0.00576328	0.53435957	0.00578805	0.53633921	0.62113138	0.62045519	0.31563244	0.31556613	0.62112637	0.62070729	0.31564756	0.31562143	59925	57721	0
59925	58226	0.00062621	0.00577854	0.53466303	0.00576929	0.53321140	0.62064394	0.62007252	0.31613131	0.31615407	0.62052199	0.61993315	0.31607683	0.31608800	59925	58225	0
59925	58730	-0.00099065	0.00582259	0.53139960	0.00581447	0.53204634	0.62013858	0.61942443	0.31604963	0.31612293	0.61994605	0.61930010	0.31602021	0.31597181	59925	58728	0
59925	59233	0.00001585	0.00580393	0.53334619	0.00582103	0.53294359	0.61993907	0.61942081	0.31584321	0.31578035	0.61995049	0.61938778	0.31585225	0.31578462	59925	59232	0
59925	59737	-0.00018118	0.00584743	0.53287861	0.00584985	0.53295743	0.62038378	0.61983258	0.31590312	0.31590747	0.62048567	0.61979182	0.31599893	0.31590295	59925	59735	0
59925	60241	0.00159434	0.00580984	0.53451417	0.00580356	0.53380396	0.62078289	0.62015567	0.31585825	0.31591824	0.62090253	0.62039126	0.31592637	0.31598110	59925	60239	0
59925	60744	-0.00581458	0.00574904	0.53505817	0.00571134	0.53802174	0.62219599	0.62163115	0.31526275	0.31525363	0.62228918	0.62161422	0.31529003	0.31526259	59925	60742	0
59925	61248	-0.00328340	0.00578462	0.53582097	0.00577781	0.53480849	0.62180609	0.62120517	0.31464597	0.31462502	0.62183214	0.62130575	0.31463521	0.31468739	59925	61246	0
59925	61751	-0.00030866	0.00574159	0.53593861	0.00574594	0.53474871	0.62137781	0.62080105	0.31489331	0.31497795	0.62143492	0.62088462	0.31504919	0.31503612	59925	61750	0
59925	62255	-0.00041636	0.00574375	0.53542375	0.00572709	0.53546682	0.62139737	0.62069086	0.31523712	0.31525371	0.62140756	0.62080877	0.31532003	0.31531378	59925	62253	0
59925	62758	0.00128027	0.00575722	0.53559150	0.00578356	0.53491284	0.62126614	0.62055716	0.31566186	0.31558322	0.62111412	0.62048781	0.31556728	0.31553638	59925	62757	0
59925	63262	0.00665392	0.00580800	0.53508310	0.00584555	0.53293365	0.62117904	0.62051912	0.31630329	0.31618702	0.62121322	0.62047269	0.31633485	0.31630280	59925	63260	0
59925	63765	0.00425307	0.00580263	0.53201656	0.00583937	0.53297690	0.62071411	0.62011927	0.31626516	0.31625736	0.62070187	0.62006989	0.31631381	0.31623254	59925	63764	0
59925	64269	0.00108948	0.00588774	0.53251678	0.00585088	0.53378221	0.62057458	0.62001639	0.31640124	0.31640929	0.62071954	0.61997079	0.31646229	0.31645260	59925	64267	0
59925	64773	0.00188119	0.00585721	0.53295277	0.00585125	0.53263609	0.61992502	0.61925047	0.31592719	0.31599145	0.61995197	0.61933585	0.31602736	0.31604149	59925	64771	0
59925	65276	0.00044392	0.00585998	0.53104051	0.00594004	0.53161542	0.61894126	0.61839071	0.31541296	0.31545380	0.61910610	0.61847740	0.31557205	0.31548051	59925	65274	0
59925	65780	0.00411910	0.00581565	0.53322273	0.00584263	0.53175266	0.61909418	0.61846302	0.31546588	0.31542085	0.61907290	0.61857847	0.31547714	0.31550960	59925	65778	0
59925	66283	-0.00127312	0.00586275	0.53051624	0.00585458	0.53267313	0.61904102	0.61839170	0.31558314	0.31547681	0.61916625	0.61844133	0.31560582	0.31548149	59925	66282	0
59925	66787	0.00176213	0.00584877	0.53172019	0.00588324	0.53050609	0.61891735	0.61828783	0.31552546	0.31549670	0.61897824	0.61829671	0.31556934	0.31557418	59925	66785	0
59925	67290	-0.00036039	0.00580897	0.53256753	0.00582958	0.53341654	0.61983800	0.61912795	0.31614971	0.31616048	0.61993036	0.61927225	0.31618365	0.31610181	59925	67289	0
59925	67794	-0.00244771	0.00587791	0.53205919	0.00588969	0.53289412	0.61933240	0.61866385	0.31532044	0.31523153	0.61918350	0.61851233	0.31524344	0.31515651	59925	67792	0
59925	68297	-0.00241483	0.00587667	0.53294270	0.00590227	0.53292954	0.61851972	0.61787492	0.31460768	0.31463693	0.61857642	0.61798766	0.31464449	0.31461606	59925	68296	0
59925	68801	0.00250242	0.00587811	0.53308531	0.00588117	0.53111841	0.61752824	0.61698648	0.31405976	0.31404661	0.61752331	0.61692551	0.31403240	0.31401416	59925	68799	0
59925	69305	0.00024318	0.00582538	0.53334046	0.00580910	0.53424416	0.61901480	0.61839507	0.31432156	0.31432550	0.61908851	0.61844626	0.31428425	0.31431227	59925	69303	0
59925	69808	0.00383199	0.00574459	0.53842533	0.00575729	0.53698981	0.62347729	0.62292707	0.31554263	0.31553277	0.62358576	0.62296849	0.31567139	0.31557492	59925	69806	0
59925	70312	-0.00033073	0.00580439	0.53775794	0.00580814	0.53942303	0.62575961	0.62521563	0.31574699	0.31582053	0.62581318	0.62516830	0.31576499	0.31574469	59925	70310	0
59925	70815	0.00608571	0.00583823	0.53993291	0.00579648	0.53736633	0.62671206	0.62616282	0.31612703	0.31608283	0.62670524	0.62619430	0.31619688	0.31617962	59925	70814	0
59925	71319	-0.00341925	0.00576395	0.53832049	0.00578648	0.54212247	0.62608534	0.62567095	0.31558026	0.31580829	0.62593299	0.62534850	0.31561626	0.31556021	59925	71317	0
59925	71822	-0.00117059	0.00581800	0.53515531	0.00581868	0.53425584	0.62281795	0.62231490	0.31551773	0.31563433	0.62280324	0.62218161	0.31559243	0.31551666	59925	71821	0
59925	72326	-0.00205409	0.00577088	0.53677483	0.00585189	0.53712822	0.62193222	0.62121026	0.31514821	0.31506250	0.62194578	0.62116219	0.31511378	0.31501509	59925	72324	0
59925	72829	0.00105774	0.00575831	0.53537074	0.00582300	0.53412601	0.62139416	0.62078355	0.31625999	0.31631710	0.62126852	0.62064944	0.31623657	0.31623854	59925	72828	0
59925	73333	0.00039533	0.00577249	0.53409381	0.00581263	0.53435878	0.61964711	0.61896895	0.31571141	0.31570015	0.61954358	0.61888818	0.31557796	0.31557624	59925	73331	0
59925	73837	0.00389252	0.00575067	0.53403569	0.00577428	0.53263681	0.61880995	0.61830057	0.31545791	0.31542619	0.61878300	0.61821289	0.31540442	0.31535988	59925	73835	0
59925	74340	0.00175478	0.00578635	0.53306467	0.00579896	0.53391977	0.61908613	0.61836787	0.31587929	0.31581511	0.61897199	0.61854273	0.31582892	0.31589095	59925	74338	0
59925	74844	0.00353816	0.00579890	0.53371973	0.00587653	0.53300638	0.61945820	0.61880346	0.31636319	0.31633789	0.61944021	0.61882261	0.31643427	0.31640444	59925	74842	0
59925	75347	0.00173999	0.00583468	0.53244096	0.00581715	0.53316023	0.61884241	0.61817649	0.31568512	0.31567394	0.61899056	0.61826466	0.31569202	0.31572061	59925	75346	0
59925	75851	-0.00124379	0.00585253	0.53285082	0.00581148	0.53404433	0.61795824	0.61731870	0.31463217	0.31469372	0.61793482	0.61731665	0.31467079	0.31460957	59925	75849	0
59925	76354	-0.00104446	0.00585040	0.53352965	0.00586493	0.53344992	0.61820196	0.61762413	0.31508871	0.31510400	0.61809621	0.61754829	0.31502700	0.31499824	59925	76353	0
59925	76858	-0.00011421	0.00589415	0.53232442	0.00590637	0.53195232	0.61838562	0.61774879	0.31543540	0.31542249	0.61840838	0.61768116	0.31536177	0.31539456	59925	76856	0
59925	77361	0.00404606	0.00581206	0.53394114	0.00585377	0.53227703	0.61843262	0.61783531	0.31550228	0.31549300	0.61847888	0.61777574	0.31551042	0.31544698	59925	77360	0
59925	77865	-0.00357981	0.00590333	0.52999805	0.00591342	0.53304840	0.61716069	0.61662821	0.31407948	0.31402862	0.61728131	0.61662115	0.31402788	0.31403626	59925	77863	0
59925	78368	-0.00127418	0.00590981	0.53344511	0.00590892	0.53252286	0.61744648	0.61688747	0.31438730	0.31436380	0.61750614	0.61687876	0.31422402	0.31431285	59925	78367	0
59925	78872	0.00253654	0.00594832	0.53317167	0.00588175	0.53164738	0.61799407	0.61739915	0.31482051	0.31479306	0.61803310	0.61742857	0.31482256	0.31481689	59925	78870	0
59925	79376	0.00222090	0.00589189	0.53209832	0.00586539	0.53222458	0.61849753	0.61792118	0.31545610	0.31547254	0.61848685	0.61795216	0.31541288	0.31543145	59925	79374	0
59925	79879	-0.00020277	0.00587985	0.53370998	0.00587902	0.53467944	0.61807895	0.61746127	0.31492971	0.31487310	0.61808043	0.61736069	0.31493481	0.31483834	59925	79877	0
59925	80383	-0.00403401	0.00590557	0.53259583	0.00587249	0.53412832	0.61694951	0.61642837	0.31362581	0.31362902	0.61712190	0.61653725	0.31367569	0.31369492	59925	80381	0
59925	80886	0.00572640	0.00583984	0.53406223	0.00585135	0.53015806	0.61728214	0.61663060	0.31394850	0.31394242	0.61733637	0.61667653	0.31402599	0.31402796	59925	80885	0
59925	81390	0.00030362	0.00598049	0.53077011	0.00593651	0.53293922	0.61801116	0.61754122	0.31481180	0.31485140	0.61820944	0.61757105	0.31498986	0.31487515	59925	81388	0
59925	81893	0.00357875	0.00587603	0.53270463	0.00590210	0.53139457	0.61856278	0.61788117	0.31529538	0.31527113	0.61837033	0.61779061	0.31516653	0.31517853	59925	81892	0
59925	82397	-0.00029006	0.00584768	0.53507550	0.00584380	0.53662303	0.61937217	0.61893723	0.31459642	0.31466520	0.61946930	0.61879450	0.31462132	0.31449437	59925	82395	0
59925	82900	0.00157342	0.00578948	0.53858466	0.00576789	0.53783927	0.62256388	0.62193871	0.31470990	0.31457752	0.62270825	0.62215302	0.31480161	0.31473414	59925	82899	0
59925	83404	0.00360288	0.00584524	0.53901790	0.00584577	0.53820611	0.62609158	0.62542969	0.31627527	0.31621792	0.62605386	0.62530175	0.31622572	0.31622860	59925	83402	0
59925	83907	0.00123448	0.00580768	0.53972471	0.00579944	0.54067207	0.62625141	0.62538129	0.31559892	0.31543120	0.62596939	0.62538647	0.31537656	0.31535372	59925	83906	0
59925	84411	0.00061189	0.00576373	0.53840440	0.00571077	0.53865344	0.62422736	0.62368387	0.31574814	0.31573968	0.62415521	0.62371748	0.31574650	0.31574453	59925	84409	0
59925	84915	0.00052159	0.00583422	0.53632402	0.00582910	0.53636014	0.62247866	0.62180987	0.31581799	0.31582645	0.62262304	0.62189886	0.31591717	0.31587633	59925	84913	0
59925	85418	-0.00549795	0.00585038	0.53526074	0.00581964	0.53766855	0.62174454	0.62102291	0.31502470	0.31501073	0.62170526	0.62110566	0.31500597	0.31501690	59925	85416	0
59925	85922	0.00316880	0.00580086	0.53601927	0.00582224	0.53255257	0.62028049	0.61961992	0.31600895	0.31609836	0.62014713	0.61971885	0.31591774	0.31592925	59925	85920	0
59926	25	-0.00365166	0.00582935	0.53269049	0.00580174	0.53541868	0.61963388	0.61898333	0.31595439	0.31591807	0.61952723	0.61892253	0.31592481	0.31588455	59926	24	0
59926	529	-0.00183587	0.00576340	0.53644875	0.00576087	0.53572243	0.61944883	0.61887388	0.31575126	0.31570500	0.61961186	0.61895646	0.31580730	0.31577509	59926	527	0
59926	1032	-0.00322278	0.00580183	0.53419360	0.00576766	0.53474836	0.61978541	0.61926839	0.31555939	0.31555249	0.61990743	0.61928548	0.31569596	0.31563474	59926	1031	0
59926	1536	-0.00262296	0.00581190	0.53437497	0.00582493	0.53413504	0.61936444	0.61876985	0.31537286	0.31534188	0.61957982	0.61872071	0.31537410	0.31533753	59926	1534	0
59926	2039	0.00010796	0.00591697	0.53497333	0.00587579	0.53388096	0.61815118	0.61755273	0.31489430	0.31501649	0.61808733	0.61747606	0.31502289	0.31503555	59926	2038	0
59926	2543	0.00142641	0.00589216	0.53328977	0.00586145	0.53276239	0.61832990	0.61758338	0.31523958	0.31519611	0.61837830	0.61765980	0.31530606	0.31528067	59926	2541	0
59926	3047	0.00364801	0.00588355	0.53326725	0.00585342	0.53237861	0.61886928	0.61838019	0.31596532	0.31590460	0.61903149	0.61827600	0.31597354	0.31595784	59926	3045	0
59926	3550	0.00412646	0.00582524	0.53443367	0.00584421	0.53424229	0.61861373	0.61808372	0.31561486	0.31565134	0.61859655	0.61796022	0.31553778	0.31542389	59926	3549	0
59926	4054	0.00117437	0.00584093	0.53387466	0.00583977	0.53505550	0.61834075	0.61769603	0.31519595	0.31514130	0.61839079	0.61782537	0.31530745	0.31515815	59926	4052	0
59926	4557	0.00499271	0.00583488	0.53456126	0.00587496	0.53303393	0.61882934	0.61835949	0.31534336	0.31552447	0.61872433	0.61813393	0.31534460	0.31533260	59926	4556	0
59926	5061	0.00115284	0.00589818	0.53269967	0.00588985	0.53423562	0.61815143	0.61758214	0.31458229	0.31453931	0.61820657	0.61746760	0.31461327	0.31458287	59926	5059	0
59926	5564	-0.00337301	0.00591876	0.53309408	0.00592545	0.53490442	0.61782036	0.61712437	0.31455098	0.31447966	0.61775791	0.61714721	0.31449198	0.31442814	59926	5563	0
59926	6068	-0.00069722	0.00591126	0.53363510	0.00588229	0.53256478	0.61763753	0.61694762	0.31453948	0.31446939	0.61761567	0.61696808	0.31457794	0.31452855	59926	6066	0
59926	6572	0.00170448	0.00578701	0.53426896	0.00583664	0.53330828	0.61840279	0.61774871	0.31486989	0.31478772	0.61848702	0.61780302	0.31483234	0.31482765	59926	6570	0
59926	7075	0.00223073	0.00580106	0.53627728	0.00579422	0.53606678	0.62179442	0.62116581	0.31527541	0.31518551	0.62173904	0.62118454	0.31516661	0.31515240	59926	7074	0
59926	7579	0.00177435	0.00580954	0.54007604	0.00585252	0.54025859	0.62449532	0.62397986	0.31510186	0.31503818	0.62460058	0.62399571	0.31510063	0.31509028	59926	7577	0
59926	8082	0.00143693	0.00582711	0.54082759	0.00584454	0.54096255	0.62567177	0.62506789	0.31539513	0.31541814	0.62579691	0.62512500	0.31548519	0.31538437	59926	8081	0
59926	8586	0.00007472	0.00575158	0.53992386	0.00576604	0.54046875	0.62388725	0.62331459	0.31477112	0.31478197	0.62401626	0.62325691	0.31479421	0.31468550	59926	8584	0
59926	9089	0.00166368	0.00585941	0.53667077	0.00583164	0.53603519	0.62327474	0.62269708	0.31587279	0.31585825	0.62332232	0.62272723	0.31597050	0.31588348	59926	9088	0
59926	9593	-0.00228485	0.00578039	0.53722834	0.00581769	0.53880776	0.62222903	0.62163164	0.31514829	0.31509899	0.62240759	0.62169179	0.31515963	0.31506135	59926	9591	0
59926	10096	-0.00198651	0.00582795	0.53689069	0.00582935	0.53677136	0.62074928	0.62034886	0.31600862	0.31599655	0.62085923	0.62020227	0.31601010	0.31598668	59926	10095	0
59926	10600	0.00152008	0.00582196	0.53633224	0.00580878	0.53492960	0.61980488	0.61904866	0.31605932	0.31597124	0.61980275	0.61922886	0.31612473	0.31617527	59926	10598	0
59926	11104	-0.00170170	0.00579626	0.53485309	0.00580811	0.53614181	0.61940684	0.61892318	0.31590985	0.31592087	0.61954358	0.61889278	0.31599112	0.31603065	59926	11102	0
59926	11607	-0.00108585	0.00577396	0.53713151	0.00573343	0.53688517	0.61911514	0.61854404	0.31478451	0.31478739	0.61908375	0.61841043	0.31479191	0.31475493	59926	11606	0
59926	12111	-0.00057331	0.00584489	0.53531042	0.00583198	0.53510540	0.61922401	0.61861726	0.31523260	0.31525297	0.61933577	0.61865054	0.31530721	0.31523983	59926	12109	0
59926	12614	0.00264018	0.00584496	0.53512246	0.00587889	0.53383706	0.61871710	0.61806153	0.31554378	0.31556309	0.61858357	0.61798782	0.31541074	0.31542340	59926	12613	0
59926	13118	0.00146298	0.00588046	0.53479813	0.00586713	0.53526901	0.61866607	0.61829063	0.31567698	0.31585390	0.61875309	0.61813787	0.31576342	0.31576400	59926	13116	0
59926	13621	-0.00292987	0.00584975	0.53384605	0.00583713	0.53560319	0.61889245	0.61820246	0.31570615	0.31575734	0.61875153	0.61823007	0.31571642	0.31575463	59926	13620	0
59926	14125	-0.00204472	0.00587613	0.53643526	0.00582921	0.53608120	0.61902491	0.61840682	0.31422715	0.31411704	0.61900371	0.61845875	0.31408367	0.31408433	59926	14123	0
59926	14629	0.00023011	0.00579841	0.54054584	0.00577363	0.53963591	0.62307810	0.62239230	0.31509783	0.31502454	0.62302486	0.62238827	0.31501040	0.31496209	59926	14627	0
59926	15132	0.00416503	0.00580021	0.54097160	0.00583258	0.53939763	0.62612798	0.62529912	0.31621545	0.31598167	0.62589988	0.62510865	0.31590944	0.31598775	59926	15130	0
59926	15636	-0.00197334	0.00582322	0.54022830	0.00581509	0.54268364	0.62513790	0.62441208	0.31529168	0.31514837	0.62517734	0.62445275	0.31519291	0.31513539	59926	15634	0
59926	16139	-0.00110601	0.00574280	0.54006249	0.00579321	0.53971556	0.62517446	0.62451487	0.31557057	0.31548725	0.62512738	0.62462646	0.31551658	0.31552611	59926	16137	0
59926	16643	-0.00097068	0.00585974	0.53761555	0.00585029	0.53756142	0.62296643	0.62231613	0.31533219	0.31530647	0.62293685	0.62235689	0.31530252	0.31528593	59926	16641	0
59926	17146	-0.00219390	0.00583086	0.53718768	0.00579313	0.53767697	0.62156031	0.62098972	0.31510137	0.31511460	0.62158636	0.62100483	0.31506193	0.31501262	59926	17145	0
59926	17650	0.00289610	0.00579033	0.53986303	0.00580482	0.53782703	0.62111749	0.62040622	0.31500769	0.31494680	0.62106613	0.62038551	0.31498296	0.31505938	59926	17648	0
59926	18153	-0.00188470	0.00574082	0.53763414	0.00577003	0.53954646	0.62111905	0.62052701	0.31563721	0.31563581	0.62140937	0.62050770	0.31585652	0.31553852	59926	18152	0
59926	18657	0.00103972	0.00579916	0.53744623	0.00581890	0.53627646	0.61957201	0.61887421	0.31531173	0.31527828	0.61958056	0.61881940	0.31539152	0.31523703	59926	18655	0
59926	19161	-0.00704355	0.00583982	0.53339512	0.00581660	0.53662843	0.61844445	0.61777459	0.31543564	0.31539686	0.61847896	0.61792299	0.31539127	0.31539201	59926	19159	0
59926	19664	-0.00217212	0.00580635	0.53809108	0.00578522	0.53614251	0.61937537	0.61869499	0.31571839	0.31565225	0.61928909	0.61875333	0.31565142	0.31561790	59926	19662	0
59926	20168	-0.00430175	0.00582024	0.53519911	0.00582029	0.53605096	0.61964358	0.61909755	0.31592136	0.31588307	0.61972140	0.61913100	0.31584206	0.31594519	59926	20166	0
59926	20671	0.00472272	0.00584165	0.53708693	0.00587774	0.53347715	0.61791634	0.61727490	0.31481590	0.31477679	0.61783088	0.61717071	0.31483637	0.31480974	59926	20670	0
59926	21175	0.00254613	0.00583823	0.53618197	0.00580125	0.53705260	0.61879574	0.61815028	0.31501172	0.31490695	0.61864733	0.61812941	0.31492486	0.31484968	59926	21173	0
59926	21678	-0.00474349	0.00580950	0.53684914	0.00581792	0.53976499	0.62262181	0.62198177	0.31557328	0.31552546	0.62268130	0.62206887	0.31557065	0.31555800	59926	21677	0
59926	22182	0.00367024	0.00582060	0.54263113	0.00584607	0.53926564	0.62440698	0.62391814	0.31462896	0.31458434	0.62433443	0.62369398	0.31456906	0.31453052	59926	22180	0
59926	22685	0.00057750	0.00582171	0.54154715	0.00585950	0.54278425	0.62515129	0.62466689	0.31547484	0.31542069	0.62508909	0.62443262	0.31531107	0.31536843	59926	22684	0
59926	23189	0.00236751	0.00584435	0.54175488	0.00579879	0.54103888	0.62670811	0.62614713	0.31637059	0.31641307	0.62666801	0.62597629	0.31644175	0.31632104	59926	23187	0
59926	23692	0.00294279	0.00574042	0.54139027	0.00572848	0.54116015	0.62452753	0.62431224	0.31545750	0.31556695	0.62454552	0.62397723	0.31545052	0.31541395	59926	23691	0
59926	24196	0.00082900	0.00578982	0.54016517	0.00578546	0.54101068	0.62244037	0.62185893	0.31464844	0.31461269	0.62251646	0.62185013	0.31461195	0.31465592	59926	24194	0
59926	24699	-0.00176245	0.00576487	0.53842954	0.00577848	0.53946612	0.62093959	0.62027901	0.31520729	0.31521394	0.62098594	0.62025979	0.31519373	0.31512388	59926	24698	0
59926	25203	0.00041713	0.00584160	0.53845086	0.00578225	0.53757903	0.61972362	0.61914332	0.31487408	0.31478805	0.61973077	0.61913798	0.31480013	0.31473973	59926	25201	0
59926	25707	0.00093743	0.00582166	0.53852614	0.00586919	0.53831802	0.62095709	0.62017014	0.31526127	0.31521288	0.62085191	0.62017679	0.31525232	0.31519365	59926	25705	0
59926	26210	0.00423939	0.00587172	0.53673158	0.00589400	0.53541080	0.61947932	0.61896049	0.31594239	0.31593557	0.61941523	0.61879746	0.31591766	0.31589038	59926	26209	0
59926	26714	-0.00528488	0.00582120	0.53502557	0.00582902	0.53883528	0.61885745	0.61826072	0.31538124	0.31544230	0.61890675	0.61829112	0.31536366	0.31542184	59926	26712	0
59926	27217	-0.00157688	0.00587827	0.53611891	0.00586509	0.53463571	0.61701590	0.61649460	0.31397858	0.31394102	0.61732232	0.61647817	0.31405984	0.31402320	59926	27216	0
59926	27721	0.00104915	0.00589906	0.53706787	0.00590332	0.53601745	0.61741640	0.61672641	0.31459248	0.31459281	0.61751739	0.61687358	0.31463225	0.31462765	59926	27719	0
59926	28224	-0.00014263	0.00587787	0.53553676	0.00592295	0.53601348	0.61650003	0.61606271	0.31387299	0.31390010	0.61664679	0.61609303	0.31384718	0.31392023	59926	28223	0
59926	28728	-0.00345568	0.00595025	0.53513017	0.00590687	0.53645539	0.61855949	0.61763761	0.31547278	0.31528165	0.61827937	0.61772619	0.31540507	0.31533704	59926	28726	0
59926	29231	0.00078296	0.00589586	0.53790634	0.00590628	0.53621088	0.61853081	0.61786284	0.31470547	0.31465583	0.61838159	0.61779382	0.31457276	0.31459355	59926	29230	0
59926	29735	0.00371411	0.00592243	0.53595725	0.00596199	0.53478479	0.61777114	0.61712223	0.31471163	0.31476545	0.61772734	0.61714458	0.31472223	0.31477975	59926	29733	0
59926	30239	0.00063722	0.00585188	0.53789245	0.00588941	0.53912320	0.62017712	0.61959288	0.31402525	0.31403076	0.62059948	0.61972633	0.31431236	0.31418590	59926	30237	0
59926	30742	0.00006975	0.00584573	0.54240655	0.00585226	0.54263354	0.62325083	0.62268426	0.31444909	0.31442485	0.62324664	0.62263167	0.31446857	0.31441425	59926	30741	0
59926	31246	0.00154206	0.00587739	0.54130287	0.00586864	0.54071395	0.62492918	0.62432604	0.31530014	0.31523325	0.62489311	0.62421914	0.31529570	0.31526892	59926	31244	0
59926	31749	0.00363675	0.00577386	0.54270381	0.00580039	0.54186593	0.62451307	0.62389875	0.31530828	0.31524418	0.62445735	0.62390311	0.31526793	0.31526119	59926	31748	0
59926	32253	-0.00058641	0.00580741	0.54064771	0.00584388	0.54233697	0.62248762	0.62183181	0.31450143	0.31443972	0.62246511	0.62181981	0.31446709	0.31440044	59926	32251	0
59926	32756	0.00002887	0.00588103	0.53803688	0.00588267	0.53779077	0.62065561	0.62009511	0.31459889	0.31460037	0.62072734	0.62004598	0.31462551	0.31459314	59926	32755	0
59926	33260	-0.00275244	0.00582623	0.53902900	0.00586995	0.54014152	0.62045092	0.61970028	0.31490588	0.31492610	0.62023365	0.61965262	0.31486488	0.31483028	59926	33258	0
59926	33764	-0.00324225	0.00586233	0.53800875	0.00584836	0.53820467	0.62053983	0.61994343	0.31546021	0.31542644	0.62062216	0.62002987	0.31558922	0.31554879	59926	33762	0
59926	34267	-0.00064739	0.00589107	0.53658387	0.00587450	0.53554593	0.61849236	0.61804502	0.31504837	0.31507746	0.61847198	0.61792242	0.31498756	0.31499035	59926	34266	0
59926	34771	0.00034715	0.00591427	0.53640703	0.00588997	0.53600921	0.61781107	0.61725453	0.31488287	0.31485773	0.61794978	0.61737630	0.31497318	0.31499405	59926	34769	0
59926	35274	-0.00313737	0.00588166	0.53668404	0.00589412	0.53807785	0.61775142	0.61706077	0.31440201	0.31433208	0.61770466	0.61704458	0.31438533	0.31433816	59926	35273	0
59926	35778	0.00028464	0.00594773	0.53822482	0.00589248	0.53685602	0.61785520	0.61718764	0.31436996	0.31437785	0.61791165	0.61730161	0.31448122	0.31442732	59926	35776	0
59926	36282	-0.00273365	0.00592267	0.53734599	0.00594931	0.53855331	0.61855555	0.61793055	0.31471549	0.31466915	0.61881611	0.61806301	0.31480588	0.31474614	59926	36280	0
59926	36785	0.00219763	0.00593894	0.53949785	0.00593895	0.53752534	0.61959140	0.61897060	0.31445608	0.31446898	0.61945311	0.61891135	0.31447884	0.31444958	59926	36783	0
59926	37289	-0.00055434	0.00599323	0.53700666	0.00596765	0.53810745	0.61751024	0.61682921	0.31423709	0.31413372	0.61757023	0.61689544	0.31417546	0.31413832	59926	37287	0
59926	37792	0.00198542	0.00594583	0.53772459	0.00593045	0.53670868	0.61789259	0.61731722	0.31438828	0.31438204	0.61798799	0.61735856	0.31438508	0.31437308	59926	37791	0
59926	38296	-0.00107536	0.00591531	0.53689183	0.00590790	0.53811615	0.61928918	0.61868784	0.31473365	0.31465953	0.61945426	0.61877322	0.31477449	0.31473932	59926	38294	0
59926	38799	0.00047442	0.00595170	0.53776992	0.00589818	0.53715000	0.61786416	0.61732150	0.31381999	0.31376772	0.61776818	0.61719413	0.31369928	0.31374759	59926	38798	0
59926	39303	0.00062119	0.00595112	0.53762646	0.00592231	0.53756775	0.61878234	0.61818734	0.31485411	0.31480678	0.61891045	0.61826754	0.31489520	0.31482881	59926	39301	0
59926	39806	0.00022559	0.00595964	0.53640621	0.00598041	0.53656445	0.61873945	0.61811412	0.31507392	0.31506234	0.61876015	0.61818561	0.31511156	0.31510802	59926	39805	0
59926	40310	0.00058716	0.00591528	0.53801220	0.00591457	0.53786757	0.61900700	0.61826178	0.31501944	0.31500991	0.61900979	0.61838800	0.31503785	0.31504385	59926	40308	0
59926	40813	0.00114360	0.00594221	0.53784991	0.00596827	0.53762734	0.61923141	0.61854634	0.31436840	0.31430661	0.61927274	0.61864889	0.31432920	0.31427596	59926	40812	0
59926	41317	0.00182098	0.00591143	0.53741060	0.00588925	0.53713964	0.61686018	0.61631235	0.31370305	0.31367807	0.61694260	0.61621547	0.31370010	0.31366953	59926	41315	0
59926	41821	0.00022428	0.00598478	0.53640014	0.00596540	0.53703882	0.61609172	0.61546541	0.31337577	0.31333575	0.61615400	0.61566870	0.31342047	0.31337330	59926	41819	0
59926	42324	-0.00280843	0.00590460	0.53700632	0.00583136	0.53821940	0.61874019	0.61808208	0.31459683	0.31459782	0.61860124	0.61798248	0.31449330	0.31452346	59926	42323	0
59926	42828	0.00101632	0.00587175	0.54128962	0.00586841	0.53975972	0.62211736	0.62149811	0.31493694	0.31489331	0.62217175	0.62154519	0.31500260	0.31491813	59926	42826	0
59926	43331	0.00193491	0.00588556	0.54230214	0.00591346	0.54193470	0.62408709	0.62346932	0.31480284	0.31476898	0.62420427	0.62352060	0.31484401	0.31482149	59926	43330	0
59926	43835	0.00080605	0.00595014	0.54022342	0.00598218	0.54067496	0.62555607	0.62489648	0.31614306	0.31606442	0.62548590	0.62486139	0.31610320	0.31602736	59926	43833	0
59926	44338	0.00378847	0.00592422	0.54147076	0.00595896	0.54027779	0.62414157	0.62341690	0.31619704	0.31602637	0.62381987	0.62327482	0.31601643	0.31599597	59926	44337	0
59926	44842	-0.00404443	0.00592933	0.53815356	0.00588881	0.54128672	0.62156040	0.62097106	0.31492256	0.31484409	0.62174693	0.62096416	0.31496143	0.31485617	59926	44840	0
59926	45345	-0.00099506	0.00587710	0.53999037	0.00595217	0.53877062	0.62072586	0.62007054	0.31394661	0.31400693	0.62066054	0.62001705	0.31399698	0.31396510	59926	45344	0
59926	45849	0.00104149	0.00584605	0.53886239	0.00581512	0.53804776	0.61948943	0.61875514	0.31513432	0.31508428	0.61938375	0.61881414	0.31516686	0.31514475	59926	45847	0
59926	46352	0.00293710	0.00584442	0.53914685	0.00582303	0.53838861	0.61893576	0.61819876	0.31494804	0.31492306	0.61891390	0.61837493	0.31498189	0.31501336	59926	46351	0
59926	46856	-0.00283738	0.00586265	0.53876495	0.00583453	0.54107474	0.61998435	0.61927833	0.31548831	0.31552636	0.62018731	0.61948499	0.31563343	0.31553219	59926	46854	0
59926	47360	-0.00162895	0.00591737	0.53896976	0.00589595	0.53848638	0.61920232	0.61851019	0.31525832	0.31517582	0.61922894	0.61860995	0.31530302	0.31522915	59926	47358	0
59926	47863	0.00119161	0.00595302	0.53787115	0.00596272	0.53674293	0.61786416	0.61733990	0.31500819	0.31493415	0.61789037	0.61739200	0.31491788	0.31497408	59926	47862	0
59926	48367	-0.00073223	0.00589966	0.53738193	0.00591708	0.53815146	0.61842227	0.61775799	0.31499463	0.31493735	0.61835604	0.61771313	0.31492848	0.31493497	59926	48365	0
59926	48870	0.00278997	0.00585053	0.53901999	0.00588826	0.53761111	0.61904693	0.61835973	0.31477613	0.31469174	0.61895227	0.61847650	0.31478534	0.31475074	59926	48869	0
59926	49374	-0.00175427	0.00593717	0.53617443	0.00598122	0.53799213	0.61813951	0.61756045	0.31480777	0.31481853	0.61809259	0.61740276	0.31479832	0.31478756	59926	49372	0
59926	49878	-0.00181430	0.00600491	0.53678667	0.00594920	0.53681068	0.61813688	0.61761559	0.31507565	0.31511312	0.61818742	0.61755725	0.31505059	0.31513506	59926	49876	0
59926	50381	0.00272951	0.00597673	0.53725071	0.00595878	0.53543319	0.61833935	0.61775889	0.31535125	0.31537114	0.61825924	0.61754771	0.31531345	0.31532923	59926	50380	0
59926	50885	0.00102071	0.00601289	0.53525751	0.00597842	0.53594103	0.61839326	0.61766612	0.31543466	0.31538387	0.61839959	0.61766045	0.31554148	0.31542940	59926	50883	0
