% File initiated 06/12/2022 13:15:12 UTC
% Raw fountain data
%
% File notes: maser 5 MHz RF amplitudes 280 800 1280 1740 2200 2660 1280 microwave leakage pio2 3pio2 5pio2 7pio2 9pio2 11pio2 no water cooling
%
%% fountain_code = ALPHA-CsF1
%% microwave_ref = ALPHA HM1
%% MJD_start = 59919.552225
%% clock_data = False
%% sequence = 4
%% density = LD
%
% Units: V.s, Hz
%
% Shot B MJD days	Shot B MJD seconds	freq error	shot A sum	shot A ratio	shot B sum	shot B ratio	shot A F=3 bg 1	shot A F=3 bg 2	shot A F=4 bg 1	shot A F=4 bg 2	shot B F=3 bg 1	shot B F=3 bg 2	shot B F=4 bg 1	shot B F=4 bg 2	Shot A MJD days	Shot A MJD seconds	Shot order (0=LF->HF)
59919	47845	0.00119277	0.00626440	0.50224468	0.00619040	0.49938202	0.58537542	0.58458633	0.31882432	0.31896943	0.58531996	0.58471772	0.31889926	0.31895185	59919	47844	0
59919	47848	-0.00030541	0.00621819	0.49618999	0.00620839	0.49978564	0.58545759	0.58464114	0.31891257	0.31894560	0.58550706	0.58472331	0.31894264	0.31898825	59919	47847	0
59919	47852	0.00098999	0.00623517	0.50281477	0.00621628	0.49970581	0.58553097	0.58462026	0.31896705	0.31909515	0.58549827	0.58464845	0.31898225	0.31899416	59919	47850	0
59919	47855	-0.00029068	0.00625631	0.49864330	0.00625461	0.50171690	0.58540352	0.58475075	0.31890542	0.31901306	0.58547403	0.58475700	0.31902079	0.31903311	59919	47853	0
59919	47858	0.00211271	0.00625884	0.50220361	0.00624209	0.49643548	0.58562719	0.58477853	0.31902227	0.31910370	0.58552941	0.58465133	0.31902005	0.31906853	59919	47857	0
59919	47862	-0.00024077	0.00622630	0.49860693	0.00623622	0.50425527	0.58562522	0.58475190	0.31899934	0.31913920	0.58560903	0.58474171	0.31903509	0.31913098	59919	47860	0
59919	47865	0.00053195	0.00626206	0.49977304	0.00622861	0.49791853	0.58553146	0.58454302	0.31900066	0.31910025	0.58550451	0.58471139	0.31910690	0.31913829	59919	47863	0
59919	47868	0.00054333	0.00629762	0.49952276	0.00625309	0.49949544	0.58547551	0.58472733	0.31906368	0.31909302	0.58540204	0.58472890	0.31906721	0.31911553	59919	47866	0
59919	47871	0.00116843	0.00622996	0.50070043	0.00621728	0.49920018	0.58540985	0.58482356	0.31902391	0.31919146	0.58544929	0.58466365	0.31910740	0.31918004	59919	47870	0
59919	47875	0.00118646	0.00625090	0.50012757	0.00626303	0.50008429	0.58536737	0.58465371	0.31911455	0.31910551	0.58556992	0.58470909	0.31915267	0.31923074	59919	47873	0
59919	47878	-0.00107607	0.00621963	0.49794512	0.00624382	0.50337518	0.58541971	0.58457121	0.31903509	0.31915152	0.58543869	0.58469019	0.31906500	0.31916689	59919	47876	0
59919	47881	0.00013634	0.00616345	0.50159111	0.00622114	0.49868133	0.58542004	0.58466266	0.31909137	0.31914404	0.58536803	0.58451319	0.31908480	0.31904166	59919	47879	0
59919	47884	0.00073465	0.00622136	0.50084061	0.00621612	0.49940467	0.58543286	0.58470852	0.31904363	0.31914117	0.58533006	0.58454820	0.31900197	0.31906590	59919	47883	0
59919	47888	-0.00104893	0.00618093	0.49718511	0.00622325	0.50146570	0.58546096	0.58464344	0.31904700	0.31917387	0.58543146	0.58461295	0.31908480	0.31907823	59919	47886	0
59919	47891	0.00173829	0.00622769	0.50331162	0.00621563	0.49662231	0.58539687	0.58457351	0.31904043	0.31909310	0.58540582	0.58468165	0.31911085	0.31914561	59919	47889	0
59919	47894	0.00055460	0.00624861	0.49841281	0.00627567	0.50125364	0.58572876	0.58487606	0.31922860	0.31933986	0.58544872	0.58473399	0.31911446	0.31914199	59919	47893	0
59919	47897	0.00252686	0.00621659	0.50419971	0.00621943	0.49946629	0.58566483	0.58482364	0.31914602	0.31921373	0.58553081	0.58479496	0.31916870	0.31914133	59919	47896	0
59919	47901	-0.00004055	0.00623149	0.49735537	0.00619222	0.50351717	0.58550985	0.58476168	0.31909770	0.31911266	0.58550698	0.58469258	0.31918834	0.31923452	59919	47899	0
59919	47904	0.00108816	0.00617814	0.50093693	0.00624533	0.49822803	0.58567305	0.58468041	0.31929368	0.31924290	0.58547493	0.58454401	0.31918875	0.31919696	59919	47902	0
59919	47907	0.00053653	0.00623493	0.49918373	0.00620674	0.50050764	0.58543836	0.58468625	0.31920452	0.31935481	0.58547016	0.58464056	0.31922868	0.31931956	59919	47906	0
59919	47910	-0.00172263	0.00621912	0.49597097	0.00619435	0.50139294	0.58542037	0.58458830	0.31920880	0.31921414	0.58555760	0.58477450	0.31915152	0.31921940	59919	47909	0
59919	47914	0.00156542	0.00621413	0.50450128	0.00617799	0.49660997	0.58554223	0.58462281	0.31913312	0.31921701	0.58541092	0.58475182	0.31922235	0.31921660	59919	47912	0
59919	47917	0.00102590	0.00626120	0.49960266	0.00620227	0.50089752	0.58550024	0.58469422	0.31911734	0.31924495	0.58550410	0.58468658	0.31912539	0.31926755	59919	47915	0
59919	47920	-0.00055044	0.00622159	0.49673648	0.00621784	0.50051969	0.58553122	0.58473563	0.31915119	0.31922728	0.58550262	0.58475930	0.31906902	0.31922572	59919	47919	0
59919	47924	0.00089294	0.00624596	0.50212553	0.00622938	0.49866144	0.58561109	0.58478913	0.31915637	0.31925325	0.58555735	0.58481871	0.31913517	0.31924183	59919	47922	0
59919	47927	-0.00075416	0.00626015	0.49892187	0.00624534	0.50287491	0.58564297	0.58481550	0.31917461	0.31925777	0.58569408	0.58477877	0.31917724	0.31926344	59919	47925	0
59919	47930	0.00021967	0.00621068	0.49978572	0.00624707	0.49744852	0.58575924	0.58486325	0.31929302	0.31929812	0.58565061	0.58490959	0.31922030	0.31931702	59919	47928	0
59919	47933	0.00122035	0.00623423	0.50180265	0.00623048	0.49940103	0.58573648	0.58495709	0.31931734	0.31938325	0.58566376	0.58483868	0.31925670	0.31934232	59919	47932	0
59919	47937	-0.00099813	0.00623430	0.49652408	0.00623630	0.50184843	0.58580740	0.58494862	0.31942293	0.31956296	0.58570263	0.58497574	0.31935802	0.31948810	59919	47935	0
59919	47940	0.00105762	0.00623760	0.50326631	0.00620095	0.49833249	0.58566853	0.58480359	0.31927067	0.31932794	0.58561240	0.58492060	0.31935802	0.31938859	59919	47938	0
59919	48646	0.00080571	0.00625068	0.50140721	0.00629599	0.50201180	0.58732658	0.58657841	0.32025969	0.32038664	0.58740399	0.58667069	0.32036511	0.32042987	59919	48644	0
59919	48649	0.00023142	0.00628931	0.50040926	0.00630063	0.50178756	0.58738090	0.58664111	0.32038056	0.32039913	0.58741977	0.58652500	0.32033792	0.32034005	59919	48647	0
59919	48652	-0.00041684	0.00627021	0.49781282	0.00632728	0.49936863	0.58735009	0.58658589	0.32030768	0.32037703	0.58742585	0.58666798	0.32035706	0.32041343	59919	48651	0
59919	48655	0.00079529	0.00629397	0.50281876	0.00630751	0.49990964	0.58736882	0.58660109	0.32034038	0.32040719	0.58736364	0.58658811	0.32034950	0.32040587	59919	48654	0
59919	48659	-0.00086525	0.00632304	0.49962916	0.00629337	0.50361445	0.58751772	0.58660931	0.32041088	0.32040973	0.58746792	0.58659780	0.32042880	0.32041779	59919	48657	0
59919	48662	0.00132664	0.00629960	0.50260858	0.00630725	0.49734805	0.58741327	0.58652517	0.32033619	0.32045904	0.58736274	0.58657841	0.32033931	0.32041294	59919	48660	0
59919	48665	-0.00076548	0.00631436	0.49969762	0.00627433	0.50471871	0.58735945	0.58670956	0.32031022	0.32048508	0.58743061	0.58662114	0.32042707	0.32052338	59919	48664	0
59919	48669	0.00019641	0.00627752	0.50166141	0.00632558	0.49935288	0.58748172	0.58662147	0.32049807	0.32047596	0.58736619	0.58655327	0.32040464	0.32045197	59919	48667	0
59919	48672	0.00143625	0.00630554	0.50231864	0.00631073	0.49934302	0.58735477	0.58662739	0.32037185	0.32040415	0.58736331	0.58658408	0.32037399	0.32047218	59919	48670	0
59919	48675	-0.00054198	0.00629188	0.49771640	0.00628934	0.50246415	0.58739955	0.58648178	0.32039453	0.32048599	0.58740859	0.58656140	0.32038237	0.32048032	59919	48673	0
59919	48678	0.00075424	0.00628004	0.50179421	0.00626034	0.49868328	0.58733940	0.58663281	0.32045756	0.32049946	0.58737268	0.58660265	0.32038253	0.32043652	59919	48677	0
59919	48682	0.00010036	0.00627980	0.50017330	0.00627361	0.50174261	0.58742749	0.58663347	0.32041105	0.32040645	0.58740728	0.58659246	0.32039059	0.32035057	59919	48680	0
59919	48685	0.00115327	0.00631234	0.50187095	0.00629977	0.49934396	0.58744639	0.58664201	0.32034416	0.32038599	0.58744918	0.58672961	0.32030595	0.32051935	59919	48683	0
59919	48688	0.00014303	0.00631269	0.50001359	0.00630374	0.50243819	0.58741599	0.58651440	0.32033652	0.32037793	0.58733053	0.58656970	0.32037152	0.32043118	59919	48686	0
59919	48691	-0.00072728	0.00631416	0.49760421	0.00628247	0.49969295	0.58735715	0.58660093	0.32036561	0.32035032	0.58730275	0.58641037	0.32027998	0.32035188	59919	48690	0
59919	48695	0.00065888	0.00624977	0.50309587	0.00626849	0.49976908	0.58733628	0.58655458	0.32036051	0.32049445	0.58730744	0.58658581	0.32038368	0.32051343	59919	48693	0
59919	48698	0.00089217	0.00628233	0.50015309	0.00627672	0.49959317	0.58735124	0.58654308	0.32037637	0.32044079	0.58734244	0.58656009	0.32033874	0.32040982	59919	48696	0
59919	48701	0.00108531	0.00628414	0.50072551	0.00626174	0.50026199	0.58738008	0.58659534	0.32036339	0.32043167	0.58736060	0.58669756	0.32044055	0.32048665	59919	48700	0
59919	48704	0.00077174	0.00627559	0.49957294	0.00627161	0.50032551	0.58734704	0.58657397	0.32036692	0.32047481	0.58747416	0.58660791	0.32053225	0.32056298	59919	48703	0
59919	48708	0.00127776	0.00629009	0.50049830	0.00628046	0.49928385	0.58744458	0.58657940	0.32047851	0.32056298	0.58732798	0.58653527	0.32043110	0.32055173	59919	48706	0
59919	48711	-0.00092782	0.00627517	0.49895065	0.00625817	0.50424402	0.58743809	0.58659986	0.32046775	0.32050037	0.58747400	0.58659345	0.32039815	0.32044564	59919	48709	0
59919	48714	-0.00048668	0.00627216	0.50023666	0.00631479	0.49917792	0.58738402	0.58667480	0.32034309	0.32046545	0.58734803	0.58656896	0.32041113	0.32045542	59919	48713	0
59919	48717	-0.00005669	0.00625509	0.50131268	0.00632388	0.50028072	0.58734852	0.58658055	0.32040398	0.32056282	0.58749117	0.58663117	0.32045731	0.32046462	59919	48716	0
59919	48721	-0.00093876	0.00626850	0.49881005	0.00632944	0.50092700	0.58743941	0.58658055	0.32038615	0.32049996	0.58757113	0.58679058	0.32051113	0.32044531	59919	48719	0
59919	48724	0.00110421	0.00628951	0.50149964	0.00629215	0.49659652	0.58745469	0.58672394	0.32043118	0.32052075	0.58742338	0.58658408	0.32033496	0.32040234	59919	48722	0
59919	48727	-0.00018671	0.00631491	0.49967917	0.00626290	0.50277738	0.58735181	0.58659090	0.32033907	0.32049938	0.58746849	0.58663905	0.32040793	0.32037473	59919	48726	0
59919	48731	0.00076335	0.00625973	0.50103735	0.00625323	0.49875721	0.58747195	0.58665590	0.32040184	0.32042609	0.58743102	0.58656551	0.32041450	0.32046265	59919	48729	0
59919	48734	0.00166298	0.00628784	0.50124625	0.00627558	0.49908715	0.58733694	0.58658704	0.32040825	0.32045575	0.58743883	0.58653322	0.32035591	0.32045222	59919	48732	0
59919	48737	-0.00014164	0.00628324	0.49850264	0.00631703	0.50283371	0.58736060	0.58658038	0.32038262	0.32048558	0.58750301	0.58672460	0.32050045	0.32049856	59919	48735	0
59919	48740	0.00016647	0.00629021	0.49962200	0.00629426	0.49888255	0.58742872	0.58665943	0.32047218	0.32047424	0.58757277	0.58672944	0.32043948	0.32055518	59919	48739	0
59919	49446	-0.00079232	0.00629140	0.49948676	0.00631069	0.50178784	0.58636041	0.58553820	0.31870196	0.31878898	0.58644480	0.58571323	0.31870040	0.31885842	59919	49445	0
59919	49449	0.00160129	0.00632969	0.50278260	0.00629831	0.49703796	0.58641719	0.58561512	0.31872686	0.31875735	0.58619130	0.58545192	0.31875858	0.31867789	59919	49448	0
59919	49453	-0.00049191	0.00632424	0.49694044	0.00628987	0.50196411	0.58633206	0.58557017	0.31866063	0.31874190	0.58638465	0.58553245	0.31868380	0.31870591	59919	49451	0
59919	49456	0.00152724	0.00631302	0.50222609	0.00628599	0.49738013	0.58622516	0.58550755	0.31860582	0.31866852	0.58629081	0.58542768	0.31870623	0.31868545	59919	49454	0
59919	49459	0.00037480	0.00626811	0.50032176	0.00629788	0.50308762	0.58634570	0.58545061	0.31870599	0.31870024	0.58638399	0.58558077	0.31874354	0.31883582	59919	49458	0
59919	49462	0.00231050	0.00623309	0.50123241	0.00627314	0.49658673	0.58603575	0.58543105	0.31863055	0.31863762	0.58613658	0.58536679	0.31853614	0.31865102	59919	49461	0
59919	49466	-0.00005613	0.00628153	0.49722182	0.00626294	0.50290174	0.58619171	0.58536277	0.31855463	0.31871232	0.58628391	0.58544831	0.31860179	0.31856137	59919	49464	0
59919	49469	-0.00000241	0.00626873	0.49972609	0.00627379	0.49959717	0.58639287	0.58548167	0.31868446	0.31877468	0.58625293	0.58542711	0.31858659	0.31864592	59919	49467	0
59919	49472	0.00070233	0.00628775	0.50245641	0.00629685	0.50076502	0.58615367	0.58541486	0.31848034	0.31855430	0.58619533	0.58535241	0.31843170	0.31856063	59919	49471	0
59919	49476	0.00058486	0.00632702	0.50143906	0.00627313	0.50172100	0.58626821	0.58544297	0.31855849	0.31852324	0.58627717	0.58544338	0.31848947	0.31866145	59919	49474	0
59919	49479	-0.00020485	0.00629440	0.50110422	0.00630149	0.50299952	0.58606098	0.58514394	0.31841987	0.31847344	0.58624940	0.58533598	0.31845528	0.31851929	59919	49477	0
59919	49482	0.00160967	0.00624985	0.50363673	0.00628375	0.49928188	0.58612425	0.58544773	0.31846736	0.31858355	0.58623157	0.58530295	0.31849464	0.31854247	59919	49480	0
59919	49485	-0.00049735	0.00631005	0.49855327	0.00632685	0.50361013	0.58613748	0.58530097	0.31848881	0.31848486	0.58615967	0.58543878	0.31845808	0.31852151	59919	49484	0
59919	49489	0.00128462	0.00626985	0.50234390	0.00629604	0.49806716	0.58626304	0.58528635	0.31842858	0.31841453	0.58624217	0.58551232	0.31843154	0.31858051	59919	49487	0
59919	49492	-0.00121800	0.00633171	0.49708836	0.00628300	0.50309466	0.58614734	0.58534370	0.31833728	0.31840023	0.58623691	0.58541807	0.31837048	0.31844887	59919	49490	0
59919	49495	0.00056085	0.00629898	0.50458597	0.00628985	0.50031673	0.58609861	0.58532521	0.31826563	0.31847180	0.58623732	0.58543869	0.31840960	0.31848470	59919	49494	0
59919	49498	0.00033653	0.00633771	0.50061514	0.00633752	0.50115350	0.58620585	0.58531182	0.31843515	0.31845421	0.58611414	0.58538183	0.31834912	0.31845306	59919	49497	0
59919	49502	0.00042139	0.00628878	0.50153274	0.00626197	0.50132908	0.58607774	0.58542933	0.31830327	0.31844624	0.58622540	0.58544321	0.31833367	0.31842932	59919	49500	0
59919	49505	0.00012532	0.00627488	0.49997203	0.00625062	0.50068260	0.58613986	0.58534157	0.31835947	0.31841190	0.58606969	0.58530352	0.31835060	0.31840491	59919	49503	0
59919	49508	0.00004126	0.00626054	0.50112174	0.00631824	0.50132349	0.58609927	0.58541182	0.31835372	0.31849653	0.58619360	0.58542398	0.31841535	0.31854337	59919	49507	0
59919	49511	-0.00018275	0.00627697	0.49968168	0.00628936	0.50021929	0.58615449	0.58525496	0.31837517	0.31840557	0.58610667	0.58526161	0.31827286	0.31835931	59919	49510	0
59919	49515	0.00069145	0.00628436	0.50195851	0.00629738	0.49986044	0.58602137	0.58534765	0.31834419	0.31835750	0.58615326	0.58535093	0.31836457	0.31841707	59919	49513	0
59919	49518	-0.00015099	0.00628653	0.49857427	0.00627528	0.50059612	0.58611036	0.58539062	0.31830713	0.31837747	0.58618728	0.58534247	0.31832972	0.31840401	59919	49516	0
59919	49521	-0.00043012	0.00632929	0.50065594	0.00632185	0.50132585	0.58637701	0.58554371	0.31846958	0.31850672	0.58618078	0.58535948	0.31830351	0.31836802	59919	49520	0
59919	49525	-0.00074585	0.00626211	0.50247303	0.00630975	0.50323079	0.58623641	0.58529358	0.31836399	0.31844361	0.58611012	0.58546885	0.31828215	0.31839193	59919	49523	0
59919	49528	0.00208142	0.00626933	0.50394104	0.00625604	0.49715559	0.58618695	0.58533779	0.31834484	0.31837377	0.58623452	0.58521091	0.31837779	0.31834156	59919	49526	0
59919	49531	0.00012791	0.00625430	0.49821244	0.00627556	0.50290088	0.58610667	0.58530525	0.31828568	0.31835520	0.58609754	0.58528109	0.31835676	0.31836621	59919	49529	0
59919	49534	0.00118267	0.00631282	0.50226260	0.00630144	0.49973117	0.58619147	0.58542620	0.31831600	0.31843433	0.58623469	0.58543935	0.31832956	0.31837443	59919	49533	0
59919	49538	-0.00007945	0.00628443	0.50094332	0.00631252	0.50397240	0.58613543	0.58534222	0.31833507	0.31833457	0.58632171	0.58540689	0.31831321	0.31836678	59919	49536	0
59919	49541	0.00131805	0.00623387	0.50313514	0.00623870	0.49978115	0.58629845	0.58536367	0.31829792	0.31840056	0.58625326	0.58542366	0.31830474	0.31836457	59919	49539	0
59919	50247	-0.00080569	0.00636739	0.49909825	0.00640032	0.50419521	0.58849235	0.58763711	0.32052962	0.32056027	0.58849145	0.58770375	0.32054696	0.32058418	59919	50245	0
59919	50250	0.00051087	0.00635393	0.50014205	0.00635265	0.49698232	0.58856836	0.58769126	0.32057063	0.32057063	0.58854732	0.58777130	0.32053110	0.32060547	59919	50248	0
59919	50253	0.00080055	0.00633298	0.50169228	0.00640082	0.50099703	0.58858964	0.58776333	0.32071040	0.32070029	0.58858340	0.58778181	0.32061434	0.32066529	59919	50252	0
59919	50256	-0.00049423	0.00637648	0.49974593	0.00628202	0.50285342	0.58863730	0.58776259	0.32071500	0.32065666	0.58862070	0.58783169	0.32068879	0.32077934	59919	50255	0
59919	50260	0.00151496	0.00633815	0.50462660	0.00635406	0.49980452	0.58859811	0.58778781	0.32062691	0.32071993	0.58859860	0.58785141	0.32062100	0.32070728	59919	50258	0
59919	50263	0.00065510	0.00641432	0.50058960	0.00636630	0.50265327	0.58862826	0.58782676	0.32071171	0.32074006	0.58876524	0.58784599	0.32070374	0.32075214	59919	50261	0
59919	50266	-0.00022697	0.00631535	0.50166421	0.00632663	0.50378118	0.58874938	0.58802701	0.32063340	0.32075148	0.58869170	0.58788839	0.32070407	0.32071221	59919	50265	0
59919	50270	0.00066770	0.00632966	0.50168616	0.00635832	0.49953895	0.58873057	0.58789373	0.32064581	0.32080564	0.58878595	0.58784558	0.32072363	0.32071393	59919	50268	0
59919	50273	0.00051190	0.00633116	0.50123954	0.00632551	0.50161347	0.58876648	0.58801296	0.32074672	0.32076126	0.58882293	0.58790450	0.32075674	0.32085765	59919	50271	0
59919	50276	0.00000543	0.00631091	0.49968183	0.00638107	0.50089735	0.58876886	0.58807640	0.32079380	0.32100507	0.58884125	0.58808486	0.32083579	0.32094270	59919	50274	0
59919	50279	0.00119350	0.00636426	0.50134594	0.00640894	0.49849457	0.58871931	0.58792003	0.32084113	0.32082338	0.58878176	0.58780901	0.32078674	0.32079865	59919	50278	0
59919	50283	0.00061283	0.00631066	0.50212561	0.00632450	0.50351922	0.58872268	0.58783177	0.32073308	0.32078427	0.58884018	0.58814329	0.32085962	0.32096727	59919	50281	0
59919	50286	-0.00174645	0.00632387	0.49792026	0.00632191	0.50358253	0.58876064	0.58799710	0.32071689	0.32082823	0.58883460	0.58791403	0.32074540	0.32075379	59919	50284	0
59919	50289	-0.00087187	0.00633701	0.50058071	0.00637093	0.49848172	0.58867091	0.58791625	0.32072075	0.32081722	0.58860953	0.58780745	0.32066512	0.32066545	59919	50287	0
59919	50292	0.00042308	0.00634285	0.50277398	0.00635823	0.49966611	0.58879466	0.58786210	0.32078057	0.32084294	0.58865102	0.58786366	0.32072535	0.32072215	59919	50291	0
59919	50296	-0.00024269	0.00627848	0.50012256	0.00631159	0.50172041	0.58867362	0.58788576	0.32067326	0.32078608	0.58867863	0.58798782	0.32075033	0.32083998	59919	50294	0
59919	50299	0.00192404	0.00634142	0.50319159	0.00633684	0.49799142	0.58872276	0.58786982	0.32074836	0.32085929	0.58864782	0.58781263	0.32063234	0.32087992	59919	50297	0
59919	50302	0.00085862	0.00629278	0.50036829	0.00632875	0.50292532	0.58870912	0.58788486	0.32076899	0.32080925	0.58867296	0.58791929	0.32073949	0.32080120	59919	50301	0
59919	50305	-0.00030730	0.00633901	0.49803774	0.00634259	0.50083595	0.58869786	0.58773736	0.32069191	0.32067202	0.58864848	0.58773153	0.32071804	0.32067449	59919	50304	0
59919	50309	0.00151165	0.00633529	0.50299441	0.00631784	0.49862893	0.58866056	0.58785314	0.32070226	0.32078074	0.58863418	0.58788009	0.32066258	0.32074228	59919	50307	0
59919	50312	0.00042017	0.00629733	0.50024354	0.00631076	0.50286308	0.58862276	0.58782578	0.32066003	0.32073817	0.58857995	0.58779200	0.32064318	0.32070859	59919	50310	0
59919	50315	-0.00108121	0.00632717	0.49980239	0.00633359	0.50340571	0.58857781	0.58774254	0.32061508	0.32062478	0.58862103	0.58783375	0.32064910	0.32075042	59919	50314	0
59919	50318	0.00213270	0.00631502	0.50438278	0.00633803	0.49666939	0.58865620	0.58789094	0.32065329	0.32071081	0.58868521	0.58784024	0.32067408	0.32071360	59919	50317	0
59919	50322	-0.00076311	0.00635096	0.49889977	0.00635862	0.50584971	0.58857995	0.58786440	0.32068739	0.32079775	0.58866803	0.58782134	0.32077983	0.32075321	59919	50320	0
59919	50325	0.00185177	0.00635762	0.50456332	0.00635996	0.49828762	0.58851109	0.58778469	0.32058353	0.32069010	0.58857469	0.58775823	0.32065124	0.32067671	59919	50323	0
59919	50328	0.00235966	0.00634847	0.50223877	0.00636087	0.50101982	0.58861610	0.58780819	0.32062888	0.32074828	0.58855447	0.58771164	0.32066874	0.32069002	59919	50327	0
59919	50332	-0.00121732	0.00635013	0.49626088	0.00632638	0.50484562	0.58855603	0.58768239	0.32064285	0.32063012	0.58848068	0.58770868	0.32051154	0.32062905	59919	50330	0
59919	50335	0.00051336	0.00634936	0.50287363	0.00632436	0.49872000	0.58861659	0.58770153	0.32061294	0.32059996	0.58873804	0.58782142	0.32068246	0.32059971	59919	50333	0
59919	50338	-0.00042058	0.00629883	0.50041099	0.00636457	0.50265244	0.58857099	0.58782783	0.32055427	0.32066857	0.58844149	0.58777195	0.32042058	0.32050628	59919	50336	0
59919	50341	0.00017666	0.00636505	0.50176431	0.00636269	0.50033093	0.58853237	0.58781534	0.32047539	0.32059413	0.58853993	0.58777738	0.32048048	0.32050859	59919	50340	0
59919	51047	0.00050630	0.00631850	0.50364143	0.00633212	0.50285031	0.58844321	0.58768337	0.31945679	0.31959771	0.58848274	0.58762815	0.31953609	0.31951751	59919	51046	0
59919	51050	-0.00078695	0.00633992	0.50078886	0.00634599	0.50389266	0.58852251	0.58767220	0.31948465	0.31962861	0.58846515	0.58757556	0.31944775	0.31949114	59919	51049	0
59919	51054	0.00157985	0.00635569	0.50472114	0.00635456	0.49904083	0.58838331	0.58753735	0.31943912	0.31954792	0.58830180	0.58761632	0.31943608	0.31960117	59919	51052	0
59919	51057	-0.00026526	0.00638829	0.49982692	0.00642443	0.50425519	0.58827221	0.58744976	0.31950420	0.31946525	0.58837633	0.58762035	0.31943731	0.31951193	59919	51055	0
59919	51060	0.00144927	0.00638285	0.50323473	0.00640610	0.49911986	0.58847625	0.58770055	0.31939146	0.31957397	0.58839720	0.58756028	0.31947372	0.31955844	59919	51059	0
59919	51063	0.00041001	0.00635884	0.50213354	0.00634582	0.50462775	0.58829309	0.58739873	0.31947980	0.31944183	0.58827714	0.58752963	0.31940535	0.31949623	59919	51062	0
59919	51067	0.00027099	0.00632584	0.50105145	0.00634094	0.50138510	0.58830319	0.58749635	0.31945893	0.31953222	0.58832604	0.58749898	0.31949977	0.31954742	59919	51065	0
59919	51070	0.00116895	0.00636265	0.50239392	0.00637374	0.50023882	0.58834855	0.58749158	0.31951127	0.31951045	0.58828733	0.58754187	0.31951793	0.31953937	59919	51068	0
59919	51073	0.00084723	0.00632293	0.50136383	0.00634390	0.50213598	0.58830582	0.58758279	0.31938875	0.31957183	0.58828742	0.58745239	0.31948473	0.31953682	59919	51072	0
59919	51077	0.00034440	0.00632630	0.50084485	0.00631472	0.50205164	0.58828405	0.58750711	0.31945408	0.31948423	0.58821256	0.58742659	0.31939163	0.31951324	59919	51075	0
59919	51080	0.00073410	0.00631348	0.50235374	0.00632280	0.50141845	0.58827903	0.58748665	0.31944414	0.31953625	0.58839005	0.58750186	0.31942671	0.31951488	59919	51078	0
59919	51083	-0.00081758	0.00633584	0.50021638	0.00631995	0.50394042	0.58824033	0.58747844	0.31933781	0.31941825	0.58839802	0.58748115	0.31948711	0.31954915	59919	51081	0
59919	51086	0.00140894	0.00636562	0.50409520	0.00634998	0.49875156	0.58827016	0.58743595	0.31939730	0.31950856	0.58826802	0.58750260	0.31937125	0.31948785	59919	51085	0
59919	51090	-0.00020281	0.00630480	0.50200847	0.00629842	0.50587666	0.58844650	0.58749306	0.31947158	0.31949705	0.58834707	0.58745321	0.31945178	0.31941751	59919	51088	0
59919	51093	0.00158395	0.00631920	0.50455804	0.00637272	0.50026980	0.58818314	0.58745872	0.31930822	0.31934865	0.58843220	0.58747548	0.31944405	0.31955449	59919	51091	0
59919	51096	0.00028601	0.00633680	0.50142387	0.00630740	0.50453894	0.58824658	0.58746471	0.31945638	0.31953124	0.58819916	0.58730423	0.31943115	0.31948884	59919	51094	0
59919	51099	-0.00173483	0.00629330	0.49867947	0.00634755	0.50352949	0.58823088	0.58746973	0.31947626	0.31952475	0.58824148	0.58749873	0.31947429	0.31949114	59919	51098	0
59919	51103	0.00000292	0.00631139	0.50452149	0.00630038	0.50035089	0.58823992	0.58731122	0.31936714	0.31941981	0.58820056	0.58727441	0.31930239	0.31933937	59919	51101	0
59919	51106	0.00104873	0.00634168	0.50423012	0.00631722	0.50172017	0.58820360	0.58747433	0.31934594	0.31948728	0.58811929	0.58743637	0.31929680	0.31938538	59919	51104	0
59919	51109	0.00105547	0.00630666	0.50112423	0.00630687	0.50110803	0.58805068	0.58731286	0.31926073	0.31929721	0.58813030	0.58739199	0.31932942	0.31943370	59919	51108	0
59919	51112	0.00296314	0.00628736	0.50426249	0.00637168	0.49968409	0.58813302	0.58732995	0.31922843	0.31936903	0.58822365	0.58741048	0.31927042	0.31929803	59919	51111	0
59919	51116	-0.00128518	0.00636843	0.49803055	0.00637957	0.50822652	0.58811987	0.58729166	0.31921274	0.31929212	0.58816194	0.58724400	0.31920173	0.31923715	59919	51114	0
59919	51119	0.00009703	0.00634302	0.50231635	0.00637006	0.49899904	0.58806013	0.58736660	0.31922581	0.31928439	0.58816745	0.58739347	0.31923057	0.31926344	59919	51117	0
59919	51122	0.00131627	0.00629430	0.50312410	0.00632923	0.50019791	0.58813425	0.58738764	0.31924405	0.31938859	0.58821272	0.58733529	0.31925498	0.31923493	59919	51121	0
59919	51126	-0.00050627	0.00636853	0.49887752	0.00629916	0.50325161	0.58818700	0.58734935	0.31914692	0.31926697	0.58809612	0.58726208	0.31921290	0.31930083	59919	51124	0
59919	51129	0.00027468	0.00629775	0.50235596	0.00633653	0.50048168	0.58796769	0.58717186	0.31921060	0.31918373	0.58807829	0.58719684	0.31921216	0.31933879	59919	51127	0
59919	51132	0.00131778	0.00633359	0.50317763	0.00634088	0.50067418	0.58793564	0.58715805	0.31923558	0.31927609	0.58804493	0.58716224	0.31915941	0.31928637	59919	51130	0
59919	51135	0.00013568	0.00628960	0.50270235	0.00634665	0.50553940	0.58798897	0.58716027	0.31912958	0.31921052	0.58796793	0.58714687	0.31913164	0.31920280	59919	51134	0
59919	51139	0.00167871	0.00633997	0.50389558	0.00631723	0.50019231	0.58797377	0.58715476	0.31913813	0.31915958	0.58803383	0.58713282	0.31913180	0.31924388	59919	51137	0
59919	51142	0.00182182	0.00631272	0.50347398	0.00634596	0.50313052	0.58809752	0.58730012	0.31905407	0.31917700	0.58807295	0.58722395	0.31914092	0.31916352	59919	51140	0
59919	51848	0.00041647	0.00634924	0.49951836	0.00631308	0.50289119	0.58823557	0.58734713	0.31903804	0.31908102	0.58821363	0.58752988	0.31900789	0.31906417	59919	51846	0
59919	51851	0.00105535	0.00632372	0.50268231	0.00629369	0.50114900	0.58819021	0.58727482	0.31894634	0.31902366	0.58814156	0.58726676	0.31897666	0.31901265	59919	51849	0
59919	51854	-0.00039668	0.00635509	0.50061397	0.00630582	0.50409885	0.58809965	0.58728920	0.31901832	0.31899507	0.58815035	0.58729199	0.31890016	0.31905620	59919	51853	0
59919	51857	0.00030252	0.00631125	0.50201501	0.00629298	0.50033694	0.58808256	0.58733283	0.31905481	0.31910017	0.58809752	0.58736693	0.31903591	0.31915900	59919	51856	0
59919	51861	-0.00046341	0.00633123	0.50243461	0.00634830	0.50427282	0.58805076	0.58719437	0.31891955	0.31902629	0.58810836	0.58732363	0.31895842	0.31905456	59919	51859	0
59919	51864	0.00023059	0.00631294	0.50192466	0.00630047	0.50025907	0.58814238	0.58739388	0.31891265	0.31905735	0.58811001	0.58729807	0.31888019	0.31898397	59919	51862	0
59919	51867	0.00101665	0.00633488	0.50493511	0.00631549	0.50304856	0.58813113	0.58722740	0.31879408	0.31891101	0.58812636	0.58728262	0.31882415	0.31896951	59919	51866	0
59919	51870	-0.00093607	0.00632873	0.49985697	0.00631228	0.50454351	0.58828355	0.58736866	0.31894461	0.31900164	0.58816473	0.58743702	0.31893114	0.31904659	59919	51869	0
59919	51874	0.00113453	0.00631806	0.50301272	0.00632416	0.49804327	0.58816021	0.58731015	0.31888603	0.31895628	0.58819497	0.58742272	0.31893705	0.31903648	59919	51872	0
59919	51877	-0.00084277	0.00637343	0.49858133	0.00633651	0.50332685	0.58813507	0.58742207	0.31891758	0.31891816	0.58813310	0.58733505	0.31893911	0.31893796	59919	51875	0
59919	51880	0.00083384	0.00635467	0.50406837	0.00632236	0.50004451	0.58813975	0.58737433	0.31888808	0.31898923	0.58816613	0.58731886	0.31896286	0.31898833	59919	51879	0
59919	51884	0.00144802	0.00633534	0.50348233	0.00636263	0.50200829	0.58818733	0.58737975	0.31899975	0.31906434	0.58816868	0.58733833	0.31895941	0.31891635	59919	51882	0
59919	51887	0.00123781	0.00632360	0.50129456	0.00630600	0.50179907	0.58812973	0.58734458	0.31888496	0.31901725	0.58821404	0.58740703	0.31907806	0.31905152	59919	51885	0
59919	51890	0.00125655	0.00630956	0.50189912	0.00632081	0.50185414	0.58815660	0.58718032	0.31897083	0.31903131	0.58806350	0.58720596	0.31892177	0.31897872	59919	51888	0
59919	51893	0.00007636	0.00634480	0.50220198	0.00632479	0.50503445	0.58811929	0.58728517	0.31892818	0.31902251	0.58812381	0.58724088	0.31890328	0.31887197	59919	51892	0
59919	51897	0.00060581	0.00632199	0.50271606	0.00636417	0.50144538	0.58816153	0.58727120	0.31894881	0.31899301	0.58813942	0.58722592	0.31891166	0.31892596	59919	51895	0
59919	51900	0.00185422	0.00627924	0.50265316	0.00628468	0.49965697	0.58818314	0.58735173	0.31896647	0.31905431	0.58829292	0.58731902	0.31910066	0.31909006	59919	51898	0
59919	51903	0.00097839	0.00630958	0.50120341	0.00632294	0.50330540	0.58809653	0.58724803	0.31894149	0.31900213	0.58808330	0.58729092	0.31902851	0.31901701	59919	51901	0
59919	51906	-0.00053243	0.00639804	0.49959061	0.00635961	0.50321657	0.58820524	0.58733373	0.31901331	0.31899597	0.58805939	0.58724523	0.31896376	0.31899400	59919	51905	0
59919	51910	0.00110391	0.00636845	0.50346681	0.00633180	0.49953961	0.58808363	0.58730333	0.31901027	0.31909877	0.58811157	0.58728895	0.31896088	0.31894996	59919	51908	0
59919	51913	0.00003309	0.00633453	0.50284741	0.00634156	0.50541738	0.58815454	0.58737178	0.31898323	0.31904462	0.58815076	0.58726109	0.31909211	0.31900139	59919	51911	0
59919	51916	0.00060012	0.00634340	0.50211646	0.00634941	0.50075559	0.58820138	0.58733784	0.31903221	0.31903952	0.58832456	0.58741212	0.31905711	0.31913607	59919	51915	0
59919	51919	0.00131379	0.00630356	0.50460741	0.00631420	0.50289458	0.58821445	0.58744261	0.31896803	0.31916492	0.58810327	0.58729651	0.31893434	0.31906491	59919	51918	0
59919	51923	-0.00037860	0.00630166	0.49934416	0.00635447	0.50340590	0.58829021	0.58738780	0.31902358	0.31904790	0.58841486	0.58757565	0.31905283	0.31910682	59919	51921	0
59919	51926	-0.00088711	0.00637753	0.50096717	0.00633318	0.50218760	0.58810327	0.58733735	0.31889490	0.31895842	0.58817377	0.58740284	0.31891265	0.31900485	59919	51924	0
59919	51929	0.00180573	0.00632287	0.50652089	0.00628948	0.50005806	0.58821124	0.58743217	0.31892341	0.31909302	0.58806769	0.58736069	0.31893475	0.31898907	59919	51928	0
59919	51932	0.00050184	0.00632914	0.50148220	0.00638734	0.50461155	0.58816317	0.58727399	0.31899441	0.31906606	0.58813663	0.58736742	0.31894240	0.31900476	59919	51931	0
59919	51936	0.00131761	0.00630216	0.50221193	0.00632741	0.50025407	0.58825356	0.58729963	0.31900731	0.31905555	0.58818117	0.58733225	0.31898134	0.31904642	59919	51934	0
59919	51939	-0.00043632	0.00634170	0.50129579	0.00632247	0.50550522	0.58827476	0.58733242	0.31903919	0.31910699	0.58817813	0.58731155	0.31903747	0.31906163	59919	51937	0
59919	51942	0.00050271	0.00634474	0.50282185	0.00633497	0.50056819	0.58822053	0.58727514	0.31903845	0.31905998	0.58810877	0.58739290	0.31904034	0.31904790	59919	51941	0
59919	52648	0.00077284	0.00631841	0.50187253	0.00634196	0.50122421	0.58846014	0.58781608	0.31907699	0.31925415	0.58854083	0.58772709	0.31916319	0.31917198	59919	52647	0
59919	52651	-0.00033142	0.00637701	0.49913981	0.00633789	0.50179002	0.58850402	0.58761591	0.31917445	0.31925465	0.58849671	0.58764081	0.31907568	0.31916163	59919	52650	0
59919	52655	0.00106883	0.00635454	0.50479699	0.00635585	0.50143641	0.58852374	0.58775774	0.31909688	0.31918603	0.58847838	0.58768830	0.31912884	0.31910633	59919	52653	0
59919	52658	0.00126163	0.00639068	0.50114545	0.00632662	0.50068272	0.58848841	0.58765445	0.31911939	0.31911422	0.58847271	0.58777705	0.31913344	0.31913837	59919	52656	0
59919	52661	0.00029329	0.00634187	0.50155956	0.00632780	0.50388359	0.58851100	0.58758781	0.31903352	0.31910090	0.58820023	0.58756636	0.31901783	0.31906886	59919	52660	0
59919	52664	-0.00001747	0.00630241	0.49919952	0.00633655	0.49994533	0.58832784	0.58764779	0.31908332	0.31918406	0.58849621	0.58766102	0.31917880	0.31921792	59919	52663	0
59919	52668	0.00058411	0.00635218	0.50284079	0.00634463	0.50139699	0.58848019	0.58751656	0.31913714	0.31915900	0.58848159	0.58760786	0.31916138	0.31918538	59919	52666	0
59919	52671	0.00090457	0.00634291	0.49954094	0.00633971	0.49877183	0.58837222	0.58759980	0.31895908	0.31913854	0.58824929	0.58758584	0.31899704	0.31903796	59919	52669	0
59919	52674	-0.00052099	0.00635932	0.50090740	0.00633804	0.50432875	0.58851643	0.58758551	0.31901430	0.31906738	0.58833672	0.58757293	0.31905020	0.31902169	59919	52673	0
59919	52678	0.00082182	0.00630183	0.50182452	0.00632324	0.49860178	0.58828413	0.58740933	0.31897970	0.31896647	0.58838676	0.58758468	0.31909474	0.31917642	59919	52676	0
59919	52681	0.00074785	0.00630825	0.50261621	0.00633799	0.50279374	0.58822201	0.58736093	0.31890451	0.31894503	0.58819390	0.58738829	0.31897666	0.31897214	59919	52679	0
59919	52684	0.00087782	0.00634676	0.50150398	0.00633251	0.50119204	0.58823228	0.58724638	0.31892785	0.31887912	0.58823450	0.58728607	0.31895867	0.31892267	59919	52682	0
59919	52687	-0.00003775	0.00637131	0.50077620	0.00634043	0.50297358	0.58818840	0.58743834	0.31893040	0.31902974	0.58836638	0.58740481	0.31892029	0.31900107	59919	52686	0
59919	52691	0.00050680	0.00633692	0.50023709	0.00631632	0.49893016	0.58834288	0.58743070	0.31892530	0.31896130	0.58840262	0.58755625	0.31895604	0.31897962	59919	52689	0
59919	52694	0.00091018	0.00635955	0.50238035	0.00633779	0.50141224	0.58831807	0.58756710	0.31896343	0.31898208	0.58840813	0.58762643	0.31896754	0.31906286	59919	52692	0
59919	52697	0.00245695	0.00634060	0.50255180	0.00635572	0.49883957	0.58845069	0.58759446	0.31902062	0.31912588	0.58842587	0.58767622	0.31904618	0.31915029	59919	52695	0
59919	52700	-0.00013572	0.00630056	0.49913172	0.00632348	0.50535412	0.58832086	0.58756907	0.31896524	0.31908743	0.58819694	0.58740095	0.31891158	0.31895382	59919	52699	0
59919	52704	0.00076472	0.00634091	0.50250658	0.00633682	0.50034551	0.58824428	0.58752988	0.31894215	0.31897789	0.58824863	0.58736652	0.31888939	0.31892966	59919	52702	0
59919	52707	0.00005801	0.00635928	0.50102964	0.00634413	0.50272575	0.58826186	0.58752388	0.31894083	0.31903648	0.58837501	0.58759298	0.31897526	0.31911496	59919	52705	0
59919	52710	0.00007305	0.00637205	0.50117020	0.00635753	0.50113410	0.58838002	0.58761887	0.31909351	0.31911980	0.58849884	0.58761772	0.31904988	0.31902736	59919	52709	0
59919	52713	-0.00069728	0.00636901	0.49857286	0.00636166	0.50042166	0.58852514	0.58773892	0.31910501	0.31913049	0.58852218	0.58754220	0.31907765	0.31910205	59919	52712	0
59919	52717	0.00104963	0.00636615	0.50452519	0.00637496	0.50033261	0.58847066	0.58772199	0.31912851	0.31925268	0.58853426	0.58782652	0.31917207	0.31921742	59919	52715	0
59919	52720	0.00050661	0.00635532	0.49890389	0.00631699	0.50020714	0.58836877	0.58751213	0.31911997	0.31909877	0.58849383	0.58756759	0.31917461	0.31926738	59919	52718	0
59919	52723	-0.00003822	0.00634239	0.50225154	0.00634227	0.50355912	0.58846269	0.58775544	0.31927330	0.31931776	0.58829259	0.58761690	0.31915752	0.31926730	59919	52722	0
59919	52726	0.00039073	0.00630898	0.49942020	0.00632114	0.49839072	0.58830336	0.58759224	0.31923000	0.31923328	0.58844905	0.58775445	0.31924659	0.31935539	59919	52725	0
59919	52730	0.00031794	0.00634219	0.50202099	0.00632330	0.50219570	0.58851865	0.58768871	0.31931808	0.31931398	0.58858521	0.58775322	0.31942080	0.31942721	59919	52728	0
59919	52733	0.00137657	0.00635460	0.50229092	0.00633387	0.49975019	0.58865439	0.58774393	0.31929795	0.31944948	0.58862580	0.58781583	0.31943008	0.31939615	59919	52731	0
59919	52736	0.00038445	0.00632734	0.50130263	0.00637847	0.50368372	0.58861290	0.58781624	0.31938719	0.31952203	0.58867757	0.58787286	0.31938210	0.31948867	59919	52735	0
59919	52740	0.00099097	0.00637302	0.50243979	0.00637092	0.50098417	0.58866253	0.58789061	0.31944570	0.31947733	0.58876418	0.58781320	0.31941768	0.31938793	59919	52738	0
59919	52743	0.00064061	0.00639113	0.50204588	0.00638319	0.50288672	0.58854650	0.58791025	0.31937519	0.31943978	0.58860706	0.58773966	0.31936829	0.31931529	59919	52741	0
59919	53449	0.00038803	0.00634768	0.50099968	0.00635546	0.50160587	0.58902581	0.58817123	0.31973190	0.31982204	0.58904085	0.58824124	0.31970306	0.31988351	59919	53447	0
59919	53452	0.00025614	0.00637663	0.50386261	0.00630223	0.50417915	0.58899779	0.58817731	0.31970971	0.31976559	0.58893558	0.58819267	0.31972253	0.31979098	59919	53450	0
59919	53455	0.00062454	0.00634275	0.50173165	0.00632205	0.50084750	0.58905572	0.58818125	0.31974505	0.31980577	0.58900609	0.58821042	0.31972763	0.31987422	59919	53454	0
59919	53458	0.00022246	0.00636456	0.50283966	0.00633815	0.50380464	0.58897100	0.58824896	0.31977972	0.31979287	0.58912926	0.58828889	0.31977792	0.31976378	59919	53457	0
59919	53462	0.00083410	0.00636851	0.50165161	0.00634579	0.50018367	0.58906895	0.58824592	0.31976921	0.31993092	0.58883608	0.58805421	0.31965573	0.31977824	59919	53460	0
59919	53465	-0.00070555	0.00639321	0.50067843	0.00632978	0.50437361	0.58892285	0.58817287	0.31972360	0.31980577	0.58903674	0.58831757	0.31974414	0.31990232	59919	53463	0
59919	53468	0.00048593	0.00640382	0.50117595	0.00634857	0.49831639	0.58896393	0.58824066	0.31974077	0.31978145	0.58899943	0.58812866	0.31976510	0.31976945	59919	53467	0
59919	53471	0.00073591	0.00636732	0.50333399	0.00637783	0.50273403	0.58906427	0.58827106	0.31973009	0.31983034	0.58908883	0.58816252	0.31968095	0.31972467	59919	53470	0
59919	53475	0.00003266	0.00635991	0.50138149	0.00636600	0.50306929	0.58877823	0.58807714	0.31956411	0.31971358	0.58886722	0.58800943	0.31966090	0.31965022	59919	53473	0
59919	53478	0.00024727	0.00633606	0.50202424	0.00635212	0.50150918	0.58877173	0.58810048	0.31966271	0.31975984	0.58886911	0.58801083	0.31967783	0.31967208	59919	53476	0
59919	53481	0.00195997	0.00638685	0.50391587	0.00639096	0.49980539	0.58874018	0.58802956	0.31952877	0.31966255	0.58888102	0.58804156	0.31958703	0.31959402	59919	53480	0
59919	53485	-0.00098563	0.00635677	0.49705434	0.00638806	0.50412377	0.58885243	0.58794131	0.31957972	0.31958046	0.58883279	0.58801132	0.31951883	0.31963017	59919	53483	0
59919	53488	0.00041505	0.00632246	0.50435346	0.00638475	0.50099182	0.58889351	0.58798568	0.31961555	0.31963173	0.58894158	0.58815569	0.31960462	0.31965827	59919	53486	0
59919	53491	-0.00139542	0.00632498	0.49956354	0.00631368	0.50390867	0.58892646	0.58804969	0.31951842	0.31962269	0.58889425	0.58811157	0.31952639	0.31961193	59919	53489	0
59919	53494	0.00113472	0.00635903	0.50438450	0.00636776	0.49831217	0.58881274	0.58808667	0.31950979	0.31960388	0.58896952	0.58814797	0.31959582	0.31962376	59919	53493	0
59919	53498	0.00087095	0.00633760	0.50057340	0.00633049	0.50120644	0.58886845	0.58804353	0.31950256	0.31949607	0.58885933	0.58804739	0.31943830	0.31957331	59919	53496	0
59919	53501	0.00003317	0.00630845	0.50193905	0.00633045	0.50394972	0.58898275	0.58802718	0.31954981	0.31954948	0.58893690	0.58811461	0.31958637	0.31964365	59919	53499	0
59919	53504	-0.00018695	0.00634705	0.49861867	0.00635134	0.49914695	0.58885169	0.58803679	0.31954077	0.31971054	0.58892425	0.58809481	0.31961234	0.31965384	59919	53502	0
59919	53507	0.00013220	0.00636368	0.50361300	0.00636361	0.50284705	0.58889984	0.58821050	0.31958555	0.31962253	0.58873599	0.58799867	0.31941307	0.31955540	59919	53506	0
59919	53511	-0.00005720	0.00635918	0.50117025	0.00636741	0.50162480	0.58881077	0.58793999	0.31948251	0.31951908	0.58874708	0.58793753	0.31953206	0.31956419	59919	53509	0
59919	53514	0.00017829	0.00637567	0.50236274	0.00634234	0.50179757	0.58871553	0.58782002	0.31940001	0.31948078	0.58874832	0.58792865	0.31937971	0.31952803	59919	53512	0
59919	53517	0.00138144	0.00637393	0.50284708	0.00636606	0.49995953	0.58868669	0.58794575	0.31946805	0.31956049	0.58868751	0.58784262	0.31935120	0.31951184	59919	53516	0
59919	53520	0.00104365	0.00635929	0.50224090	0.00639108	0.50305159	0.58889820	0.58804304	0.31948859	0.31956632	0.58898530	0.58824296	0.31963255	0.31961226	59919	53519	0
59919	53524	0.00107234	0.00635006	0.49971796	0.00637801	0.49964911	0.58885629	0.58813104	0.31945243	0.31965326	0.58891890	0.58807533	0.31954332	0.31960445	59919	53522	0
59919	53527	-0.00060649	0.00631555	0.50086633	0.00633106	0.50489552	0.58894660	0.58815224	0.31960955	0.31963255	0.58876812	0.58803285	0.31945925	0.31954652	59919	53525	0
59919	53530	-0.00022803	0.00633227	0.50040467	0.00633273	0.49949634	0.58889253	0.58813433	0.31950445	0.31957216	0.58885859	0.58808971	0.31951554	0.31955515	59919	53529	0
59919	53533	0.00091364	0.00633619	0.50388804	0.00632897	0.50114805	0.58889335	0.58812529	0.31949516	0.31963527	0.58895695	0.58807780	0.31954997	0.31959303	59919	53532	0
59919	53537	0.00001484	0.00632713	0.49750574	0.00631163	0.49966286	0.58883944	0.58792167	0.31945178	0.31960593	0.58890814	0.58805446	0.31945556	0.31957577	59919	53535	0
59919	53540	0.00094670	0.00637854	0.50422371	0.00638540	0.50198724	0.58871019	0.58793400	0.31940346	0.31945589	0.58869597	0.58797582	0.31938957	0.31947273	59919	53538	0
59919	53543	0.00211588	0.00634525	0.50213993	0.00631072	0.49933390	0.58873476	0.58798683	0.31940888	0.31945778	0.58874174	0.58807476	0.31939976	0.31953452	59919	53542	0
59919	54249	0.00102452	0.00633180	0.50086255	0.00635044	0.50348182	0.58816523	0.58719642	0.31905357	0.31907642	0.58796654	0.58715082	0.31890049	0.31903837	59919	54247	0
59919	54252	0.00066743	0.00634430	0.50272309	0.00631796	0.50358009	0.58809579	0.58723431	0.31914503	0.31915062	0.58816564	0.58738723	0.31926697	0.31931595	59919	54251	0
59919	54256	0.00156906	0.00631070	0.50343682	0.00629690	0.50127291	0.58815758	0.58737794	0.31919565	0.31932047	0.58838906	0.58760720	0.31950313	0.31951152	59919	54254	0
59919	54259	0.00089802	0.00634166	0.50205355	0.00628801	0.50366405	0.58845718	0.58761205	0.31952573	0.31959550	0.58854560	0.58774944	0.31968662	0.31976584	59919	54257	0
59919	54262	-0.00053244	0.00629793	0.49927227	0.00634698	0.50270537	0.58863960	0.58788897	0.31981078	0.31993692	0.58871282	0.58794057	0.31980125	0.31995401	59919	54261	0
59919	54265	0.00113792	0.00632107	0.50284880	0.00627985	0.49883994	0.58873131	0.58790573	0.31994924	0.32001786	0.58881939	0.58804674	0.32009584	0.32013462	59919	54264	0
59919	54269	-0.00000316	0.00635097	0.50155293	0.00630419	0.50429151	0.58888735	0.58829087	0.32018335	0.32032222	0.58885243	0.58814937	0.32029116	0.32039379	59919	54267	0
59919	54272	0.00070019	0.00629325	0.50024631	0.00634678	0.49855828	0.58902080	0.58825767	0.32046528	0.32052929	0.58896656	0.58818651	0.32041820	0.32050464	59919	54270	0
59919	54275	0.00142660	0.00635265	0.50294794	0.00631585	0.50120456	0.58920256	0.58847534	0.32051130	0.32059676	0.58923880	0.58842374	0.32054573	0.32066077	59919	54274	0
59919	54278	0.00078272	0.00634337	0.50202398	0.00636980	0.50356928	0.58914874	0.58837460	0.32056865	0.32064244	0.58918111	0.58843516	0.32065313	0.32071171	59919	54277	0
59919	54282	-0.00101972	0.00636545	0.49899160	0.00634157	0.50331746	0.58914800	0.58834740	0.32053595	0.32058164	0.58920026	0.58837961	0.32051212	0.32059372	59919	54280	0
59919	54285	0.00055216	0.00641054	0.50195842	0.00637931	0.49818590	0.58913403	0.58839317	0.32043948	0.32050448	0.58892014	0.58819925	0.32040587	0.32048886	59919	54283	0
59919	54288	0.00024456	0.00637165	0.50182567	0.00638879	0.50256393	0.58907618	0.58816556	0.32039626	0.32039913	0.58883903	0.58799086	0.32022772	0.32031277	59919	54287	0
59919	54292	-0.00082566	0.00638624	0.50042286	0.00639830	0.50299138	0.58877979	0.58799636	0.32009050	0.32006330	0.58888562	0.58813836	0.31998828	0.32009485	59919	54290	0
59919	54295	0.00153127	0.00638715	0.50423886	0.00639491	0.49858224	0.58895563	0.58809234	0.32003503	0.32000183	0.58876245	0.58783942	0.31989296	0.31996445	59919	54293	0
59919	54298	0.00154713	0.00639485	0.50190848	0.00641783	0.50187041	0.58856639	0.58779792	0.31981728	0.31984415	0.58857009	0.58779217	0.31965712	0.31972976	59919	54296	0
59919	54301	0.00009530	0.00635326	0.49998583	0.00637023	0.50347023	0.58838586	0.58762043	0.31955778	0.31957635	0.58838076	0.58763760	0.31959804	0.31961670	59919	54300	0
59919	54305	0.00053582	0.00633549	0.50182079	0.00636514	0.50076353	0.58834173	0.58768189	0.31953543	0.31962179	0.58839933	0.58755535	0.31937979	0.31946221	59919	54303	0
59919	54308	0.00186959	0.00641011	0.50294921	0.00637443	0.49974817	0.58818355	0.58745255	0.31929089	0.31936928	0.58822497	0.58735156	0.31932334	0.31924372	59919	54306	0
59919	54311	-0.00106977	0.00639825	0.49796267	0.00636038	0.50501713	0.58810541	0.58734869	0.31915826	0.31916524	0.58812225	0.58735674	0.31920058	0.31926459	59919	54309	0
59919	54314	0.00080055	0.00634947	0.50324423	0.00633025	0.49875546	0.58822875	0.58734820	0.31911997	0.31912334	0.58805101	0.58710809	0.31914174	0.31913501	59919	54313	0
59919	54318	0.00104502	0.00630530	0.50131005	0.00634409	0.50072332	0.58810499	0.58736455	0.31903525	0.31919737	0.58807632	0.58727588	0.31906154	0.31907173	59919	54316	0
59919	54321	-0.00131050	0.00636811	0.49854479	0.00630480	0.50419804	0.58796202	0.58730062	0.31898866	0.31913320	0.58798281	0.58726430	0.31909597	0.31912243	59919	54319	0
59919	54324	0.00074424	0.00630233	0.50304215	0.00637789	0.49811077	0.58794525	0.58716783	0.31902194	0.31914897	0.58795331	0.58727703	0.31905719	0.31910173	59919	54323	0
59919	54327	0.00081455	0.00636974	0.50284147	0.00632365	0.50267273	0.58824649	0.58738427	0.31924577	0.31920880	0.58786029	0.58705772	0.31904174	0.31911241	59919	54326	0
59919	54331	-0.00064495	0.00631625	0.49962356	0.00633760	0.50312635	0.58776694	0.58704523	0.31900435	0.31914404	0.58788543	0.58715969	0.31905760	0.31916237	59919	54329	0
59919	54334	0.00109884	0.00631261	0.50344489	0.00631610	0.49925979	0.58803531	0.58707382	0.31902547	0.31909137	0.58795741	0.58702625	0.31910444	0.31906993	59919	54332	0
59919	54337	0.00012546	0.00630456	0.50159955	0.00629503	0.50393565	0.58800392	0.58715879	0.31907214	0.31908521	0.58788675	0.58721647	0.31898940	0.31923098	59919	54336	0
59919	54340	-0.00045423	0.00630785	0.50167557	0.00627516	0.50306684	0.58805249	0.58716964	0.31915144	0.31916434	0.58791740	0.58713208	0.31916870	0.31916944	59919	54339	0
59919	54344	0.00132057	0.00631634	0.50370460	0.00632230	0.49944508	0.58797500	0.58714104	0.31916155	0.31915958	0.58793293	0.58709585	0.31916188	0.31930584	59919	54342	0
59919	55050	0.00272589	0.00625303	0.50314787	0.00627540	0.49977510	0.58774747	0.58693734	0.32061853	0.32073061	0.58782799	0.58692263	0.32071673	0.32066545	59919	55048	0
59919	55053	0.00002695	0.00633130	0.49873023	0.00629426	0.50520769	0.58763037	0.58680940	0.32066307	0.32068279	0.58766792	0.58689223	0.32057884	0.32062905	59919	55051	0
59919	55056	0.00033808	0.00628998	0.50015970	0.00629000	0.49941297	0.58768691	0.58684884	0.32063940	0.32064885	0.58747885	0.58672484	0.32049955	0.32045263	59919	55054	0
59919	55059	0.00118214	0.00626731	0.50382825	0.00632042	0.50180251	0.58758378	0.58671169	0.32057251	0.32055025	0.58763925	0.58668959	0.32055929	0.32052699	59919	55058	0
59919	55063	0.00010881	0.00626845	0.50002260	0.00627324	0.50259858	0.58752643	0.58674218	0.32043110	0.32048771	0.58748657	0.58663412	0.32039774	0.32051943	59919	55061	0
59919	55066	0.00072564	0.00625540	0.50307915	0.00628804	0.50159878	0.58743423	0.58670142	0.32036807	0.32046282	0.58738074	0.58656724	0.32026265	0.32035057	59919	55064	0
59919	55069	-0.00034769	0.00630532	0.50026382	0.00625539	0.50283982	0.58732749	0.58650207	0.32033430	0.32040562	0.58719593	0.58647184	0.32029823	0.32036996	59919	55068	0
59919	55072	0.00030823	0.00630008	0.50364503	0.00626573	0.50207082	0.58723496	0.58631842	0.32019773	0.32021104	0.58725830	0.58653946	0.32026322	0.32029765	59919	55071	0
59919	55076	0.00086554	0.00629084	0.50314253	0.00628173	0.50180498	0.58716405	0.58640766	0.32018812	0.32020767	0.58724088	0.58635359	0.32017628	0.32020209	59919	55074	0
59919	55079	-0.00083997	0.00632530	0.50105180	0.00629873	0.50514503	0.58712945	0.58632113	0.32017267	0.32013339	0.58739446	0.58659575	0.32028155	0.32037506	59919	55077	0
59919	55082	-0.00035149	0.00633837	0.50188997	0.00625702	0.50071763	0.58705575	0.58626789	0.32002328	0.32003602	0.58691737	0.58612310	0.32001087	0.32001367	59919	55081	0
59919	55085	0.00141612	0.00627861	0.50592426	0.00626229	0.50168199	0.58688606	0.58601463	0.31990027	0.31995771	0.58683199	0.58592088	0.31994842	0.31998581	59919	55084	0
59919	55089	0.00014704	0.00627686	0.50036373	0.00631636	0.50340954	0.58680570	0.58599992	0.31991481	0.31993536	0.58706076	0.58610971	0.32003700	0.32000931	59919	55087	0
59919	55092	-0.00049880	0.00629549	0.49966513	0.00625952	0.50121513	0.58690414	0.58611143	0.31989131	0.31998836	0.58698500	0.58614652	0.31988244	0.31997012	59919	55090	0
59919	55095	0.00131243	0.00626710	0.50443911	0.00626278	0.50009216	0.58686683	0.58602384	0.31989057	0.31991136	0.58677069	0.58587116	0.31978482	0.31985220	59919	55094	0
59919	55099	-0.00105302	0.00629230	0.50024139	0.00628004	0.50591847	0.58675557	0.58586787	0.31976937	0.31988885	0.58674308	0.58597462	0.31971243	0.31985138	59919	55097	0
59919	55102	-0.00006444	0.00625580	0.50379930	0.00633686	0.50142671	0.58676198	0.58584741	0.31976066	0.31978975	0.58688031	0.58601200	0.31976781	0.31984456	59919	55100	0
59919	55105	0.00096028	0.00627599	0.50523333	0.00624150	0.50277400	0.58691614	0.58594158	0.31978893	0.31970330	0.58688960	0.58606295	0.31975622	0.31986699	59919	55103	0
59919	55108	0.00052214	0.00632577	0.50129360	0.00624274	0.50234513	0.58672714	0.58600124	0.31968539	0.31976165	0.58666551	0.58591529	0.31967200	0.31972516	59919	55107	0
59919	55112	0.00024333	0.00626045	0.50277636	0.00626948	0.50344552	0.58667307	0.58585448	0.31965967	0.31963847	0.58666913	0.58593435	0.31958144	0.31961193	59919	55110	0
59919	55115	-0.00128405	0.00626919	0.50094561	0.00626898	0.50461132	0.58665763	0.58571857	0.31957955	0.31963855	0.58659682	0.58573698	0.31959270	0.31959287	59919	55113	0
59919	55118	0.00060824	0.00625232	0.50410869	0.00626800	0.49956717	0.58660405	0.58568381	0.31958301	0.31959221	0.58653412	0.58568020	0.31957125	0.31962393	59919	55116	0
59919	55121	0.00098033	0.00627201	0.50194219	0.00627524	0.50104919	0.58656313	0.58574495	0.31956830	0.31953313	0.58649936	0.58565283	0.31941077	0.31958555	59919	55120	0
59919	55125	-0.00162136	0.00628850	0.49987670	0.00626392	0.50612076	0.58657282	0.58569770	0.31941414	0.31949837	0.58656305	0.58573837	0.31945416	0.31951078	59919	55123	0
59919	55128	-0.00025661	0.00630601	0.50311517	0.00627449	0.49983976	0.58653248	0.58563673	0.31942318	0.31947881	0.58627397	0.58550221	0.31938744	0.31935514	59919	55126	0
59919	55131	0.00091016	0.00627557	0.50470390	0.00624963	0.50190366	0.58640544	0.58561232	0.31940428	0.31944685	0.58642426	0.58552736	0.31934430	0.31939335	59919	55130	0
59919	55134	-0.00101358	0.00625472	0.49924990	0.00628544	0.50386688	0.58623452	0.58549966	0.31926081	0.31936369	0.58626033	0.58542604	0.31923838	0.31935777	59919	55133	0
59919	55138	0.00082889	0.00623741	0.50324639	0.00628518	0.49882446	0.58623452	0.58547189	0.31924742	0.31934413	0.58634759	0.58547197	0.31926615	0.31925991	59919	55136	0
59919	55141	0.00077737	0.00627169	0.50299307	0.00624592	0.50311672	0.58627060	0.58551980	0.31921356	0.31929253	0.58633921	0.58554313	0.31926418	0.31927503	59919	55139	0
59919	55144	-0.00126307	0.00627165	0.49940784	0.00626398	0.50430489	0.58619640	0.58536038	0.31916952	0.31924183	0.58616599	0.58538808	0.31914183	0.31916730	59919	55143	0
59919	55850	-0.00054193	0.00637181	0.50183208	0.00636025	0.50010134	0.58809859	0.58722617	0.32041655	0.32034474	0.58803186	0.58715493	0.32044556	0.32037892	59919	55848	0
59919	55853	-0.00050881	0.00639784	0.50204990	0.00638315	0.50197043	0.58820672	0.58729355	0.32040291	0.32044293	0.58807837	0.58725107	0.32037588	0.32040760	59919	55852	0
59919	55857	-0.00001529	0.00640312	0.50095432	0.00633258	0.49976986	0.58820409	0.58724910	0.32040069	0.32049799	0.58827813	0.58736792	0.32050357	0.32047046	59919	55855	0
59919	55860	0.00141962	0.00636172	0.50324185	0.00633874	0.49979809	0.58818273	0.58739224	0.32037834	0.32046134	0.58820105	0.58732773	0.32049117	0.32042987	59919	55858	0
59919	55863	-0.00102614	0.00636831	0.49879748	0.00633185	0.50466728	0.58819826	0.58750095	0.32049207	0.32052050	0.58820056	0.58727736	0.32044186	0.32057432	59919	55861	0
59919	55866	-0.00067300	0.00634591	0.50280786	0.00638500	0.50196033	0.58834091	0.58750005	0.32059100	0.32062568	0.58824962	0.58735855	0.32045304	0.32057317	59919	55865	0
59919	55870	0.00161868	0.00637811	0.50542575	0.00638965	0.49992572	0.58832053	0.58744072	0.32060070	0.32061804	0.58848948	0.58762248	0.32068254	0.32069848	59919	55868	0
59919	55873	0.00145005	0.00639722	0.50214849	0.00634422	0.50255319	0.58834058	0.58746619	0.32069331	0.32073357	0.58840394	0.58751484	0.32073135	0.32072166	59919	55871	0
59919	55876	-0.00019805	0.00638575	0.49972159	0.00634894	0.50367704	0.58835718	0.58752215	0.32072946	0.32072075	0.58843516	0.58755256	0.32074006	0.32079693	59919	55875	0
59919	55879	-0.00022449	0.00637105	0.50061295	0.00632244	0.50067641	0.58843401	0.58756472	0.32076389	0.32085609	0.58850164	0.58761591	0.32081418	0.32088378	59919	55878	0
59919	55883	0.00115020	0.00636988	0.50263553	0.00633836	0.49933629	0.58837008	0.58755149	0.32076126	0.32082084	0.58833853	0.58761772	0.32082125	0.32080276	59919	55881	0
59919	55886	-0.00101658	0.00636517	0.49752968	0.00636510	0.50272994	0.58833039	0.58749528	0.32079175	0.32076997	0.58847641	0.58750260	0.32082864	0.32079495	59919	55884	0
59919	55889	0.00075196	0.00634258	0.50271761	0.00635438	0.49847311	0.58846277	0.58767162	0.32091008	0.32090547	0.58844461	0.58765921	0.32095954	0.32095116	59919	55888	0
59919	55892	0.00108779	0.00633464	0.50244809	0.00637636	0.50164211	0.58857855	0.58763966	0.32094689	0.32094976	0.58842029	0.58770424	0.32089726	0.32091016	59919	55891	0
59919	55896	-0.00099884	0.00629363	0.49927856	0.00635759	0.50428648	0.58850106	0.58779200	0.32093793	0.32095009	0.58853623	0.58767318	0.32095609	0.32094829	59919	55894	0
59919	55899	0.00029693	0.00635606	0.50240700	0.00637353	0.49929715	0.58841289	0.58771460	0.32087146	0.32095946	0.58854371	0.58764418	0.32085732	0.32090079	59919	55897	0
59919	55902	0.00216423	0.00629322	0.50385557	0.00632702	0.49937406	0.58853179	0.58781748	0.32103226	0.32106858	0.58848257	0.58767146	0.32095182	0.32103982	59919	55901	0
59919	55906	-0.00077091	0.00632907	0.49847843	0.00635892	0.50552276	0.58860969	0.58769611	0.32099849	0.32107729	0.58845028	0.58775412	0.32089980	0.32105231	59919	55904	0
59919	55909	0.00031984	0.00636620	0.50357310	0.00630026	0.50095529	0.58857559	0.58775264	0.32109085	0.32104632	0.58854387	0.58770728	0.32094697	0.32101879	59919	55907	0
59919	55912	0.00076659	0.00631313	0.50139693	0.00634763	0.50032472	0.58844683	0.58769364	0.32096603	0.32097154	0.58862013	0.58781304	0.32102717	0.32110244	59919	55910	0
59919	55915	-0.00054609	0.00634432	0.50060103	0.00636667	0.50375147	0.58856269	0.58765075	0.32093185	0.32095675	0.58853541	0.58771698	0.32095445	0.32099217	59919	55914	0
59919	55919	-0.00117587	0.00635311	0.50050060	0.00637188	0.50201208	0.58850295	0.58772791	0.32094689	0.32101213	0.58848668	0.58778962	0.32086061	0.32107664	59919	55917	0
59919	55922	0.00167308	0.00634051	0.50436102	0.00632547	0.49752353	0.58860772	0.58780433	0.32105560	0.32110523	0.58875423	0.58789685	0.32110794	0.32112857	59919	55920	0
59919	55925	0.00015365	0.00637240	0.50094551	0.00632022	0.50459214	0.58857682	0.58776752	0.32096620	0.32107499	0.58865826	0.58791148	0.32108379	0.32113104	59919	55923	0
59919	55928	-0.00160027	0.00632766	0.49992837	0.00633905	0.50413777	0.58873024	0.58794887	0.32120893	0.32124575	0.58865464	0.58788428	0.32114443	0.32110778	59919	55927	0
59919	55932	0.00067774	0.00631211	0.50382607	0.00632561	0.49835886	0.58863024	0.58777869	0.32112085	0.32123301	0.58860394	0.58771526	0.32111304	0.32109094	59919	55930	0
59919	55935	-0.00016453	0.00630257	0.50084960	0.00634253	0.50287103	0.58857526	0.58779808	0.32111961	0.32115602	0.58854889	0.58775757	0.32104599	0.32110926	59919	55933	0
59919	55938	-0.00098459	0.00632844	0.50232687	0.00634073	0.50429503	0.58853393	0.58766053	0.32101295	0.32104969	0.58852349	0.58776341	0.32109956	0.32110441	59919	55937	0
59919	55941	-0.00016561	0.00629365	0.50188433	0.00632832	0.49991877	0.58845513	0.58769767	0.32100318	0.32106423	0.58847551	0.58764590	0.32099479	0.32111649	59919	55940	0
59919	55945	0.00020775	0.00635197	0.50197441	0.00636006	0.50107835	0.58849490	0.58766669	0.32099060	0.32106793	0.58852136	0.58779940	0.32103087	0.32110367	59919	55943	0
59919	56651	-0.00044165	0.00631409	0.50194877	0.00628173	0.50350734	0.58706175	0.58622121	0.31945860	0.31955737	0.58703561	0.58628202	0.31941455	0.31950297	59919	56649	0
59919	56654	-0.00101644	0.00632080	0.49976397	0.00633426	0.50114346	0.58702830	0.58624225	0.31937166	0.31949837	0.58697538	0.58606977	0.31929754	0.31923871	59919	56652	0
59919	56657	0.00114066	0.00629408	0.50522612	0.00630332	0.50004907	0.58702658	0.58639057	0.31940165	0.31949270	0.58704745	0.58624019	0.31939508	0.31952557	59919	56655	0
59919	56660	-0.00029876	0.00631093	0.50010370	0.00635940	0.50355832	0.58703068	0.58630470	0.31944101	0.31949779	0.58708155	0.58623009	0.31942006	0.31945326	59919	56659	0
59919	56664	-0.00001678	0.00632409	0.50322476	0.00633196	0.50254801	0.58710735	0.58624685	0.31950806	0.31945490	0.58718845	0.58635885	0.31949122	0.31958539	59919	56662	0
59919	56667	0.00312139	0.00631606	0.50640511	0.00633418	0.49887350	0.58716890	0.58617873	0.31941694	0.31934257	0.58700628	0.58605399	0.31942359	0.31945096	59919	56665	0
59919	56670	-0.00155542	0.00630820	0.49603177	0.00634357	0.50725610	0.58699609	0.58620502	0.31942828	0.31955605	0.58700850	0.58616698	0.31946172	0.31952762	59919	56668	0
59919	56673	-0.00005820	0.00632995	0.50421979	0.00632791	0.50062648	0.58706988	0.58619788	0.31947815	0.31950576	0.58714794	0.58625918	0.31952368	0.31960174	59919	56672	0
59919	56677	0.00038475	0.00631519	0.50241451	0.00634082	0.50135143	0.58711368	0.58622927	0.31955819	0.31957503	0.58698475	0.58622762	0.31946838	0.31957881	59919	56675	0
59919	56680	-0.00027057	0.00630833	0.50087644	0.00632911	0.50244919	0.58708171	0.58639205	0.31943354	0.31967726	0.58707678	0.58630001	0.31949533	0.31957471	59919	56678	0
59919	56683	0.00109669	0.00632789	0.50465462	0.00633126	0.50137320	0.58711746	0.58630248	0.31951373	0.31949459	0.58723874	0.58652418	0.31961357	0.31965893	59919	56682	0
59919	56686	-0.00101267	0.00635134	0.50020732	0.00633800	0.50526977	0.58722691	0.58655204	0.31963880	0.31973009	0.58715213	0.58634480	0.31957364	0.31962861	59919	56685	0
59919	56690	0.00127157	0.00637010	0.50205496	0.00630375	0.49657280	0.58710275	0.58641136	0.31956156	0.31962195	0.58705969	0.58628843	0.31961686	0.31964743	59919	56688	0
59919	56693	0.00188772	0.00636146	0.50068957	0.00634876	0.49921080	0.58707908	0.58635975	0.31962467	0.31966362	0.58713438	0.58628054	0.31958309	0.31969624	59919	56691	0
59919	56696	0.00018938	0.00632233	0.50131094	0.00633833	0.50538695	0.58714178	0.58635951	0.31967356	0.31962450	0.58711754	0.58643798	0.31964620	0.31969994	59919	56695	0
59919	56699	0.00023361	0.00635313	0.50260264	0.00633163	0.50249649	0.58729643	0.58642738	0.31972492	0.31965860	0.58729158	0.58653913	0.31970109	0.31976189	59919	56698	0
59919	56703	0.00103065	0.00633674	0.50159843	0.00631703	0.49968552	0.58721039	0.58645893	0.31963165	0.31975014	0.58723414	0.58651588	0.31967816	0.31976050	59919	56701	0
59919	56706	0.00146342	0.00633062	0.50327440	0.00630631	0.50223575	0.58726865	0.58655023	0.31970561	0.31975885	0.58717424	0.58641415	0.31971579	0.31977340	59919	56704	0
59919	56709	0.00018279	0.00633890	0.50079002	0.00632064	0.50386355	0.58726397	0.58653930	0.31975392	0.31978926	0.58721746	0.58654316	0.31976271	0.31977866	59919	56708	0
59919	56713	0.00184094	0.00630276	0.50256477	0.00632117	0.49858520	0.58711023	0.58642944	0.31971004	0.31973157	0.58726085	0.58640774	0.31976452	0.31981769	59919	56711	0
59919	56716	0.00010837	0.00631845	0.50227073	0.00633205	0.50642891	0.58712206	0.58637652	0.31964233	0.31972467	0.58696560	0.58628605	0.31953740	0.31963075	59919	56714	0
59919	56719	-0.00026556	0.00633118	0.50196635	0.00634308	0.50286378	0.58711220	0.58632220	0.31966509	0.31969336	0.58711549	0.58640676	0.31957167	0.31963395	59919	56717	0
59919	56722	0.00027054	0.00629874	0.50088977	0.00629354	0.49960314	0.58720735	0.58628744	0.31956493	0.31964184	0.58700036	0.58612441	0.31955655	0.31960412	59919	56721	0
59919	56726	0.00036299	0.00631032	0.50277187	0.00630130	0.50254998	0.58705936	0.58619171	0.31958826	0.31959147	0.58703438	0.58636871	0.31956575	0.31971201	59919	56724	0
59919	56729	-0.00087882	0.00631574	0.49983586	0.00642162	0.50281622	0.58711631	0.58632738	0.31965359	0.31972138	0.58734992	0.58645877	0.31975039	0.31966649	59919	56727	0
59919	56732	0.00038696	0.00636866	0.50513215	0.00631168	0.50209428	0.58732560	0.58639985	0.31966970	0.31968597	0.58718492	0.58633617	0.31960889	0.31967265	59919	56731	0
59919	56735	0.00086290	0.00628751	0.50280545	0.00631335	0.50166318	0.58728295	0.58642204	0.31968572	0.31971941	0.58709544	0.58629525	0.31962779	0.31964973	59919	56734	0
59919	56739	-0.00026449	0.00632085	0.50135466	0.00628334	0.50406041	0.58710349	0.58634915	0.31960018	0.31963329	0.58704819	0.58620371	0.31955047	0.31963034	59919	56737	0
59919	56742	0.00003759	0.00632352	0.50249164	0.00632598	0.50176663	0.58700431	0.58623855	0.31950593	0.31951464	0.58702945	0.58625392	0.31952926	0.31961768	59919	56740	0
59919	56745	0.00125914	0.00628235	0.50343506	0.00636089	0.50050335	0.58704227	0.58624874	0.31951784	0.31961809	0.58706520	0.58631209	0.31954833	0.31958711	59919	56744	0
59919	57451	0.00106914	0.00639021	0.50091176	0.00643333	0.50136776	0.58691975	0.58611340	0.32039765	0.32046890	0.58687826	0.58613551	0.32037580	0.32041853	59919	57449	0
59919	57454	-0.00000578	0.00641239	0.49900155	0.00642386	0.50158135	0.58694506	0.58610995	0.32034613	0.32048270	0.58693594	0.58615679	0.32033775	0.32034285	59919	57453	0
59919	57458	-0.00001847	0.00644600	0.50253531	0.00642396	0.50256576	0.58694687	0.58620987	0.32043447	0.32041516	0.58694662	0.58610231	0.32027053	0.32024440	59919	57456	0
59919	57461	-0.00035545	0.00646724	0.50182131	0.00646873	0.50263006	0.58688812	0.58602901	0.32025303	0.32028286	0.58680438	0.58606394	0.32022164	0.32022854	59919	57459	0
59919	57464	0.00038397	0.00645576	0.50429207	0.00639769	0.50251747	0.58692238	0.58619508	0.32028311	0.32037917	0.58697612	0.58613165	0.32024950	0.32039116	59919	57462	0
59919	57467	0.00064021	0.00643203	0.50261619	0.00644505	0.50200123	0.58694227	0.58615671	0.32032238	0.32033783	0.58682106	0.58600699	0.32026166	0.32028541	59919	57466	0
59919	57471	-0.00096390	0.00643044	0.49795881	0.00644426	0.50180867	0.58697169	0.58613082	0.32040677	0.32041811	0.58677423	0.58623387	0.32030373	0.32044038	59919	57469	0
59919	57474	0.00184055	0.00642238	0.50443516	0.00639025	0.49770449	0.58697957	0.58612400	0.32038073	0.32040283	0.58688212	0.58611694	0.32037054	0.32047342	59919	57472	0
59919	57477	-0.00028393	0.00642082	0.50011344	0.00644459	0.50521219	0.58683306	0.58597544	0.32028639	0.32033726	0.58684925	0.58600658	0.32034227	0.32037136	59919	57476	0
59919	57480	-0.00038156	0.00640956	0.49979391	0.00641983	0.50002821	0.58686544	0.58618834	0.32036511	0.32048188	0.58695213	0.58605202	0.32042124	0.32035936	59919	57479	0
59919	57484	0.00064227	0.00646505	0.50311962	0.00647315	0.50066244	0.58696396	0.58607807	0.32039585	0.32040160	0.58692592	0.58613830	0.32029116	0.32031203	59919	57482	0
59919	57487	-0.00004246	0.00645449	0.50149339	0.00644655	0.50313674	0.58697851	0.58618317	0.32024950	0.32025698	0.58700455	0.58619549	0.32019140	0.32026807	59919	57485	0
59919	57490	-0.00045328	0.00644477	0.50107005	0.00644996	0.50205601	0.58694432	0.58609598	0.32005664	0.32017456	0.58688976	0.58614882	0.32019428	0.32020997	59919	57489	0
59919	57493	0.00139251	0.00641728	0.50593351	0.00644665	0.50150362	0.58696100	0.58622894	0.32015895	0.32026741	0.58696560	0.58622294	0.32016609	0.32026150	59919	57492	0
59919	57497	-0.00043182	0.00641469	0.49977511	0.00644244	0.50415350	0.58683216	0.58617783	0.32019551	0.32038212	0.58700365	0.58621234	0.32031581	0.32032288	59919	57495	0
59919	57500	0.00070937	0.00639339	0.50117555	0.00642191	0.49843670	0.58697982	0.58632820	0.32032493	0.32039453	0.58700940	0.58619525	0.32029543	0.32037284	59919	57498	0
59919	57503	0.00193309	0.00641000	0.50291618	0.00640061	0.49997926	0.58702575	0.58631111	0.32038779	0.32042987	0.58685015	0.58597207	0.32034079	0.32038549	59919	57502	0
59919	57507	0.00071350	0.00641964	0.50181843	0.00647901	0.50474543	0.58709240	0.58617454	0.32037300	0.32042609	0.58704679	0.58620396	0.32046388	0.32051310	59919	57505	0
59919	57510	-0.00013455	0.00643907	0.50019454	0.00641508	0.50222987	0.58709256	0.58633790	0.32032600	0.32045739	0.58701795	0.58622853	0.32030784	0.32052149	59919	57508	0
59919	57513	0.00038159	0.00641548	0.50248000	0.00641904	0.50124126	0.58702847	0.58623378	0.32033824	0.32049733	0.58681646	0.58614627	0.32025911	0.32025657	59919	57511	0
59919	57516	0.00073534	0.00645844	0.50330629	0.00639850	0.50245730	0.58697892	0.58617972	0.32032485	0.32037308	0.58694194	0.58614216	0.32033405	0.32038689	59919	57515	0
59919	57520	-0.00062284	0.00641520	0.49997008	0.00640243	0.50322971	0.58696380	0.58617232	0.32041853	0.32046972	0.58719338	0.58630511	0.32046060	0.32045690	59919	57518	0
59919	57523	0.00099513	0.00636956	0.50419174	0.00645575	0.50030859	0.58697316	0.58618530	0.32041360	0.32040004	0.58695731	0.58614808	0.32038393	0.32045706	59919	57521	0
59919	57526	0.00053695	0.00641600	0.50129231	0.00642763	0.50239196	0.58703660	0.58624627	0.32033364	0.32042535	0.58684900	0.58607478	0.32028171	0.32030957	59919	57525	0
59919	57529	0.00127687	0.00639842	0.50370203	0.00636587	0.50192621	0.58708237	0.58612441	0.32042691	0.32033750	0.58704498	0.58614183	0.32039511	0.32043389	59919	57528	0
59919	57533	0.00145090	0.00640758	0.50193008	0.00643736	0.50151243	0.58693578	0.58609779	0.32034720	0.32040940	0.58693865	0.58618366	0.32025492	0.32036873	59919	57531	0
59919	57536	-0.00094279	0.00637498	0.49825763	0.00641333	0.50400246	0.58701598	0.58619492	0.32026429	0.32039404	0.58701080	0.58616460	0.32020611	0.32031261	59919	57534	0
59919	57539	0.00019550	0.00640530	0.50328497	0.00637739	0.50055307	0.58705131	0.58618177	0.32025887	0.32030759	0.58690866	0.58604619	0.32024284	0.32027719	59919	57538	0
59919	57542	-0.00088141	0.00638891	0.50074423	0.00637374	0.50332882	0.58693956	0.58622343	0.32022953	0.32033249	0.58689461	0.58618037	0.32013101	0.32025270	59919	57541	0
59919	57546	0.00007349	0.00639049	0.50370868	0.00641318	0.50141691	0.58695928	0.58616312	0.32012945	0.32015714	0.58704794	0.58614553	0.32010866	0.32011498	59919	57544	0
59919	58252	-0.00009247	0.00646219	0.50239010	0.00648095	0.50278840	0.58739594	0.58662870	0.32060497	0.32067465	0.58742601	0.58647800	0.32056159	0.32058878	59919	58250	0
59919	58255	-0.00011973	0.00643200	0.50086930	0.00649329	0.50093474	0.58739725	0.58656683	0.32060078	0.32061492	0.58740070	0.58660578	0.32059035	0.32073678	59919	58253	0
59919	58258	0.00096584	0.00649574	0.50252121	0.00645969	0.49991584	0.58740456	0.58655540	0.32057745	0.32061245	0.58742544	0.58660126	0.32072889	0.32069429	59919	58256	0
59919	58261	0.00190555	0.00647081	0.50289107	0.00643734	0.50063574	0.58756899	0.58669657	0.32065452	0.32076061	0.58760531	0.58667726	0.32070826	0.32078641	59919	58260	0
59919	58265	0.00075255	0.00641667	0.50119075	0.00647670	0.50395797	0.58754352	0.58676412	0.32069232	0.32073809	0.58751936	0.58672854	0.32073809	0.32084500	59919	58263	0
59919	58268	0.00002065	0.00650394	0.50073435	0.00648509	0.50249089	0.58746093	0.58656231	0.32063299	0.32069273	0.58749956	0.58673281	0.32071089	0.32069791	59919	58266	0
59919	58271	0.00170990	0.00644206	0.50467009	0.00648728	0.50061590	0.58758970	0.58676897	0.32069166	0.32072067	0.58751599	0.58675541	0.32073226	0.32076274	59919	58270	0
59919	58274	0.00112799	0.00648488	0.50067366	0.00652628	0.50207024	0.58758427	0.58671547	0.32074360	0.32080514	0.58747877	0.58665278	0.32070440	0.32070021	59919	58273	0
59919	58278	-0.00066944	0.00651976	0.49853024	0.00647143	0.50284406	0.58748090	0.58665401	0.32071015	0.32073390	0.58734672	0.58661900	0.32069963	0.32075247	59919	58276	0
59919	58281	0.00134102	0.00646284	0.50282165	0.00649413	0.49799655	0.58749421	0.58649024	0.32068180	0.32068945	0.58741566	0.58655573	0.32068123	0.32066709	59919	58279	0
59919	58284	0.00073459	0.00646041	0.50093187	0.00649045	0.50238730	0.58733012	0.58664883	0.32068476	0.32072420	0.58747186	0.58655935	0.32070752	0.32074466	59919	58283	0
59919	58287	-0.00042483	0.00648875	0.50043391	0.00649049	0.50321653	0.58745296	0.58670709	0.32068682	0.32072371	0.58744927	0.58673898	0.32072157	0.32080884	59919	58286	0
59919	58291	-0.00021818	0.00648267	0.50145039	0.00651084	0.50095443	0.58758888	0.58684284	0.32077778	0.32085798	0.58755519	0.58680364	0.32078066	0.32084212	59919	58289	0
59919	58294	0.00089790	0.00655205	0.50380736	0.00654190	0.50112877	0.58747104	0.58683471	0.32081377	0.32081147	0.58751139	0.58662895	0.32070465	0.32071779	59919	58292	0
59919	58297	0.00118860	0.00646670	0.50318846	0.00647679	0.50249078	0.58760728	0.58683183	0.32083711	0.32079767	0.58753103	0.58671810	0.32073472	0.32076225	59919	58296	0
59919	58301	-0.00090822	0.00647634	0.49958719	0.00649226	0.50461955	0.58750317	0.58669773	0.32076981	0.32087622	0.58753177	0.58675820	0.32072864	0.32085198	59919	58299	0
59919	58304	0.00069575	0.00647636	0.50095495	0.00649964	0.49710543	0.58765979	0.58670298	0.32083292	0.32086784	0.58750933	0.58667915	0.32081533	0.32081566	59919	58302	0
59919	58307	0.00014577	0.00650405	0.50081469	0.00645572	0.50213462	0.58760498	0.58679608	0.32090013	0.32083357	0.58748419	0.58665960	0.32077392	0.32081492	59919	58305	0
59919	58310	-0.00055338	0.00646868	0.50051605	0.00647722	0.50219401	0.58745403	0.58665031	0.32076874	0.32074631	0.58749208	0.58675590	0.32069035	0.32088148	59919	58309	0
59919	58314	0.00079503	0.00648916	0.50265395	0.00645190	0.49941776	0.58743094	0.58660397	0.32068895	0.32073521	0.58751706	0.58668918	0.32067457	0.32079808	59919	58312	0
59919	58317	0.00226349	0.00648119	0.50396309	0.00651023	0.50043879	0.58754376	0.58684070	0.32072445	0.32084417	0.58757154	0.58680307	0.32084746	0.32081221	59919	58315	0
59919	58320	0.00110274	0.00646780	0.50113611	0.00649897	0.50392190	0.58735789	0.58658375	0.32057539	0.32058607	0.58737572	0.58668384	0.32065567	0.32073628	59919	58318	0
59919	58323	-0.00120859	0.00647225	0.50074531	0.00654687	0.50629251	0.58744918	0.58671391	0.32068435	0.32070383	0.58755001	0.58684580	0.32066635	0.32085108	59919	58322	0
59919	58327	0.00197635	0.00645273	0.50472324	0.00649343	0.49707938	0.58735140	0.58662402	0.32052822	0.32066159	0.58734581	0.58657085	0.32058090	0.32058706	59919	58325	0
59919	58330	0.00193786	0.00646164	0.50167155	0.00644563	0.50176392	0.58735198	0.58665697	0.32063225	0.32074088	0.58738591	0.58667973	0.32059429	0.32070202	59919	58328	0
59919	58333	0.00012954	0.00648952	0.49924108	0.00647092	0.50358106	0.58741286	0.58675845	0.32056479	0.32077293	0.58740087	0.58667546	0.32065428	0.32063225	59919	58332	0
59919	58336	0.00043329	0.00649919	0.50261394	0.00649563	0.50188495	0.58742322	0.58656789	0.32051771	0.32059051	0.58742848	0.58663018	0.32064655	0.32065033	59919	58335	0
59919	58340	0.00101937	0.00645554	0.50233045	0.00648810	0.50092384	0.58738435	0.58648523	0.32053924	0.32061738	0.58728681	0.58661383	0.32057030	0.32059930	59919	58338	0
59919	58343	0.00011202	0.00648281	0.50109545	0.00647318	0.50327311	0.58723159	0.58638613	0.32049133	0.32049421	0.58716610	0.58624989	0.32039239	0.32040940	59919	58341	0
59919	58346	0.00029099	0.00650039	0.50251258	0.00642382	0.50208306	0.58724014	0.58632179	0.32035977	0.32037826	0.58716775	0.58633691	0.32037662	0.32038746	59919	58345	0
59919	59052	0.00123074	0.00644018	0.50309646	0.00642919	0.50084105	0.58591627	0.58512061	0.31929483	0.31938218	0.58592720	0.58507796	0.31931365	0.31932047	59919	59050	0
59919	59055	-0.00031625	0.00645860	0.50065528	0.00646461	0.50436806	0.58595415	0.58509538	0.31936804	0.31931677	0.58586492	0.58501041	0.31925218	0.31930740	59919	59054	0
59919	59059	0.00111505	0.00639601	0.50404953	0.00647363	0.50061441	0.58603444	0.58527657	0.31939763	0.31944792	0.58600231	0.58522677	0.31938242	0.31945687	59919	59057	0
59919	59062	0.00090088	0.00643564	0.50209787	0.00644455	0.50261188	0.58601619	0.58519497	0.31946706	0.31944685	0.58594964	0.58507755	0.31932532	0.31936065	59919	59060	0
59919	59065	0.00045364	0.00647947	0.50256813	0.00642444	0.50364150	0.58601751	0.58512734	0.31943427	0.31933731	0.58577724	0.58503572	0.31925120	0.31938949	59919	59064	0
59919	59068	-0.00109749	0.00646373	0.50002599	0.00642177	0.50374870	0.58599943	0.58511165	0.31937297	0.31938851	0.58578291	0.58503490	0.31926936	0.31939278	59919	59067	0
59919	59072	0.00147271	0.00647312	0.50552028	0.00645708	0.49935180	0.58584306	0.58506366	0.31936673	0.31937281	0.58599910	0.58526268	0.31942302	0.31950790	59919	59070	0
59919	59075	0.00083130	0.00644287	0.50209526	0.00642932	0.50363464	0.58621209	0.58526309	0.31945663	0.31952811	0.58595448	0.58516383	0.31928522	0.31946057	59919	59073	0
59919	59078	-0.00098659	0.00640859	0.49993389	0.00642527	0.50429684	0.58603583	0.58519169	0.31940182	0.31944183	0.58603928	0.58520631	0.31943707	0.31945474	59919	59077	0
59919	59081	0.00066457	0.00647248	0.50395877	0.00644283	0.49999597	0.58600757	0.58521436	0.31948473	0.31951817	0.58612885	0.58533203	0.31951694	0.31952951	59919	59080	0
59919	59085	0.00092827	0.00643086	0.50145211	0.00645796	0.50081923	0.58603230	0.58517878	0.31950075	0.31945819	0.58606969	0.58523630	0.31958950	0.31953789	59919	59083	0
59919	59088	-0.00070735	0.00645131	0.50102718	0.00641859	0.50495268	0.58605531	0.58529341	0.31944290	0.31953707	0.58614742	0.58532357	0.31959632	0.31959015	59919	59086	0
59919	59091	-0.00028726	0.00642110	0.50117201	0.00644333	0.50016380	0.58617832	0.58529087	0.31963699	0.31962080	0.58615654	0.58530804	0.31959147	0.31958161	59919	59090	0
59919	59095	0.00093640	0.00641483	0.50451134	0.00638900	0.50157455	0.58616829	0.58535997	0.31967873	0.31974135	0.58601200	0.58519719	0.31952861	0.31959147	59919	59093	0
59919	59098	-0.00200046	0.00642398	0.49769684	0.00644732	0.50474530	0.58603690	0.58522373	0.31957947	0.31958194	0.58618949	0.58536860	0.31970815	0.31976296	59919	59096	0
59919	59101	-0.00007846	0.00642980	0.50350683	0.00640575	0.49889405	0.58613017	0.58545998	0.31971366	0.31976354	0.58633905	0.58549293	0.31980873	0.31974858	59919	59099	0
59919	59104	0.00155751	0.00640347	0.50532881	0.00643577	0.50140248	0.58636641	0.58556672	0.31979098	0.31986461	0.58630642	0.58545973	0.31986083	0.31987718	59919	59103	0
59919	59108	0.00021152	0.00645746	0.50236997	0.00645336	0.50560035	0.58640519	0.58550747	0.31986559	0.31986099	0.58631185	0.58546770	0.31986929	0.31986436	59919	59106	0
59919	59111	0.00142894	0.00639535	0.50418511	0.00637342	0.50126330	0.58617561	0.58540015	0.31977562	0.31982352	0.58611710	0.58546277	0.31976575	0.31987562	59919	59109	0
59919	59114	0.00091194	0.00641454	0.50220238	0.00642888	0.50344317	0.58614750	0.58530862	0.31980783	0.31989805	0.58619919	0.58533335	0.31987291	0.31985992	59919	59112	0
59919	59117	-0.00083598	0.00641377	0.49996751	0.00639253	0.50416254	0.58625359	0.58534962	0.31989066	0.31984850	0.58634652	0.58550435	0.31987751	0.32001983	59919	59116	0
59919	59121	0.00069439	0.00641367	0.50292195	0.00640090	0.49924906	0.58631242	0.58544864	0.31993519	0.31998786	0.58632762	0.58556704	0.31998244	0.32011342	59919	59119	0
59919	59124	-0.00019225	0.00645506	0.50072769	0.00639401	0.50285562	0.58624167	0.58548364	0.31996896	0.31996075	0.58634283	0.58548701	0.31999682	0.32002887	59919	59122	0
59919	59127	0.00046165	0.00636073	0.50395055	0.00640218	0.50238119	0.58629969	0.58554519	0.31994776	0.32008187	0.58636427	0.58560312	0.32011088	0.32018598	59919	59126	0
59919	59130	0.00056292	0.00643515	0.50166388	0.00636777	0.50142082	0.58638219	0.58549572	0.32017546	0.32023701	0.58636715	0.58559811	0.32013323	0.32019568	59919	59129	0
59919	59134	-0.00090796	0.00642186	0.50185260	0.00641476	0.50538271	0.58656436	0.58584355	0.32036216	0.32041639	0.58652344	0.58588283	0.32034827	0.32035608	59919	59132	0
59919	59137	-0.00110387	0.00638565	0.50141375	0.00643800	0.50188395	0.58645672	0.58576532	0.32026634	0.32035188	0.58657989	0.58583188	0.32041343	0.32038804	59919	59135	0
59919	59140	0.00079809	0.00645514	0.50297930	0.00639556	0.49841458	0.58680290	0.58607380	0.32042682	0.32051228	0.58672213	0.58599951	0.32047424	0.32054491	59919	59139	0
59919	59143	-0.00054486	0.00641942	0.50120688	0.00642546	0.50442997	0.58679641	0.58597018	0.32047153	0.32051048	0.58663240	0.58590617	0.32042329	0.32050850	59919	59142	0
59919	59147	0.00076178	0.00639503	0.50449653	0.00642127	0.50136061	0.58666666	0.58587872	0.32040061	0.32046060	0.58677316	0.58587568	0.32058106	0.32056134	59919	59145	0
