% File initiated 05/12/2022 17:18:52 UTC
% Raw fountain data
%
% File notes: maser 5 MHz RF amplitudes 280 800 1280 1740 2200 2660 1280 microwave leakage pio2 3pio2 5pio2 7pio2 9pio2 11pio2 no water cooling
%
%% fountain_code = ALPHA-CsF1
%% microwave_ref = ALPHA HM1
%% MJD_start = 59918.721446
%% clock_data = False
%% sequence = 13
%% density = HD
%
% Units: V.s, Hz
%
% Shot B MJD days	Shot B MJD seconds	freq error	shot A sum	shot A ratio	shot B sum	shot B ratio	shot A F=3 bg 1	shot A F=3 bg 2	shot A F=4 bg 1	shot A F=4 bg 2	shot B F=3 bg 1	shot B F=3 bg 2	shot B F=4 bg 1	shot B F=4 bg 2	Shot A MJD days	Shot A MJD seconds	Shot order (0=LF->HF)
59918	63021	0.00065053	0.04349204	0.36039628	0.04345826	0.35935544	0.58907503	0.58890666	0.32362354	0.32339692	0.58899976	0.58890502	0.32353094	0.32336659	59918	63019	0
59918	63024	0.00006504	0.04346526	0.35899026	0.04358598	0.35992704	0.58901291	0.58907963	0.32364828	0.32349076	0.58899294	0.58885004	0.32342346	0.32336544	59918	63023	0
59918	63027	-0.00043145	0.04351355	0.35847040	0.04349869	0.35926478	0.58913041	0.58883829	0.32371714	0.32349429	0.58900338	0.58892786	0.32358977	0.32340086	59918	63026	0
59918	63031	-0.00079304	0.04349920	0.35984406	0.04347270	0.36042261	0.58913806	0.58909204	0.32365214	0.32355871	0.58926452	0.58903247	0.32378904	0.32353028	59918	63029	0
59918	63034	-0.00074035	0.04360063	0.36012195	0.04361466	0.36003764	0.58883846	0.58900847	0.32350464	0.32346750	0.58887075	0.58888226	0.32357071	0.32341269	59918	63032	0
59918	63821	-0.00132612	0.04358655	0.35966746	0.04351277	0.36060469	0.58858496	0.58858208	0.32315960	0.32295738	0.58855538	0.58846992	0.32318442	0.32292492	59918	63820	0
59918	63825	-0.00167786	0.04351747	0.36070177	0.04339550	0.36126455	0.58867995	0.58848364	0.32305188	0.32297595	0.58858151	0.58850591	0.32324777	0.32294966	59918	63823	0
59918	63828	-0.00121552	0.04342252	0.36078273	0.04337897	0.36004299	0.58865341	0.58850155	0.32314728	0.32293125	0.58867099	0.58855603	0.32309239	0.32307143	59918	63826	0
59918	63831	-0.00099813	0.04351903	0.36000811	0.04345322	0.35966029	0.58861775	0.58868241	0.32330176	0.32306930	0.58870698	0.58855382	0.32316470	0.32311901	59918	63830	0
59918	63834	-0.00018292	0.04349277	0.36073477	0.04342511	0.35943043	0.58871274	0.58860271	0.32322279	0.32310636	0.58878989	0.58863517	0.32331926	0.32322452	59918	63833	0
59918	64622	0.00008426	0.04374367	0.35897549	0.04363395	0.35854800	0.58910174	0.58912631	0.32355641	0.32333077	0.58916912	0.58910420	0.32348665	0.32335443	59918	64620	0
59918	64625	0.00042023	0.04359000	0.35944597	0.04358356	0.35890843	0.58931661	0.58924447	0.32349380	0.32341294	0.58918514	0.58912277	0.32350555	0.32333504	59918	64624	0
59918	64629	-0.00013078	0.04371688	0.35931420	0.04377150	0.36019582	0.58926657	0.58910905	0.32346906	0.32336462	0.58917627	0.58907265	0.32343784	0.32340127	59918	64627	0
59918	64632	0.00016034	0.04369165	0.35950498	0.04351965	0.35903918	0.58919212	0.58915901	0.32348903	0.32338738	0.58925638	0.58926912	0.32366512	0.32359100	59918	64630	0
59918	64635	0.00028892	0.04349034	0.35980257	0.04361120	0.35959685	0.58917972	0.58904775	0.32360851	0.32340275	0.58922581	0.58907396	0.32350694	0.32338196	59918	64633	0
59918	65422	0.00022430	0.04372503	0.35908399	0.04367786	0.35918738	0.58937150	0.58925088	0.32355099	0.32342190	0.58939895	0.58924537	0.32364483	0.32347629	59918	65421	0
59918	65426	-0.00043944	0.04375043	0.35933652	0.04370825	0.36039850	0.58953075	0.58933067	0.32360719	0.32346076	0.58954365	0.58942056	0.32383062	0.32355953	59918	65424	0
59918	65429	-0.00054256	0.04371596	0.36055327	0.04369645	0.36071827	0.58951793	0.58937397	0.32372412	0.32347777	0.58943634	0.58942253	0.32368394	0.32345518	59918	65427	0
59918	65432	0.00122766	0.04363592	0.36159583	0.04375435	0.35876347	0.58949041	0.58934365	0.32369454	0.32356709	0.58955393	0.58943461	0.32370835	0.32357474	59918	65431	0
59918	65436	-0.00017619	0.04378343	0.35945718	0.04377297	0.36170335	0.58956107	0.58946091	0.32389866	0.32368731	0.58962583	0.58952262	0.32377663	0.32363603	59918	65434	0
59918	66223	0.00082635	0.04375803	0.36191644	0.04381248	0.36031238	0.58935244	0.58927471	0.32338870	0.32324695	0.58938827	0.58927660	0.32339577	0.32321055	59918	66221	0
59918	66226	0.00091021	0.04373916	0.36091134	0.04382290	0.36077716	0.58941226	0.58936986	0.32347194	0.32336183	0.58949846	0.58931193	0.32340415	0.32330694	59918	66225	0
59918	66230	-0.00037371	0.04376290	0.35956449	0.04372611	0.36161877	0.58937816	0.58926904	0.32343759	0.32319371	0.58933913	0.58912146	0.32335747	0.32319371	59918	66228	0
59918	66233	-0.00050728	0.04366404	0.36080723	0.04376275	0.36102094	0.58934784	0.58928868	0.32334893	0.32319206	0.58926000	0.58925326	0.32345074	0.32319165	59918	66231	0
59918	66236	-0.00096800	0.04387504	0.36026500	0.04388159	0.36100214	0.58933247	0.58915055	0.32335649	0.32313315	0.58932598	0.58919303	0.32325648	0.32316100	59918	66234	0
59918	67023	-0.00037954	0.04412380	0.35938776	0.04424628	0.35844622	0.58932919	0.58922959	0.32296132	0.32282106	0.58935376	0.58928194	0.32294711	0.32274069	59918	67022	0
59918	67027	-0.00064330	0.04430799	0.35857234	0.04425677	0.35899436	0.58937874	0.58933067	0.32306650	0.32280158	0.58924430	0.58923222	0.32299994	0.32281950	59918	67025	0
59918	67030	-0.00040111	0.04420528	0.35998600	0.04407679	0.35959850	0.58940667	0.58927931	0.32295919	0.32283486	0.58933519	0.58923740	0.32301556	0.32278088	59918	67028	0
59918	67033	-0.00109991	0.04411137	0.35895985	0.04423381	0.36007794	0.58945014	0.58936674	0.32295607	0.32279057	0.58934472	0.58928079	0.32297874	0.32283453	59918	67032	0
59918	67037	-0.00002133	0.04419926	0.36101514	0.04419314	0.35928941	0.58951046	0.58937389	0.32307102	0.32279033	0.58945803	0.58927397	0.32290915	0.32281021	59918	67035	0
59918	67824	-0.00004059	0.04377567	0.35911409	0.04370210	0.35914491	0.58975401	0.58973783	0.32400819	0.32372774	0.58981564	0.58977209	0.32382749	0.32375987	59918	67822	0
59918	67827	-0.00084814	0.04360131	0.35905240	0.04366315	0.36034447	0.59001022	0.58965500	0.32405979	0.32372133	0.58987900	0.58973092	0.32403966	0.32373686	59918	67826	0
59918	67830	0.00041139	0.04356300	0.36137159	0.04381015	0.35935634	0.58994169	0.58977004	0.32404558	0.32376792	0.58991638	0.58987037	0.32399381	0.32383251	59918	67829	0
59918	67834	-0.00004240	0.04377321	0.35905082	0.04364304	0.35977689	0.58995098	0.58991252	0.32406538	0.32385864	0.58999930	0.58989822	0.32412077	0.32392191	59918	67832	0
59918	67837	0.00035737	0.04392490	0.35986045	0.04372831	0.35922082	0.58991417	0.58985295	0.32399948	0.32376430	0.58995763	0.58988656	0.32401756	0.32379528	59918	67835	0
59918	68624	-0.00024757	0.04373728	0.35929136	0.04366144	0.36025926	0.59011187	0.59003529	0.32410540	0.32397532	0.59018048	0.59000110	0.32402380	0.32396275	59918	68623	0
59918	68628	-0.00043395	0.04371157	0.35890023	0.04379050	0.35919843	0.59016150	0.59002189	0.32409570	0.32403317	0.59023258	0.59005369	0.32418018	0.32397294	59918	68626	0
59918	68631	-0.00038840	0.04375370	0.35936795	0.04382455	0.35929507	0.59017079	0.59003290	0.32421337	0.32394336	0.59026027	0.59029404	0.32413671	0.32414188	59918	68629	0
59918	68634	-0.00065556	0.04382476	0.35903057	0.04396839	0.35945802	0.59019511	0.59004408	0.32409833	0.32406349	0.59030275	0.59004958	0.32418847	0.32401690	59918	68633	0
59918	68638	0.00029895	0.04394641	0.36023599	0.04375599	0.35870878	0.59026750	0.59016397	0.32426687	0.32403432	0.59011146	0.58997875	0.32413662	0.32397861	59918	68636	0
59918	69425	0.00057034	0.04364157	0.35887883	0.04367048	0.35844459	0.58959107	0.58953289	0.32359569	0.32335074	0.58958721	0.58952270	0.32349478	0.32335599	59918	69423	0
59918	69428	0.00103185	0.04367706	0.35902026	0.04374310	0.35828185	0.58959583	0.58944324	0.32357178	0.32338730	0.58950282	0.58945951	0.32349552	0.32332954	59918	69427	0
59918	69431	0.00107473	0.04379716	0.35812473	0.04372288	0.35805612	0.58956124	0.58946986	0.32343315	0.32336429	0.58956042	0.58945967	0.32347005	0.32323331	59918	69430	0
59918	69435	0.00125507	0.04355382	0.35959968	0.04366655	0.35931115	0.58954957	0.58956658	0.32360407	0.32337867	0.58973396	0.58948548	0.32341376	0.32332871	59918	69433	0
59918	69438	0.00138294	0.04375376	0.35945579	0.04384767	0.35925119	0.58955623	0.58947060	0.32330546	0.32320554	0.58953084	0.58954620	0.32336470	0.32321244	59918	69436	0
59918	70225	0.00115518	0.04385205	0.35897939	0.04381998	0.35934381	0.58990956	0.58988746	0.32397286	0.32369594	0.58996125	0.58982649	0.32387014	0.32367885	59918	70224	0
59918	70229	0.00090434	0.04382983	0.35785970	0.04386409	0.35826104	0.58988615	0.58987020	0.32390161	0.32370588	0.58996922	0.58984276	0.32373481	0.32369692	59918	70227	0
59918	70232	0.00108895	0.04394654	0.35746127	0.04388519	0.35716590	0.58974432	0.58979436	0.32378879	0.32373587	0.58981293	0.58971054	0.32394056	0.32366882	59918	70230	0
59918	70235	0.00069320	0.04380619	0.35747169	0.04376887	0.35810488	0.58976609	0.58973717	0.32384713	0.32367663	0.58992468	0.58986725	0.32381928	0.32371122	59918	70234	0
59918	70238	0.00001844	0.04378325	0.35831761	0.04376132	0.35939722	0.58990250	0.58983282	0.32377055	0.32372782	0.58988508	0.58983635	0.32383127	0.32363004	59918	70237	0
59918	71026	0.00038446	0.04374969	0.35955233	0.04362192	0.35896671	0.58865785	0.58859860	0.32254381	0.32235925	0.58863196	0.58863328	0.32233551	0.32228086	59918	71024	0
59918	71029	-0.00052941	0.04367728	0.35877985	0.04362900	0.36024204	0.58864651	0.58860427	0.32244233	0.32231693	0.58864347	0.58861027	0.32247766	0.32236673	59918	71028	0
59918	71032	-0.00124121	0.04374794	0.35863762	0.04373638	0.35977650	0.58872884	0.58868110	0.32257536	0.32231652	0.58866565	0.58856992	0.32255827	0.32228513	59918	71031	0
59918	71036	-0.00001917	0.04356117	0.36031325	0.04376479	0.35835799	0.58872892	0.58866146	0.32254365	0.32235227	0.58873344	0.58854239	0.32245104	0.32233394	59918	71034	0
59918	71039	-0.00040012	0.04365020	0.35885239	0.04360242	0.35946190	0.58870665	0.58857025	0.32252680	0.32238029	0.58877691	0.58868767	0.32256887	0.32241283	59918	71037	0
59918	71826	-0.00012635	0.04359247	0.35615080	0.04365210	0.35571278	0.58917207	0.58916180	0.32305977	0.32298285	0.58916821	0.58897495	0.32315057	0.32293733	59918	71825	0
59918	71830	-0.00049851	0.04361357	0.35617722	0.04349361	0.35677268	0.58903518	0.58904758	0.32307078	0.32290939	0.58902532	0.58907018	0.32307686	0.32283355	59918	71828	0
59918	71833	0.00023325	0.04338810	0.35810153	0.04348643	0.35693071	0.58904019	0.58899204	0.32294916	0.32289263	0.58893756	0.58896007	0.32303955	0.32289863	59918	71831	0
59918	71836	0.00062270	0.04368063	0.35650000	0.04358534	0.35587687	0.58909713	0.58912787	0.32297858	0.32296708	0.58892540	0.58891389	0.32303462	0.32283971	59918	71835	0
59918	71839	0.00044645	0.04352067	0.35673399	0.04348931	0.35701599	0.58908752	0.58894635	0.32290832	0.32277143	0.58899738	0.58893731	0.32293741	0.32279008	59918	71838	0
59918	72627	0.00011764	0.04359160	0.35596663	0.04360201	0.35649273	0.58979970	0.58974834	0.32387598	0.32359331	0.58996791	0.58984333	0.32373439	0.32357408	59918	72625	0
59918	72630	-0.00050987	0.04366763	0.35618025	0.04358144	0.35718426	0.58988409	0.58977505	0.32365576	0.32353784	0.58971137	0.58974695	0.32376135	0.32363981	59918	72629	0
59918	72633	-0.00052697	0.04360862	0.35566171	0.04364254	0.35568907	0.58990595	0.58974325	0.32381353	0.32360974	0.58972123	0.58961062	0.32371352	0.32354967	59918	72632	0
59918	72637	-0.00062513	0.04360416	0.35518830	0.04359281	0.35534537	0.58970553	0.58963281	0.32361738	0.32354400	0.58965574	0.58958647	0.32373908	0.32356668	59918	72635	0
59918	72640	-0.00046666	0.04361100	0.35627826	0.04355927	0.35602470	0.58974933	0.58963125	0.32367490	0.32355534	0.58971482	0.58978088	0.32357457	0.32358295	59918	72638	0
59918	73427	-0.00024863	0.04374570	0.35603196	0.04367447	0.35568311	0.58994597	0.58991671	0.32374458	0.32360982	0.58990702	0.58979518	0.32364803	0.32354482	59918	73426	0
59918	73431	0.00003240	0.04368598	0.35653276	0.04361894	0.35608311	0.58999149	0.58983413	0.32374787	0.32363562	0.58983323	0.58984802	0.32367351	0.32361927	59918	73429	0
59918	73434	0.00016108	0.04356583	0.35668498	0.04373639	0.35647911	0.58979337	0.58984629	0.32387499	0.32359528	0.58988434	0.58984481	0.32370457	0.32364614	59918	73432	0
59918	73437	-0.00033583	0.04362896	0.35604494	0.04373052	0.35683999	0.58986010	0.58970298	0.32364244	0.32352354	0.58989650	0.58974046	0.32387869	0.32366833	59918	73436	0
59918	73441	0.00045381	0.04366667	0.35649600	0.04360278	0.35523256	0.58989625	0.58980899	0.32381722	0.32357375	0.58990406	0.58970824	0.32383234	0.32363809	59918	73439	0
59918	74228	-0.00026842	0.04341953	0.35439744	0.04341597	0.35555300	0.58898324	0.58890806	0.32295549	0.32283798	0.58901143	0.58893690	0.32300701	0.32282845	59918	74226	0
59918	74231	0.00025257	0.04339882	0.35570406	0.04338050	0.35487049	0.58898111	0.58895029	0.32304571	0.32289879	0.58887215	0.58886788	0.32291482	0.32275754	59918	74230	0
59918	74235	0.00016839	0.04346295	0.35502147	0.04352359	0.35515616	0.58892794	0.58886336	0.32287307	0.32279304	0.58881857	0.58880797	0.32293980	0.32277044	59918	74233	0
59918	74238	-0.00006461	0.04355754	0.35451607	0.04354602	0.35488886	0.58872062	0.58863738	0.32281605	0.32265885	0.58890296	0.58877757	0.32285861	0.32274801	59918	74236	0
59918	74241	-0.00011439	0.04350535	0.35479302	0.04349451	0.35487268	0.58898694	0.58872013	0.32286009	0.32271785	0.58891595	0.58877272	0.32288063	0.32272073	59918	74239	0
59918	75029	0.00040349	0.04399979	0.35646057	0.04398577	0.35563196	0.58932335	0.58938769	0.32301071	0.32283634	0.58936477	0.58931859	0.32280076	0.32283273	59918	75027	0
59918	75032	-0.00073717	0.04392536	0.35569770	0.04383012	0.35752276	0.58946567	0.58927191	0.32283462	0.32277677	0.58922959	0.58918243	0.32285031	0.32272615	59918	75030	0
59918	75035	0.00050212	0.04387276	0.35784524	0.04376303	0.35586237	0.58922639	0.58919903	0.32279739	0.32272147	0.58928383	0.58915441	0.32288408	0.32274817	59918	75033	0
59918	75038	0.00064258	0.04392299	0.35725572	0.04379473	0.35703098	0.58923543	0.58918695	0.32276995	0.32266353	0.58924381	0.58919549	0.32288918	0.32267315	59918	75037	0
59918	75042	0.00132599	0.04380649	0.35792647	0.04393649	0.35683300	0.58935219	0.58916780	0.32273387	0.32273133	0.58924644	0.58928662	0.32291712	0.32278638	59918	75040	0
59918	75829	0.00041465	0.04344573	0.35695363	0.04356956	0.35841178	0.58791419	0.58785700	0.32145824	0.32137821	0.58790063	0.58764804	0.32145471	0.32130614	59918	75827	0
59918	75832	0.00022356	0.04352891	0.35682405	0.04353497	0.35712979	0.58792676	0.58773859	0.32140869	0.32131485	0.58780844	0.58782191	0.32148437	0.32131321	59918	75831	0
59918	75836	-0.00009132	0.04356974	0.35627949	0.04360320	0.35678329	0.58776596	0.58767417	0.32132406	0.32133342	0.58792882	0.58779028	0.32147928	0.32136325	59918	75834	0
59918	75839	-0.00021556	0.04361608	0.35649754	0.04350236	0.35669634	0.58785486	0.58776218	0.32139423	0.32129571	0.58783465	0.58769915	0.32141272	0.32132406	59918	75837	0
59918	75842	0.00064135	0.04336803	0.35853347	0.04355496	0.35716242	0.58777992	0.58774706	0.32156490	0.32125380	0.58792611	0.58774402	0.32134427	0.32125002	59918	75840	0
59918	76630	0.00066853	0.04379058	0.35585796	0.04378476	0.35581446	0.58873681	0.58856639	0.32228571	0.32211414	0.58861199	0.58851815	0.32236542	0.32216434	59918	76628	0
59918	76633	0.00063088	0.04368953	0.35578767	0.04363583	0.35584792	0.58861240	0.58849835	0.32231776	0.32211455	0.58866738	0.58849695	0.32237684	0.32212597	59918	76631	0
59918	76636	0.00052963	0.04364397	0.35599636	0.04357503	0.35615835	0.58874215	0.58856844	0.32230921	0.32218702	0.58862235	0.58849441	0.32237700	0.32221767	59918	76634	0
59918	76639	-0.00031085	0.04385080	0.35576189	0.04365219	0.35710665	0.58870739	0.58862095	0.32241045	0.32221890	0.58887437	0.58866918	0.32233090	0.32222770	59918	76638	0
59918	76643	0.00029509	0.04355593	0.35854950	0.04364899	0.35757999	0.58890378	0.58851331	0.32232548	0.32213969	0.58856770	0.58853007	0.32226155	0.32214939	59918	76641	0
59918	77430	-0.00023066	0.04331970	0.35617736	0.04338362	0.35701856	0.58725222	0.58716561	0.32121526	0.32098576	0.58739503	0.58734532	0.32122709	0.32099471	59918	77428	0
59918	77433	-0.00050637	0.04322963	0.35544063	0.04320699	0.35588176	0.58739084	0.58731237	0.32123104	0.32097844	0.58750481	0.58724745	0.32118486	0.32106086	59918	77432	0
59918	77437	0.00041480	0.04321784	0.35816526	0.04333751	0.35669139	0.58735633	0.58728739	0.32128511	0.32100844	0.58733628	0.58727449	0.32112578	0.32091040	59918	77435	0
59918	77440	0.00063808	0.04336279	0.35604546	0.04350016	0.35568822	0.58731393	0.58733579	0.32121181	0.32100597	0.58739421	0.58716849	0.32113062	0.32107927	59918	77438	0
59918	77443	0.00084283	0.04332831	0.35553750	0.04307038	0.35520989	0.58728920	0.58719692	0.32120737	0.32097885	0.58726512	0.58705139	0.32113046	0.32092881	59918	77441	0
59918	78231	0.00117483	0.04373864	0.35489338	0.04363131	0.35436219	0.58853188	0.58840311	0.32220362	0.32214906	0.58826498	0.58836901	0.32222844	0.32211603	59918	78229	0
59918	78234	0.00060071	0.04365572	0.35461668	0.04359607	0.35553527	0.58842201	0.58829662	0.32225564	0.32204421	0.58827821	0.58826268	0.32224553	0.32205415	59918	78232	0
59918	78237	0.00104618	0.04357277	0.35478172	0.04365061	0.35406896	0.58833770	0.58829752	0.32206796	0.32198266	0.58844806	0.58829908	0.32215226	0.32205957	59918	78236	0
59918	78240	0.00071109	0.04363678	0.35558242	0.04352611	0.35611856	0.58830311	0.58826145	0.32218965	0.32203443	0.58819974	0.58812110	0.32211750	0.32187230	59918	78239	0
59918	78244	0.00060939	0.04361511	0.35500356	0.04354917	0.35516629	0.58829095	0.58830130	0.32217749	0.32192514	0.58820787	0.58814477	0.32205308	0.32195135	59918	78242	0
59918	79031	0.00028392	0.04388979	0.35503478	0.04384727	0.35555553	0.58783835	0.58793597	0.32173187	0.32151026	0.58795635	0.58789685	0.32179252	0.32152390	59918	79029	0
59918	79034	-0.00006568	0.04390914	0.35470928	0.04393539	0.35526864	0.58789529	0.58781748	0.32175841	0.32145685	0.58797270	0.58798470	0.32154863	0.32158462	59918	79033	0
59918	79038	-0.00057287	0.04387180	0.35660633	0.04389882	0.35741784	0.58777393	0.58773941	0.32167016	0.32144912	0.58794098	0.58780778	0.32150549	0.32146350	59918	79036	0
59918	79041	0.00045814	0.04387548	0.35619059	0.04388967	0.35454097	0.58783539	0.58780934	0.32163927	0.32142710	0.58778485	0.58776480	0.32163360	0.32133893	59918	79039	0
59918	79044	-0.00014195	0.04383661	0.35548498	0.04381579	0.35644512	0.58788880	0.58776694	0.32149851	0.32139407	0.58785076	0.58781222	0.32159374	0.32147681	59918	79043	0
59918	79832	0.00098360	0.04374489	0.35538445	0.04383686	0.35358357	0.58864305	0.58861183	0.32238826	0.32232376	0.58859392	0.58856031	0.32225933	0.32218776	59918	79830	0
59918	79835	0.00067249	0.04378884	0.35334256	0.04381332	0.35384034	0.58863434	0.58850772	0.32233353	0.32235317	0.58858759	0.58853409	0.32232795	0.32228900	59918	79833	0
59918	79838	-0.00025083	0.04375778	0.35317313	0.04377416	0.35465045	0.58844724	0.58839794	0.32232145	0.32213829	0.58853960	0.58847789	0.32231431	0.32218102	59918	79837	0
59918	79841	0.00034824	0.04382193	0.35460313	0.04382080	0.35364462	0.58845201	0.58851478	0.32232548	0.32216336	0.58849991	0.58847099	0.32225728	0.32216492	59918	79840	0
59918	79845	0.00143440	0.04380530	0.35458365	0.04389011	0.35284579	0.58855119	0.58840895	0.32229935	0.32213246	0.58851725	0.58835176	0.32238653	0.32219286	59918	79843	0
59918	80632	0.00085463	0.04358685	0.35186908	0.04369187	0.35279671	0.58811264	0.58794106	0.32179473	0.32170221	0.58808174	0.58797368	0.32188118	0.32172842	59918	80631	0
59918	80635	0.00008815	0.04358597	0.35183324	0.04347767	0.35305962	0.58794624	0.58799538	0.32193574	0.32175776	0.58797829	0.58787376	0.32191635	0.32173549	59918	80634	0
59918	80639	0.00066531	0.04356323	0.35290118	0.04355847	0.35197772	0.58783408	0.58775281	0.32171429	0.32159481	0.58798585	0.58775511	0.32169202	0.32152973	59918	80637	0
59918	80642	0.00018705	0.04361703	0.35239129	0.04360701	0.35315651	0.58786152	0.58782660	0.32175225	0.32164469	0.58788609	0.58781435	0.32161741	0.32153737	59918	80640	0
59918	80645	-0.00039076	0.04359552	0.35304044	0.04361909	0.35396493	0.58789020	0.58791896	0.32182990	0.32168775	0.58807763	0.58794517	0.32171930	0.32167345	59918	80644	0
59918	81433	-0.00097764	0.04359242	0.35315658	0.04355840	0.35409560	0.58795717	0.58788617	0.32176918	0.32157747	0.58793285	0.58789562	0.32156835	0.32153072	59918	81431	0
59918	81436	-0.00117768	0.04336343	0.35451516	0.04348264	0.35483522	0.58807467	0.58790762	0.32163113	0.32151009	0.58794427	0.58794320	0.32170246	0.32149982	59918	81434	0
59918	81439	0.00008890	0.04355703	0.35461875	0.04352989	0.35259222	0.58806358	0.58789710	0.32162735	0.32155693	0.58799719	0.58795741	0.32179252	0.32156819	59918	81438	0
59918	81442	-0.00018809	0.04355876	0.35361323	0.04353005	0.35405642	0.58806153	0.58798166	0.32166153	0.32166951	0.58807673	0.58795429	0.32171248	0.32158528	59918	81441	0
59918	81446	-0.00084831	0.04347726	0.35269708	0.04356080	0.35375343	0.58789176	0.58787935	0.32175069	0.32154354	0.58803556	0.58790819	0.32164280	0.32157780	59918	81444	0
59918	82233	-0.00071767	0.04331356	0.35306156	0.04321536	0.35285253	0.58709922	0.58711598	0.32104344	0.32091410	0.58721212	0.58709560	0.32115593	0.32090145	59918	82232	0
59918	82236	-0.00008513	0.04346292	0.35556941	0.04342669	0.35455735	0.58729643	0.58713866	0.32112709	0.32096061	0.58743924	0.58735452	0.32116029	0.32108239	59918	82235	0
59918	82240	-0.00031106	0.04345573	0.35461390	0.04339307	0.35497539	0.58742149	0.58725641	0.32122372	0.32102166	0.58744425	0.58723924	0.32114731	0.32101641	59918	82238	0
59918	82243	0.00065690	0.04335526	0.35625010	0.04326937	0.35470136	0.58730933	0.58737613	0.32119307	0.32101468	0.58725263	0.58716175	0.32112183	0.32098822	59918	82241	0
59918	82246	0.00003125	0.04345097	0.35350816	0.04352418	0.35450920	0.58738427	0.58735592	0.32117796	0.32101320	0.58739742	0.58718287	0.32119094	0.32099471	59918	82245	0
59918	83034	-0.00036753	0.04312920	0.35189529	0.04330363	0.35253335	0.58678129	0.58682739	0.32091468	0.32071944	0.58710817	0.58677217	0.32085592	0.32069470	59918	83032	0
59918	83037	-0.00042458	0.04318932	0.35255238	0.04320687	0.35264364	0.58691162	0.58696051	0.32079586	0.32074302	0.58673865	0.58678639	0.32082618	0.32058385	59918	83035	0
59918	83040	-0.00049898	0.04324666	0.35291922	0.04327334	0.35303827	0.58683355	0.58671728	0.32076077	0.32062617	0.58677464	0.58667965	0.32079553	0.32057120	59918	83039	0
59918	83044	-0.00124959	0.04319206	0.35149697	0.04306286	0.35269794	0.58673166	0.58672755	0.32083448	0.32061582	0.58690702	0.58670298	0.32078246	0.32066874	59918	83042	0
59918	83047	-0.00015444	0.04302329	0.35386054	0.04312185	0.35210829	0.58666888	0.58664193	0.32079964	0.32055575	0.58681161	0.58661769	0.32072576	0.32056134	59918	83045	0
59918	83834	-0.00008788	0.04335659	0.35239390	0.04327436	0.35228741	0.58755469	0.58742996	0.32135536	0.32123893	0.58726405	0.58725337	0.32140960	0.32128798	59918	83833	0
59918	83838	0.00128451	0.04319329	0.35367811	0.04312266	0.35148229	0.58744779	0.58722987	0.32143507	0.32125142	0.58749660	0.58737926	0.32142110	0.32126440	59918	83836	0
59918	83841	0.00059132	0.04320282	0.35236832	0.04317039	0.35347742	0.58747967	0.58726791	0.32146235	0.32129390	0.58755058	0.58734014	0.32147114	0.32133457	59918	83839	0
59918	83844	0.00065607	0.04321234	0.35276049	0.04335987	0.35265689	0.58735592	0.58734532	0.32155956	0.32131050	0.58759717	0.58728279	0.32149464	0.32124476	59918	83842	0
59918	83847	0.00061201	0.04317857	0.35263808	0.04328293	0.35270858	0.58740941	0.58727638	0.32149440	0.32126793	0.58745099	0.58722288	0.32146120	0.32127681	59918	83846	0
59918	84635	0.00140943	0.04311454	0.35336418	0.04311564	0.35208831	0.58704942	0.58683257	0.32107319	0.32081813	0.58698952	0.58694703	0.32107853	0.32082684	59918	84633	0
59918	84638	0.00156211	0.04317945	0.35312291	0.04335225	0.35287862	0.58694720	0.58681252	0.32090802	0.32080333	0.58686034	0.58679814	0.32086324	0.32071681	59918	84636	0
59918	84641	0.00103928	0.04328106	0.35164648	0.04324107	0.35248301	0.58699256	0.58685952	0.32094401	0.32087318	0.58696141	0.58668450	0.32084697	0.32069717	59918	84640	0
59918	84645	0.00128652	0.04325353	0.35215337	0.04329730	0.35175778	0.58676396	0.58663971	0.32083809	0.32073793	0.58674686	0.58673487	0.32105675	0.32076250	59918	84643	0
59918	84648	0.00042173	0.04311205	0.35141016	0.04315214	0.35279384	0.58689305	0.58689790	0.32104007	0.32091246	0.58676823	0.58668934	0.32081837	0.32075633	59918	84646	0
59918	85435	0.00000544	0.04319300	0.35159861	0.04322152	0.35226467	0.58657480	0.58666880	0.32071295	0.32065189	0.58637882	0.58628744	0.32056676	0.32042395	59918	85434	0
59918	85439	0.00009795	0.04319343	0.35085910	0.04307957	0.35071110	0.58650676	0.58639558	0.32066216	0.32052009	0.58646337	0.58634299	0.32045953	0.32042263	59918	85437	0
59918	85442	0.00091009	0.04304143	0.35263718	0.04304917	0.35133774	0.58637767	0.58625194	0.32065345	0.32045394	0.58639788	0.58628572	0.32050144	0.32044745	59918	85440	0
59918	85445	0.00095556	0.04309020	0.35207708	0.04324204	0.35200432	0.58643297	0.58632138	0.32051656	0.32040176	0.58655565	0.58635326	0.32058385	0.32044474	59918	85443	0
59918	85448	0.00075215	0.04321781	0.35204239	0.04323497	0.35236785	0.58660060	0.58641382	0.32062584	0.32058024	0.58657800	0.58641908	0.32073439	0.32053332	59918	85447	0
59918	86236	0.00054825	0.04305760	0.35267191	0.04321601	0.35299816	0.58703364	0.58690373	0.32117861	0.32104681	0.58702592	0.58683150	0.32112841	0.32094237	59918	86234	0
59918	86239	0.00033547	0.04332933	0.35346644	0.04319995	0.35380688	0.58703824	0.58697752	0.32120729	0.32098239	0.58717374	0.58713874	0.32123087	0.32112832	59918	86237	0
59918	86242	-0.00090192	0.04309211	0.35145252	0.04322375	0.35343235	0.58719626	0.58706059	0.32124114	0.32112380	0.58705657	0.58706125	0.32128979	0.32116415	59918	86241	0
59918	86246	-0.00062700	0.04338271	0.35340911	0.04326854	0.35296923	0.58718574	0.58708648	0.32130918	0.32114114	0.58731015	0.58712354	0.32138774	0.32123465	59918	86244	0
59918	86249	-0.00017457	0.04315067	0.35298092	0.04324459	0.35225703	0.58732017	0.58725855	0.32133252	0.32119431	0.58712789	0.58713586	0.32134115	0.32126391	59918	86247	0
59919	636	0.00013403	0.04360362	0.35058456	0.04348289	0.35009081	0.58687308	0.58675722	0.32088551	0.32079060	0.58677546	0.58669452	0.32082519	0.32073587	59919	635	0
59919	640	0.00005019	0.04344111	0.35020367	0.04340459	0.35033781	0.58687768	0.58672525	0.32084417	0.32077178	0.58677817	0.58690891	0.32102421	0.32080925	59919	638	0
59919	643	0.00053401	0.04343312	0.35066837	0.04337766	0.34989426	0.58702469	0.58701252	0.32094212	0.32087655	0.58694884	0.58679518	0.32092224	0.32085017	59919	641	0
59919	646	0.00061337	0.04342211	0.35042439	0.04335964	0.35029740	0.58683002	0.58671753	0.32085634	0.32078649	0.58672049	0.58674128	0.32101287	0.32074787	59919	644	0
59919	649	0.00042177	0.04336442	0.35056653	0.04325404	0.35087310	0.58681334	0.58675763	0.32095511	0.32080268	0.58676552	0.58669238	0.32090909	0.32082462	59919	648	0
59919	1437	0.00122002	0.04352218	0.35077128	0.04362933	0.34949407	0.58832595	0.58819662	0.32229393	0.32209934	0.58840624	0.58836868	0.32225259	0.32213632	59919	1435	0
59919	1440	0.00112476	0.04370465	0.34838546	0.04368672	0.34853787	0.58834551	0.58829432	0.32239639	0.32216475	0.58855521	0.58836170	0.32231743	0.32222909	59919	1438	0
59919	1443	0.00120920	0.04354476	0.34974091	0.04345614	0.34960580	0.58840278	0.58827928	0.32240428	0.32214594	0.58848085	0.58826301	0.32232449	0.32219146	59919	1442	0
59919	1447	-0.00002940	0.04362541	0.34819079	0.04366337	0.35017255	0.58847616	0.58843360	0.32233238	0.32222063	0.58836564	0.58829826	0.32239664	0.32227700	59919	1445	0
59919	1450	0.00030152	0.04347181	0.35073546	0.04353955	0.35020599	0.58842793	0.58829580	0.32240987	0.32222096	0.58841445	0.58837361	0.32240412	0.32225243	59919	1448	0
59919	2237	0.00031558	0.04351679	0.35357566	0.04349907	0.35355318	0.58910001	0.58888908	0.32242639	0.32221833	0.58904413	0.58887092	0.32235013	0.32225999	59919	2236	0
59919	2241	0.00017661	0.04352537	0.35393045	0.04343537	0.35415280	0.58893789	0.58897486	0.32252130	0.32231521	0.58890296	0.58900412	0.32251390	0.32228620	59919	2239	0
59919	2244	-0.00032320	0.04345787	0.35269114	0.04352700	0.35349084	0.58909105	0.58898111	0.32253091	0.32234134	0.58900576	0.58894084	0.32231365	0.32233386	59919	2242	0
59919	2247	0.00027693	0.04348814	0.35245758	0.04363961	0.35149737	0.58910453	0.58893337	0.32241004	0.32230338	0.58915465	0.58907067	0.32237519	0.32227232	59919	2246	0
59919	2250	-0.00072366	0.04347672	0.35268673	0.04351489	0.35428767	0.58913050	0.58906164	0.32233345	0.32230387	0.58909418	0.58887765	0.32241012	0.32225868	59919	2249	0
59919	3038	0.00036999	0.04381342	0.35346647	0.04391067	0.35171662	0.58943864	0.58947636	0.32254751	0.32241201	0.58947479	0.58940446	0.32236657	0.32230305	59919	3036	0
59919	3041	-0.00080111	0.04387448	0.35027996	0.04389327	0.35215371	0.58946124	0.58935417	0.32256082	0.32228776	0.58944858	0.58931514	0.32240913	0.32228324	59919	3040	0
59919	3044	-0.00097650	0.04400605	0.35102577	0.04360478	0.35130640	0.58950824	0.58936567	0.32246649	0.32233912	0.58952517	0.58949328	0.32261316	0.32239919	59919	3043	0
59919	3048	-0.00019885	0.04391237	0.35273323	0.04380580	0.35148899	0.58934702	0.58924940	0.32247996	0.32237092	0.58941029	0.58937570	0.32245983	0.32234578	59919	3046	0
59919	3051	-0.00099360	0.04389679	0.35131163	0.04378604	0.35258324	0.58943790	0.58939690	0.32251883	0.32241644	0.58940232	0.58935351	0.32255975	0.32236994	59919	3049	0
59919	3838	0.00000378	0.04344035	0.35308047	0.04337858	0.35148466	0.58808158	0.58800869	0.32141494	0.32129940	0.58819579	0.58798987	0.32137319	0.32134624	59919	3837	0
59919	3842	-0.00067987	0.04350990	0.35169931	0.04350661	0.35279315	0.58818413	0.58793260	0.32150344	0.32132677	0.58824460	0.58809678	0.32144509	0.32142743	59919	3840	0
59919	3845	-0.00002367	0.04351443	0.35248800	0.04336276	0.35143807	0.58809234	0.58806711	0.32150459	0.32143285	0.58797434	0.58789817	0.32157484	0.32134649	59919	3843	0
59919	3848	0.00013984	0.04338582	0.35181658	0.04345406	0.35155496	0.58826926	0.58807410	0.32162135	0.32150672	0.58829498	0.58820837	0.32156087	0.32154814	59919	3847	0
59919	3851	0.00081039	0.04331208	0.35316916	0.04346389	0.35209629	0.58827156	0.58811987	0.32158914	0.32142915	0.58826950	0.58810097	0.32161075	0.32153064	59919	3850	0
59919	4639	0.00081746	0.04343372	0.35129841	0.04344210	0.35128710	0.58827295	0.58819234	0.32159292	0.32142973	0.58836803	0.58825644	0.32161618	0.32145216	59919	4637	0
59919	4642	0.00050424	0.04349772	0.34959602	0.04352999	0.35009716	0.58828002	0.58813934	0.32160607	0.32136679	0.58833573	0.58822981	0.32159802	0.32146572	59919	4641	0
59919	4645	-0.00021399	0.04365947	0.35040126	0.04346429	0.35155042	0.58844264	0.58825110	0.32155553	0.32146876	0.58821962	0.58818076	0.32165808	0.32144378	59919	4644	0
59919	4649	0.00061924	0.04352258	0.35281303	0.04331504	0.35147987	0.58834806	0.58833130	0.32154592	0.32141338	0.58824082	0.58822234	0.32165882	0.32150163	59919	4647	0
59919	4652	0.00103713	0.04345726	0.35046744	0.04350072	0.34979880	0.58823047	0.58819579	0.32150681	0.32140113	0.58819818	0.58797007	0.32137426	0.32130770	59919	4650	0
59919	5439	0.00084605	0.04353168	0.35053280	0.04368874	0.35083854	0.58783293	0.58780170	0.32120795	0.32103506	0.58777146	0.58779751	0.32119340	0.32099636	59919	5438	0
59919	5443	-0.00033478	0.04373354	0.34954054	0.04363107	0.35142987	0.58787639	0.58782397	0.32113268	0.32106694	0.58795651	0.58795183	0.32122561	0.32110244	59919	5441	0
59919	5446	0.00018737	0.04351106	0.35203523	0.04336906	0.35119979	0.58792052	0.58792545	0.32120474	0.32104837	0.58782947	0.58776012	0.32117648	0.32100868	59919	5444	0
59919	5449	-0.00006596	0.04356102	0.35059232	0.04358095	0.35099765	0.58778814	0.58772010	0.32120491	0.32105889	0.58771205	0.58765675	0.32114122	0.32099110	59919	5448	0
59919	5453	0.00056424	0.04359960	0.35135945	0.04351389	0.35035112	0.58793482	0.58777146	0.32114114	0.32106645	0.58790458	0.58785799	0.32120918	0.32104098	59919	5451	0
59919	6240	-0.00003940	0.04337942	0.34887607	0.04345357	0.34984191	0.58736167	0.58738156	0.32078501	0.32075765	0.58744220	0.58733275	0.32082462	0.32077170	59919	6238	0
59919	6243	-0.00026607	0.04328351	0.34944403	0.04325888	0.34980669	0.58746825	0.58769784	0.32094015	0.32097474	0.58759208	0.58747022	0.32105478	0.32088814	59919	6242	0
59919	6247	-0.00027909	0.04348782	0.35056365	0.04347474	0.35058449	0.58765248	0.58758797	0.32103621	0.32093711	0.58769644	0.58762807	0.32119283	0.32094812	59919	6245	0
59919	6250	0.00025721	0.04330900	0.35033623	0.04322237	0.34947815	0.58752577	0.58758542	0.32101739	0.32095330	0.58759816	0.58738189	0.32102495	0.32087721	59919	6248	0
59919	6253	0.00033107	0.04325136	0.34994566	0.04328799	0.34982748	0.58746118	0.58741040	0.32108288	0.32082741	0.58751550	0.58737252	0.32107269	0.32094163	59919	6251	0
59919	7041	-0.00014866	0.04350169	0.34677126	0.04347914	0.34753883	0.58820089	0.58807229	0.32165167	0.32158446	0.58823458	0.58799316	0.32158002	0.32144016	59919	7039	0
59919	7044	-0.00028453	0.04344327	0.34826705	0.04337572	0.34848445	0.58799932	0.58798116	0.32169046	0.32146128	0.58815323	0.58806424	0.32168084	0.32159448	59919	7042	0
59919	7047	0.00018796	0.04342870	0.34778509	0.04347790	0.34702910	0.58820450	0.58815874	0.32164132	0.32162078	0.58808075	0.58815660	0.32167616	0.32157690	59919	7045	0
59919	7050	-0.00068882	0.04351513	0.34724539	0.04342969	0.34864824	0.58815578	0.58820755	0.32162949	0.32159350	0.58815282	0.58806333	0.32169383	0.32163335	59919	7049	0
59919	7054	0.00038440	0.04326076	0.34934395	0.04326829	0.34762680	0.58800335	0.58793671	0.32154337	0.32147665	0.58803457	0.58801157	0.32163458	0.32149210	59919	7052	0
59919	7841	0.00018361	0.04334575	0.34747235	0.04307916	0.34779362	0.58740226	0.58718361	0.32089044	0.32083826	0.58728418	0.58719708	0.32110318	0.32081188	59919	7839	0
59919	7844	0.00004788	0.04333287	0.34675735	0.04337547	0.34697450	0.58719856	0.58716372	0.32093276	0.32083801	0.58721286	0.58714038	0.32092462	0.32073119	59919	7843	0
59919	7848	-0.00064362	0.04322821	0.34696820	0.04324092	0.34807462	0.58732486	0.58724088	0.32086036	0.32080646	0.58730966	0.58731286	0.32089734	0.32085247	59919	7846	0
59919	7851	-0.00012796	0.04329000	0.34760832	0.04324827	0.34678325	0.58729109	0.58719577	0.32106119	0.32092996	0.58734672	0.58725682	0.32104985	0.32090556	59919	7849	0
59919	7854	-0.00025302	0.04316501	0.34774872	0.04317111	0.34794882	0.58743932	0.58725575	0.32106546	0.32085666	0.58740843	0.58729569	0.32103292	0.32081870	59919	7852	0
59919	8641	-0.00102742	0.04321229	0.34744545	0.04318169	0.34868449	0.58793671	0.58779504	0.32175291	0.32154773	0.58781772	0.58777384	0.32170295	0.32144304	59919	8640	0
59919	8645	-0.00020025	0.04319684	0.34805506	0.04322877	0.34673159	0.58785618	0.58768419	0.32159424	0.32143145	0.58779274	0.58777680	0.32169711	0.32152833	59919	8643	0
59919	8648	-0.00007458	0.04309956	0.34849990	0.04314376	0.34829883	0.58789932	0.58774689	0.32154288	0.32152291	0.58788124	0.58772980	0.32177460	0.32155044	59919	8646	0
59919	8651	0.00023662	0.04306550	0.34753642	0.04320828	0.34703849	0.58793819	0.58782750	0.32169153	0.32159925	0.58783909	0.58770178	0.32166967	0.32149793	59919	8650	0
59919	8655	-0.00029563	0.04329942	0.34685977	0.04320053	0.34771138	0.58785922	0.58779217	0.32165307	0.32154419	0.58793934	0.58773481	0.32169835	0.32167550	59919	8653	0
59919	9442	-0.00022868	0.04315888	0.34734127	0.04321133	0.34723415	0.58665500	0.58663125	0.32049971	0.32036766	0.58674415	0.58654423	0.32043956	0.32036479	59919	9440	0
59919	9445	0.00010037	0.04322619	0.34774588	0.04304760	0.34721940	0.58660372	0.58650939	0.32036224	0.32030168	0.58664267	0.58655779	0.32042074	0.32032362	59919	9444	0
59919	9449	-0.00009018	0.04311294	0.34664603	0.04318184	0.34695090	0.58666962	0.58657660	0.32052157	0.32033833	0.58664661	0.58650503	0.32058147	0.32042033	59919	9447	0
59919	9452	-0.00053465	0.04319572	0.34622753	0.04327223	0.34693869	0.58661596	0.58665861	0.32055066	0.32039897	0.58681572	0.58671375	0.32060128	0.32043102	59919	9450	0
59919	9455	-0.00064950	0.04326152	0.34629425	0.04335768	0.34647802	0.58673774	0.58660997	0.32057334	0.32041212	0.58670471	0.58667159	0.32063119	0.32042978	59919	9453	0
59919	10243	-0.00019032	0.04315098	0.34734274	0.04328741	0.34660804	0.58787491	0.58772865	0.32160286	0.32158454	0.58785996	0.58779759	0.32170213	0.32156055	59919	10241	0
59919	10246	0.00089421	0.04337994	0.34660031	0.04334415	0.34486507	0.58783514	0.58794977	0.32176162	0.32159802	0.58785248	0.58774747	0.32168126	0.32159144	59919	10244	0
59919	10249	0.00107005	0.04333364	0.34587164	0.04336989	0.34559029	0.58786004	0.58777253	0.32175053	0.32164880	0.58773580	0.58763489	0.32175480	0.32154543	59919	10247	0
59919	10252	0.00070682	0.04340536	0.34560403	0.04329340	0.34618520	0.58782117	0.58763538	0.32175275	0.32156548	0.58779866	0.58783112	0.32171503	0.32162119	59919	10251	0
59919	10256	0.00019378	0.04336805	0.34502800	0.04322838	0.34584887	0.58776070	0.58767869	0.32173508	0.32153433	0.58770819	0.58775051	0.32159325	0.32160097	59919	10254	0
59919	11043	0.00059836	0.04342483	0.34750871	0.04349871	0.34686137	0.58794764	0.58788330	0.32171478	0.32156457	0.58774459	0.58777853	0.32172111	0.32152299	59919	11041	0
59919	11046	0.00039470	0.04348670	0.34695375	0.04337136	0.34727961	0.58778724	0.58776111	0.32161741	0.32162111	0.58783021	0.58780441	0.32173845	0.32154181	59919	11045	0
59919	11050	0.00111696	0.04329959	0.34800358	0.04332777	0.34684796	0.58786152	0.58781813	0.32156663	0.32151650	0.58782068	0.58770753	0.32162875	0.32153787	59919	11048	0
59919	11053	0.00025309	0.04340960	0.34680714	0.04328417	0.34818933	0.58797122	0.58782709	0.32169317	0.32158684	0.58788510	0.58787623	0.32175866	0.32154247	59919	11051	0
59919	11056	0.00052036	0.04329200	0.34776710	0.04334693	0.34733947	0.58789957	0.58777335	0.32165028	0.32155709	0.58794681	0.58787680	0.32167246	0.32160796	59919	11054	0
59919	11844	0.00038317	0.04334856	0.35015299	0.04339825	0.35037249	0.58784763	0.58761813	0.32116752	0.32100909	0.58775560	0.58763276	0.32118256	0.32103547	59919	11842	0
59919	11847	0.00010602	0.04342251	0.34953345	0.04340765	0.34997689	0.58776472	0.58770022	0.32132669	0.32102980	0.58783104	0.58783679	0.32128174	0.32108642	59919	11845	0
59919	11850	-0.00048032	0.04341000	0.34917836	0.04343878	0.35011652	0.58787878	0.58783933	0.32132529	0.32114040	0.58795322	0.58760079	0.32126350	0.32105864	59919	11848	0
59919	11853	0.00010900	0.04340461	0.35051412	0.04340618	0.34957120	0.58785281	0.58769956	0.32125199	0.32114435	0.58769989	0.58753349	0.32112175	0.32108469	59919	11852	0
59919	11857	0.00091262	0.04346779	0.35079739	0.04337851	0.34951160	0.58774385	0.58759249	0.32116686	0.32112750	0.58769816	0.58758049	0.32107647	0.32101846	59919	11855	0
59919	12644	0.00115283	0.04380511	0.34964817	0.04376341	0.34926383	0.58800647	0.58796128	0.32107532	0.32097861	0.58821461	0.58809481	0.32103531	0.32095042	59919	12642	0
59919	12647	0.00001450	0.04394408	0.34723957	0.04390718	0.34906090	0.58805471	0.58806202	0.32111822	0.32094262	0.58820672	0.58807960	0.32121066	0.32094829	59919	12646	0
59919	12651	-0.00053493	0.04390700	0.34882503	0.04390800	0.34970411	0.58803375	0.58803885	0.32113662	0.32093497	0.58807796	0.58793638	0.32100301	0.32094073	59919	12649	0
59919	12654	-0.00136569	0.04382401	0.34811733	0.04368443	0.34944655	0.58818404	0.58812110	0.32120433	0.32095363	0.58809439	0.58796810	0.32101008	0.32083892	59919	12652	0
59919	12657	-0.00000097	0.04372398	0.35045849	0.04378498	0.34827494	0.58794821	0.58788502	0.32112939	0.32086274	0.58796456	0.58797788	0.32116177	0.32096316	59919	12655	0
59919	13445	0.00046156	0.04351951	0.35188649	0.04347638	0.35114644	0.58695673	0.58686223	0.32015369	0.32004193	0.58695279	0.58680225	0.32019140	0.31992451	59919	13443	0
59919	13448	0.00016372	0.04335087	0.34966250	0.04351292	0.35013904	0.58695402	0.58687596	0.32021137	0.32005960	0.58696462	0.58682682	0.32035394	0.32000060	59919	13446	0
59919	13451	0.00030350	0.04348486	0.34881783	0.04344908	0.34859418	0.58696560	0.58685056	0.32021762	0.32007801	0.58705476	0.58689099	0.32022707	0.32002846	59919	13449	0
59919	13454	0.00108608	0.04352105	0.35034377	0.04347451	0.34909165	0.58712370	0.58694440	0.32018450	0.32002180	0.58696643	0.58696347	0.32013520	0.31998630	59919	13453	0
59919	13458	-0.00015100	0.04351668	0.34830120	0.04344748	0.35028053	0.58710645	0.58689017	0.32016864	0.32012649	0.58693446	0.58680751	0.32023528	0.32009000	59919	13456	0
59919	14245	-0.00037081	0.04336944	0.34773645	0.04322906	0.34808814	0.58788494	0.58774122	0.32156654	0.32140647	0.58792397	0.58780811	0.32152644	0.32145052	59919	14243	0
59919	14248	0.00041797	0.04316970	0.34968416	0.04325424	0.34842211	0.58780523	0.58774771	0.32159440	0.32138470	0.58786859	0.58782956	0.32149801	0.32133704	59919	14247	0
59919	14252	0.00028346	0.04328063	0.34785506	0.04344828	0.34807028	0.58791255	0.58782068	0.32160221	0.32137295	0.58800540	0.58790080	0.32156704	0.32143630	59919	14250	0
59919	14255	0.00049793	0.04313415	0.34847669	0.04327709	0.34813354	0.58797796	0.58788428	0.32148026	0.32146358	0.58790778	0.58788478	0.32163294	0.32143622	59919	14253	0
59919	14258	0.00114236	0.04331918	0.34842321	0.04320334	0.34739213	0.58782964	0.58775412	0.32163787	0.32144131	0.58788108	0.58779521	0.32155323	0.32142439	59919	14257	0
59919	15046	0.00047309	0.04334033	0.34690613	0.04330925	0.34797696	0.58674711	0.58679633	0.32050168	0.32035772	0.58673035	0.58665072	0.32041162	0.32029502	59919	15044	0
59919	15049	0.00147615	0.04314669	0.34924817	0.04321082	0.34764327	0.58674719	0.58665023	0.32054039	0.32026240	0.58680537	0.58680899	0.32041244	0.32036643	59919	15047	0
59919	15052	0.00122070	0.04327313	0.34806744	0.04314296	0.34847616	0.58676297	0.58661112	0.32042921	0.32022904	0.58653371	0.58650413	0.32044334	0.32021038	59919	15050	0
59919	15055	0.00082123	0.04318020	0.34759293	0.04313723	0.34823209	0.58667998	0.58652114	0.32030217	0.32014374	0.58661153	0.58641982	0.32028048	0.32014580	59919	15054	0
59919	15059	0.00056281	0.04309541	0.34846514	0.04315182	0.34887861	0.58650068	0.58634340	0.32030184	0.32012279	0.58665122	0.58635236	0.32038245	0.32016593	59919	15057	0
59919	15846	0.00134123	0.04317176	0.34878425	0.04341746	0.34753878	0.58705739	0.58704810	0.32069947	0.32055871	0.58698549	0.58698869	0.32054211	0.32054967	59919	15844	0
59919	15849	0.00119887	0.04334423	0.34766472	0.04333618	0.34789249	0.58703340	0.58703759	0.32068427	0.32050785	0.58697785	0.58684941	0.32066520	0.32047555	59919	15848	0
59919	15853	0.00066014	0.04325744	0.34652434	0.04309899	0.34738631	0.58698023	0.58691375	0.32065370	0.32051664	0.58704449	0.58699560	0.32069692	0.32062256	59919	15851	0
59919	15856	0.00039704	0.04322265	0.34693919	0.04328738	0.34736015	0.58700883	0.58688458	0.32078534	0.32061253	0.58700381	0.58679115	0.32074968	0.32053710	59919	15854	0
59919	15859	0.00038318	0.04324702	0.34734624	0.04335824	0.34736841	0.58699782	0.58698672	0.32064631	0.32055592	0.58700069	0.58693487	0.32074425	0.32053044	59919	15858	0
59919	16647	0.00032385	0.04323703	0.34624253	0.04315506	0.34633745	0.58693734	0.58678417	0.32064277	0.32052502	0.58680011	0.58684826	0.32076044	0.32060694	59919	16645	0
59919	16650	0.00050983	0.04321191	0.34634985	0.04310099	0.34605228	0.58683043	0.58681301	0.32060818	0.32038352	0.58681942	0.58680841	0.32052313	0.32047317	59919	16648	0
59919	16653	0.00092728	0.04310671	0.34626478	0.04309533	0.34559687	0.58671983	0.58656765	0.32054154	0.32038360	0.58687398	0.58680521	0.32075379	0.32045534	59919	16651	0
59919	16656	0.00127126	0.04309245	0.34618399	0.04309237	0.34563361	0.58685895	0.58668055	0.32073078	0.32045501	0.58679378	0.58677365	0.32073053	0.32052058	59919	16655	0
59919	16660	-0.00003439	0.04322321	0.34529469	0.04316265	0.34738373	0.58679830	0.58681482	0.32059832	0.32045739	0.58677258	0.58669575	0.32059848	0.32052576	59919	16658	0
59919	17447	-0.00051076	0.04310577	0.34504327	0.04309484	0.34580546	0.58650906	0.58650323	0.32030340	0.32019921	0.58652139	0.58642549	0.32037070	0.32020603	59919	17445	0
59919	17450	-0.00074989	0.04324771	0.34507541	0.04305102	0.34545802	0.58640692	0.58633017	0.32033496	0.32017620	0.58637528	0.58640068	0.32035345	0.32020956	59919	17449	0
59919	17454	-0.00009140	0.04308939	0.34608037	0.04316511	0.34502679	0.58637109	0.58631826	0.32027834	0.32016544	0.58633338	0.58638482	0.32038656	0.32020685	59919	17452	0
59919	17457	0.00016404	0.04314161	0.34561582	0.04304694	0.34520712	0.58638720	0.58638572	0.32052707	0.32024013	0.58647767	0.58638909	0.32053669	0.32026782	59919	17455	0
59919	17460	-0.00043315	0.04282839	0.34517206	0.04307742	0.34612756	0.58640224	0.58624833	0.32036511	0.32016371	0.58632179	0.58626320	0.32028697	0.32015829	59919	17458	0
59919	18248	0.00015626	0.04317071	0.34499915	0.04322406	0.34405610	0.58688450	0.58679822	0.32076693	0.32068353	0.58680989	0.58682517	0.32081788	0.32076480	59919	18246	0
59919	18251	0.00046760	0.04307067	0.34520658	0.04303962	0.34470844	0.58690020	0.58682608	0.32076570	0.32066553	0.58683413	0.58674440	0.32081016	0.32069610	59919	18249	0
59919	18254	0.00071756	0.04316488	0.34503505	0.04311744	0.34463511	0.58673856	0.58670455	0.32076693	0.32064105	0.58680866	0.58662303	0.32078616	0.32064581	59919	18253	0
59919	18257	0.00096964	0.04315841	0.34471676	0.04298442	0.34431344	0.58686256	0.58679839	0.32083062	0.32071829	0.58677012	0.58677439	0.32088345	0.32071492	59919	18256	0
59919	18261	0.00063283	0.04312053	0.34487027	0.04318875	0.34540915	0.58675475	0.58683166	0.32096488	0.32076340	0.58684933	0.58692337	0.32086307	0.32078731	59919	18259	0
59919	19048	0.00024680	0.04300152	0.34421328	0.04291480	0.34483093	0.58574971	0.58578233	0.32007866	0.31986083	0.58590461	0.58577806	0.32003889	0.31987019	59919	19047	0
59919	19051	0.00102170	0.04290934	0.34534202	0.04302631	0.34410218	0.58598300	0.58588513	0.31999427	0.31994078	0.58594282	0.58579211	0.32002320	0.31991350	59919	19050	0
59919	19055	0.00097517	0.04308909	0.34445894	0.04300843	0.34453338	0.58605860	0.58589458	0.32010816	0.31995598	0.58595218	0.58623822	0.32014317	0.32019625	59919	19053	0
59919	19058	0.00124658	0.04303991	0.34443581	0.04306284	0.34400155	0.58616854	0.58598431	0.32018089	0.32004522	0.58603657	0.58591101	0.32005048	0.32001539	59919	19056	0
59919	19061	0.00117599	0.04316768	0.34423914	0.04298801	0.34435208	0.58596541	0.58583706	0.32010849	0.31995532	0.58595498	0.58582712	0.32000997	0.31992878	59919	19060	0
59919	19849	0.00090729	0.04291919	0.34364704	0.04303152	0.34407696	0.58625835	0.58614085	0.32054704	0.32028007	0.58632286	0.58613707	0.32042913	0.32026413	59919	19847	0
59919	19852	0.00143899	0.04292192	0.34515862	0.04282336	0.34430790	0.58632368	0.58618243	0.32045000	0.32027941	0.58628974	0.58610091	0.32046060	0.32027464	59919	19850	0
59919	19855	0.00151555	0.04283273	0.34377230	0.04299690	0.34364981	0.58623395	0.58620461	0.32042814	0.32036692	0.58630125	0.58617865	0.32056093	0.32040020	59919	19854	0
59919	19858	0.00041419	0.04307341	0.34323140	0.04294847	0.34499358	0.58649484	0.58627627	0.32057950	0.32041360	0.58644858	0.58630215	0.32065329	0.32049018	59919	19857	0
59919	19862	0.00099027	0.04289984	0.34413241	0.04307528	0.34321069	0.58643626	0.58637800	0.32068764	0.32043825	0.58648885	0.58635622	0.32064450	0.32041820	59919	19860	0
59919	20649	-0.00013186	0.04292269	0.34250320	0.04307192	0.34429859	0.58662303	0.58649797	0.32091755	0.32066857	0.58676330	0.58668828	0.32089783	0.32080827	59919	20648	0
59919	20652	0.00074057	0.04311183	0.34351917	0.04316159	0.34212329	0.58680866	0.58677595	0.32107236	0.32089126	0.58681835	0.58676774	0.32114509	0.32089019	59919	20651	0
59919	20656	0.00068034	0.04298917	0.34390260	0.04315185	0.34399897	0.58685664	0.58665434	0.32099882	0.32080276	0.58684177	0.58667652	0.32100293	0.32081895	59919	20654	0
59919	20659	0.00069230	0.04310071	0.34368909	0.04305501	0.34366996	0.58667233	0.58666469	0.32100400	0.32078682	0.58666921	0.58667176	0.32095732	0.32083407	59919	20657	0
59919	20662	0.00085822	0.04303614	0.34373597	0.04304734	0.34347050	0.58669830	0.58658729	0.32081385	0.32079561	0.58681408	0.58669805	0.32112085	0.32082108	59919	20661	0
59919	21450	0.00106434	0.04289245	0.34330360	0.04289859	0.34297381	0.58569770	0.58554773	0.31996075	0.31978055	0.58559720	0.58568093	0.31999164	0.31981982	59919	21448	0
59919	21453	-0.00037138	0.04290318	0.34353751	0.04288105	0.34583465	0.58575629	0.58568858	0.31994481	0.31990068	0.58573936	0.58562736	0.32000496	0.31992977	59919	21451	0
59919	21456	0.00009404	0.04286636	0.34419795	0.04298323	0.34345328	0.58586779	0.58563303	0.31996412	0.31989994	0.58577929	0.58572736	0.32009469	0.31995302	59919	21455	0
59919	21459	0.00067251	0.04310764	0.34367449	0.04287879	0.34274894	0.58585078	0.58574996	0.32006379	0.31994440	0.58570863	0.58566614	0.32006502	0.31991794	59919	21458	0
59919	21463	-0.00010662	0.04298025	0.34329101	0.04295253	0.34453762	0.58584635	0.58559811	0.31994456	0.31984563	0.58576015	0.58565267	0.32007735	0.31991802	59919	21461	0
59919	22250	0.00039816	0.04295070	0.34427612	0.04287065	0.34346848	0.58522266	0.58513121	0.31950141	0.31925350	0.58517763	0.58512307	0.31949295	0.31930831	59919	22249	0
59919	22253	0.00094424	0.04293375	0.34272762	0.04293097	0.34185390	0.58516490	0.58501107	0.31945580	0.31921069	0.58510393	0.58502521	0.31950494	0.31932696	59919	22252	0
59919	22257	-0.00029263	0.04277107	0.34307379	0.04273404	0.34505278	0.58512496	0.58496095	0.31944824	0.31929039	0.58519177	0.58508437	0.31957627	0.31932696	59919	22255	0
59919	22260	0.00020120	0.04285770	0.34396764	0.04286109	0.34317751	0.58537181	0.58527599	0.31956517	0.31952672	0.58539309	0.58539013	0.31963050	0.31953025	59919	22258	0
59919	22263	-0.00054364	0.04295809	0.34319308	0.04279749	0.34438483	0.58547600	0.58525627	0.31965926	0.31946090	0.58544658	0.58531018	0.31979032	0.31948169	59919	22262	0
59919	23051	0.00095440	0.04305161	0.34387643	0.04295596	0.34147957	0.58613460	0.58595941	0.32035591	0.32029897	0.58608612	0.58592375	0.32029461	0.32025106	59919	23049	0
59919	23054	0.00172982	0.04282875	0.34356107	0.04289616	0.34232040	0.58593230	0.58597593	0.32043816	0.32021055	0.58593106	0.58594972	0.32030201	0.32029321	59919	23052	0
59919	23057	0.00063243	0.04304099	0.34121142	0.04296903	0.34296724	0.58613600	0.58614677	0.32041779	0.32033430	0.58610132	0.58610757	0.32048985	0.32025394	59919	23056	0
59919	23061	0.00111964	0.04293510	0.34326742	0.04300491	0.34248788	0.58600436	0.58596196	0.32039683	0.32027349	0.58595111	0.58595210	0.32034843	0.32022181	59919	23059	0
59919	23064	0.00022143	0.04297437	0.34240967	0.04294150	0.34384679	0.58613814	0.58610856	0.32036421	0.32036183	0.58615909	0.58596517	0.32030044	0.32019313	59919	23062	0
59919	23851	-0.00014558	0.04309923	0.34412605	0.04305350	0.34471327	0.58586738	0.58591430	0.32019921	0.32005294	0.58592145	0.58576163	0.32008483	0.31995771	59919	23850	0
59919	23855	0.00070796	0.04305313	0.34500009	0.04303713	0.34363443	0.58585941	0.58571545	0.32018072	0.31996067	0.58589170	0.58578817	0.32005442	0.31998926	59919	23853	0
59919	23858	0.00121657	0.04319166	0.34460113	0.04315348	0.34378735	0.58596566	0.58576557	0.32011367	0.31995869	0.58582934	0.58572243	0.32002714	0.31989082	59919	23856	0
59919	23861	0.00062034	0.04312954	0.34341732	0.04293833	0.34437129	0.58581537	0.58582835	0.32001112	0.31986526	0.58583427	0.58587790	0.32002690	0.31992122	59919	23859	0
59919	23864	0.00117321	0.04294183	0.34505373	0.04301885	0.34416914	0.58582695	0.58574141	0.32011753	0.31989649	0.58578891	0.58569014	0.32009058	0.31994440	59919	23863	0
59919	24652	0.00022335	0.04320959	0.34405264	0.04320828	0.34557242	0.58590469	0.58578439	0.31978391	0.31969624	0.58600453	0.58596048	0.32002229	0.31976395	59919	24650	0
59919	24655	0.00029486	0.04323372	0.34492744	0.04331373	0.34481301	0.58611012	0.58613345	0.32002501	0.31995615	0.58625638	0.58603879	0.32003774	0.31994037	59919	24653	0
59919	24658	-0.00021200	0.04335155	0.34489724	0.04329854	0.34570822	0.58631760	0.58602252	0.32002271	0.31991744	0.58620083	0.58620166	0.32015360	0.31996182	59919	24657	0
59919	24662	-0.00027802	0.04333790	0.34623594	0.04329988	0.34634157	0.58619968	0.58607437	0.32011079	0.31997529	0.58617692	0.58622434	0.32015360	0.31996288	59919	24660	0
59919	24665	0.00056636	0.04322688	0.34746170	0.04321472	0.34611069	0.58619484	0.58611045	0.32009222	0.31991342	0.58624011	0.58613682	0.32015130	0.32002336	59919	24663	0
59919	25452	-0.00000025	0.04353212	0.34678606	0.04355226	0.34769264	0.58667858	0.58650569	0.31956608	0.31946764	0.58661736	0.58653667	0.31971662	0.31946525	59919	25451	0
59919	25456	-0.00062375	0.04351864	0.34660023	0.04349367	0.34759782	0.58664218	0.58655245	0.31944685	0.31937076	0.58651259	0.58663396	0.31954406	0.31940535	59919	25454	0
59919	25459	0.00128599	0.04360942	0.34946728	0.04350091	0.34641170	0.58653461	0.58644480	0.31952680	0.31938678	0.58659485	0.58649197	0.31949401	0.31936279	59919	25457	0
59919	25462	0.00186923	0.04348106	0.34755020	0.04350714	0.34661703	0.58675582	0.58634989	0.31950560	0.31932729	0.58672098	0.58649361	0.31950511	0.31932334	59919	25461	0
59919	25465	0.00140774	0.04367143	0.34648349	0.04351721	0.34722187	0.58669214	0.58652459	0.31958678	0.31935128	0.58659969	0.58666371	0.31949138	0.31945202	59919	25464	0
59919	26253	0.00175322	0.04347757	0.34535877	0.04351672	0.34480599	0.58648350	0.58644480	0.31974620	0.31957931	0.58652730	0.58642820	0.31971571	0.31964036	59919	26251	0
59919	26256	0.00052828	0.04350024	0.34435126	0.04353038	0.34631118	0.58649279	0.58634365	0.31974883	0.31955712	0.58662533	0.58642327	0.31979682	0.31974390	59919	26254	0
59919	26259	0.00095602	0.04347330	0.34509266	0.04369710	0.34440826	0.58665072	0.58660988	0.31980224	0.31973510	0.58670093	0.58663511	0.31998096	0.31964135	59919	26258	0
59919	26263	0.00069003	0.04336965	0.34464588	0.04351396	0.34507147	0.58637257	0.58641415	0.31977479	0.31950190	0.58649936	0.58641678	0.31972911	0.31962532	59919	26261	0
59919	26266	-0.00033433	0.04361941	0.34478825	0.04353267	0.34642722	0.58670619	0.58658326	0.31976452	0.31972368	0.58663273	0.58651473	0.31973930	0.31954258	59919	26264	0
59919	27053	-0.00042022	0.04319563	0.34765295	0.04317167	0.34779037	0.58622154	0.58613534	0.31975984	0.31945120	0.58623609	0.58615564	0.31970610	0.31951119	59919	27052	0
59919	27057	0.00042955	0.04315816	0.34660896	0.04325324	0.34524932	0.58613000	0.58595851	0.31957027	0.31942335	0.58604331	0.58597618	0.31941447	0.31932819	59919	27055	0
59919	27060	0.00076241	0.04328376	0.34712572	0.04327928	0.34659315	0.58605449	0.58585612	0.31958391	0.31937790	0.58602729	0.58581159	0.31950626	0.31932088	59919	27058	0
59919	27063	0.00039402	0.04324772	0.34683962	0.04326051	0.34742904	0.58606944	0.58599089	0.31951110	0.31934980	0.58609623	0.58588842	0.31950913	0.31935112	59919	27062	0
59919	27066	0.00035092	0.04328601	0.34696868	0.04330445	0.34703763	0.58607864	0.58601981	0.31968942	0.31938604	0.58613493	0.58599590	0.31958547	0.31938160	59919	27065	0
59919	27854	0.00088430	0.04295268	0.34510855	0.04299970	0.34425514	0.58600888	0.58593673	0.32008705	0.31988934	0.58594084	0.58587757	0.31993067	0.31978769	59919	27852	0
59919	27857	-0.00005524	0.04302950	0.34465118	0.04311722	0.34615445	0.58603764	0.58600412	0.32009945	0.31987784	0.58610026	0.58598538	0.32003125	0.31988548	59919	27856	0
59919	27860	0.00056199	0.04304713	0.34603348	0.04304563	0.34504591	0.58614635	0.58606977	0.31995623	0.31984185	0.58625909	0.58625063	0.32005073	0.31995253	59919	27859	0
59919	27864	-0.00030894	0.04305393	0.34556599	0.04303827	0.34695947	0.58621217	0.58608653	0.32013939	0.31985770	0.58601562	0.58604150	0.32005031	0.31985154	59919	27862	0
59919	27867	0.00029602	0.04305911	0.34538495	0.04313156	0.34441702	0.58602959	0.58583739	0.32003766	0.31979714	0.58610363	0.58595867	0.31990997	0.31987381	59919	27865	0
59919	28654	0.00047170	0.04312029	0.34406725	0.04303387	0.34378617	0.58526252	0.58508273	0.31925391	0.31903862	0.58521428	0.58511280	0.31920337	0.31900493	59919	28653	0
59919	28658	-0.00114412	0.04308201	0.34404174	0.04306760	0.34662706	0.58518199	0.58507139	0.31913616	0.31907116	0.58512192	0.58504936	0.31918932	0.31901504	59919	28656	0
59919	28661	-0.00068371	0.04300460	0.34581925	0.04307278	0.34508258	0.58521699	0.58513655	0.31917568	0.31910789	0.58523581	0.58512940	0.31927815	0.31906401	59919	28659	0
59919	28664	-0.00026504	0.04322491	0.34472287	0.04312004	0.34405300	0.58523343	0.58506243	0.31906146	0.31892004	0.58497475	0.58506678	0.31913410	0.31887419	59919	28663	0
59919	28667	0.00047337	0.04314602	0.34656958	0.04315593	0.34538813	0.58511921	0.58503441	0.31901388	0.31892637	0.58511502	0.58516490	0.31900345	0.31895069	59919	28666	0
59919	29455	0.00071569	0.04317700	0.34535502	0.04333433	0.34496729	0.58512020	0.58489743	0.31860483	0.31847426	0.58503885	0.58496555	0.31868783	0.31845208	59919	29453	0
59919	29458	-0.00039901	0.04308082	0.34429445	0.04318078	0.34607798	0.58500540	0.58487721	0.31867994	0.31851872	0.58488067	0.58483128	0.31872957	0.31859103	59919	29457	0
59919	29461	0.00009679	0.04318332	0.34510031	0.04313099	0.34430702	0.58493358	0.58488412	0.31884749	0.31863310	0.58497853	0.58490532	0.31878134	0.31858758	59919	29460	0
59919	29465	0.00184024	0.04308853	0.34685023	0.04319264	0.34406070	0.58499143	0.58495413	0.31872242	0.31856753	0.58497130	0.58493465	0.31872653	0.31858396	59919	29463	0
59919	29468	0.00076464	0.04327570	0.34427309	0.04307397	0.34599405	0.58489891	0.58487056	0.31882226	0.31857698	0.58498313	0.58482898	0.31870147	0.31855052	59919	29466	0
59919	30255	0.00057933	0.04291197	0.34384259	0.04289569	0.34413908	0.58559153	0.58556869	0.31997850	0.31959911	0.58565234	0.58552522	0.31988342	0.31967808	59919	30254	0
59919	30259	0.00086173	0.04281063	0.34332166	0.04303753	0.34286983	0.58575144	0.58562917	0.31977422	0.31965844	0.58566713	0.58566056	0.31979098	0.31975146	59919	30257	0
59919	30262	0.00066821	0.04281096	0.34370372	0.04287832	0.34401335	0.58570945	0.58559794	0.31984193	0.31971390	0.58567436	0.58558660	0.31980331	0.31960478	59919	30260	0
59919	30265	0.00144506	0.04273965	0.34434405	0.04302815	0.34310110	0.58568644	0.58561224	0.31987480	0.31975170	0.58580584	0.58561865	0.31993133	0.31982738	59919	30264	0
59919	30268	0.00167512	0.04293625	0.34405076	0.04283107	0.34368266	0.58579121	0.58565793	0.31989468	0.31974488	0.58571882	0.58577371	0.31994744	0.31979517	59919	30267	0
59919	31056	0.00094951	0.04319642	0.34260734	0.04323212	0.34376831	0.58653733	0.58652426	0.32058213	0.32034794	0.58666387	0.58645499	0.32043693	0.32028828	59919	31054	0
59919	31059	0.00017651	0.04318082	0.34284711	0.04317812	0.34408393	0.58648375	0.58646050	0.32047810	0.32030061	0.58638794	0.58620511	0.32031367	0.32020932	59919	31058	0
59919	31062	-0.00064683	0.04323044	0.34272032	0.04329144	0.34403767	0.58654217	0.58649197	0.32048681	0.32038023	0.58663412	0.58645515	0.32038746	0.32025353	59919	31061	0
59919	31066	-0.00055123	0.04327105	0.34270047	0.04317116	0.34254752	0.58655516	0.58647093	0.32054228	0.32032403	0.58646641	0.58635754	0.32047259	0.32033635	59919	31064	0
59919	31069	-0.00008197	0.04319356	0.34369090	0.04320591	0.34294008	0.58640692	0.58638835	0.32048550	0.32025139	0.58651021	0.58636025	0.32032699	0.32029946	59919	31067	0
59919	31856	-0.00091629	0.04326466	0.34223443	0.04327279	0.34356935	0.58586385	0.58576319	0.31969402	0.31964053	0.58586779	0.58582005	0.31974710	0.31969090	59919	31855	0
59919	31860	-0.00043040	0.04340316	0.34366088	0.04319387	0.34288345	0.58586557	0.58574002	0.31965786	0.31957339	0.58588069	0.58577847	0.31961990	0.31955679	59919	31858	0
59919	31863	0.00012669	0.04325571	0.34447122	0.04322054	0.34357987	0.58586927	0.58567773	0.31975047	0.31957167	0.58569129	0.58568135	0.31965614	0.31952220	59919	31861	0
59919	31866	-0.00039838	0.04324117	0.34369034	0.04317442	0.34453046	0.58573147	0.58579261	0.31970158	0.31952244	0.58567978	0.58562810	0.31956263	0.31942441	59919	31865	0
59919	31869	0.00037858	0.04295383	0.34440689	0.04321384	0.34316376	0.58563295	0.58549835	0.31942959	0.31935087	0.58577288	0.58580222	0.31965285	0.31953263	59919	31868	0
59919	32657	-0.00012297	0.04281436	0.34342942	0.04296818	0.34423189	0.58482479	0.58471139	0.31860993	0.31854567	0.58479578	0.58470589	0.31865595	0.31850582	59919	32655	0
59919	32660	-0.00019277	0.04290048	0.34333453	0.04307151	0.34344622	0.58484870	0.58467721	0.31848815	0.31846572	0.58475412	0.58467146	0.31866991	0.31851666	59919	32659	0
59919	32663	-0.00079922	0.04300601	0.34351627	0.04297286	0.34448658	0.58479159	0.58474623	0.31867969	0.31847122	0.58470424	0.58470556	0.31858002	0.31843893	59919	32662	0
59919	32667	-0.00008911	0.04289695	0.34529254	0.04288001	0.34415637	0.58490170	0.58478740	0.31863121	0.31847418	0.58479126	0.58472060	0.31860911	0.31850245	59919	32665	0
59919	32670	0.00005066	0.04293742	0.34400806	0.04297445	0.34378443	0.58480195	0.58468888	0.31868898	0.31848108	0.58485634	0.58481320	0.31880065	0.31856465	59919	32668	0
59919	33457	0.00076214	0.04272852	0.34450954	0.04274637	0.34337117	0.58475461	0.58456069	0.31893171	0.31860253	0.58481411	0.58470630	0.31877255	0.31862069	59919	33456	0
59919	33461	0.00225417	0.04277753	0.34519676	0.04267109	0.34280951	0.58496588	0.58481805	0.31882752	0.31864921	0.58501469	0.58488453	0.31882505	0.31872275	59919	33459	0
59919	33464	0.00161554	0.04272674	0.34262362	0.04281160	0.34364543	0.58478148	0.58472166	0.31884708	0.31862012	0.58489077	0.58469890	0.31876901	0.31864428	59919	33462	0
59919	33467	0.00185127	0.04281922	0.34436133	0.04276136	0.34398417	0.58485404	0.58475149	0.31888989	0.31869374	0.58499866	0.58473908	0.31884083	0.31868495	59919	33466	0
59919	33470	0.00134635	0.04283190	0.34251703	0.04286283	0.34332491	0.58490047	0.58475240	0.31882711	0.31869514	0.58482011	0.58465149	0.31877961	0.31864115	59919	33469	0
59919	34258	0.00172435	0.04262166	0.34365192	0.04274043	0.34304712	0.58458666	0.58447194	0.31873310	0.31850426	0.58469816	0.58458197	0.31869941	0.31857312	59919	34256	0
59919	34261	-0.00019141	0.04268880	0.34274562	0.04269427	0.34581084	0.58476333	0.58463686	0.31875792	0.31856424	0.58477524	0.58457343	0.31884280	0.31859522	59919	34260	0
59919	34264	0.00015689	0.04280512	0.34371274	0.04280107	0.34315546	0.58482339	0.58464598	0.31875595	0.31859670	0.58462807	0.58459142	0.31868388	0.31858413	59919	34263	0
59919	34268	0.00011363	0.04269097	0.34340378	0.04262607	0.34347299	0.58467795	0.58458567	0.31873541	0.31861667	0.58476028	0.58467064	0.31882029	0.31867271	59919	34266	0
59919	34271	0.00036561	0.04265848	0.34405698	0.04269366	0.34365382	0.58466710	0.58461583	0.31879531	0.31862480	0.58457310	0.58448764	0.31875603	0.31857599	59919	34269	0
59919	35058	-0.00016006	0.04313481	0.34217741	0.04303646	0.34301849	0.58513967	0.58502110	0.31937725	0.31914717	0.58524699	0.58504805	0.31927987	0.31915358	59919	35057	0
59919	35062	-0.00033112	0.04304762	0.34277701	0.04311340	0.34305071	0.58521765	0.58515422	0.31933575	0.31918357	0.58535217	0.58520450	0.31934142	0.31919565	59919	35060	0
59919	35065	-0.00047557	0.04302932	0.34308482	0.04312931	0.34331594	0.58531166	0.58527082	0.31933838	0.31924569	0.58514115	0.58506802	0.31928365	0.31911948	59919	35063	0
59919	35068	-0.00037662	0.04312373	0.34315193	0.04313196	0.34299361	0.58523080	0.58513326	0.31939204	0.31923312	0.58523540	0.58510368	0.31937700	0.31929220	59919	35067	0
59919	35071	-0.00088201	0.04310967	0.34336333	0.04294091	0.34417197	0.58530270	0.58523622	0.31957454	0.31927026	0.58527205	0.58515594	0.31942425	0.31919655	59919	35070	0
59919	35859	-0.00103809	0.04278380	0.34299988	0.04282417	0.34324961	0.58414844	0.58396396	0.31857813	0.31833597	0.58426208	0.58408656	0.31846424	0.31833991	59919	35857	0
59919	35862	-0.00060681	0.04301237	0.34285722	0.04297125	0.34216717	0.58426898	0.58417448	0.31854156	0.31840853	0.58435312	0.58418985	0.31862636	0.31841535	59919	35861	0
59919	35866	0.00014626	0.04302384	0.34314481	0.04283979	0.34193991	0.58424244	0.58409585	0.31866490	0.31837993	0.58433381	0.58408204	0.31856178	0.31843269	59919	35864	0
59919	35869	0.00125044	0.04281214	0.34393473	0.04288363	0.34216805	0.58428402	0.58408253	0.31856802	0.31833507	0.58439339	0.58420809	0.31863261	0.31844657	59919	35867	0
59919	35872	0.00165416	0.04301436	0.34293719	0.04298921	0.34229124	0.58439396	0.58428164	0.31863212	0.31848273	0.58429865	0.58424490	0.31863951	0.31847928	59919	35870	0
59919	36659	0.00109912	0.04281223	0.34237728	0.04279704	0.34326534	0.58403216	0.58393512	0.31850163	0.31827812	0.58396002	0.58391145	0.31844838	0.31819841	59919	36658	0
59919	36663	0.00148005	0.04283355	0.34356573	0.04279372	0.34295624	0.58410045	0.58385212	0.31849703	0.31832060	0.58433636	0.58426528	0.31856547	0.31845717	59919	36661	0
59919	36666	0.00200198	0.04271637	0.34381118	0.04270836	0.34297609	0.58420316	0.58411902	0.31851929	0.31838881	0.58410160	0.58402148	0.31850475	0.31837993	59919	36664	0
59919	36669	0.00160440	0.04280041	0.34308739	0.04274168	0.34372351	0.58411327	0.58405961	0.31852562	0.31840976	0.58420259	0.58410554	0.31863581	0.31834410	59919	36668	0
59919	36673	0.00064126	0.04272000	0.34317010	0.04264067	0.34471112	0.58418812	0.58415534	0.31852825	0.31839554	0.58425214	0.58415534	0.31860245	0.31838708	59919	36671	0
59919	37460	0.00090673	0.04299469	0.34343651	0.04293209	0.34301176	0.58475330	0.58468132	0.31903928	0.31895973	0.58476185	0.58458452	0.31911939	0.31894708	59919	37458	0
59919	37463	0.00085396	0.04296825	0.34299115	0.04299611	0.34307558	0.58477894	0.58464804	0.31903780	0.31900871	0.58465174	0.58463777	0.31909729	0.31889309	59919	37462	0
59919	37467	0.00173331	0.04297481	0.34341946	0.04295827	0.34201250	0.58465453	0.58458386	0.31901158	0.31885792	0.58453768	0.58453752	0.31897329	0.31890797	59919	37465	0
59919	37470	0.00190431	0.04298838	0.34233392	0.04301522	0.34206033	0.58468214	0.58449627	0.31902333	0.31894716	0.58490869	0.58466842	0.31912769	0.31890509	59919	37468	0
59919	37473	0.00087020	0.04299214	0.34082735	0.04292975	0.34248191	0.58458370	0.58451755	0.31893936	0.31885932	0.58458575	0.58452207	0.31902810	0.31887879	59919	37471	0
59919	38261	0.00067706	0.04299039	0.34148765	0.04295426	0.34179668	0.58558405	0.58553705	0.32030160	0.32012139	0.58574659	0.58558989	0.32027514	0.32015254	59919	38259	0
59919	38264	-0.00013955	0.04323520	0.34046651	0.04301432	0.34177307	0.58566056	0.58563870	0.32017439	0.32010208	0.58561651	0.58548356	0.32027522	0.32002254	59919	38262	0
59919	38267	-0.00037608	0.04315705	0.34040022	0.04302071	0.34077867	0.58569531	0.58577987	0.32031976	0.32020233	0.58566269	0.58558611	0.32028187	0.32002164	59919	38265	0
59919	38270	-0.00140980	0.04322658	0.34101593	0.04315463	0.34266989	0.58558882	0.58561758	0.32019420	0.31999699	0.58564363	0.58551635	0.32014539	0.31996403	59919	38269	0
59919	38274	-0.00158523	0.04305337	0.34176277	0.04297742	0.34204346	0.58565332	0.58556598	0.32017842	0.32003018	0.58558833	0.58548808	0.32028491	0.31995409	59919	38272	0
59919	39061	0.00034329	0.04300414	0.34294457	0.04294878	0.33985893	0.58621127	0.58607980	0.32090909	0.32069511	0.58615589	0.58599582	0.32087524	0.32062346	59919	39059	0
59919	39064	-0.00007306	0.04306757	0.34014374	0.04309360	0.34080991	0.58622031	0.58603970	0.32076570	0.32071073	0.58611110	0.58596015	0.32075124	0.32061508	59919	39063	0
59919	39068	-0.00071369	0.04309788	0.34039639	0.04309221	0.34142139	0.58604931	0.58587453	0.32073143	0.32060571	0.58611217	0.58602795	0.32065962	0.32057391	59919	39066	0
59919	39071	0.00050317	0.04317719	0.34076196	0.04316721	0.33881499	0.58620248	0.58606936	0.32071878	0.32061968	0.58612606	0.58608004	0.32082429	0.32065197	59919	39069	0
59919	39074	0.00094753	0.04308596	0.33995630	0.04318110	0.33924532	0.58617265	0.58598431	0.32068098	0.32057038	0.58612556	0.58599590	0.32077581	0.32059215	59919	39073	0
59919	39862	0.00126767	0.04289065	0.34106803	0.04288300	0.34055580	0.58610297	0.58597182	0.32087474	0.32064976	0.58603041	0.58602343	0.32075099	0.32071837	59919	39860	0
59919	39865	0.00082141	0.04287327	0.33985047	0.04284663	0.34056449	0.58610749	0.58599384	0.32074483	0.32058763	0.58610864	0.58596287	0.32079783	0.32067482	59919	39863	0
59919	39868	0.00087440	0.04289075	0.34044739	0.04290735	0.34036259	0.58614718	0.58606106	0.32095511	0.32071048	0.58604027	0.58589425	0.32083366	0.32068451	59919	39867	0
59919	39871	-0.00004285	0.04290300	0.33993022	0.04276845	0.34139783	0.58605975	0.58596508	0.32091911	0.32070719	0.58602762	0.58591701	0.32078937	0.32070078	59919	39870	0
59919	39875	-0.00019041	0.04275179	0.34086105	0.04291952	0.34109714	0.58610231	0.58596114	0.32077449	0.32070802	0.58603477	0.58596714	0.32083793	0.32072010	59919	39873	0
59919	40662	-0.00054752	0.04278337	0.33893006	0.04267044	0.33950144	0.58682197	0.58674251	0.32100844	0.32086390	0.58662722	0.58651456	0.32087203	0.32066783	59919	40660	0
59919	40665	0.00048647	0.04279159	0.34113584	0.04286619	0.33948147	0.58665335	0.58652549	0.32085560	0.32069709	0.58658811	0.58659090	0.32076414	0.32071985	59919	40664	0
59919	40669	-0.00041945	0.04274304	0.33916729	0.04268518	0.34061676	0.58655540	0.58653420	0.32073152	0.32064581	0.58657825	0.58643305	0.32079750	0.32062042	59919	40667	0
59919	40672	0.00082815	0.04268831	0.34182877	0.04275028	0.33983262	0.58655844	0.58636025	0.32084007	0.32060744	0.58649846	0.58633724	0.32084327	0.32066931	59919	40670	0
59919	40675	0.00008062	0.04280150	0.33904393	0.04284206	0.34023997	0.58655927	0.58655795	0.32093103	0.32074746	0.58657932	0.58657858	0.32088526	0.32071590	59919	40674	0
59919	41463	0.00032789	0.04287275	0.34125552	0.04284065	0.34085988	0.58691753	0.58682542	0.32090211	0.32073111	0.58700496	0.58689650	0.32097170	0.32075362	59919	41461	0
59919	41466	0.00030802	0.04276519	0.34037225	0.04284896	0.34040406	0.58694210	0.58685229	0.32101353	0.32078263	0.58704005	0.58683117	0.32097943	0.32080153	59919	41464	0
59919	41469	0.00023199	0.04289518	0.34168313	0.04283239	0.34180477	0.58697744	0.58683479	0.32085790	0.32071582	0.58699617	0.58692148	0.32088436	0.32075691	59919	41468	0
59919	41472	0.00049638	0.04272664	0.34072704	0.04283495	0.34030401	0.58693906	0.58691186	0.32102134	0.32080177	0.58692329	0.58685558	0.32086225	0.32082544	59919	41471	0
59919	41476	0.00015496	0.04282851	0.34083255	0.04284170	0.34137882	0.58697974	0.58680759	0.32088353	0.32075305	0.58693561	0.58682345	0.32093185	0.32072839	59919	41474	0
59919	42263	0.00096675	0.04278259	0.34380082	0.04296341	0.34250195	0.58609952	0.58597856	0.31989024	0.31978367	0.58612959	0.58599664	0.31997981	0.31984686	59919	42261	0
59919	42266	0.00118414	0.04294067	0.34383429	0.04286592	0.34348647	0.58621949	0.58597881	0.31999197	0.31988770	0.58619270	0.58608522	0.32003618	0.31990331	59919	42265	0
59919	42270	0.00132637	0.04273902	0.34364035	0.04296815	0.34341279	0.58611891	0.58605933	0.32015780	0.31990019	0.58611291	0.58601989	0.32011161	0.31988934	59919	42268	0
59919	42273	0.00162050	0.04285527	0.34379486	0.04295702	0.34332425	0.58616797	0.58603583	0.31999707	0.31982065	0.58615556	0.58608842	0.32007603	0.31993774	59919	42271	0
59919	42276	0.00106627	0.04275146	0.34209864	0.04295591	0.34298541	0.58629821	0.58611809	0.32024950	0.31994234	0.58621431	0.58602852	0.32006075	0.31999222	59919	42275	0
59919	43064	0.00034186	0.04317011	0.34566072	0.04305717	0.34681977	0.58618218	0.58607051	0.31978129	0.31963370	0.58614331	0.58592071	0.31970519	0.31963338	59919	43062	0
59919	43067	0.00028821	0.04327432	0.34406919	0.04316337	0.34415504	0.58591044	0.58582868	0.31983864	0.31963272	0.58598037	0.58583961	0.31984300	0.31955589	59919	43065	0
59919	43070	0.00002307	0.04311840	0.34471154	0.04327405	0.34513576	0.58596171	0.58596927	0.31983724	0.31961867	0.58600124	0.58590567	0.31976773	0.31957832	59919	43069	0
59919	43073	0.00089871	0.04332196	0.34553843	0.04315210	0.34413741	0.58610108	0.58593961	0.31970947	0.31959270	0.58602597	0.58598612	0.31976929	0.31955844	59919	43072	0
59919	43077	0.00032082	0.04327726	0.34458719	0.04332325	0.34551182	0.58617906	0.58603608	0.31973075	0.31964299	0.58600806	0.58595867	0.31981645	0.31955622	59919	43075	0
59919	43864	0.00066165	0.04323862	0.34519604	0.04337361	0.34465071	0.58630486	0.58617717	0.31995968	0.31978630	0.58626731	0.58612261	0.31996905	0.31971538	59919	43862	0
59919	43867	-0.00015531	0.04336409	0.34333627	0.04340165	0.34464342	0.58629755	0.58617331	0.31994579	0.31973132	0.58627577	0.58624044	0.32001219	0.31977849	59919	43866	0
59919	43871	0.00074730	0.04325573	0.34646372	0.04319086	0.34501954	0.58628235	0.58618350	0.32014514	0.31989427	0.58644472	0.58629525	0.32005631	0.31994785	59919	43869	0
59919	43874	0.00052949	0.04322870	0.34442432	0.04322129	0.34477282	0.58641193	0.58628301	0.32013314	0.31997242	0.58642549	0.58631727	0.32007579	0.31997003	59919	43872	0
59919	43877	0.00034820	0.04323375	0.34369075	0.04329506	0.34398082	0.58635860	0.58629492	0.32018886	0.31997209	0.58645499	0.58643165	0.32018623	0.32008170	59919	43876	0
59919	44665	0.00043508	0.04324872	0.34552622	0.04337602	0.34538720	0.58672985	0.58664440	0.32035361	0.32004144	0.58678277	0.58662443	0.32013487	0.32011219	59919	44663	0
59919	44668	0.00042842	0.04347965	0.34553015	0.04334898	0.34554081	0.58689913	0.58663207	0.32021794	0.32006823	0.58679535	0.58650676	0.32014350	0.31999583	59919	44666	0
59919	44671	-0.00127601	0.04329173	0.34468117	0.04330454	0.34740826	0.58651185	0.58641966	0.32016503	0.31994185	0.58659937	0.58648457	0.32012197	0.31998943	59919	44669	0
59919	44674	-0.00016285	0.04314982	0.34828079	0.04319949	0.34649973	0.58668811	0.58643552	0.32026330	0.31996765	0.58664390	0.58652475	0.32021022	0.31994670	59919	44673	0
59919	44678	0.00053084	0.04323505	0.34620425	0.04327602	0.34509434	0.58656650	0.58638449	0.32011507	0.31989945	0.58657726	0.58645811	0.31994949	0.31993815	59919	44676	0
59919	45465	0.00092156	0.04349842	0.34759830	0.04338217	0.34697315	0.58654858	0.58642574	0.31971218	0.31948456	0.58650125	0.58639944	0.31972943	0.31954636	59919	45463	0
59919	45468	-0.00001263	0.04355686	0.34584979	0.04327418	0.34734450	0.58675664	0.58656658	0.31979747	0.31965014	0.58660347	0.58652048	0.31982632	0.31969796	59919	45467	0
59919	45472	0.00051692	0.04330132	0.34795262	0.04343596	0.34710533	0.58672509	0.58658047	0.31976518	0.31969287	0.58674654	0.58667307	0.31993396	0.31979008	59919	45470	0
59919	45475	0.00083817	0.04347354	0.34861157	0.04358455	0.34809758	0.58666634	0.58661260	0.32000200	0.31977241	0.58711088	0.58662558	0.32009921	0.31972015	59919	45473	0
59919	45478	0.00058269	0.04353713	0.34789125	0.04334400	0.34830001	0.58721762	0.58676198	0.32019568	0.31981005	0.58687160	0.58668934	0.32002829	0.31989304	59919	45477	0
