% File initiated 03/05/2023 04:42:29 UTC
% Raw fountain data
%
% File notes: Collional shift map 250 ms MOT RF 250 350 380 410 510 mV RF
%
%% fountain_code = ALPHA-CsF1
%% microwave_ref = ALPHA HM1
%% MJD_start = 60067.196171
%% clock_data = False
%% sequence = 7
%% density = HD
%
% Units: V.s, Hz
%
% Shot B MJD days	Shot B MJD seconds	freq error	shot A sum	shot A ratio	shot B sum	shot B ratio	shot A F=3 bg 1	shot A F=3 bg 2	shot A F=4 bg 1	shot A F=4 bg 2	shot B F=3 bg 1	shot B F=3 bg 2	shot B F=4 bg 1	shot B F=4 bg 2	Shot A MJD days	Shot A MJD seconds	Shot order (0=LF->HF)
60067	17361	0.00141276	0.05109359	0.47228582	0.05100400	0.47311689	0.68053425	0.68068569	0.34970373	0.34982608	0.68052406	0.68054797	0.34964678	0.34952320	60067	17359	0
60067	17364	0.00033005	0.05104085	0.47205827	0.05112671	0.47530641	0.68044887	0.68103451	0.34953971	0.34992740	0.68043153	0.68081108	0.34957792	0.34960143	60067	17363	0
60067	17368	0.00052678	0.05110453	0.47323953	0.05116100	0.47264932	0.68048289	0.68068010	0.34948729	0.34949460	0.68026555	0.68044986	0.34937981	0.34944776	60067	17366	0
60067	17371	0.00076155	0.05088444	0.47441079	0.05123996	0.47370649	0.68023662	0.68006258	0.34928186	0.34924907	0.68009726	0.68017795	0.34931958	0.34928400	60067	17369	0
60067	17374	0.00082686	0.05102576	0.47389787	0.05111560	0.47370193	0.68028313	0.67993497	0.34939600	0.34909788	0.68005995	0.68004640	0.34919139	0.34911020	60067	17373	0
60067	17934	0.00065877	0.05081857	0.47283938	0.05083053	0.47334365	0.68167635	0.68185269	0.35114461	0.35122062	0.68176444	0.68171168	0.35123894	0.35112472	60067	17933	0
60067	17938	0.00094669	0.05088639	0.47369632	0.05087124	0.47283258	0.68199131	0.68232641	0.35116499	0.35151109	0.68192015	0.68201424	0.35126992	0.35121716	60067	17936	0
60067	17941	0.00102665	0.05098318	0.47418436	0.05069905	0.47394448	0.68175055	0.68206346	0.35116359	0.35118651	0.68187340	0.68190306	0.35109884	0.35117205	60067	17939	0
60067	17944	0.00057150	0.05094282	0.47220584	0.05065277	0.47357127	0.68160182	0.68183724	0.35109333	0.35114724	0.68134347	0.68145383	0.35091551	0.35098117	60067	17943	0
60067	17947	0.00116803	0.05067422	0.47343652	0.05086326	0.47164694	0.68161612	0.68186477	0.35104197	0.35109013	0.68168613	0.68159878	0.35120566	0.35117904	60067	17946	0
60067	18507	0.00081858	0.05090131	0.47288595	0.05101883	0.47393429	0.68086893	0.68062743	0.34998566	0.34978738	0.68060171	0.68070196	0.34989724	0.34976421	60067	18506	0
60067	18510	0.00068171	0.05103385	0.47196353	0.05103707	0.47237415	0.68086409	0.68090312	0.34985879	0.34990973	0.68068076	0.68080435	0.34976437	0.35001721	60067	18509	0
60067	18514	-0.00028002	0.05113843	0.47180349	0.05101338	0.47468868	0.68057624	0.68058026	0.34964933	0.34983635	0.68078002	0.68072020	0.34995394	0.34991318	60067	18512	0
60067	18517	-0.00026508	0.05122061	0.47471302	0.05090950	0.47466818	0.68059407	0.68074025	0.34986717	0.34983537	0.68073376	0.68095579	0.34983430	0.34985271	60067	18515	0
60067	18520	0.00013672	0.05106565	0.47425730	0.05119415	0.47305190	0.68048199	0.68072587	0.34978204	0.34986577	0.68017623	0.68056013	0.34956584	0.34965171	60067	18519	0
60067	19081	0.00078536	0.05079274	0.47392052	0.05056776	0.47197460	0.68170273	0.68146714	0.35082373	0.35080351	0.68134150	0.68155301	0.35079226	0.35086309	60067	19080	0
60067	19084	0.00123510	0.05060453	0.47621044	0.05063117	0.47486124	0.68144150	0.68129056	0.35078428	0.35079908	0.68129861	0.68140371	0.35073572	0.35079924	60067	19083	0
60067	19088	0.00065834	0.05065657	0.47139418	0.05088569	0.47312447	0.68165983	0.68150157	0.35092241	0.35087681	0.68148193	0.68132022	0.35081247	0.35086448	60067	19086	0
60067	19091	0.00025346	0.05055376	0.47406332	0.05097254	0.47527795	0.68128464	0.68142252	0.35087221	0.35089094	0.68144676	0.68149796	0.35076785	0.35089513	60067	19089	0
60067	19094	0.00119462	0.05071958	0.47440671	0.05082352	0.47158322	0.68185705	0.68165901	0.35098585	0.35105266	0.68191876	0.68165589	0.35102127	0.35088314	60067	19093	0
60067	19655	0.00123332	0.05069242	0.47277944	0.05061242	0.47266336	0.68053573	0.68070632	0.35002379	0.35002880	0.68047147	0.68069752	0.35005756	0.35013554	60067	19653	0
60067	19658	0.00089318	0.05083212	0.47312156	0.05078733	0.47414198	0.68063220	0.68071001	0.35013069	0.35006142	0.68030187	0.68041559	0.34992740	0.34995542	60067	19656	0
60067	19661	0.00126619	0.05054683	0.47300107	0.05093309	0.47188202	0.68043548	0.68057657	0.35005049	0.34998977	0.68037344	0.68055545	0.35006791	0.34996290	60067	19659	0
60067	19664	0.00166660	0.05071143	0.47406547	0.05068774	0.47286424	0.68067328	0.68091150	0.35001179	0.35020210	0.68057920	0.68060105	0.35014647	0.35005657	60067	19663	0
60067	19668	0.00051731	0.05062937	0.47097991	0.05066222	0.47442779	0.68046021	0.68044419	0.34995871	0.34988648	0.68048100	0.68045569	0.34989050	0.34990628	60067	19666	0
60067	20228	0.00117005	0.05091739	0.47338202	0.05085674	0.47142379	0.68104848	0.68103295	0.35040482	0.35026570	0.68093097	0.68110107	0.35034278	0.35041714	60067	20227	0
60067	20231	0.00080348	0.05095792	0.47224400	0.05072311	0.47334370	0.68097461	0.68126081	0.35039948	0.35055157	0.68139352	0.68116335	0.35057409	0.35048206	60067	20230	0
60067	20235	0.00118793	0.05100684	0.47408118	0.05094139	0.47292783	0.68117995	0.68133427	0.35056037	0.35039742	0.68105431	0.68132605	0.35045856	0.35060104	60067	20233	0
60067	20238	0.00024883	0.05090334	0.47212300	0.05095267	0.47494029	0.68126393	0.68154118	0.35061156	0.35081682	0.68131989	0.68141102	0.35071731	0.35077788	60067	20236	0
60067	20241	0.00111570	0.05080620	0.47446238	0.05091799	0.47186178	0.68096138	0.68117543	0.35049356	0.35057401	0.68098258	0.68108118	0.35048847	0.35050539	60067	20240	0
60067	20800	0.00072435	0.05082545	0.47294307	0.05070222	0.47411712	0.68046103	0.68044928	0.34992715	0.34981614	0.68030170	0.68041461	0.34985895	0.34999577	60067	20799	0
60067	20804	0.00238637	0.05092029	0.47580464	0.05077854	0.47081857	0.68037878	0.68046539	0.34982633	0.34974999	0.68049012	0.68061100	0.34993751	0.34989354	60067	20802	0
60067	20807	0.00160540	0.05081183	0.47140600	0.05062353	0.47374894	0.68036087	0.68041239	0.34969822	0.34974424	0.68022159	0.68041995	0.34981647	0.34977777	60067	20805	0
60067	20810	0.00108488	0.05067206	0.47185562	0.05087103	0.47341717	0.68045002	0.68034345	0.34983537	0.34973035	0.68036563	0.68029948	0.34972238	0.34973734	60067	20808	0
60067	20813	0.00123435	0.05054967	0.47386774	0.05068114	0.47341932	0.68011936	0.68040754	0.34955294	0.34962714	0.68022109	0.68035783	0.34964958	0.34967760	60067	20812	0
60067	21372	0.00053178	0.05064370	0.47221902	0.05082615	0.47432674	0.68126410	0.68120148	0.35041657	0.35042174	0.68109482	0.68110937	0.35042947	0.35037926	60067	21371	0
60067	21376	0.00144607	0.05094916	0.47469632	0.05083009	0.47195344	0.68116311	0.68106360	0.35039348	0.35051074	0.68116943	0.68125736	0.35042495	0.35040868	60067	21374	0
60067	21379	0.00063195	0.05090027	0.47214966	0.05079015	0.47459202	0.68084510	0.68106836	0.35032675	0.35030851	0.68100090	0.68101413	0.35042437	0.35038255	60067	21377	0
60067	21382	0.00141618	0.05093496	0.47395936	0.05065655	0.47160667	0.68101824	0.68113443	0.35029257	0.35041279	0.68106508	0.68128645	0.35058050	0.35049627	60067	21380	0
60067	21385	0.00189173	0.05080173	0.47493739	0.05085342	0.47351076	0.68091429	0.68134693	0.35041862	0.35056037	0.68123550	0.68131233	0.35041575	0.35055568	60067	21384	0
60067	21944	0.00083346	0.05069197	0.47284303	0.05083569	0.47601783	0.68109022	0.68128406	0.35052339	0.35053037	0.68121455	0.68129836	0.35054927	0.35050383	60067	21943	0
60067	21947	0.00067042	0.05097873	0.47218918	0.05082669	0.47267830	0.68128415	0.68127371	0.35054812	0.35071370	0.68128653	0.68133542	0.35058033	0.35071189	60067	21946	0
60067	21951	-0.00000156	0.05073546	0.47261424	0.05079020	0.47463017	0.68102391	0.68124166	0.35063062	0.35065717	0.68115078	0.68142926	0.35066612	0.35065010	60067	21949	0
60067	21954	-0.00022083	0.05089845	0.47086882	0.05079115	0.47152664	0.68129861	0.68130337	0.35069299	0.35077590	0.68127675	0.68144011	0.35074862	0.35084033	60067	21952	0
60067	21957	0.00112331	0.05086726	0.47493763	0.05091077	0.47090522	0.68114667	0.68146369	0.35053514	0.35075314	0.68127330	0.68128390	0.35079538	0.35071493	60067	21956	0
60067	22516	0.00068793	0.05089609	0.47171602	0.05092352	0.47302215	0.68066194	0.68072924	0.34961063	0.34962608	0.68050582	0.68056309	0.34966379	0.34948795	60067	22515	0
60067	22519	0.00172823	0.05120020	0.47384582	0.05095116	0.47072491	0.68064214	0.68079933	0.34975394	0.34966067	0.68054049	0.68044156	0.34967497	0.34961441	60067	22518	0
60067	22523	0.00036843	0.05087008	0.47182994	0.05098714	0.47590937	0.68036111	0.68061765	0.34961120	0.34967456	0.68049916	0.68088685	0.34973093	0.34978352	60067	22521	0
60067	22526	0.00143958	0.05104515	0.47481972	0.05108643	0.47160625	0.68049407	0.68068766	0.34967472	0.34979280	0.68051831	0.68056728	0.34964177	0.34962895	60067	22524	0
60067	22529	0.00057753	0.05104786	0.47118711	0.05113754	0.47377328	0.68035725	0.68030228	0.34950216	0.34954275	0.68064198	0.68064534	0.34982658	0.34968976	60067	22528	0
60067	23088	0.00086480	0.05092299	0.47357684	0.05108037	0.47271502	0.68042595	0.68052587	0.34965845	0.34961383	0.68036588	0.68059464	0.34947603	0.34970891	60067	23087	0
60067	23091	0.00166945	0.05077286	0.47459738	0.05107100	0.47218343	0.68035585	0.68053671	0.34967431	0.34971852	0.68066194	0.68059086	0.34975706	0.34986906	60067	23090	0
60067	23095	0.00142466	0.05099593	0.47178438	0.05098224	0.47251876	0.68047237	0.68073902	0.34985082	0.34996733	0.68060730	0.68074173	0.34994638	0.34979954	60067	23093	0
60067	23098	0.00156328	0.05089746	0.47430859	0.05110376	0.47389271	0.68046670	0.68069522	0.34990456	0.35008287	0.68052965	0.68075118	0.34996602	0.35006668	60067	23096	0
60067	23101	0.00073004	0.05086488	0.46953679	0.05113785	0.47203652	0.68057755	0.68079564	0.35017819	0.35010818	0.68082686	0.68093607	0.35023998	0.35012330	60067	23100	0
60067	23660	0.00172579	0.05091925	0.47380844	0.05084505	0.47082119	0.68061913	0.68062710	0.34965755	0.34975895	0.68071067	0.68086828	0.34972772	0.34965927	60067	23659	0
60067	23663	0.00085403	0.05115111	0.47067864	0.05098975	0.47329393	0.68085957	0.68083064	0.34984728	0.34975509	0.68093262	0.68096302	0.34989823	0.34984268	60067	23662	0
60067	23667	0.00023019	0.05092101	0.47171798	0.05093556	0.47358949	0.68066852	0.68088890	0.34994260	0.34989404	0.68089827	0.68116590	0.34989042	0.35016110	60067	23665	0
60067	23670	0.00094471	0.05109528	0.47542332	0.05090731	0.47327977	0.68094823	0.68119598	0.34999371	0.35013357	0.68114339	0.68103361	0.35007227	0.35002543	60067	23668	0
60067	23673	0.00061218	0.05103344	0.47215903	0.05108224	0.47315662	0.68090706	0.68106697	0.35009298	0.35014688	0.68090106	0.68100312	0.35011229	0.35007712	60067	23672	0
60067	24232	0.00119390	0.05093691	0.47434268	0.05111906	0.47259752	0.68049530	0.68083417	0.34961424	0.34972797	0.68035462	0.68055348	0.34953922	0.34959411	60067	24231	0
60067	24235	0.00126276	0.05124477	0.47238439	0.05113387	0.47217781	0.68057517	0.68048380	0.34945360	0.34968976	0.68043622	0.68067205	0.34962246	0.34961934	60067	24234	0
60067	24239	0.00160928	0.05107845	0.47319925	0.05106086	0.47215969	0.68039209	0.68056391	0.34964498	0.34947332	0.68089572	0.68089096	0.34984416	0.34989568	60067	24237	0
60067	24242	0.00097922	0.05110979	0.47136652	0.05097877	0.47325668	0.68057303	0.68065151	0.34964966	0.34955114	0.68045224	0.68043712	0.34954464	0.34959518	60067	24240	0
60067	24245	0.00140111	0.05111684	0.47397408	0.05117643	0.47270840	0.68035438	0.68029940	0.34942508	0.34943577	0.68033104	0.68071675	0.34951079	0.34959929	60067	24244	0
60067	24804	0.00070357	0.05096543	0.47018022	0.05087633	0.47227285	0.68084823	0.68094798	0.35012001	0.35010514	0.68106721	0.68113977	0.35007062	0.35009758	60067	24803	0
60067	24807	0.00087688	0.05103027	0.47416113	0.05104440	0.47364120	0.68108274	0.68085825	0.35000785	0.34997884	0.68108735	0.68098496	0.35014031	0.35011828	60067	24806	0
60067	24811	-0.00042143	0.05107878	0.47045192	0.05102847	0.47434685	0.68091807	0.68106253	0.35010637	0.35013168	0.68071823	0.68096006	0.35017153	0.35013464	60067	24809	0
60067	24814	0.00009550	0.05114182	0.47310842	0.05099686	0.47155764	0.68100180	0.68085735	0.35029693	0.35008500	0.68101372	0.68123829	0.35006594	0.35045289	60067	24812	0
60067	24817	0.00169330	0.05111395	0.47589992	0.05086833	0.47110651	0.68126615	0.68098307	0.35031024	0.35020382	0.68118414	0.68136336	0.35032322	0.35036932	60067	24816	0
60067	25376	0.00075390	0.05135435	0.47073583	0.05118346	0.47355404	0.68153559	0.68157051	0.35097566	0.35097361	0.68169763	0.68172689	0.35100557	0.35091814	60067	25375	0
60067	25379	0.00117229	0.05120992	0.47330711	0.05109396	0.47205193	0.68172549	0.68172771	0.35096539	0.35097320	0.68198934	0.68181916	0.35108372	0.35106498	60067	25378	0
60067	25383	0.00201741	0.05148014	0.47523734	0.05132156	0.47270200	0.68182105	0.68175614	0.35099834	0.35089867	0.68176156	0.68177192	0.35105077	0.35092776	60067	25381	0
60067	25386	0.00127663	0.05136406	0.47293019	0.05131383	0.47515250	0.68174381	0.68160157	0.35095619	0.35091691	0.68170955	0.68172598	0.35093721	0.35086300	60067	25384	0
60067	25389	0.00069213	0.05117246	0.47165729	0.05121896	0.47341081	0.68179262	0.68172048	0.35108183	0.35097311	0.68162877	0.68189698	0.35086399	0.35090812	60067	25388	0
60067	25949	0.00075026	0.05119636	0.47483849	0.05123690	0.47466409	0.68231762	0.68242502	0.35138890	0.35127016	0.68234728	0.68252288	0.35129391	0.35141257	60067	25947	0
60067	25952	0.00065810	0.05127447	0.47332498	0.05114264	0.47360147	0.68236199	0.68232485	0.35131939	0.35133533	0.68209871	0.68237686	0.35135579	0.35126310	60067	25950	0
60067	25955	0.00115926	0.05117333	0.47425809	0.05153768	0.47275460	0.68229173	0.68244465	0.35147551	0.35135373	0.68248360	0.68258615	0.35155325	0.35154002	60067	25953	0
60067	25958	0.00198260	0.05130300	0.47521511	0.05145862	0.47274510	0.68228771	0.68237653	0.35134297	0.35155242	0.68246495	0.68261861	0.35161907	0.35158529	60067	25957	0
60067	25962	0.00138739	0.05135476	0.47256892	0.05133206	0.47435453	0.68254104	0.68288756	0.35143779	0.35186616	0.68261631	0.68270465	0.35153533	0.35160115	60067	25960	0
60067	26521	0.00059435	0.05154411	0.47308281	0.05151950	0.47546194	0.68270062	0.68278821	0.35156270	0.35172383	0.68271845	0.68271467	0.35169335	0.35166599	60067	26519	0
60067	26524	0.00105288	0.05152710	0.47381891	0.05150746	0.47244330	0.68247580	0.68276882	0.35151972	0.35160099	0.68259799	0.68260456	0.35154306	0.35153361	60067	26523	0
60067	26527	0.00051103	0.05149543	0.47040134	0.05119928	0.47202690	0.68256701	0.68262880	0.35154963	0.35172868	0.68248673	0.68246314	0.35166245	0.35146935	60067	26526	0
60067	26531	0.00135138	0.05142666	0.47488074	0.05131421	0.47235969	0.68255575	0.68254260	0.35176681	0.35154996	0.68239363	0.68247128	0.35148348	0.35148529	60067	26529	0
60067	26534	0.00106490	0.05160799	0.47139347	0.05143647	0.47225292	0.68241121	0.68250382	0.35146023	0.35148989	0.68243471	0.68257087	0.35163073	0.35162589	60067	26532	0
60067	27093	0.00063910	0.05127841	0.47158692	0.05103515	0.47286432	0.68232016	0.68218392	0.35138069	0.35126696	0.68214210	0.68234506	0.35134552	0.35138027	60067	27091	0
60067	27096	0.00034204	0.05125219	0.47195768	0.05115697	0.47284885	0.68225418	0.68230209	0.35141873	0.35136014	0.68217028	0.68242986	0.35126318	0.35144749	60067	27095	0
60067	27099	0.00090973	0.05127534	0.47387943	0.05137208	0.47217636	0.68222591	0.68234777	0.35122900	0.35135439	0.68232353	0.68246421	0.35134091	0.35119333	60067	27098	0
60067	27103	0.00050437	0.05128761	0.47368929	0.05124132	0.47490538	0.68231203	0.68237045	0.35135817	0.35136055	0.68209329	0.68227382	0.35130197	0.35129695	60067	27101	0
60067	27106	0.00135186	0.05083678	0.47435538	0.05129663	0.47181291	0.68246520	0.68216593	0.35151191	0.35137025	0.68255969	0.68248188	0.35139227	0.35133549	60067	27104	0
60067	27665	0.00142433	0.05135235	0.47282349	0.05109257	0.47260609	0.68157413	0.68178613	0.35055889	0.35052191	0.68165794	0.68163527	0.35047992	0.35034023	60067	27663	0
60067	27668	0.00078359	0.05145987	0.47280839	0.05167970	0.47473060	0.68159089	0.68176099	0.35039224	0.35058978	0.68157906	0.68159582	0.35050539	0.35051575	60067	27667	0
60067	27671	0.00007742	0.05153071	0.47276674	0.05145915	0.47488526	0.68165038	0.68178178	0.35055774	0.35058206	0.68167052	0.68173543	0.35055429	0.35063030	60067	27670	0
60067	27675	0.00057618	0.05139267	0.47280644	0.05136873	0.47131016	0.68179418	0.68178178	0.35064772	0.35067442	0.68174866	0.68178096	0.35050268	0.35054574	60067	27673	0
60067	27678	0.00136066	0.05138168	0.47329908	0.05153699	0.47094563	0.68175433	0.68202985	0.35070589	0.35073531	0.68197315	0.68200348	0.35060178	0.35063457	60067	27676	0
60067	28237	0.00118828	0.05135598	0.47416983	0.05134083	0.47468695	0.68203191	0.68223282	0.35101962	0.35109350	0.68203610	0.68240094	0.35097648	0.35114403	60067	28235	0
60067	28240	0.00104022	0.05126918	0.47300363	0.05154716	0.47344783	0.68226486	0.68235394	0.35112094	0.35125184	0.68238615	0.68233233	0.35129095	0.35134494	60067	28239	0
60067	28243	0.00186037	0.05126176	0.47468824	0.05144220	0.47222780	0.68221433	0.68237875	0.35122891	0.35135390	0.68234054	0.68249823	0.35146401	0.35152555	60067	28242	0
60067	28247	0.00150306	0.05138190	0.47352558	0.05128981	0.47459750	0.68199419	0.68231951	0.35131043	0.35140953	0.68251335	0.68260185	0.35147642	0.35155908	60067	28245	0
60067	28250	0.00068132	0.05159465	0.47171864	0.05147249	0.47418385	0.68259700	0.68263447	0.35162983	0.35159926	0.68218368	0.68250439	0.35140279	0.35165095	60067	28248	0
60067	28809	0.00119059	0.05135150	0.47293713	0.05134093	0.47140932	0.68285387	0.68313251	0.35190395	0.35208810	0.68313983	0.68280752	0.35205548	0.35185728	60067	28807	0
60067	28812	0.00128835	0.05111794	0.47306586	0.05127411	0.47277260	0.68285592	0.68290860	0.35177396	0.35184816	0.68312273	0.68311986	0.35192524	0.35195868	60067	28811	0
60067	28816	0.00134958	0.05113351	0.47408741	0.05088460	0.47390371	0.68274244	0.68279676	0.35183271	0.35186525	0.68285264	0.68311879	0.35177240	0.35174117	60067	28814	0
60067	28819	0.00094705	0.05129229	0.47297360	0.05132427	0.47418118	0.68282486	0.68285066	0.35187174	0.35176854	0.68294828	0.68292248	0.35173821	0.35183879	60067	28817	0
60067	28822	0.00109731	0.05117416	0.47350761	0.05127817	0.47305682	0.68279996	0.68299200	0.35177043	0.35195580	0.68275691	0.68264819	0.35161011	0.35168217	60067	28820	0
60067	29381	0.00009410	0.05161064	0.47069372	0.05156544	0.47370338	0.68307310	0.68317697	0.35200897	0.35195646	0.68318272	0.68319496	0.35206723	0.35196854	60067	29380	0
60067	29385	0.00107027	0.05159935	0.47474988	0.05139874	0.47182137	0.68338346	0.68329546	0.35201669	0.35202787	0.68339858	0.68328552	0.35218169	0.35207766	60067	29383	0
60067	29388	0.00102580	0.05157023	0.47388405	0.05134041	0.47401747	0.68366433	0.68352390	0.35231128	0.35218728	0.68351658	0.68367608	0.35219739	0.35243971	60067	29386	0
60067	29391	0.00104329	0.05143292	0.47370240	0.05139467	0.47364993	0.68336547	0.68343630	0.35220413	0.35217134	0.68345561	0.68354148	0.35243856	0.35221374	60067	29390	0
60067	29394	0.00030622	0.05143827	0.47295349	0.05153622	0.47516470	0.68348840	0.68335158	0.35235960	0.35214965	0.68368076	0.68375825	0.35254843	0.35248663	60067	29393	0
60067	29953	0.00088368	0.05139077	0.47249812	0.05122723	0.47076574	0.68310770	0.68318584	0.35187938	0.35184413	0.68319578	0.68317754	0.35183723	0.35195934	60067	29952	0
60067	29957	0.00102275	0.05129560	0.47127980	0.05075316	0.47086260	0.68309586	0.68300958	0.35209928	0.35196525	0.68289512	0.68314237	0.35186427	0.35191702	60067	29955	0
60067	29960	-0.00011652	0.05117384	0.47118324	0.05135498	0.47460106	0.68304385	0.68324451	0.35185235	0.35194504	0.68307532	0.68310310	0.35211267	0.35190921	60067	29958	0
60067	29963	0.00022700	0.05132151	0.47271599	0.05110861	0.47168542	0.68305338	0.68301123	0.35184446	0.35197314	0.68312430	0.68314969	0.35205638	0.35195383	60067	29962	0
60067	29966	0.00012378	0.05115544	0.47193198	0.05150626	0.47224164	0.68305034	0.68296045	0.35196969	0.35187413	0.68297154	0.68310967	0.35177544	0.35190239	60067	29965	0
60067	30525	0.00102654	0.05137465	0.47541531	0.05138011	0.47270704	0.68094568	0.68104872	0.34974071	0.34979313	0.68111545	0.68103689	0.34968401	0.34974785	60067	30524	0
60067	30529	0.00048032	0.05109811	0.47178767	0.05133939	0.47342632	0.68095061	0.68110041	0.34972041	0.34965944	0.68119137	0.68115284	0.34978910	0.34974859	60067	30527	0
60067	30532	0.00122882	0.05118308	0.47276727	0.05133297	0.47052178	0.68090287	0.68121668	0.34979362	0.34981211	0.68132400	0.68124183	0.34986372	0.34991902	60067	30530	0
60067	30535	0.00074922	0.05167800	0.47274110	0.05135489	0.47417991	0.68117083	0.68159903	0.34979321	0.34996076	0.68108989	0.68108044	0.34987292	0.34978039	60067	30534	0
60067	30538	0.00125835	0.05139908	0.47561846	0.05142756	0.47409106	0.68080969	0.68090640	0.34955064	0.34952427	0.68120173	0.68111742	0.34978089	0.34985328	60067	30537	0
60067	31098	0.00078487	0.05148852	0.47296565	0.05126144	0.47438608	0.68269963	0.68288000	0.35153295	0.35158431	0.68296694	0.68271599	0.35178094	0.35157026	60067	31096	0
60067	31101	0.00145316	0.05138421	0.47384401	0.05144901	0.47183916	0.68307540	0.68311230	0.35178694	0.35183707	0.68297047	0.68331230	0.35185786	0.35193715	60067	31099	0
60067	31104	0.00079476	0.05132792	0.47129914	0.05153564	0.47327431	0.68287844	0.68295469	0.35169327	0.35178316	0.68307171	0.68314525	0.35183772	0.35184726	60067	31103	0
60067	31108	0.00143344	0.05122976	0.47272635	0.05149015	0.47081033	0.68276940	0.68300539	0.35178201	0.35196443	0.68316686	0.68326900	0.35202820	0.35201587	60067	31106	0
60067	31111	0.00072641	0.05133296	0.47420000	0.05136130	0.47632107	0.68286472	0.68314459	0.35193608	0.35211703	0.68332783	0.68336892	0.35215129	0.35215869	60067	31109	0
60067	31670	0.00128483	0.05171663	0.47256698	0.05166552	0.47089172	0.68317015	0.68291706	0.35283208	0.35260849	0.68311501	0.68305872	0.35269469	0.35278319	60067	31668	0
60067	31673	0.00095852	0.05150287	0.47319078	0.05165001	0.47416971	0.68310236	0.68308617	0.35276708	0.35281606	0.68301016	0.68316867	0.35283890	0.35285345	60067	31671	0
60067	31676	0.00094068	0.05159175	0.47162235	0.05157407	0.47167587	0.68313728	0.68317245	0.35285221	0.35289396	0.68317672	0.68312142	0.35278467	0.35278911	60067	31675	0
60067	31680	0.00105714	0.05178236	0.47221493	0.05152828	0.47186554	0.68308214	0.68311961	0.35284334	0.35283142	0.68294409	0.68311928	0.35272263	0.35280587	60067	31678	0
60067	31683	0.00113403	0.05166805	0.47302495	0.05176456	0.47279427	0.68292371	0.68287482	0.35261252	0.35269864	0.68322282	0.68305765	0.35288393	0.35277842	60067	31681	0
60067	32242	0.00152115	0.05166692	0.47460258	0.05165909	0.47344122	0.68035725	0.68060442	0.35063794	0.35089472	0.68015946	0.68025626	0.35062019	0.35052520	60067	32240	0
60067	32245	0.00059904	0.05183928	0.47116090	0.05168496	0.47392724	0.68035142	0.68014936	0.35067869	0.35050909	0.68023104	0.68028609	0.35048929	0.35058600	60067	32243	0
60067	32248	0.00143427	0.05154044	0.47308395	0.05173793	0.47057826	0.67979824	0.67979717	0.35026208	0.35026463	0.68015725	0.68010720	0.35053177	0.35043415	60067	32247	0
60067	32252	0.00094496	0.05146851	0.47190989	0.05178629	0.47337783	0.68011863	0.68009463	0.35045921	0.35052947	0.68005124	0.68007171	0.35048699	0.35045962	60067	32250	0
60067	32255	0.00056741	0.05158684	0.47156081	0.05177449	0.47269344	0.68020737	0.68047131	0.35054763	0.35061813	0.68011501	0.67992174	0.35048280	0.35043744	60067	32253	0
60067	32814	0.00105770	0.05130389	0.47384960	0.05144574	0.47237873	0.67945189	0.67953019	0.34969666	0.34979395	0.67942797	0.67970481	0.34964900	0.34983676	60067	32812	0
60067	32817	0.00038319	0.05127991	0.47261291	0.05144787	0.47463644	0.67941614	0.67942230	0.34977998	0.34973035	0.67940110	0.67924818	0.34980776	0.34964432	60067	32816	0
60067	32820	0.00108476	0.05133889	0.47472271	0.05147311	0.47261800	0.67951458	0.67965164	0.35005181	0.34996627	0.67918302	0.67934695	0.34982247	0.34977719	60067	32819	0
60067	32824	0.00087808	0.05156808	0.47220777	0.05154120	0.47282780	0.67933422	0.67940168	0.34979699	0.34962509	0.67952444	0.67984253	0.34981326	0.34981778	60067	32822	0
60067	32827	0.00011961	0.05158383	0.47135554	0.05153951	0.47363097	0.67938943	0.67943479	0.34991795	0.34990250	0.67963899	0.67950291	0.34980348	0.34992296	60067	32825	0
60067	33386	0.00136300	0.05133364	0.47319895	0.05136198	0.46946877	0.67969635	0.67990580	0.34998656	0.35008295	0.67988854	0.67992938	0.35008533	0.35016898	60067	33384	0
60067	33389	0.00123667	0.05129357	0.47157187	0.05147071	0.47195087	0.68003736	0.68012405	0.35020218	0.35012921	0.67988172	0.67994491	0.35012141	0.35019931	60067	33388	0
60067	33392	0.00113020	0.05116245	0.47284083	0.05136428	0.47316023	0.67995839	0.67990062	0.35035568	0.35012954	0.68003013	0.68021781	0.35044582	0.35027926	60067	33391	0
60067	33396	0.00069177	0.05125216	0.47239033	0.05115906	0.47370564	0.67989002	0.68005050	0.35033481	0.35038567	0.68005223	0.68015725	0.35045075	0.35044056	60067	33394	0
60067	33399	0.00046160	0.05147864	0.47234566	0.05126529	0.47303618	0.68003029	0.68010268	0.35039882	0.35024828	0.67980925	0.67992454	0.35033875	0.35031385	60067	33397	0
60067	33958	0.00059203	0.05106802	0.47188787	0.05093638	0.47149657	0.68116705	0.68136385	0.35157601	0.35133220	0.68113468	0.68103098	0.35144749	0.35146614	60067	33956	0
60067	33961	0.00155823	0.05087115	0.47475249	0.05074624	0.47185388	0.68127240	0.68126516	0.35149474	0.35146187	0.68075184	0.68071429	0.35113253	0.35113828	60067	33960	0
60067	33964	-0.00001952	0.05083702	0.47041715	0.05102290	0.47515039	0.68104774	0.68119589	0.35139613	0.35139465	0.68108874	0.68115086	0.35141602	0.35125406	60067	33963	0
60067	33968	0.00104468	0.05093198	0.47492921	0.05121643	0.47173662	0.68096483	0.68115349	0.35133623	0.35119112	0.68084494	0.68099186	0.35130016	0.35125628	60067	33966	0
60067	33971	0.00112881	0.05094132	0.47364761	0.05093269	0.47339521	0.68117132	0.68106680	0.35115817	0.35123672	0.68094174	0.68107387	0.35122078	0.35127058	60067	33969	0
60067	34530	0.00136530	0.05093666	0.47239806	0.05050062	0.47168861	0.68056695	0.68070139	0.35090541	0.35099308	0.68064822	0.68083869	0.35086826	0.35103409	60067	34528	0
60067	34533	0.00064383	0.05093191	0.47253898	0.05095146	0.47470336	0.68053647	0.68089301	0.35106769	0.35086629	0.68086647	0.68101512	0.35095832	0.35118980	60067	34532	0
60067	34536	0.00099603	0.05079966	0.47425625	0.05103736	0.47319967	0.68055134	0.68053630	0.35079891	0.35089045	0.68085792	0.68103730	0.35107624	0.35105529	60067	34535	0
60067	34540	0.00130391	0.05077051	0.47357391	0.05097546	0.47265026	0.68067871	0.68082284	0.35098117	0.35098429	0.68075110	0.68070311	0.35099234	0.35090672	60067	34538	0
60067	34543	0.00055958	0.05098952	0.47184298	0.05073886	0.47407596	0.68057936	0.68064633	0.35090680	0.35085125	0.68024320	0.68063195	0.35075914	0.35084739	60067	34541	0
60067	35102	0.00132679	0.05111459	0.47482181	0.05110447	0.47252018	0.68030433	0.68040910	0.34993562	0.35006709	0.68045430	0.68038198	0.35014129	0.35018115	60067	35100	0
60067	35105	0.00073739	0.05116021	0.47200814	0.05115030	0.47377635	0.68044912	0.68070130	0.35030062	0.35019766	0.68071125	0.68073434	0.35037745	0.35033481	60067	35104	0
60067	35109	0.00078092	0.05119047	0.47301856	0.05105798	0.47288797	0.68064181	0.68076975	0.35036595	0.35036546	0.68052488	0.68056630	0.35039652	0.35030046	60067	35107	0
60067	35112	0.00202037	0.05101671	0.47538195	0.05131531	0.47166359	0.68043079	0.68070640	0.35027194	0.35050605	0.68057525	0.68047689	0.35031476	0.35027162	60067	35110	0
60067	35115	0.00043189	0.05100149	0.47174827	0.05110745	0.47651370	0.68074814	0.68096203	0.35057187	0.35048888	0.68092432	0.68084551	0.35049759	0.35050597	60067	35113	0
60067	35674	0.00132978	0.05112728	0.47349042	0.05125094	0.47079677	0.68026095	0.68020951	0.34998163	0.34995534	0.67997458	0.68019521	0.34977538	0.34993019	60067	35672	0
60067	35677	0.00084688	0.05106358	0.47200080	0.05127092	0.47344949	0.67998600	0.68012709	0.34986158	0.34988245	0.67990851	0.68024681	0.34979855	0.34982501	60067	35676	0
60067	35681	0.00191809	0.05095387	0.47471898	0.05119698	0.47150536	0.68004681	0.68008592	0.34993751	0.34990998	0.67986480	0.68006398	0.34992625	0.34990012	60067	35679	0
60067	35684	0.00088898	0.05097230	0.47202878	0.05122114	0.47511610	0.68013227	0.68004878	0.34987949	0.34993956	0.68013991	0.68040984	0.35000842	0.35014721	60067	35682	0
60067	35687	0.00070399	0.05106903	0.47237975	0.05126648	0.47293473	0.68014204	0.68010901	0.34994235	0.34983266	0.68010153	0.68009923	0.34976634	0.34989100	60067	35685	0
60067	36246	0.00106687	0.05093153	0.47341912	0.05103468	0.47233048	0.68184965	0.68187060	0.35110582	0.35116022	0.68183445	0.68193396	0.35129432	0.35132021	60067	36244	0
60067	36249	0.00033164	0.05108145	0.47336574	0.05103660	0.47557142	0.68180150	0.68194234	0.35118339	0.35127181	0.68194431	0.68176255	0.35136663	0.35127123	60067	36248	0
60067	36253	0.00074441	0.05088596	0.47416087	0.05118351	0.47292258	0.68173083	0.68218368	0.35135529	0.35135045	0.68191662	0.68189723	0.35138159	0.35132160	60067	36251	0
60067	36256	0.00182784	0.05116568	0.47477850	0.05106731	0.47152820	0.68184250	0.68230973	0.35137666	0.35163632	0.68210915	0.68214424	0.35152572	0.35153254	60067	36254	0
60067	36259	0.00135283	0.05089396	0.47370379	0.05086138	0.47512883	0.68206782	0.68211211	0.35156450	0.35151536	0.68194365	0.68239683	0.35157568	0.35167223	60067	36258	0
60067	36818	0.00167236	0.05135691	0.47383887	0.05111267	0.47288029	0.68174143	0.68190602	0.35128290	0.35136589	0.68170421	0.68162031	0.35128282	0.35130262	60067	36817	0
60067	36821	0.00059517	0.05129934	0.47205330	0.05133099	0.47528487	0.68152162	0.68138144	0.35108717	0.35103261	0.68142408	0.68157019	0.35112842	0.35115545	60067	36820	0
60067	36825	0.00084671	0.05136254	0.47383393	0.05163003	0.47307931	0.68164759	0.68161086	0.35112875	0.35110763	0.68152450	0.68170486	0.35106186	0.35116408	60067	36823	0
60067	36828	0.00214950	0.05150621	0.47488565	0.05130481	0.47097725	0.68161760	0.68155761	0.35109999	0.35107764	0.68158966	0.68150979	0.35108544	0.35101436	60067	36826	0
60067	36831	0.00067805	0.05125498	0.47070879	0.05122405	0.47512313	0.68138620	0.68140535	0.35092718	0.35088273	0.68142006	0.68140009	0.35088322	0.35090080	60067	36830	0
60067	37390	0.00139976	0.05134618	0.47345508	0.05134576	0.47128997	0.68105061	0.68112556	0.35042996	0.35039405	0.68119984	0.68132794	0.35036324	0.35044023	60067	37389	0
60067	37393	0.00101792	0.05145106	0.47348010	0.05137529	0.47462562	0.68125070	0.68128957	0.35043801	0.35040605	0.68128505	0.68123690	0.35056752	0.35041575	60067	37392	0
60067	37397	0.00005830	0.05138478	0.47056203	0.05123468	0.47344088	0.68100978	0.68122720	0.35042265	0.35042766	0.68095168	0.68105004	0.35037285	0.35035773	60067	37395	0
60067	37400	0.00078197	0.05128343	0.47363914	0.05131824	0.47146816	0.68095234	0.68100402	0.35022749	0.35039019	0.68101898	0.68102087	0.35023965	0.35038707	60067	37398	0
60067	37403	0.00156459	0.05090671	0.47353656	0.05119444	0.47118867	0.68128267	0.68094831	0.35048608	0.35024129	0.68110148	0.68109260	0.35030991	0.35029019	60067	37402	0
60067	37962	0.00075558	0.05129665	0.47223448	0.05131645	0.47466151	0.68243504	0.68252559	0.35183666	0.35182556	0.68277022	0.68239823	0.35201587	0.35181348	60067	37961	0
60067	37965	0.00097985	0.05127104	0.47324031	0.05125323	0.47256752	0.68236487	0.68236158	0.35177034	0.35165432	0.68244564	0.68255444	0.35172071	0.35169335	60067	37964	0
60067	37969	0.00086016	0.05122420	0.47288066	0.05143175	0.47323972	0.68254531	0.68275913	0.35197659	0.35202976	0.68267917	0.68259996	0.35184496	0.35188851	60067	37967	0
60067	37972	0.00062801	0.05139817	0.47258643	0.05128804	0.47328288	0.68257827	0.68265230	0.35183616	0.35190059	0.68252083	0.68271278	0.35184397	0.35196903	60067	37970	0
60067	37975	0.00068543	0.05134756	0.47288193	0.05149523	0.47270965	0.68256274	0.68261434	0.35187807	0.35189738	0.68246281	0.68272511	0.35189459	0.35189713	60067	37974	0
60067	38534	0.00136577	0.05155016	0.47560310	0.05162119	0.47356209	0.68154677	0.68210792	0.35110180	0.35118175	0.68203511	0.68215582	0.35125053	0.35114444	60067	38533	0
60067	38537	0.00069877	0.05145286	0.47300948	0.05132239	0.47501050	0.68205557	0.68224243	0.35131914	0.35128726	0.68215180	0.68217078	0.35130887	0.35140386	60067	38536	0
60067	38541	0.00061880	0.05134973	0.47331108	0.05151719	0.47355098	0.68202385	0.68226429	0.35131010	0.35138603	0.68231154	0.68221868	0.35130953	0.35115808	60067	38539	0
60067	38544	0.00114503	0.05136330	0.47439474	0.05112666	0.47281604	0.68216765	0.68204382	0.35131791	0.35130229	0.68228631	0.68240455	0.35148866	0.35157938	60067	38542	0
60067	38547	0.00118638	0.05167631	0.47288961	0.05139083	0.47276556	0.68254573	0.68259560	0.35165588	0.35170945	0.68234358	0.68234712	0.35142366	0.35161274	60067	38546	0
60067	39106	0.00090867	0.05140275	0.47515510	0.05144378	0.47598824	0.68167725	0.68201687	0.35073860	0.35072594	0.68169262	0.68193355	0.35072118	0.35084846	60067	39105	0
60067	39109	0.00102767	0.05149839	0.47349678	0.05145476	0.47313977	0.68193889	0.68181539	0.35091576	0.35078749	0.68182714	0.68193987	0.35088396	0.35077746	60067	39108	0
60067	39113	0.00120135	0.05133788	0.47358502	0.05117249	0.47306400	0.68175335	0.68200035	0.35074862	0.35099432	0.68188589	0.68192796	0.35062717	0.35080811	60067	39111	0
60067	39116	0.00045323	0.05142787	0.47220741	0.05158316	0.47445175	0.68186633	0.68193051	0.35077574	0.35064246	0.68210208	0.68218705	0.35089834	0.35093071	60067	39114	0
60067	39119	0.00093170	0.05124815	0.47404500	0.05173474	0.47260959	0.68199197	0.68203782	0.35086424	0.35090401	0.68202344	0.68233003	0.35094707	0.35108092	60067	39118	0
60067	39678	0.00123934	0.05167316	0.47455025	0.05138168	0.47362734	0.68234153	0.68242124	0.35118347	0.35131142	0.68195680	0.68237563	0.35130081	0.35126943	60067	39677	0
60067	39681	-0.00017852	0.05165581	0.47029258	0.05154059	0.47454617	0.68217513	0.68226864	0.35124321	0.35125767	0.68231515	0.68243397	0.35116753	0.35126458	60067	39680	0
60067	39685	0.00086438	0.05144558	0.47452664	0.05145068	0.47139793	0.68235057	0.68238188	0.35113475	0.35122341	0.68227604	0.68249042	0.35119095	0.35124584	60067	39683	0
60067	39688	0.00081701	0.05165663	0.47337356	0.05127369	0.47351567	0.68220192	0.68227333	0.35118471	0.35118742	0.68204966	0.68211252	0.35107205	0.35112086	60067	39686	0
60067	39691	0.00144079	0.05159821	0.47314011	0.05147774	0.47126876	0.68208893	0.68239675	0.35125439	0.35125168	0.68223471	0.68238615	0.35120476	0.35116515	60067	39690	0
60067	40250	0.00110749	0.05176692	0.47231467	0.05134054	0.47331459	0.68225788	0.68252042	0.35103252	0.35119687	0.68269462	0.68252822	0.35120476	0.35128504	60067	40249	0
60067	40253	0.00216468	0.05178489	0.47625659	0.05177231	0.47308502	0.68294385	0.68282281	0.35145316	0.35134009	0.68331074	0.68273299	0.35166829	0.35145900	60067	40252	0
60067	40257	0.00211150	0.05190520	0.47383213	0.05197158	0.47399166	0.68276734	0.68273020	0.35131618	0.35135480	0.68274253	0.68280120	0.35139548	0.35153024	60067	40255	0
60067	40260	0.00112285	0.05175890	0.47210469	0.05187705	0.47507066	0.68291369	0.68319094	0.35151380	0.35155859	0.68257629	0.68252954	0.35132949	0.35118725	60067	40258	0
60067	40263	0.00156640	0.05190393	0.47276730	0.05181552	0.47143665	0.68291542	0.68305585	0.35153172	0.35161274	0.68267523	0.68268345	0.35150041	0.35131766	60067	40262	0
60067	40822	0.00197919	0.05182190	0.47444783	0.05175002	0.47320947	0.68293957	0.68297795	0.35165136	0.35168842	0.68310121	0.68323892	0.35172334	0.35167470	60067	40820	0
60067	40825	0.00182266	0.05165692	0.47250623	0.05185736	0.47297581	0.68305157	0.68307097	0.35174454	0.35170107	0.68287458	0.68312520	0.35175687	0.35154766	60067	40824	0
60067	40829	0.00119839	0.05154996	0.47250150	0.05193521	0.47437431	0.68322307	0.68315766	0.35180214	0.35162120	0.68311304	0.68299570	0.35158759	0.35153903	60067	40827	0
60067	40832	0.00141048	0.05182910	0.47462470	0.05162515	0.47398843	0.68305667	0.68330548	0.35160805	0.35170058	0.68299570	0.68312857	0.35155596	0.35157009	60067	40830	0
60067	40835	0.00009805	0.05165057	0.47033176	0.05190392	0.47426904	0.68278337	0.68291270	0.35155103	0.35149877	0.68300852	0.68289783	0.35161635	0.35151569	60067	40834	0
60067	41394	0.00063779	0.05154000	0.47441419	0.05177254	0.47279497	0.68337936	0.68355257	0.35183049	0.35192885	0.68362078	0.68364732	0.35178481	0.35177659	60067	41392	0
60067	41397	0.00120102	0.05155378	0.47374196	0.05172461	0.47205227	0.68341264	0.68361617	0.35181307	0.35194019	0.68335520	0.68366293	0.35181431	0.35186476	60067	41396	0
60067	41401	0.00127921	0.05194485	0.47466792	0.05172259	0.47443337	0.68352759	0.68358035	0.35189163	0.35198399	0.68345421	0.68377066	0.35190387	0.35204562	60067	41399	0
60067	41404	0.00125061	0.05186120	0.47458818	0.05175478	0.47467396	0.68371125	0.68364263	0.35198276	0.35206024	0.68363458	0.68381815	0.35186624	0.35207988	60067	41402	0
60067	41407	0.00139338	0.05181653	0.47174881	0.05182616	0.47132052	0.68367172	0.68371708	0.35206854	0.35202014	0.68365085	0.68377452	0.35223067	0.35215860	60067	41406	0
60067	41966	0.00085622	0.05161745	0.47021520	0.05170724	0.47182666	0.68333498	0.68339398	0.35159819	0.35162794	0.68328437	0.68350031	0.35156278	0.35170855	60067	41964	0
60067	41969	0.00082408	0.05183623	0.47321525	0.05146160	0.47331168	0.68331477	0.68338938	0.35177240	0.35177757	0.68333285	0.68336769	0.35164717	0.35180255	60067	41968	0
60067	41973	0.00134199	0.05164212	0.47371015	0.05169665	0.47215643	0.68338108	0.68345997	0.35177478	0.35161307	0.68344937	0.68337286	0.35179450	0.35176015	60067	41971	0
60067	41976	0.00100215	0.05171149	0.47155032	0.05169611	0.47256982	0.68352159	0.68354247	0.35185120	0.35175440	0.68330893	0.68337344	0.35177429	0.35169146	60067	41974	0
60067	41979	0.00180368	0.05171937	0.47434604	0.05165794	0.47194147	0.68285921	0.68313120	0.35151232	0.35165875	0.68353392	0.68331436	0.35191825	0.35186994	60067	41977	0
60067	42538	0.00078498	0.05175416	0.47149810	0.05176175	0.47455421	0.68387830	0.68393097	0.35146557	0.35149203	0.68363598	0.68364625	0.35143344	0.35135431	60067	42536	0
60067	42541	0.00193387	0.05180589	0.47603531	0.05175681	0.47258863	0.68430863	0.68403665	0.35178941	0.35151832	0.68407749	0.68403837	0.35169729	0.35170247	60067	42540	0
60067	42545	0.00082289	0.05168029	0.47280817	0.05170779	0.47614110	0.68394675	0.68360886	0.35147789	0.35152876	0.68386063	0.68391914	0.35167166	0.35148562	60067	42543	0
60067	42548	0.00195231	0.05179138	0.47483963	0.05159023	0.47145137	0.68377493	0.68372645	0.35154478	0.35140797	0.68360615	0.68364535	0.35145480	0.35147551	60067	42546	0
60067	42551	0.00095488	0.05130772	0.47426297	0.05174191	0.47725526	0.68359234	0.68382793	0.35144462	0.35158595	0.68373647	0.68374124	0.35142350	0.35166845	60067	42550	0
60067	43110	0.00029594	0.05183271	0.47188325	0.05196476	0.47386007	0.68422794	0.68433361	0.35172860	0.35175481	0.68415160	0.68445137	0.35165678	0.35180954	60067	43109	0
60067	43113	0.00059870	0.05183311	0.47302594	0.05200186	0.47211768	0.68432088	0.68415390	0.35173180	0.35151734	0.68400772	0.68367402	0.35158242	0.35136754	60067	43112	0
60067	43117	0.00130554	0.05184616	0.47357018	0.05190927	0.47144964	0.68372333	0.68386244	0.35118479	0.35130575	0.68395390	0.68378126	0.35144396	0.35142892	60067	43115	0
60067	43120	0.00079776	0.05190169	0.47335172	0.05203003	0.47487506	0.68376063	0.68385948	0.35121667	0.35135480	0.68378380	0.68386137	0.35125702	0.35132777	60067	43118	0
60067	43123	0.00082723	0.05190250	0.47490253	0.05180161	0.47481412	0.68372916	0.68419795	0.35139055	0.35136113	0.68364263	0.68397296	0.35113910	0.35127197	60067	43122	0
60067	43682	0.00123934	0.05150937	0.47346373	0.05159390	0.47222740	0.68552559	0.68553611	0.35294959	0.35299560	0.68541401	0.68555665	0.35282354	0.35296536	60067	43680	0
60067	43685	0.00072021	0.05128878	0.47373882	0.05164793	0.47529621	0.68550234	0.68537432	0.35281359	0.35273841	0.68561886	0.68551631	0.35304310	0.35306602	60067	43684	0
60067	43689	0.00079618	0.05165684	0.47429781	0.05161747	0.47406989	0.68549018	0.68569963	0.35298780	0.35298377	0.68575280	0.68575124	0.35294178	0.35295920	60067	43687	0
60067	43692	0.00076522	0.05163383	0.47383398	0.05155085	0.47392687	0.68583078	0.68590860	0.35313349	0.35310933	0.68555945	0.68571812	0.35295517	0.35291138	60067	43690	0
60067	43695	0.00047974	0.05161066	0.47305746	0.05104749	0.47391390	0.68562017	0.68560021	0.35310160	0.35286060	0.68556380	0.68547202	0.35305403	0.35305904	60067	43694	0
60067	44254	0.00168149	0.05184086	0.47451563	0.05170711	0.47091037	0.68485080	0.68510783	0.35184348	0.35211325	0.68467742	0.68487915	0.35182523	0.35184816	60067	44252	0
60067	44257	0.00133113	0.05173566	0.47505532	0.05186441	0.47610642	0.68450428	0.68468038	0.35197076	0.35192811	0.68477956	0.68488515	0.35195482	0.35203280	60067	44256	0
60067	44261	0.00090450	0.05173481	0.47457565	0.05178214	0.47585554	0.68454299	0.68486888	0.35193403	0.35209656	0.68493412	0.68519683	0.35199804	0.35224817	60067	44259	0
60067	44264	0.00169579	0.05176047	0.47335811	0.05157941	0.47098424	0.68503092	0.68543192	0.35226313	0.35246551	0.68495310	0.68500791	0.35206641	0.35209813	60067	44262	0
60067	44267	0.00073120	0.05200382	0.47336386	0.05142683	0.47625761	0.68495089	0.68506313	0.35205351	0.35205926	0.68489427	0.68485318	0.35213658	0.35204775	60067	44266	0
60067	44826	-0.00007953	0.05177955	0.47210138	0.05175637	0.47453357	0.68659144	0.68665340	0.35340843	0.35328707	0.68663598	0.68671700	0.35323176	0.35330777	60067	44824	0
60067	44829	0.00110482	0.05179767	0.47490138	0.05150509	0.47134834	0.68649070	0.68670582	0.35311746	0.35336825	0.68632266	0.68655783	0.35319240	0.35327277	60067	44828	0
60067	44833	0.00116944	0.05174002	0.47417857	0.05168719	0.47398471	0.68676104	0.68661387	0.35339627	0.35319364	0.68670541	0.68677312	0.35324475	0.35317424	60067	44831	0
60067	44836	0.00106664	0.05172075	0.47216680	0.05170563	0.47247520	0.68652209	0.68679621	0.35325896	0.35318189	0.68617976	0.68674814	0.35316594	0.35327548	60067	44834	0
60067	44839	0.00086877	0.05188173	0.47384453	0.05184321	0.47443814	0.68656474	0.68660500	0.35315584	0.35314113	0.68637303	0.68658322	0.35313776	0.35303546	60067	44838	0
60067	45398	0.00021364	0.05172183	0.47368931	0.05171664	0.47565469	0.68603777	0.68619809	0.35252566	0.35227134	0.68593883	0.68611509	0.35230150	0.35235869	60067	45397	0
60067	45401	0.00082046	0.05179153	0.47596396	0.05178999	0.47414351	0.68580153	0.68594804	0.35227948	0.35221473	0.68604180	0.68619907	0.35236485	0.35243634	60067	45400	0
60067	45405	0.00076566	0.05208539	0.47350275	0.05194639	0.47366717	0.68609792	0.68643088	0.35240331	0.35257932	0.68576677	0.68584730	0.35222368	0.35239592	60067	45403	0
60067	45408	0.00093753	0.05193911	0.47342338	0.05186366	0.47290776	0.68612824	0.68618058	0.35245319	0.35240561	0.68627566	0.68622109	0.35251909	0.35235927	60067	45406	0
60067	45411	0.00139082	0.05197638	0.47532793	0.05174560	0.47396806	0.68609151	0.68623975	0.35244119	0.35234390	0.68637475	0.68632981	0.35272115	0.35267103	60067	45410	0
60067	45970	0.00048084	0.05190221	0.47279597	0.05155190	0.47552592	0.68642126	0.68651658	0.35276939	0.35269494	0.68663984	0.68651215	0.35279839	0.35260414	60067	45969	0
60067	45973	0.00127806	0.05175453	0.47352872	0.05185671	0.47113706	0.68640877	0.68646071	0.35267226	0.35255475	0.68630425	0.68648930	0.35249773	0.35271721	60067	45972	0
60067	45977	0.00073750	0.05172287	0.47372022	0.05171375	0.47534189	0.68625281	0.68649275	0.35262978	0.35272961	0.68652233	0.68640877	0.35273397	0.35269075	60067	45975	0
60067	45980	0.00011097	0.05180291	0.47280258	0.05168710	0.47468217	0.68617187	0.68635898	0.35240980	0.35259740	0.68640680	0.68645890	0.35241416	0.35244867	60067	45978	0
60067	45983	0.00062158	0.05161838	0.47515583	0.05166779	0.47362401	0.68619587	0.68646794	0.35249567	0.35236518	0.68613572	0.68617993	0.35245319	0.35237094	60067	45982	0
60067	46542	0.00130957	0.05113801	0.47401683	0.05186299	0.47195284	0.68704059	0.68699778	0.35266733	0.35272090	0.68703582	0.68726853	0.35290587	0.35281787	60067	46540	0
60067	46545	0.00194315	0.05166863	0.47340611	0.05176525	0.47150539	0.68692563	0.68696639	0.35294425	0.35283824	0.68709778	0.68724898	0.35276413	0.35291770	60067	46544	0
60067	46549	0.00023168	0.05207106	0.47133140	0.05193573	0.47646580	0.68693138	0.68707280	0.35268976	0.35253602	0.68704306	0.68730009	0.35270143	0.35295846	60067	46547	0
60067	46552	0.00152882	0.05188159	0.47653278	0.05173371	0.47264139	0.68717256	0.68685932	0.35273742	0.35275648	0.68717650	0.68717995	0.35281524	0.35282781	60067	46550	0
60067	46555	0.00061006	0.05200421	0.47125264	0.05167189	0.47400891	0.68713254	0.68717034	0.35280406	0.35291532	0.68703024	0.68709795	0.35280398	0.35270891	60067	46554	0
60067	47114	0.00031343	0.05187804	0.47342175	0.05187286	0.47431164	0.68783141	0.68780076	0.35356374	0.35354665	0.68776501	0.68787997	0.35339972	0.35354106	60067	47113	0
60067	47117	0.00131458	0.05182234	0.47500407	0.05191004	0.47200062	0.68785039	0.68791753	0.35338510	0.35357352	0.68788260	0.68796625	0.35348715	0.35346940	60067	47116	0
60067	47121	0.00218140	0.05186801	0.47409333	0.05197718	0.47149288	0.68805459	0.68811244	0.35347828	0.35347080	0.68776123	0.68787233	0.35338354	0.35342322	60067	47119	0
60067	47124	0.00096522	0.05175071	0.47288521	0.05178056	0.47653374	0.68759245	0.68771325	0.35356982	0.35336102	0.68742121	0.68761415	0.35324639	0.35348428	60067	47122	0
60067	47127	0.00095876	0.05173392	0.47460482	0.05167028	0.47462421	0.68756041	0.68786715	0.35329980	0.35336349	0.68769468	0.68794029	0.35326135	0.35331846	60067	47126	0
60067	47686	0.00047777	0.05166694	0.47408950	0.05185006	0.47553245	0.68711923	0.68742310	0.35294137	0.35306216	0.68770207	0.68774842	0.35300661	0.35315658	60067	47684	0
60067	47689	0.00166508	0.05166503	0.47625631	0.05195432	0.47269439	0.68752335	0.68775524	0.35313661	0.35310695	0.68742351	0.68763486	0.35320982	0.35312215	60067	47688	0
60067	47693	0.00082422	0.05171575	0.47313665	0.05184911	0.47565924	0.68734347	0.68757429	0.35310062	0.35322264	0.68734627	0.68764652	0.35314581	0.35309618	60067	47691	0
60067	47696	0.00064644	0.05189615	0.47415368	0.05187655	0.47468700	0.68737840	0.68776764	0.35320448	0.35328641	0.68740477	0.68768555	0.35304704	0.35304104	60067	47694	0
60067	47699	0.00033350	0.05183402	0.47375938	0.05169662	0.47469821	0.68759541	0.68754948	0.35311664	0.35317794	0.68757545	0.68767191	0.35315074	0.35308229	60067	47698	0
60067	48258	0.00156730	0.05151643	0.47504941	0.05197204	0.47134802	0.68739376	0.68710378	0.35246831	0.35245335	0.68714840	0.68709721	0.35222771	0.35231153	60067	48257	0
60067	48261	0.00153551	0.05176380	0.47264367	0.05190109	0.47273902	0.68700131	0.68702539	0.35237570	0.35224488	0.68739417	0.68739631	0.35247365	0.35243840	60067	48260	0
60067	48265	0.00108459	0.05181188	0.47490044	0.05167274	0.47625321	0.68710707	0.68718464	0.35235516	0.35224365	0.68705596	0.68724873	0.35220322	0.35233330	60067	48263	0
60067	48268	0.00116165	0.05185161	0.47540517	0.05172133	0.47517399	0.68658972	0.68679350	0.35205926	0.35223280	0.68689211	0.68722014	0.35213058	0.35224423	60067	48266	0
60067	48271	0.00054940	0.05184342	0.47296588	0.05172912	0.47480262	0.68723961	0.68715596	0.35230076	0.35238688	0.68720370	0.68740765	0.35234653	0.35236757	60067	48270	0
60067	48830	0.00210932	0.05191169	0.47708192	0.05184341	0.47240215	0.68702711	0.68710025	0.35224382	0.35234522	0.68686113	0.68718143	0.35221473	0.35231136	60067	48829	0
60067	48833	0.00103786	0.05176196	0.47363570	0.05167200	0.47685010	0.68697206	0.68696310	0.35211686	0.35225926	0.68705760	0.68706237	0.35208071	0.35213634	60067	48832	0
60067	48837	0.00128886	0.05186706	0.47304977	0.05162694	0.47229675	0.68675504	0.68689671	0.35197355	0.35212812	0.68652472	0.68688110	0.35194159	0.35209139	60067	48835	0
60067	48840	0.00023337	0.05188846	0.47359213	0.05149623	0.47675861	0.68683064	0.68699901	0.35199097	0.35208547	0.68683344	0.68717026	0.35195490	0.35213034	60067	48838	0
60067	48843	0.00012253	0.05187274	0.47274491	0.05172247	0.47307742	0.68648182	0.68658873	0.35187265	0.35183296	0.68657476	0.68666441	0.35171389	0.35183707	60067	48842	0
60067	49402	0.00156035	0.05193406	0.47556152	0.05189701	0.47124808	0.68802788	0.68793429	0.35343317	0.35319191	0.68821967	0.68843816	0.35341583	0.35356924	60067	49401	0
60067	49405	0.00088836	0.05191378	0.47264742	0.05189169	0.47466338	0.68839872	0.68848122	0.35341936	0.35337409	0.68843997	0.68828154	0.35351197	0.35348272	60067	49404	0
60067	49409	0.00129472	0.05201899	0.47562676	0.05199809	0.47440767	0.68820808	0.68833266	0.35349710	0.35344073	0.68820849	0.68840768	0.35334631	0.35345765	60067	49407	0
60067	49412	0.00015391	0.05190116	0.47140930	0.05150674	0.47483173	0.68848434	0.68856561	0.35360589	0.35364961	0.68839913	0.68856997	0.35349488	0.35363761	60067	49410	0
60067	49415	0.00031019	0.05198337	0.47391577	0.05179828	0.47344694	0.68834030	0.68816766	0.35346357	0.35342585	0.68810940	0.68835566	0.35341073	0.35337737	60067	49414	0
60067	49974	0.00108552	0.05144284	0.47641359	0.05170972	0.47408761	0.68894335	0.68878328	0.35383679	0.35373548	0.68914073	0.68889578	0.35385717	0.35378470	60067	49973	0
60067	49977	0.00114644	0.05172095	0.47548177	0.05149292	0.47529898	0.68887211	0.68906637	0.35374969	0.35390984	0.68883292	0.68896497	0.35379086	0.35377393	60067	49976	0
60067	49981	0.00122396	0.05186853	0.47412883	0.05165268	0.47389628	0.68898732	0.68910490	0.35383474	0.35385413	0.68893538	0.68907524	0.35390237	0.35380187	60067	49979	0
60067	49984	0.00055285	0.05170918	0.47396873	0.05182984	0.47598207	0.68879799	0.68890399	0.35372553	0.35352282	0.68853480	0.68845805	0.35349003	0.35357705	60067	49982	0
60067	49987	0.00115660	0.05163589	0.47437153	0.05163589	0.47256028	0.68877121	0.68875288	0.35373137	0.35367220	0.68877310	0.68870415	0.35366193	0.35357516	60067	49986	0
60067	50546	0.00068507	0.05188385	0.47367233	0.05157891	0.47508693	0.68899981	0.68913292	0.35386268	0.35391075	0.68927081	0.68916481	0.35401083	0.35402554	60067	50544	0
60067	50549	0.00054939	0.05190328	0.47473901	0.05192014	0.47514604	0.68926366	0.68944986	0.35396728	0.35407328	0.68965907	0.68944477	0.35424823	0.35414461	60067	50548	0
60067	50553	0.00161493	0.05211262	0.47515780	0.05184316	0.47196117	0.68949234	0.68957082	0.35418898	0.35419539	0.68958437	0.68960368	0.35436721	0.35426367	60067	50551	0
60067	50556	0.00070777	0.05184998	0.47415035	0.05196601	0.47687185	0.68961461	0.68980665	0.35435012	0.35437658	0.68904517	0.68929341	0.35395619	0.35412735	60067	50554	0
60067	50559	0.00098732	0.05185528	0.47509239	0.05190925	0.47425372	0.68966014	0.68963146	0.35426589	0.35443969	0.68970508	0.68961313	0.35446204	0.35436080	60067	50558	0
60067	51118	0.00154428	0.05173420	0.47450635	0.05173370	0.47283548	0.68874861	0.68891665	0.35314606	0.35313267	0.68877827	0.68877646	0.35322815	0.35331295	60067	51116	0
60067	51121	0.00043269	0.05165124	0.47243212	0.05178163	0.47576690	0.68877301	0.68881007	0.35334590	0.35321706	0.68890523	0.68892815	0.35332963	0.35328279	60067	51120	0
60067	51125	0.00068191	0.05177714	0.47271346	0.05190183	0.47196579	0.68879068	0.68883201	0.35330481	0.35344681	0.68874343	0.68875189	0.35327482	0.35342273	60067	51123	0
60067	51128	0.00109152	0.05181604	0.47467314	0.05181193	0.47344433	0.68873102	0.68907261	0.35334335	0.35361197	0.68896447	0.68908140	0.35339915	0.35351246	60067	51126	0
60067	51131	0.00085639	0.05139739	0.47388800	0.05170569	0.47459337	0.68880136	0.68904426	0.35345018	0.35333103	0.68898198	0.68908157	0.35352052	0.35356702	60067	51130	0
60067	51690	0.00031777	0.05211779	0.47346320	0.05173373	0.47507905	0.68875510	0.68896414	0.35304162	0.35318345	0.68872790	0.68847605	0.35298369	0.35293866	60067	51688	0
60067	51693	0.00096113	0.05209586	0.47633693	0.05191986	0.47440687	0.68893160	0.68909282	0.35326825	0.35319216	0.68902783	0.68930606	0.35331385	0.35330498	60067	51692	0
60067	51697	0.00100146	0.05204549	0.47525605	0.05201235	0.47513507	0.68870276	0.68895872	0.35326734	0.35321870	0.68864055	0.68878246	0.35311253	0.35307161	60067	51695	0
60067	51700	0.00022922	0.05226829	0.47263410	0.05213799	0.47495079	0.68900679	0.68896858	0.35333514	0.35334902	0.68913596	0.68915363	0.35341755	0.35321623	60067	51698	0
60067	51703	0.00107378	0.05150446	0.47605865	0.05214629	0.47352497	0.68901862	0.68912931	0.35331188	0.35322733	0.68907417	0.68910671	0.35328920	0.35334368	60067	51702	0
60067	52262	0.00084787	0.05240714	0.47478476	0.05220819	0.47546250	0.69016714	0.68986031	0.35409087	0.35403417	0.68985529	0.68990879	0.35401724	0.35399111	60067	52260	0
60067	52265	0.00052609	0.05209012	0.47568402	0.05192228	0.47664936	0.69000271	0.69010888	0.35403507	0.35422735	0.68996549	0.69011602	0.35405972	0.35404255	60067	52264	0
60067	52269	0.00167252	0.05204871	0.47590777	0.05223452	0.47246847	0.68973319	0.68993681	0.35404485	0.35404666	0.68970755	0.68963828	0.35383638	0.35391469	60067	52267	0
60067	52272	0.00132905	0.05181648	0.47423275	0.05197371	0.47526317	0.68983944	0.68982185	0.35399596	0.35399317	0.68991364	0.68987124	0.35390146	0.35407172	60067	52270	0
60067	52275	0.00112452	0.05198576	0.47432200	0.05186344	0.47493559	0.68953737	0.68965176	0.35380105	0.35405011	0.68979309	0.68997453	0.35410936	0.35410985	60067	52273	0
60067	52834	0.00093977	0.05206159	0.47451600	0.05216457	0.47507026	0.68978989	0.68994322	0.35354911	0.35373523	0.68981355	0.68979284	0.35363909	0.35371000	60067	52832	0
60067	52837	0.00053255	0.05209907	0.47354306	0.05213308	0.47476471	0.68981215	0.68937664	0.35372274	0.35337203	0.68976392	0.68992793	0.35377977	0.35365470	60067	52836	0
60067	52841	0.00151416	0.05221247	0.47650136	0.05232229	0.47355651	0.68998652	0.69014010	0.35379234	0.35374567	0.68979695	0.68999047	0.35357590	0.35373244	60067	52839	0
60067	52844	0.00073112	0.05236940	0.47404748	0.05239400	0.47639662	0.68990854	0.68981610	0.35363679	0.35358707	0.68989876	0.69000419	0.35379028	0.35376358	60067	52842	0
60067	52847	0.00103260	0.05231108	0.47518501	0.05208687	0.47428056	0.68987132	0.69006261	0.35368321	0.35392998	0.69005267	0.69022482	0.35396794	0.35389004	60067	52846	0
60067	53406	-0.00000164	0.05169855	0.47307482	0.05206328	0.47617755	0.69013246	0.69038234	0.35391165	0.35402727	0.69052129	0.69060018	0.35422292	0.35410870	60067	53405	0
60067	53409	0.00150106	0.05207864	0.47622165	0.05227885	0.47171356	0.69045375	0.69062762	0.35422382	0.35410015	0.69054274	0.69067726	0.35411231	0.35423935	60067	53408	0
60067	53413	0.00012950	0.05214768	0.47210681	0.05203279	0.47622149	0.69041948	0.69043395	0.35417534	0.35421684	0.69050100	0.69062516	0.35412522	0.35424543	60067	53411	0
60067	53416	0.00134564	0.05219750	0.47628821	0.05215096	0.47263978	0.69038949	0.69050938	0.35389645	0.35402365	0.69016418	0.69033205	0.35400829	0.35401905	60067	53414	0
60067	53419	0.00029891	0.05214021	0.47251480	0.05199048	0.47565499	0.69024265	0.69025440	0.35415094	0.35407304	0.69053189	0.69051456	0.35407550	0.35405857	60067	53418	0
60067	53978	0.00101722	0.05179062	0.47538090	0.05138408	0.47322596	0.69111564	0.69124038	0.35464742	0.35466418	0.69116823	0.69105681	0.35481291	0.35468513	60067	53977	0
60067	53981	0.00080679	0.05172640	0.47457200	0.05163053	0.47520331	0.69120340	0.69125237	0.35470863	0.35474988	0.69138295	0.69117226	0.35472951	0.35459474	60067	53980	0
60067	53985	0.00022303	0.05193918	0.47293491	0.05175455	0.47468617	0.69125139	0.69123997	0.35461915	0.35472507	0.69110775	0.69144449	0.35463279	0.35473764	60067	53983	0
60067	53988	0.00108969	0.05181157	0.47573844	0.05200825	0.47313845	0.69114629	0.69128130	0.35457650	0.35455514	0.69114531	0.69131031	0.35458727	0.35458020	60067	53986	0
60067	53991	0.00100968	0.05200455	0.47426861	0.05167069	0.47450864	0.69113659	0.69126166	0.35452884	0.35464988	0.69105483	0.69110463	0.35443122	0.35454265	60067	53990	0
60067	54550	0.00157804	0.05172440	0.47540251	0.05165611	0.47369745	0.69026032	0.69005530	0.35328674	0.35313036	0.69011479	0.69008948	0.35326874	0.35317277	60067	54549	0
60067	54553	0.00056909	0.05182940	0.47080356	0.05178826	0.47383038	0.69011833	0.69027158	0.35316660	0.35323464	0.68999630	0.68986474	0.35319528	0.35313718	60067	54552	0
60067	54557	-0.00012628	0.05190364	0.47266994	0.05192525	0.47475606	0.69016073	0.68998151	0.35312700	0.35315419	0.69011824	0.69000665	0.35320268	0.35330219	60067	54555	0
60067	54560	0.00129815	0.05182491	0.47747310	0.05181985	0.47319981	0.68966268	0.68997510	0.35313316	0.35317129	0.68998003	0.69026311	0.35332708	0.35328846	60067	54558	0
60067	54563	0.00099397	0.05166643	0.47328236	0.05183199	0.47419490	0.68987518	0.68978709	0.35303135	0.35311870	0.68990180	0.68992235	0.35309667	0.35324976	60067	54562	0
60067	55122	0.00109677	0.05135417	0.47384711	0.05152189	0.47353873	0.69136807	0.69130817	0.35438619	0.35426491	0.69119781	0.69153373	0.35420081	0.35432571	60067	55121	0
60067	55125	0.00072400	0.05167915	0.47598334	0.05151049	0.47710164	0.69096420	0.69116601	0.35402866	0.35409202	0.69046829	0.69050749	0.35380203	0.35375635	60067	55124	0
60067	55129	0.00124478	0.05171955	0.47558488	0.05160590	0.47402255	0.69104678	0.69123495	0.35413623	0.35412965	0.69103511	0.69109773	0.35400385	0.35410714	60067	55127	0
60067	55132	0.00025613	0.05158927	0.47253026	0.05140947	0.47549618	0.69094661	0.69137867	0.35422341	0.35416351	0.69102057	0.69122099	0.35410919	0.35419942	60067	55130	0
60067	55135	0.00081432	0.05124836	0.47661279	0.05167203	0.47493822	0.69092311	0.69103898	0.35408651	0.35419375	0.69020156	0.69104777	0.35376793	0.35403072	60067	55134	0
60067	55694	0.00104302	0.05170676	0.47552271	0.05149473	0.47483662	0.69157942	0.69174647	0.35435735	0.35428816	0.69140538	0.69163480	0.35432818	0.35425973	60067	55693	0
60067	55698	0.00083899	0.05126924	0.47396227	0.05162229	0.47457436	0.69127119	0.69131565	0.35416392	0.35411963	0.69122822	0.69132386	0.35427115	0.35400960	60067	55696	0
60067	55701	0.00052997	0.05156246	0.47496809	0.05171491	0.47589514	0.69136585	0.69153759	0.35409703	0.35410147	0.69193867	0.69147670	0.35454889	0.35416992	60067	55699	0
60067	55704	0.00207388	0.05126645	0.47676020	0.05183462	0.47212849	0.69139667	0.69158394	0.35424954	0.35434880	0.69163308	0.69170834	0.35439030	0.35436705	60067	55702	0
60067	55707	0.00091449	0.05162545	0.47269291	0.05160383	0.47617109	0.69110422	0.69160686	0.35419079	0.35433056	0.69133315	0.69167835	0.35419983	0.35439441	60067	55706	0
60067	56266	0.00176905	0.05120042	0.47535309	0.05115826	0.47278940	0.69112238	0.69108852	0.35368091	0.35365733	0.69090265	0.69106864	0.35371510	0.35360351	60067	56265	0
60067	56270	0.00048039	0.05113454	0.47161625	0.05111122	0.47548223	0.69081991	0.69108836	0.35358050	0.35369061	0.69097833	0.69124679	0.35371502	0.35378478	60067	56268	0
60067	56273	0.00150888	0.05125174	0.47618971	0.05119034	0.47310425	0.69136331	0.69129420	0.35389349	0.35373852	0.69127497	0.69134999	0.35404608	0.35396449	60067	56271	0
60067	56276	0.00014224	0.05120742	0.47231518	0.05106173	0.47641511	0.69129083	0.69165403	0.35393556	0.35404452	0.69143028	0.69148081	0.35395150	0.35391321	60067	56274	0
60067	56279	0.00055571	0.05108648	0.47542127	0.05119546	0.47418085	0.69154186	0.69151434	0.35406687	0.35409029	0.69145238	0.69160686	0.35415965	0.35405751	60067	56278	0
60067	56838	0.00107063	0.05101072	0.47392068	0.05118649	0.47237591	0.69023221	0.69015949	0.35245064	0.35247603	0.69052179	0.69043304	0.35264785	0.35247644	60067	56837	0
60067	56842	0.00152518	0.05103319	0.47426388	0.05101198	0.47290025	0.69045646	0.69039467	0.35269091	0.35254728	0.69057208	0.69072500	0.35263429	0.35272846	60067	56840	0
60067	56845	0.00083460	0.05112343	0.47542656	0.05128304	0.47749830	0.69052475	0.69052499	0.35265829	0.35248877	0.69052392	0.69051990	0.35255508	0.35249616	60067	56843	0
60067	56848	0.00199969	0.05116392	0.47655691	0.05026419	0.47306161	0.69054858	0.69076280	0.35255853	0.35251235	0.69063025	0.69072072	0.35272403	0.35271260	60067	56847	0
60067	56851	0.00057576	0.05105065	0.47252761	0.05109461	0.47679941	0.69074694	0.69063617	0.35267867	0.35279001	0.69070667	0.69098121	0.35279691	0.35295863	60067	56850	0
60067	57411	0.00051092	0.05120595	0.47539706	0.05113124	0.47559160	0.69191755	0.69225363	0.35414321	0.35407238	0.69197762	0.69214878	0.35421380	0.35397262	60067	57409	0
60067	57414	0.00003379	0.05083991	0.47449632	0.05105484	0.47592770	0.69204582	0.69220072	0.35413467	0.35418035	0.69217993	0.69245282	0.35413204	0.35420196	60067	57412	0
60067	57417	0.00137715	0.05102966	0.47635005	0.05101938	0.47231996	0.69226785	0.69238232	0.35426934	0.35409185	0.69204097	0.69241428	0.35401182	0.35410295	60067	57415	0
60067	57420	0.00115742	0.05124229	0.47473410	0.05110453	0.47539329	0.69253918	0.69252324	0.35432169	0.35429999	0.69207992	0.69235873	0.35413803	0.35418216	60067	57419	0
60067	57424	0.00013072	0.05104554	0.47423496	0.05093696	0.47731506	0.69195650	0.69204664	0.35398331	0.35404723	0.69201772	0.69174384	0.35402431	0.35391683	60067	57422	0
60067	57982	0.00101382	0.05049527	0.47497776	0.05040421	0.47232846	0.69295070	0.69310847	0.35524521	0.35508473	0.69348826	0.69333748	0.35523231	0.35527266	60067	57981	0
60067	57986	0.00117043	0.05040724	0.47521693	0.05061852	0.47474710	0.69310222	0.69334750	0.35513338	0.35527496	0.69318834	0.69336813	0.35521267	0.35527496	60067	57984	0
60067	57989	0.00046263	0.05050467	0.47311780	0.05052624	0.47524121	0.69332112	0.69354545	0.35518178	0.35529871	0.69334980	0.69353592	0.35517849	0.35528030	60067	57987	0
60067	57992	0.00177177	0.05054765	0.47729911	0.05062354	0.47337168	0.69323180	0.69326525	0.35533560	0.35520117	0.69339007	0.69356961	0.35520684	0.35525729	60067	57991	0
60067	57995	0.00087567	0.05049002	0.47172564	0.05031632	0.47441393	0.69360191	0.69373617	0.35537274	0.35538359	0.69346394	0.69348111	0.35527299	0.35523856	60067	57994	0
60067	58555	0.00136270	0.05056243	0.47494268	0.05058760	0.47348158	0.69297831	0.69304306	0.35495014	0.35484816	0.69304519	0.69316368	0.35498358	0.35502171	60067	58553	0
60067	58558	0.00000136	0.05050938	0.47255745	0.05073167	0.47664149	0.69337643	0.69327051	0.35522615	0.35497931	0.69270196	0.69303073	0.35485835	0.35485441	60067	58556	0
60067	58561	0.00037268	0.05064125	0.47506294	0.05057880	0.47394898	0.69313156	0.69325095	0.35530947	0.35494463	0.69320617	0.69344685	0.35510733	0.35505868	60067	58559	0
60067	58564	0.00074749	0.05053527	0.47458059	0.05051624	0.47345615	0.69305489	0.69323526	0.35497503	0.35505688	0.69284215	0.69316196	0.35484890	0.35496279	60067	58563	0
60067	58568	0.00095242	0.05048196	0.47413968	0.05040330	0.47352488	0.69316993	0.69339360	0.35521382	0.35513486	0.69308743	0.69319828	0.35501308	0.35505375	60067	58566	0
60067	59127	0.00051591	0.05059343	0.47532847	0.05038812	0.47663801	0.69136741	0.69106864	0.35330416	0.35306101	0.69144392	0.69160399	0.35351871	0.35361033	60067	59125	0
60067	59130	0.00109262	0.05051245	0.47527544	0.05045778	0.47354532	0.69181385	0.69175263	0.35354936	0.35356752	0.69179643	0.69173316	0.35354796	0.35360671	60067	59128	0
60067	59133	0.00106371	0.05038289	0.47543436	0.05056755	0.47552107	0.69166134	0.69186102	0.35348609	0.35354147	0.69182125	0.69189528	0.35360901	0.35365010	60067	59131	0
60067	59136	0.00170061	0.05029064	0.47646959	0.05053926	0.47455889	0.69175247	0.69196004	0.35362578	0.35375544	0.69167235	0.69182979	0.35367574	0.35370384	60067	59135	0
60067	59140	0.00100175	0.05023987	0.47346247	0.05044095	0.47555904	0.69167539	0.69207598	0.35364722	0.35376251	0.69191944	0.69218469	0.35384904	0.35407090	60067	59138	0
60067	59699	0.00085248	0.05016994	0.47398733	0.05035726	0.47443516	0.69155107	0.69177679	0.35335831	0.35347302	0.69151721	0.69207031	0.35341312	0.35363424	60067	59697	0
60067	59702	0.00139716	0.05043825	0.47578608	0.05033105	0.47415204	0.69148960	0.69155378	0.35333242	0.35328583	0.69145838	0.69127012	0.35345026	0.35338238	60067	59700	0
60067	59705	0.00140622	0.05067724	0.47428214	0.05047361	0.47425496	0.69137062	0.69160037	0.35331714	0.35330662	0.69156997	0.69185814	0.35343037	0.35341755	60067	59703	0
60067	59708	0.00171894	0.05057992	0.47568403	0.05031565	0.47474587	0.69136963	0.69147358	0.35331952	0.35331829	0.69178493	0.69186390	0.35351879	0.35345453	60067	59707	0
60067	59712	0.00084395	0.05031234	0.47421226	0.05059639	0.47683723	0.69166118	0.69168912	0.35362676	0.35363169	0.69200005	0.69206226	0.35370557	0.35370368	60067	59710	0
60067	60271	0.00252184	0.05053586	0.47735014	0.05055878	0.47231645	0.69265710	0.69276252	0.35448907	0.35448003	0.69242414	0.69245339	0.35446360	0.35437452	60067	60269	0
60067	60274	0.00163403	0.05027375	0.47462852	0.05030516	0.47729197	0.69266704	0.69292900	0.35443451	0.35457634	0.69250015	0.69260410	0.35451274	0.35443147	60067	60272	0
60067	60277	0.00178082	0.05049829	0.47444127	0.05041804	0.47400089	0.69262226	0.69271338	0.35459318	0.35458143	0.69267912	0.69280813	0.35451717	0.35452136	60067	60275	0
60067	60280	0.00064392	0.05043431	0.47322130	0.05010977	0.47663198	0.69229505	0.69245011	0.35430673	0.35444799	0.69264469	0.69260089	0.35446688	0.35448266	60067	60279	0
60067	60284	0.00223219	0.05048304	0.47676159	0.05039638	0.47199679	0.69238388	0.69246580	0.35440936	0.35444716	0.69254847	0.69256811	0.35453303	0.35449622	60067	60282	0
60067	60843	0.00190708	0.05031533	0.47462224	0.05046216	0.47559758	0.69314832	0.69324775	0.35505211	0.35509878	0.69311315	0.69315892	0.35501127	0.35501661	60067	60841	0
60067	60846	0.00148901	0.05069004	0.47369795	0.05070068	0.47495217	0.69311200	0.69310740	0.35507619	0.35503979	0.69287354	0.69318365	0.35512344	0.35500577	60067	60844	0
60067	60849	0.00092513	0.05031736	0.47407429	0.05053444	0.47576592	0.69284223	0.69317560	0.35497166	0.35509632	0.69255496	0.69296483	0.35494414	0.35506961	60067	60848	0
60067	60852	0.00092144	0.05039727	0.47464282	0.05036780	0.47465390	0.69299195	0.69325202	0.35503116	0.35519419	0.69282169	0.69293804	0.35498128	0.35511571	60067	60851	0
60067	60856	0.00192666	0.05049617	0.47703672	0.05054299	0.47402104	0.69302646	0.69310214	0.35513510	0.35506148	0.69268076	0.69284289	0.35495852	0.35507528	60067	60854	0
60067	61415	0.00052427	0.05043557	0.47353018	0.04999451	0.47773737	0.69183538	0.69218075	0.35407230	0.35418257	0.69208428	0.69207738	0.35416334	0.35418495	60067	61413	0
60067	61418	0.00127506	0.05038582	0.47550249	0.05010287	0.47325011	0.69235512	0.69255898	0.35443985	0.35446688	0.69225372	0.69252283	0.35449712	0.35449786	60067	61416	0
60067	61421	0.00054034	0.05012893	0.47375637	0.05018807	0.47596051	0.69245306	0.69274256	0.35463230	0.35465974	0.69259120	0.69252833	0.35465062	0.35463410	60067	61420	0
60067	61424	0.00158521	0.05036808	0.47443954	0.05060125	0.47130493	0.69244978	0.69277715	0.35476624	0.35482696	0.69260599	0.69291931	0.35483395	0.35499985	60067	61423	0
60067	61428	0.00106297	0.04933497	0.47286210	0.05018292	0.47442884	0.69283073	0.69272012	0.35494775	0.35502212	0.69298126	0.69302687	0.35498826	0.35506411	60067	61426	0
60067	61987	0.00060055	0.05051528	0.47313728	0.05058311	0.47452454	0.69195897	0.69229793	0.35457798	0.35461471	0.69189479	0.69197803	0.35451200	0.35445891	60067	61985	0
60067	61990	0.00034478	0.05066701	0.47393358	0.05056033	0.47470088	0.69198345	0.69224977	0.35455358	0.35471044	0.69204796	0.69220482	0.35450000	0.35464668	60067	61988	0
60067	61993	0.00155358	0.05049798	0.47485186	0.05049132	0.47122547	0.69195609	0.69225774	0.35465563	0.35462712	0.69207697	0.69216809	0.35447896	0.35453123	60067	61992	0
60067	61997	0.00078486	0.05074933	0.47328098	0.05044280	0.47558714	0.69198756	0.69200129	0.35458308	0.35439022	0.69176899	0.69187343	0.35443303	0.35447831	60067	61995	0
60067	62000	0.00134214	0.05043530	0.47483038	0.05033562	0.47315851	0.69197705	0.69221395	0.35464257	0.35463287	0.69197778	0.69187918	0.35449359	0.35441314	60067	61998	0
60067	62559	0.00099909	0.05123763	0.47447136	0.05142341	0.47550053	0.69002128	0.69002128	0.35375495	0.35356974	0.69027856	0.68973894	0.35394493	0.35359940	60067	62557	0
60067	62562	0.00060265	0.05129414	0.47279349	0.05123257	0.47398280	0.68967509	0.68975800	0.35360236	0.35357598	0.68973458	0.68996524	0.35351846	0.35355651	60067	62560	0
60067	62565	0.00037394	0.05135083	0.47454374	0.05125945	0.47522986	0.68998784	0.69027034	0.35370672	0.35381502	0.69018587	0.69017009	0.35378634	0.35375027	60067	62564	0
60067	62568	0.00128204	0.05100544	0.47490770	0.05149126	0.47218341	0.68999334	0.69008595	0.35371921	0.35371838	0.68993960	0.69013887	0.35379743	0.35380828	60067	62567	0
60067	62572	0.00117682	0.05121208	0.47382086	0.05132183	0.47413654	0.69005612	0.69036730	0.35387574	0.35383704	0.69025506	0.69022811	0.35393745	0.35390713	60067	62570	0
60067	63131	0.00047692	0.05112442	0.47246487	0.05120885	0.47456456	0.68913325	0.68922085	0.35342733	0.35362060	0.68908970	0.68931863	0.35345067	0.35355955	60067	63129	0
60067	63134	0.00052111	0.05112524	0.47450098	0.05124761	0.47436842	0.68896940	0.68906719	0.35356530	0.35346382	0.68897820	0.68918979	0.35341230	0.35354714	60067	63132	0
60067	63137	0.00153651	0.05105193	0.47585052	0.05124407	0.47280430	0.68906332	0.68936777	0.35356637	0.35364073	0.68903374	0.68931518	0.35349274	0.35359718	60067	63136	0
60067	63141	0.00113113	0.05097157	0.47205673	0.05083451	0.47327286	0.68906037	0.68922257	0.35355716	0.35362553	0.68910384	0.68917196	0.35359069	0.35356744	60067	63139	0
60067	63144	0.00091854	0.05106932	0.47326896	0.05098045	0.47390674	0.68910014	0.68927114	0.35362191	0.35366760	0.68902487	0.68917056	0.35355593	0.35373326	60067	63142	0
60067	63703	0.00159728	0.05157259	0.47495115	0.05143531	0.47291493	0.68934567	0.68931732	0.35385430	0.35365692	0.68910679	0.68929776	0.35365618	0.35370326	60067	63701	0
60067	63706	0.00094726	0.05118783	0.47334728	0.05148822	0.47529734	0.68941403	0.68950418	0.35387944	0.35378667	0.68938207	0.68937623	0.35387624	0.35387845	60067	63704	0
60067	63709	0.00103547	0.05128843	0.47429423	0.05139197	0.47402960	0.68919291	0.68926654	0.35386424	0.35377870	0.68924640	0.68946794	0.35379842	0.35379390	60067	63708	0
60067	63713	0.00116328	0.05087622	0.47405618	0.05147924	0.47367275	0.68918502	0.68935134	0.35383951	0.35387574	0.68942874	0.68957772	0.35392579	0.35399382	60067	63711	0
60067	63716	0.00119344	0.05149192	0.47454783	0.05138441	0.47445735	0.68939702	0.68947279	0.35395619	0.35392809	0.68982128	0.68961872	0.35423385	0.35410229	60067	63714	0
60067	64275	0.00025097	0.05155716	0.47249370	0.05135857	0.47532112	0.68818138	0.68853102	0.35298172	0.35308164	0.68814900	0.68839108	0.35303307	0.35301705	60067	64273	0
60067	64278	0.00133326	0.05148759	0.47513170	0.05120040	0.47188483	0.68812608	0.68822033	0.35303751	0.35288960	0.68802714	0.68825928	0.35302017	0.35294433	60067	64276	0
60067	64281	0.00154174	0.05134325	0.47356768	0.05152279	0.47294223	0.68812665	0.68807981	0.35293217	0.35281852	0.68817168	0.68809896	0.35310629	0.35293299	60067	64280	0
60067	64285	0.00054807	0.05143898	0.47194286	0.05158424	0.47492386	0.68795442	0.68819617	0.35298500	0.35301417	0.68846865	0.68828804	0.35320120	0.35313916	60067	64283	0
60067	64288	0.00135312	0.05141265	0.47369165	0.05162972	0.47127653	0.68824670	0.68856027	0.35302231	0.35317252	0.68839281	0.68850809	0.35317071	0.35318238	60067	64286	0
60067	64847	0.00031726	0.05171271	0.47296340	0.05190588	0.47607096	0.68742055	0.68739672	0.35217487	0.35222418	0.68730288	0.68742910	0.35224012	0.35216641	60067	64845	0
60067	64850	0.00150157	0.05159032	0.47567278	0.05198809	0.47211985	0.68725908	0.68731093	0.35214340	0.35228350	0.68734619	0.68744685	0.35228638	0.35220215	60067	64848	0
60067	64853	0.00069976	0.05201443	0.47180069	0.05184236	0.47420612	0.68741258	0.68760067	0.35242098	0.35225302	0.68760059	0.68764069	0.35251769	0.35230824	60067	64852	0
60067	64856	0.00116089	0.05178668	0.47432585	0.05178193	0.47294247	0.68733526	0.68764595	0.35234111	0.35236255	0.68750560	0.68772081	0.35237767	0.35240052	60067	64855	0
60067	64860	0.00042812	0.05184686	0.47197119	0.05173424	0.47416949	0.68775787	0.68781851	0.35265229	0.35251087	0.68776921	0.68786707	0.35263807	0.35268302	60067	64858	0
60067	65419	0.00204411	0.05159862	0.47497544	0.05207786	0.47012748	0.68899159	0.68906645	0.35375249	0.35386736	0.68900638	0.68898822	0.35377533	0.35384690	60067	65417	0
60067	65422	0.00044977	0.05166123	0.47188463	0.05174570	0.47666765	0.68904089	0.68892380	0.35390483	0.35387887	0.68889512	0.68886365	0.35389242	0.35388396	60067	65420	0
60067	65425	0.00095761	0.05154137	0.47515924	0.05148110	0.47363571	0.68885716	0.68906078	0.35384205	0.35401461	0.68894837	0.68894697	0.35392250	0.35394271	60067	65424	0
60067	65429	0.00181735	0.05088902	0.47513627	0.05155794	0.47255704	0.68883653	0.68890662	0.35372964	0.35384534	0.68887039	0.68900252	0.35389029	0.35383038	60067	65427	0
60067	65432	0.00105426	0.05179865	0.47227472	0.05156136	0.47456401	0.68884434	0.68904804	0.35377270	0.35390993	0.68863801	0.68877030	0.35390196	0.35391272	60067	65430	0
60067	65991	0.00043677	0.05220821	0.47318395	0.05169028	0.47503641	0.68764841	0.68791588	0.35270751	0.35282699	0.68783281	0.68779632	0.35280825	0.35280521	60067	65989	0
60067	65994	0.00012928	0.05174856	0.47562655	0.05170562	0.47654903	0.68789181	0.68817916	0.35274383	0.35304129	0.68700246	0.68729524	0.35248063	0.35264802	60067	65992	0
60067	65997	0.00140283	0.05208022	0.47695160	0.05197609	0.47313094	0.68733501	0.68755844	0.35274966	0.35265558	0.68747906	0.68766148	0.35263158	0.35269732	60067	65996	0
60067	66001	0.00037078	0.05176941	0.47308310	0.05178306	0.47617924	0.68761201	0.68779673	0.35285361	0.35280390	0.68749648	0.68775072	0.35286166	0.35285147	60067	65999	0
60067	66004	0.00118695	0.05190893	0.47418544	0.05195196	0.47173692	0.68795705	0.68803306	0.35309906	0.35305427	0.68774094	0.68787669	0.35285829	0.35279132	60067	66002	0
60067	66563	0.00052095	0.05196753	0.47284202	0.05232347	0.47484002	0.68735350	0.68734421	0.35226978	0.35228654	0.68739081	0.68735325	0.35240109	0.35234168	60067	66561	0
60067	66566	0.00107841	0.05198032	0.47577639	0.05228091	0.47410402	0.68759821	0.68771177	0.35235820	0.35234809	0.68757331	0.68756583	0.35244464	0.35240586	60067	66564	0
60067	66569	0.00053382	0.05211538	0.47375905	0.05226907	0.47539283	0.68768120	0.68758144	0.35247349	0.35248302	0.68735794	0.68782081	0.35236617	0.35266289	60067	66568	0
60067	66573	0.00082912	0.05223405	0.47448109	0.05216518	0.47359517	0.68774620	0.68780528	0.35242993	0.35256724	0.68783042	0.68791153	0.35243930	0.35256404	60067	66571	0
60067	66576	0.00144530	0.05192893	0.47472003	0.05173961	0.47287149	0.68760774	0.68769862	0.35245894	0.35249066	0.68769977	0.68759623	0.35242681	0.35236905	60067	66574	0
60067	67135	0.00060458	0.05246534	0.47285607	0.05206560	0.47537823	0.68759467	0.68778268	0.35255886	0.35259945	0.68768769	0.68789049	0.35251687	0.35258738	60067	67133	0
60067	67138	0.00062330	0.05241899	0.47342339	0.05222082	0.47336723	0.68789904	0.68771062	0.35250348	0.35241555	0.68772631	0.68763822	0.35235877	0.35241169	60067	67136	0
60067	67141	0.00068725	0.05244358	0.47299024	0.05252767	0.47279839	0.68766156	0.68760905	0.35252953	0.35247184	0.68798449	0.68770692	0.35243224	0.35247759	60067	67140	0
60067	67145	0.00117992	0.05221344	0.47511925	0.05230277	0.47364125	0.68769287	0.68775943	0.35251087	0.35249723	0.68773617	0.68767972	0.35227529	0.35222245	60067	67143	0
60067	67148	-0.00019082	0.05240611	0.46965974	0.05225580	0.47377195	0.68766764	0.68788219	0.35244883	0.35257168	0.68769139	0.68784004	0.35235171	0.35242122	60067	67146	0
60067	67707	0.00093619	0.05209848	0.47621295	0.05210577	0.47283191	0.68902331	0.68903202	0.35374756	0.35367738	0.68912504	0.68934526	0.35380508	0.35389308	60067	67705	0
60067	67710	0.00132424	0.05207714	0.47509307	0.05213278	0.47392893	0.68927672	0.68920318	0.35381132	0.35382825	0.68927336	0.68909784	0.35389653	0.35370967	60067	67708	0
60067	67713	0.00059870	0.05205318	0.47208149	0.05219810	0.47425811	0.68894615	0.68913999	0.35363736	0.35389776	0.68919981	0.68921920	0.35370795	0.35381806	60067	67712	0
60067	67717	0.00088861	0.05193533	0.47402863	0.05224294	0.47315890	0.68901780	0.68903309	0.35355963	0.35368428	0.68891870	0.68905700	0.35351065	0.35353654	60067	67715	0
60067	67720	0.00132143	0.05220378	0.47413502	0.05236760	0.47283657	0.68877318	0.68880350	0.35343489	0.35356949	0.68850801	0.68862527	0.35340687	0.35348346	60067	67718	0
60067	68279	0.00129044	0.05216673	0.47295959	0.05238471	0.47305256	0.68850768	0.68834925	0.35313899	0.35316751	0.68880177	0.68855172	0.35328830	0.35329274	60067	68277	0
60067	68282	0.00137816	0.05252822	0.47515672	0.05228783	0.47489355	0.68839708	0.68844178	0.35320391	0.35306816	0.68835303	0.68851393	0.35322955	0.35314532	60067	68280	0
60067	68285	0.00113993	0.05248349	0.47373706	0.05265018	0.47445176	0.68859823	0.68858344	0.35321632	0.35316373	0.68860637	0.68886036	0.35310391	0.35320218	60067	68284	0
60067	68289	0.00189465	0.05248385	0.47458964	0.05231239	0.47232548	0.68868180	0.68877055	0.35301672	0.35313119	0.68845542	0.68874080	0.35309150	0.35317835	60067	68287	0
60067	68292	0.00107281	0.05170371	0.47243680	0.05262432	0.47490231	0.68856027	0.68870448	0.35319931	0.35303381	0.68857457	0.68852165	0.35311557	0.35315378	60067	68290	0
60067	68851	0.00066174	0.05263038	0.47269953	0.05226260	0.47393275	0.69004610	0.69007781	0.35418578	0.35408051	0.68984009	0.68998406	0.35398010	0.35401831	60067	68849	0
60067	68854	0.00205690	0.05270159	0.47510959	0.05254808	0.47092411	0.68976408	0.69021882	0.35409120	0.35416786	0.68985891	0.68985554	0.35401354	0.35421108	60067	68852	0
60067	68857	0.00186208	0.05263689	0.47476702	0.05240188	0.47535148	0.68994108	0.69000690	0.35408331	0.35404543	0.68988783	0.69012284	0.35402998	0.35403869	60067	68856	0
60067	68861	0.00073082	0.05269730	0.47117295	0.05249502	0.47456672	0.68999975	0.69016607	0.35410517	0.35423220	0.68987715	0.68984157	0.35401749	0.35397936	60067	68859	0
60067	68864	-0.00006807	0.05270835	0.47398027	0.05262750	0.47637696	0.68973467	0.68990008	0.35390138	0.35393293	0.68947583	0.68976984	0.35381666	0.35381025	60067	68862	0
60067	69423	0.00054807	0.05301129	0.47431832	0.05272761	0.47246988	0.68913564	0.68925478	0.35314918	0.35311418	0.68906300	0.68913457	0.35304408	0.35288985	60067	69421	0
60067	69426	0.00158884	0.05283994	0.47556018	0.05280593	0.47243789	0.68890021	0.68928650	0.35306759	0.35316668	0.68917434	0.68919414	0.35317046	0.35311960	60067	69424	0
60067	69429	0.00104511	0.05258955	0.47263243	0.05283087	0.47426359	0.68917795	0.68926580	0.35308451	0.35302280	0.68924180	0.68927114	0.35315009	0.35312346	60067	69428	0
60067	69433	0.00069991	0.05281273	0.47371327	0.05299193	0.47474889	0.68911904	0.68921222	0.35296725	0.35308920	0.68926670	0.68904870	0.35312133	0.35294992	60067	69431	0
60067	69436	0.00105229	0.05268957	0.47495052	0.05275473	0.47389337	0.68896119	0.68889635	0.35298377	0.35287432	0.68917606	0.68924624	0.35317416	0.35293800	60067	69434	0
60067	69995	-0.00069672	0.05290406	0.47183238	0.05268091	0.47707939	0.69004667	0.69004067	0.35391354	0.35382710	0.68948026	0.68966819	0.35348107	0.35357943	60067	69993	0
60067	69998	0.00136300	0.05280575	0.47847289	0.05290775	0.47229375	0.68983533	0.68991758	0.35370392	0.35364196	0.68978356	0.68968586	0.35366645	0.35362602	60067	69996	0
60067	70001	0.00142867	0.05273581	0.47456683	0.05275108	0.47436981	0.68973615	0.68997781	0.35372742	0.35369012	0.68954830	0.68963286	0.35342101	0.35336168	60067	70000	0
60067	70005	0.00090222	0.05263344	0.47318743	0.05275503	0.47476677	0.68974675	0.69016040	0.35358987	0.35375257	0.68958848	0.68968931	0.35344886	0.35345971	60067	70003	0
60067	70008	0.00172622	0.05265155	0.47500790	0.05265434	0.47253592	0.68950631	0.68930261	0.35322552	0.35334664	0.68960722	0.68950952	0.35346127	0.35337836	60067	70006	0
60067	70567	0.00095564	0.05229900	0.47325357	0.05239099	0.47556528	0.68994889	0.69014791	0.35387845	0.35397698	0.68986737	0.69001084	0.35384402	0.35381042	60067	70565	0
60067	70570	0.00128924	0.05239383	0.47499240	0.05256792	0.47399161	0.68975496	0.68965225	0.35386942	0.35391798	0.69004708	0.69008570	0.35391387	0.35401412	60067	70569	0
60067	70573	0.00095815	0.05257606	0.47514722	0.05254261	0.47614049	0.68994757	0.69012777	0.35389530	0.35381584	0.68994264	0.69008168	0.35391708	0.35387459	60067	70572	0
60067	70577	0.00155606	0.05247842	0.47322526	0.05244265	0.47143153	0.69016451	0.69019179	0.35389867	0.35404173	0.68987781	0.68996524	0.35403696	0.35408725	60067	70575	0
60067	70580	0.00019384	0.05244914	0.47072463	0.05246581	0.47481130	0.68997543	0.69011906	0.35404025	0.35406852	0.68993130	0.68984650	0.35386810	0.35399054	60067	70578	0
60067	71139	0.00144432	0.05291929	0.47460855	0.05258319	0.47085711	0.69037018	0.69070725	0.35410163	0.35421158	0.69034463	0.69061226	0.35415997	0.35441988	60067	71137	0
60067	71142	0.00084230	0.05260119	0.47134748	0.05257416	0.47315354	0.69049040	0.69041727	0.35425135	0.35415118	0.69026024	0.69021266	0.35404765	0.35396572	60067	71141	0
60067	71145	0.00141409	0.05264094	0.47498351	0.05259533	0.47326812	0.69012712	0.69032581	0.35407912	0.35401716	0.69016911	0.69036229	0.35408068	0.35402817	60067	71144	0
60067	71149	0.00124793	0.05296957	0.47310083	0.05273799	0.47359933	0.69022696	0.69042532	0.35398380	0.35422629	0.69040806	0.69068153	0.35399785	0.35414395	60067	71147	0
60067	71152	0.00178077	0.05262941	0.47434703	0.05277004	0.47274852	0.69013394	0.69027881	0.35380836	0.35384337	0.69026558	0.69024873	0.35385602	0.35390483	60067	71150	0
60067	71712	0.00137110	0.05196873	0.47400146	0.05194298	0.47523047	0.68819362	0.68825361	0.35219788	0.35214841	0.68827292	0.68843241	0.35219575	0.35221177	60067	71711	0
60067	71716	0.00114536	0.05204492	0.47339042	0.05213172	0.47406764	0.68791950	0.68798063	0.35211916	0.35212606	0.68832814	0.68833668	0.35224488	0.35225285	60067	71714	0
60067	71719	0.00059189	0.05208469	0.47488490	0.05237559	0.47654530	0.68830184	0.68828163	0.35224094	0.35214661	0.68856487	0.68838557	0.35211612	0.35210297	60067	71717	0
60067	71722	-0.00014687	0.05224059	0.47413125	0.05225725	0.47634752	0.68820085	0.68815566	0.35220281	0.35223330	0.68850308	0.68859528	0.35215811	0.35228424	60067	71720	0
60067	71725	0.00229132	0.05187286	0.47841232	0.05233279	0.47109775	0.68847670	0.68839313	0.35241744	0.35215425	0.68822550	0.68826626	0.35215096	0.35211530	60067	71724	0
60067	72286	0.00139671	0.05254869	0.47400965	0.05225801	0.47669348	0.68848747	0.68822123	0.35218473	0.35218219	0.68845591	0.68849149	0.35224012	0.35220659	60067	72284	0
60067	72289	0.00060847	0.05242143	0.47283963	0.05236322	0.47520435	0.68849560	0.68856134	0.35242788	0.35230873	0.68825320	0.68835427	0.35230355	0.35223502	60067	72287	0
60067	72292	0.00089302	0.05245776	0.47460420	0.05249462	0.47375055	0.68830891	0.68820570	0.35223067	0.35224201	0.68839387	0.68853759	0.35232591	0.35223354	60067	72291	0
60067	72296	0.00138578	0.05250933	0.47470889	0.05248842	0.47323061	0.68839001	0.68843742	0.35208703	0.35224546	0.68822756	0.68852625	0.35212343	0.35220462	60067	72294	0
60067	72299	0.00123504	0.05242721	0.47397820	0.05253363	0.47443044	0.68841417	0.68851697	0.35223305	0.35215943	0.68844162	0.68816667	0.35247916	0.35208736	60067	72297	0
