% File initiated 28/04/2023 12:52:19 UTC
% Raw fountain data
%
% File notes: RF amp 350 mV and AC stark measurement 3ms OP 
%
%% fountain_code = ALPHA-CsF1
%% microwave_ref = ALPHA HM1
%% MJD_start = 60062.536335
%% clock_data = False
%% sequence = 3
%% density = HD
%
% Units: V.s, Hz
%
% Shot B MJD days	Shot B MJD seconds	freq error	shot A sum	shot A ratio	shot B sum	shot B ratio	shot A F=3 bg 1	shot A F=3 bg 2	shot A F=4 bg 1	shot A F=4 bg 2	shot B F=3 bg 1	shot B F=3 bg 2	shot B F=4 bg 1	shot B F=4 bg 2	Shot A MJD days	Shot A MJD seconds	Shot order (0=LF->HF)
60062	46476	0.00137575	0.04433130	0.47015204	0.04495131	0.46830011	0.64822136	0.64743547	0.33786199	0.33787587	0.64815390	0.64739192	0.33794974	0.33778589	60062	46475	0
60062	46479	0.00102177	0.04479033	0.46780095	0.04519055	0.46886287	0.64826902	0.64770475	0.33796421	0.33807448	0.64822802	0.64750762	0.33797908	0.33787464	60062	46478	0
60062	46483	0.00115514	0.04549442	0.46872116	0.04597949	0.46832106	0.64844388	0.64774468	0.33795911	0.33797768	0.64841060	0.64765454	0.33791030	0.33804794	60062	46481	0
60062	46486	0.00096992	0.04587880	0.46701367	0.04602874	0.46756932	0.64845711	0.64776013	0.33816545	0.33793216	0.64827034	0.64760203	0.33795172	0.33791564	60062	46484	0
60062	46489	0.00169817	0.04643693	0.47002178	0.04641814	0.46783702	0.64840740	0.64765972	0.33804227	0.33797086	0.64814289	0.64742002	0.33799913	0.33788278	60062	46488	0
60062	46607	0.00034264	0.04455474	0.46551084	0.04504212	0.46957745	0.64866862	0.64807600	0.33826668	0.33819051	0.64864282	0.64795858	0.33832190	0.33828878	60062	46606	0
60062	46611	0.00137069	0.04521979	0.47148561	0.04552847	0.46840145	0.64853887	0.64791322	0.33813381	0.33815994	0.64871143	0.64792990	0.33831278	0.33826438	60062	46609	0
60062	46614	0.00153424	0.04587898	0.46866336	0.04577188	0.46817271	0.64885326	0.64806515	0.33821327	0.33821508	0.64870346	0.64801955	0.33825600	0.33816931	60062	46612	0
60062	46617	0.00169528	0.04611520	0.46719182	0.04627157	0.46670870	0.64871464	0.64799670	0.33839002	0.33828616	0.64884135	0.64805743	0.33843883	0.33825444	60062	46616	0
60062	46620	0.00084738	0.04618377	0.46520573	0.04626576	0.46774942	0.64924407	0.64823484	0.33861016	0.33843332	0.64911489	0.64826943	0.33842207	0.33840530	60062	46619	0
60062	46739	0.00107805	0.04411301	0.46930257	0.04493642	0.46861056	0.65009093	0.64944777	0.33983969	0.33982120	0.65017441	0.64977490	0.33982876	0.33999327	60062	46737	0
60062	46742	0.00111570	0.04477501	0.46903516	0.04504624	0.46892222	0.65008107	0.64945771	0.33990551	0.33988990	0.65005305	0.64937308	0.33986862	0.33960221	60062	46740	0
60062	46745	0.00142824	0.04536456	0.46870586	0.04533979	0.46776823	0.65017491	0.64930520	0.33970452	0.33967453	0.65003275	0.64931580	0.33968110	0.33962982	60062	46743	0
60062	46748	0.00147977	0.04575150	0.46816557	0.04575442	0.46801100	0.64972650	0.64889533	0.33951709	0.33944256	0.64995321	0.64909641	0.33954248	0.33949769	60062	46747	0
60062	46752	0.00068557	0.04592627	0.46628881	0.04591649	0.46867141	0.64977876	0.64925196	0.33950533	0.33948750	0.64982001	0.64925138	0.33943401	0.33945800	60062	46750	0
60062	46870	0.00129764	0.04476786	0.47012083	0.04516354	0.46828463	0.65070861	0.64986340	0.34006344	0.34002655	0.65036678	0.64969675	0.34011875	0.34011612	60062	46868	0
60062	46873	0.00170951	0.04511227	0.47005350	0.04530467	0.46881790	0.65072694	0.64998476	0.34027578	0.34011102	0.65078988	0.64992223	0.34026986	0.34012417	60062	46871	0
60062	46876	0.00145898	0.04579720	0.46790767	0.04616456	0.46865924	0.65058757	0.64983003	0.34016361	0.34020650	0.65062570	0.65032142	0.34024225	0.34044398	60062	46875	0
60062	46880	0.00086800	0.04607950	0.46751470	0.04637447	0.46928766	0.65053811	0.64985830	0.34011283	0.34008349	0.65027425	0.64964983	0.34011398	0.33998933	60062	46878	0
60062	46883	0.00069970	0.04621499	0.46734523	0.04647049	0.46785013	0.65049357	0.64977531	0.34018276	0.34004233	0.65090821	0.65019890	0.34022976	0.34021867	60062	46881	0
60062	47001	0.00128790	0.04475428	0.46930239	0.04497297	0.46753778	0.64972264	0.64879862	0.33868945	0.33846110	0.64956963	0.64887126	0.33873876	0.33860556	60062	46999	0
60062	47004	0.00049663	0.04505226	0.46817550	0.04545091	0.47054933	0.64955681	0.64891892	0.33854491	0.33862396	0.64958311	0.64894529	0.33856521	0.33865469	60062	47003	0
60062	47008	0.00075059	0.04571573	0.46802882	0.04600957	0.46726695	0.64961663	0.64885844	0.33859759	0.33855601	0.64995797	0.64918827	0.33881205	0.33877393	60062	47006	0
60062	47011	0.00163755	0.04600936	0.47048519	0.04613159	0.46782431	0.64965920	0.64889763	0.33882537	0.33868387	0.64957300	0.64888786	0.33877467	0.33863933	60062	47009	0
60062	47014	0.00114551	0.04619363	0.46714744	0.04618172	0.46862355	0.64967218	0.64901760	0.33863210	0.33873407	0.64991804	0.64906017	0.33878444	0.33869381	60062	47012	0
60062	47132	0.00069364	0.04431574	0.46916616	0.04454910	0.47052178	0.64924432	0.64872885	0.33852256	0.33851969	0.64936798	0.64869829	0.33859282	0.33840547	60062	47131	0
60062	47136	0.00115513	0.04478080	0.46917968	0.04505392	0.46779520	0.64939296	0.64845769	0.33854886	0.33847490	0.64941301	0.64858127	0.33846340	0.33835173	60062	47134	0
60062	47139	0.00093885	0.04537823	0.46855629	0.04564960	0.46920514	0.64966684	0.64896197	0.33880425	0.33867236	0.64930693	0.64842531	0.33847449	0.33830711	60062	47137	0
60062	47142	0.00121519	0.04570624	0.46842817	0.04582308	0.46759915	0.64941236	0.64860042	0.33835460	0.33828262	0.64909345	0.64835990	0.33833349	0.33817605	60062	47140	0
60062	47145	0.00101285	0.04587652	0.46705387	0.04610629	0.46766090	0.64911810	0.64852868	0.33822297	0.33839791	0.64901193	0.64842161	0.33820916	0.33818048	60062	47144	0
60062	47263	0.00125529	0.04489101	0.46845599	0.04535082	0.46772867	0.64975246	0.64900561	0.33857754	0.33853193	0.64967103	0.64898276	0.33864336	0.33849093	60062	47262	0
60062	47267	0.00075107	0.04553478	0.46910002	0.04576804	0.47061267	0.65024056	0.64950833	0.33894912	0.33894640	0.64997852	0.64902171	0.33866998	0.33859183	60062	47265	0
60062	47270	0.00075291	0.04599836	0.46773601	0.04644320	0.46773050	0.64989191	0.64906880	0.33866439	0.33855017	0.64961244	0.64886871	0.33859520	0.33848107	60062	47268	0
60062	47273	0.00106420	0.04638172	0.46928967	0.04591181	0.46835580	0.64932673	0.64886468	0.33851451	0.33845641	0.64948048	0.64899106	0.33848189	0.33855206	60062	47272	0
60062	47277	0.00138819	0.04697212	0.47005004	0.04670956	0.46907808	0.64951901	0.64889944	0.33845058	0.33836923	0.64965443	0.64887988	0.33853801	0.33843308	60062	47275	0
60062	47395	0.00067633	0.04511817	0.46688899	0.04539315	0.46902454	0.65115686	0.65034665	0.33977067	0.33970649	0.65113952	0.65035478	0.33966803	0.33958422	60062	47393	0
60062	47398	0.00167737	0.04543688	0.47016910	0.04560802	0.46716598	0.65122711	0.65044492	0.33983090	0.33970304	0.65123065	0.65050581	0.33985925	0.33965694	60062	47396	0
60062	47401	0.00183338	0.04624544	0.46937568	0.04637897	0.46890767	0.65118348	0.65063540	0.33989573	0.33977971	0.65122950	0.65044550	0.33984725	0.33988439	60062	47400	0
60062	47405	0.00065479	0.04653153	0.46554294	0.04669557	0.46907871	0.65113894	0.65061650	0.33988028	0.33983936	0.65135004	0.65064025	0.33985760	0.33985621	60062	47403	0
60062	47408	0.00223804	0.04644122	0.47101193	0.04681901	0.46626219	0.65137716	0.65058823	0.33987856	0.33977938	0.65139400	0.65074551	0.33998834	0.33988324	60062	47406	0
60062	47526	0.00102261	0.04445013	0.46571998	0.04475728	0.46936625	0.65115998	0.65055405	0.33997001	0.33993164	0.65120706	0.65059415	0.33980008	0.33983090	60062	47524	0
60062	47529	0.00143033	0.04537592	0.46785547	0.04521787	0.46663230	0.65108233	0.65039340	0.33987774	0.33979269	0.65107510	0.65037976	0.33981233	0.33972539	60062	47528	0
60062	47532	0.00154554	0.04554770	0.46918373	0.04565675	0.46883810	0.65098323	0.65045478	0.33965160	0.33957230	0.65090837	0.65027614	0.33963106	0.33971915	60062	47531	0
60062	47536	0.00016895	0.04588109	0.46468677	0.04591830	0.46881657	0.65108340	0.65031739	0.33971471	0.33953607	0.65087287	0.65021147	0.33952760	0.33961019	60062	47534	0
60062	47539	0.00168298	0.04625889	0.46920962	0.04627246	0.46466751	0.65100492	0.65033588	0.33976229	0.33928101	0.65093006	0.65009758	0.33943845	0.33950599	60062	47537	0
60062	47657	0.00106738	0.04491595	0.46855004	0.04498344	0.47039686	0.65140214	0.65085636	0.34023198	0.34025055	0.65151759	0.65098076	0.34042771	0.34018424	60062	47656	0
60062	47660	0.00082808	0.04516448	0.47022810	0.04530473	0.47094601	0.65137067	0.65060524	0.34035088	0.34010930	0.65157297	0.65067122	0.34033708	0.34018259	60062	47659	0
60062	47664	0.00144728	0.04569587	0.46825309	0.04604505	0.46639548	0.65160379	0.65089876	0.34036115	0.34036534	0.65171694	0.65083475	0.34041218	0.34041604	60062	47662	0
60062	47667	0.00106186	0.04617152	0.46721236	0.04639247	0.46836863	0.65210980	0.65101396	0.34057792	0.34043420	0.65166624	0.65112358	0.34051037	0.34052443	60062	47665	0
60062	47670	0.00143828	0.04638635	0.46749151	0.04638235	0.46636225	0.65165112	0.65099671	0.34037931	0.34036345	0.65196921	0.65097115	0.34069707	0.34037726	60062	47669	0
60062	47788	0.00073066	0.04483580	0.46781641	0.04532602	0.46993928	0.65070122	0.65007515	0.33908889	0.33897270	0.65073663	0.64993883	0.33907993	0.33890639	60062	47787	0
60062	47792	0.00076221	0.04547611	0.46814228	0.04583330	0.46804762	0.65058815	0.64981286	0.33905273	0.33892183	0.65071658	0.64993834	0.33923105	0.33894221	60062	47790	0
60062	47795	0.00168990	0.04604084	0.46892001	0.04608282	0.46613694	0.65094543	0.65002946	0.33905084	0.33903975	0.65072529	0.64999314	0.33899998	0.33885996	60062	47793	0
60062	47798	0.00139828	0.04571560	0.46782861	0.04659816	0.46870346	0.65088068	0.65000161	0.33908766	0.33890055	0.65087509	0.65025453	0.33923195	0.33908996	60062	47797	0
60062	47801	0.00169273	0.04653968	0.46806831	0.04651443	0.46718496	0.65087616	0.65012199	0.33911740	0.33918741	0.65084140	0.65009323	0.33908314	0.33905471	60062	47800	0
60062	47920	0.00042029	0.04443116	0.46571954	0.04470985	0.46953687	0.65159771	0.65083680	0.34006657	0.34013419	0.65171316	0.65109687	0.34028210	0.34024669	60062	47918	0
60062	47923	0.00068224	0.04500017	0.46839303	0.04534255	0.46760717	0.65168202	0.65097912	0.34006550	0.34002113	0.65165835	0.65088512	0.34024093	0.34013493	60062	47921	0
60062	47926	0.00121433	0.04539639	0.46862628	0.04573799	0.46703001	0.65146196	0.65053539	0.34001217	0.34001529	0.65155013	0.65096622	0.34013132	0.34003945	60062	47925	0
60062	47929	0.00112509	0.04576985	0.46733974	0.04602750	0.46760747	0.65155276	0.65084403	0.34015022	0.34003033	0.65168859	0.65078248	0.34004841	0.34003099	60062	47928	0
60062	47933	0.00066309	0.04632774	0.46749015	0.04630201	0.46887615	0.65146566	0.65073622	0.34004734	0.34002910	0.65151907	0.65080368	0.33991011	0.33994314	60062	47931	0
60062	48051	0.00143250	0.04505432	0.47013466	0.04522683	0.46782643	0.65121586	0.65045947	0.33942431	0.33924822	0.65115456	0.65067352	0.33939720	0.33918865	60062	48049	0
60062	48054	0.00142372	0.04550682	0.46960639	0.04596993	0.46963273	0.65128998	0.65063934	0.33939062	0.33934116	0.65106261	0.65044410	0.33919941	0.33928692	60062	48053	0
60062	48057	0.00049874	0.04622611	0.46595525	0.04621145	0.46873019	0.65124125	0.65038650	0.33935669	0.33922554	0.65128858	0.65023267	0.33950386	0.33925257	60062	48056	0
60062	48061	0.00109642	0.04623343	0.46938419	0.04661133	0.46759116	0.65082102	0.65031994	0.33935652	0.33941355	0.65116639	0.65014492	0.33950328	0.33925208	60062	48059	0
60062	48064	0.00158159	0.04663559	0.46922264	0.04693421	0.46776713	0.65116787	0.65036653	0.33936622	0.33935537	0.65116836	0.65056555	0.33937361	0.33943270	60062	48062	0
60062	48182	0.00083483	0.04490378	0.46573478	0.04521957	0.46797507	0.65301763	0.65241909	0.34125510	0.34116808	0.65275255	0.65224284	0.34123833	0.34109355	60062	48181	0
60062	48185	0.00147460	0.04522096	0.46871125	0.04563548	0.46679194	0.65310802	0.65230274	0.34128049	0.34120949	0.65317976	0.65245698	0.34138000	0.34133817	60062	48184	0
60062	48189	0.00054852	0.04557582	0.46724577	0.04586953	0.47002400	0.65318099	0.65251433	0.34133398	0.34128788	0.65322873	0.65235278	0.34127531	0.34127967	60062	48187	0
60062	48192	0.00015893	0.04605726	0.46606327	0.04629196	0.46723203	0.65335626	0.65247094	0.34140457	0.34137728	0.65330638	0.65248532	0.34142881	0.34131163	60062	48190	0
60062	48195	0.00088777	0.04628956	0.46904852	0.04626039	0.46686201	0.65320663	0.65234572	0.34140333	0.34119971	0.65326316	0.65256717	0.34156003	0.34132338	60062	48194	0
60062	48313	0.00143093	0.04511626	0.47131432	0.04576862	0.46968483	0.65244128	0.65170083	0.34047496	0.34038087	0.65247407	0.65195573	0.34038161	0.34037989	60062	48312	0
60062	48317	0.00052259	0.04574589	0.46693830	0.04592241	0.46966332	0.65258163	0.65187660	0.34066256	0.34044669	0.65267720	0.65185359	0.34054333	0.34033708	60062	48315	0
60062	48320	0.00092658	0.04627162	0.46865223	0.04623559	0.46744025	0.65263110	0.65189336	0.34044653	0.34054743	0.65275657	0.65192730	0.34051802	0.34059279	60062	48318	0
60062	48323	0.00119374	0.04646687	0.46915694	0.04654074	0.46835548	0.65286833	0.65187167	0.34062747	0.34051218	0.65271721	0.65191547	0.34056691	0.34057381	60062	48322	0
60062	48326	0.00137679	0.04675479	0.46811877	0.04670788	0.46756959	0.65283094	0.65205228	0.34071728	0.34069748	0.65269001	0.65190339	0.34061301	0.34059509	60062	48325	0
60062	48445	0.00126380	0.04452848	0.46876326	0.04565888	0.46910223	0.65224949	0.65140337	0.34015556	0.33998316	0.65209961	0.65148365	0.34006722	0.34001513	60062	48443	0
60062	48448	0.00151879	0.04618821	0.46822023	0.04624900	0.46745527	0.65223355	0.65158645	0.33998785	0.34018062	0.65217365	0.65157782	0.34005490	0.34005301	60062	48446	0
60062	48451	0.00213829	0.04702612	0.46953705	0.04697814	0.46767854	0.65198810	0.65126278	0.33992531	0.33984454	0.65201826	0.65114700	0.34001554	0.33985826	60062	48450	0
60062	48454	0.00129670	0.04716689	0.46612253	0.04721198	0.46864732	0.65199566	0.65121602	0.33989031	0.33983098	0.65188309	0.65110862	0.33975292	0.33979540	60062	48453	0
60062	48458	0.00021427	0.04707498	0.46681454	0.04730890	0.47006183	0.65216888	0.65115678	0.34006903	0.33973525	0.65173157	0.65106885	0.33971857	0.33962974	60062	48456	0
60062	48576	0.00053664	0.04519929	0.47023968	0.04589627	0.46927257	0.65265871	0.65212599	0.34056954	0.34082041	0.65255180	0.65183239	0.34048342	0.34046978	60062	48574	0
60062	48579	0.00141681	0.04550935	0.46909861	0.04632542	0.46645809	0.65256667	0.65164783	0.34051851	0.34052311	0.65308855	0.65195663	0.34083742	0.34043741	60062	48578	0
60062	48582	0.00136469	0.04632239	0.46907344	0.04633920	0.46922978	0.65267646	0.65209567	0.34057578	0.34075212	0.65277416	0.65197134	0.34060742	0.34058490	60062	48581	0
60062	48586	0.00064859	0.04654587	0.46696368	0.04667339	0.46911200	0.65280752	0.65237998	0.34070422	0.34091951	0.65263192	0.65207529	0.34060035	0.34060602	60062	48584	0
60062	48589	0.00085536	0.04676184	0.46779589	0.04706338	0.46717557	0.65287523	0.65188991	0.34067225	0.34065204	0.65279215	0.65218343	0.34059345	0.34069904	60062	48587	0
60062	48707	0.00056757	0.04498060	0.46849210	0.04470133	0.46935548	0.65166903	0.65105045	0.33957247	0.33946261	0.65199484	0.65106828	0.33990378	0.33960254	60062	48706	0
60062	48711	0.00078323	0.04527135	0.46650451	0.04580519	0.46585753	0.65205557	0.65130288	0.33973936	0.33969293	0.65213881	0.65138398	0.33978989	0.33963944	60062	48709	0
60062	48714	0.00027916	0.04607343	0.46709430	0.04645900	0.46860650	0.65224399	0.65118397	0.33985177	0.33966483	0.65196378	0.65129211	0.33966713	0.33967329	60062	48712	0
60062	48717	0.00146686	0.04617383	0.46942307	0.04654288	0.46585999	0.65183642	0.65103738	0.33980625	0.33969844	0.65195622	0.65132235	0.33965522	0.33974823	60062	48715	0
60062	48720	0.00127641	0.04647221	0.46771117	0.04688446	0.46828252	0.65248565	0.65150946	0.34016862	0.33981644	0.65205762	0.65133205	0.33985424	0.33979080	60062	48719	0
60062	48839	-0.00023662	0.04558742	0.46547085	0.04558159	0.47000994	0.65229198	0.65165909	0.34012984	0.33998070	0.65249888	0.65180757	0.34027372	0.34015917	60062	48837	0
60062	48842	0.00079475	0.04591862	0.46965735	0.04622568	0.46656323	0.65223109	0.65157733	0.34007478	0.33992285	0.65220635	0.65162606	0.34003904	0.34008095	60062	48840	0
60062	48845	0.00165693	0.04649047	0.47007073	0.04616102	0.46748421	0.65250480	0.65169697	0.34013896	0.34013140	0.65226905	0.65167651	0.34013173	0.34028966	60062	48844	0
60062	48849	0.00074235	0.04678436	0.46694011	0.04692922	0.46968384	0.65225442	0.65147314	0.33999910	0.34001841	0.65243849	0.65149442	0.34009886	0.34004939	60062	48847	0
60062	48852	0.00045175	0.04757561	0.46825073	0.04705174	0.46912251	0.65218901	0.65143065	0.34008021	0.34001274	0.65223092	0.65154208	0.34008234	0.34003567	60062	48850	0
60062	48970	0.00213081	0.04462715	0.46999955	0.04501739	0.46496237	0.65381642	0.65336892	0.34181772	0.34192249	0.65391840	0.65319545	0.34187303	0.34164927	60062	48968	0
60062	48973	0.00115891	0.04515988	0.46655121	0.04544398	0.46946693	0.65373154	0.65307770	0.34180811	0.34174771	0.65360228	0.65297614	0.34173498	0.34160391	60062	48972	0
60062	48977	0.00112052	0.04606658	0.46721977	0.04598484	0.46733494	0.65373146	0.65304089	0.34170876	0.34175034	0.65418315	0.65321254	0.34187097	0.34174928	60062	48975	0
60062	48980	0.00207026	0.04607459	0.46951944	0.04621021	0.46667022	0.65395422	0.65322158	0.34161624	0.34180663	0.65393680	0.65312593	0.34181238	0.34166867	60062	48978	0
60062	48983	0.00025183	0.04637489	0.46541316	0.04630611	0.47086843	0.65372480	0.65313736	0.34169011	0.34153809	0.65391979	0.65280735	0.34165437	0.34162207	60062	48982	0
60062	49101	0.00064940	0.04486937	0.46953951	0.04550406	0.46834680	0.65397205	0.65303735	0.34172676	0.34143850	0.65389342	0.65308181	0.34162446	0.34156176	60062	49100	0
60062	49105	0.00237816	0.04535289	0.47059848	0.04578436	0.46541219	0.65394970	0.65307581	0.34167820	0.34158419	0.65380640	0.65352258	0.34160153	0.34193687	60062	49103	0
60062	49108	0.00110048	0.04590646	0.46583132	0.04642484	0.46966436	0.65381116	0.65298238	0.34150260	0.34163686	0.65389481	0.65295584	0.34160564	0.34145781	60062	49106	0
60062	49111	0.00153721	0.04655779	0.46855673	0.04644118	0.46724655	0.65373926	0.65301410	0.34164253	0.34163374	0.65390328	0.65307926	0.34163539	0.34159997	60062	49109	0
60062	49114	0.00084551	0.04641980	0.46819232	0.04677211	0.47026743	0.65409301	0.65284861	0.34185248	0.34142396	0.65363228	0.65290251	0.34150177	0.34135682	60062	49113	0
60062	49233	0.00201477	0.04493520	0.47051745	0.04623710	0.46700968	0.65318411	0.65244342	0.34106405	0.34093003	0.65319364	0.65258015	0.34115715	0.34114868	60062	49231	0
60062	49236	0.00038455	0.04553166	0.46647093	0.04585645	0.47136158	0.65324632	0.65248417	0.34118706	0.34110546	0.65338494	0.65256807	0.34128994	0.34107144	60062	49234	0
60062	49239	0.00072032	0.04597367	0.46927680	0.04630707	0.46826948	0.65320646	0.65229115	0.34112264	0.34118763	0.65309545	0.65240052	0.34111195	0.34120292	60062	49238	0
60062	49242	0.00063308	0.04637782	0.46968865	0.04576619	0.46995035	0.65302001	0.65252846	0.34113603	0.34109240	0.65329644	0.65243750	0.34132083	0.34106495	60062	49241	0
60062	49246	0.00109990	0.04687376	0.46962711	0.04681313	0.46822668	0.65333769	0.65246215	0.34114252	0.34120686	0.65332060	0.65252033	0.34113151	0.34112666	60062	49244	0
60062	49364	0.00114927	0.04478483	0.46903329	0.04517515	0.46888518	0.65276602	0.65193790	0.34038638	0.34045113	0.65270053	0.65196715	0.34035154	0.34034710	60062	49362	0
60062	49367	0.00141733	0.04512376	0.46950655	0.04565979	0.46870235	0.65276980	0.65208811	0.34039205	0.34042360	0.65228861	0.65163395	0.34016616	0.34012466	60062	49366	0
60062	49371	0.00163643	0.04571066	0.46844277	0.04609630	0.46778549	0.65289553	0.65192335	0.34057751	0.34041407	0.65259617	0.65201226	0.34043363	0.34049148	60062	49369	0
60062	49374	0.00081533	0.04637310	0.46596237	0.04623602	0.46842567	0.65278591	0.65213963	0.34048770	0.34054768	0.65287737	0.65192952	0.34057619	0.34041843	60062	49372	0
60062	49377	0.00150914	0.04653178	0.46809192	0.04650950	0.46601047	0.65270053	0.65194702	0.34038465	0.34019812	0.65289684	0.65199887	0.34056009	0.34027578	60062	49376	0
60062	49495	0.00090280	0.04472175	0.46633009	0.04505276	0.46814912	0.65378766	0.65310720	0.34157063	0.34151328	0.65372340	0.65311870	0.34144080	0.34146677	60062	49494	0
60062	49499	0.00010642	0.04552268	0.46653085	0.04531894	0.46892000	0.65392275	0.65328929	0.34164180	0.34168806	0.65402095	0.65320030	0.34176045	0.34171205	60062	49497	0
60062	49502	0.00069583	0.04603430	0.46791599	0.04616079	0.46614775	0.65401445	0.65311911	0.34176809	0.34180934	0.65389087	0.65306726	0.34176407	0.34168535	60062	49500	0
60062	49505	0.00124091	0.04616257	0.46882546	0.04661498	0.46719024	0.65388569	0.65324426	0.34177335	0.34173259	0.65378618	0.65309126	0.34171846	0.34167992	60062	49504	0
60062	49508	0.00057326	0.04629477	0.46770424	0.04640074	0.46970719	0.65378750	0.65304171	0.34183523	0.34173186	0.65371445	0.65296611	0.34177828	0.34171107	60062	49507	0
60062	49627	0.00193339	0.04459027	0.47097027	0.04538089	0.46688986	0.65386096	0.65303661	0.34160498	0.34149463	0.65431274	0.65336522	0.34175897	0.34150309	60062	49625	0
60062	49630	0.00185200	0.04567434	0.46901227	0.04593727	0.46925646	0.65406548	0.65322142	0.34149956	0.34151821	0.65403294	0.65318255	0.34162281	0.34143407	60062	49629	0
60062	49634	0.00057605	0.04612798	0.46626116	0.04657779	0.47008901	0.65415850	0.65346013	0.34154656	0.34150588	0.65391568	0.65319118	0.34141558	0.34143407	60062	49632	0
60062	49637	0.00103866	0.04656120	0.46867551	0.04681237	0.46728769	0.65398742	0.65319348	0.34146357	0.34141722	0.65393417	0.65312700	0.34151098	0.34128920	60062	49635	0
60062	49640	0.00124065	0.04685648	0.46906525	0.04724448	0.46845927	0.65392144	0.65306463	0.34136447	0.34118615	0.65364361	0.65310038	0.34128147	0.34135962	60062	49638	0
60062	49758	0.00159541	0.04489260	0.46779812	0.04494143	0.46673383	0.65386597	0.65318411	0.34166760	0.34155658	0.65391675	0.65288410	0.34155691	0.34147951	60062	49757	0
60062	49762	0.00172324	0.04550696	0.46846778	0.04523452	0.46808429	0.65378232	0.65312133	0.34156685	0.34154927	0.65395044	0.65326637	0.34158912	0.34159882	60062	49760	0
60062	49765	0.00127091	0.04597107	0.46770838	0.04632655	0.46906539	0.65429063	0.65305716	0.34185174	0.34148715	0.65400607	0.65329997	0.34163037	0.34148403	60062	49763	0
60062	49768	0.00057710	0.04610698	0.46717916	0.04626746	0.46926057	0.65392135	0.65309611	0.34159808	0.34150416	0.65398134	0.65353671	0.34166636	0.34172339	60062	49767	0
60062	49772	0.00207367	0.04628489	0.47049802	0.04649242	0.46600830	0.65384387	0.65312306	0.34160432	0.34145091	0.65401774	0.65325289	0.34155124	0.34148337	60062	49770	0
60062	49890	0.00125787	0.04508420	0.46684256	0.04566862	0.46928998	0.65348897	0.65279478	0.34075393	0.34086823	0.65346308	0.65267703	0.34082312	0.34085180	60062	49888	0
60062	49893	0.00219543	0.04566838	0.47132591	0.04622849	0.46851324	0.65331287	0.65296488	0.34101696	0.34115485	0.65354715	0.65281418	0.34099593	0.34099445	60062	49891	0
60062	49896	0.00135878	0.04628686	0.46738720	0.04666464	0.46989713	0.65324525	0.65263085	0.34100965	0.34101992	0.65341501	0.65253315	0.34102551	0.34087053	60062	49895	0
60062	49900	0.00099255	0.04651042	0.46764777	0.04661123	0.46874647	0.65338264	0.65251992	0.34108648	0.34089699	0.65345487	0.65257349	0.34114819	0.34104219	60062	49898	0
60062	49903	0.00070816	0.04682812	0.46768000	0.04689343	0.46853317	0.65325815	0.65265797	0.34098796	0.34097892	0.65319759	0.65242041	0.34103816	0.34093693	60062	49901	0
60062	50021	0.00133094	0.04491301	0.46921139	0.04539703	0.46734303	0.65316899	0.65242961	0.34093693	0.34069222	0.65318608	0.65248598	0.34079074	0.34078433	60062	50019	0
60062	50024	0.00141015	0.04534878	0.46993237	0.04584427	0.46969475	0.65361346	0.65257382	0.34122198	0.34073766	0.65325503	0.65245016	0.34084744	0.34080381	60062	50023	0
60062	50028	0.00166565	0.04593024	0.46839397	0.04620062	0.46762747	0.65339768	0.65271475	0.34090250	0.34090094	0.65310523	0.65299306	0.34086774	0.34104350	60062	50026	0
60062	50031	0.00046703	0.04644830	0.46653275	0.04640745	0.47012863	0.65326521	0.65248031	0.34088212	0.34075360	0.65346144	0.65268106	0.34099757	0.34083290	60062	50029	0
60062	50034	0.00140566	0.04694587	0.46800740	0.04669448	0.46519149	0.65341682	0.65275797	0.34097226	0.34092731	0.65345733	0.65262707	0.34112551	0.34092912	60062	50032	0
60062	50153	0.00125713	0.04567329	0.46804914	0.04591739	0.46849472	0.65351304	0.65277079	0.34084876	0.34072082	0.65342405	0.65290875	0.34095476	0.34094005	60062	50151	0
60062	50156	0.00110755	0.04599851	0.46927359	0.04620869	0.46972234	0.65359505	0.65279560	0.34079970	0.34082879	0.65380122	0.65272527	0.34109692	0.34085073	60062	50154	0
60062	50159	0.00119980	0.04636543	0.46776292	0.04645951	0.46748618	0.65363721	0.65284450	0.34090940	0.34089321	0.65354723	0.65270456	0.34096141	0.34084851	60062	50157	0
60062	50162	0.00062567	0.04672502	0.46634134	0.04667991	0.46806372	0.65362274	0.65299619	0.34108410	0.34093882	0.65366243	0.65297556	0.34100842	0.34101746	60062	50161	0
60062	50166	0.00080928	0.04677467	0.46818800	0.04701845	0.46763718	0.65362965	0.65289996	0.34108065	0.34095221	0.65367213	0.65286537	0.34117514	0.34104720	60062	50164	0
60062	50284	0.00157121	0.04532802	0.47005333	0.04565263	0.46776753	0.65468629	0.65413878	0.34184566	0.34194599	0.65477471	0.65404165	0.34199546	0.34191888	60062	50282	0
60062	50287	0.00174168	0.04577181	0.46772345	0.04613170	0.46721207	0.65473280	0.65388199	0.34195873	0.34174163	0.65482680	0.65414166	0.34199595	0.34196802	60062	50285	0
60062	50290	0.00112507	0.04628036	0.46840489	0.04645543	0.47025472	0.65487742	0.65431011	0.34210878	0.34217156	0.65491563	0.65421347	0.34220993	0.34213852	60062	50289	0
60062	50294	0.00014634	0.04671804	0.46714407	0.04694996	0.47008025	0.65470108	0.65416754	0.34211814	0.34209867	0.65497529	0.65419688	0.34225200	0.34221042	60062	50292	0
60062	50297	0.00018365	0.04694491	0.46802610	0.04683658	0.46791415	0.65498695	0.65418726	0.34219522	0.34215422	0.65515524	0.65397616	0.34241717	0.34200294	60062	50295	0
60062	50415	0.00128249	0.04545639	0.46923875	0.04565091	0.46594223	0.65403368	0.65325618	0.34143793	0.34140654	0.65402621	0.65345717	0.34150703	0.34152766	60062	50413	0
60062	50418	0.00142408	0.04598114	0.46704477	0.04619800	0.46662001	0.65412448	0.65338502	0.34144204	0.34139758	0.65422966	0.65322265	0.34157384	0.34142388	60062	50417	0
60062	50422	0.00107455	0.04645854	0.46795244	0.04662176	0.46900102	0.65457864	0.65341181	0.34180745	0.34136545	0.65429803	0.65354542	0.34160769	0.34152150	60062	50420	0
60062	50425	0.00103615	0.04701942	0.46959513	0.04699028	0.46971034	0.65402399	0.65364090	0.34158690	0.34166275	0.65422210	0.65376761	0.34157302	0.34173999	60062	50423	0
60062	50428	0.00126978	0.04715861	0.46955070	0.04748059	0.46884982	0.65426927	0.65353597	0.34166456	0.34154270	0.65432621	0.65362817	0.34151213	0.34154385	60062	50427	0
60062	50546	0.00140258	0.04596292	0.47089195	0.04616190	0.47049354	0.65445613	0.65378166	0.34168592	0.34160753	0.65466624	0.65362315	0.34182767	0.34156981	60062	50545	0
60062	50550	0.00079732	0.04639917	0.46741078	0.04660881	0.46922657	0.65439376	0.65384313	0.34160408	0.34164985	0.65422827	0.65365257	0.34165897	0.34166965	60062	50548	0
60062	50553	0.00102270	0.04687962	0.46842041	0.04698875	0.46774428	0.65454841	0.65371716	0.34170112	0.34175199	0.65453205	0.65374140	0.34179480	0.34165437	60062	50551	0
60062	50556	0.00099349	0.04705518	0.46880042	0.04714611	0.46888803	0.65431389	0.65364526	0.34173892	0.34159159	0.65411396	0.65358001	0.34154302	0.34163087	60062	50555	0
60062	50559	0.00155456	0.04729108	0.46911139	0.04730827	0.46742820	0.65443279	0.65364698	0.34178428	0.34162470	0.65452885	0.65368585	0.34174278	0.34158214	60062	50558	0
60062	50678	0.00145156	0.04535224	0.46818659	0.04552123	0.46849560	0.65408857	0.65339373	0.34108237	0.34104835	0.65418882	0.65325092	0.34124178	0.34099511	60062	50676	0
60062	50681	0.00060662	0.04579523	0.46692075	0.04620716	0.46945555	0.65429614	0.65367279	0.34128114	0.34113135	0.65435999	0.65377271	0.34127621	0.34125641	60062	50679	0
60062	50684	0.00161635	0.04653255	0.46806694	0.04655546	0.46503775	0.65419663	0.65352134	0.34134663	0.34122403	0.65440222	0.65360935	0.34132067	0.34134803	60062	50683	0
60062	50687	0.00082244	0.04675232	0.46498980	0.04693010	0.46737153	0.65471332	0.65376416	0.34156242	0.34134516	0.65496008	0.65430025	0.34164147	0.34178050	60062	50686	0
60062	50691	0.00021304	0.04707599	0.46781009	0.04712020	0.46963829	0.65451751	0.65383318	0.34152002	0.34145888	0.65464446	0.65386975	0.34160613	0.34153768	60062	50689	0
60062	50809	0.00100349	0.04542855	0.47122120	0.04582911	0.46884986	0.65517488	0.65460905	0.34244009	0.34242029	0.65531572	0.65449458	0.34249046	0.34236795	60062	50807	0
60062	50812	0.00194997	0.04631278	0.46977673	0.04659276	0.46693728	0.65541186	0.65457856	0.34248520	0.34235151	0.65520701	0.65451677	0.34246754	0.34244338	60062	50811	0
60062	50815	0.00048491	0.04648056	0.46531851	0.04662356	0.46971368	0.65545977	0.65448374	0.34258389	0.34240205	0.65596636	0.65434980	0.34293871	0.34232670	60062	50814	0
60062	50819	0.00113994	0.04688253	0.46953033	0.04690612	0.46756525	0.65526880	0.65456632	0.34246614	0.34239021	0.65563808	0.65474997	0.34280403	0.34266171	60062	50817	0
60062	50822	0.00096118	0.04755910	0.46827108	0.04718352	0.46880737	0.65548869	0.65512303	0.34260419	0.34274873	0.65546560	0.65455539	0.34246170	0.34235241	60062	50820	0
60062	50940	0.00035756	0.04539308	0.46718252	0.04611909	0.46899338	0.65386786	0.65316127	0.34093520	0.34069165	0.65363605	0.65289265	0.34063265	0.34044817	60062	50939	0
60062	50943	0.00044723	0.04642340	0.46897513	0.04635135	0.46870611	0.65372513	0.65286471	0.34064193	0.34043305	0.65357081	0.65324755	0.34066198	0.34094301	60062	50942	0
60062	50947	0.00075479	0.04673776	0.47036865	0.04674641	0.46944597	0.65383376	0.65304746	0.34063832	0.34064259	0.65382135	0.65318863	0.34075549	0.34057209	60062	50945	0
60062	50950	0.00119334	0.04721107	0.46845181	0.04708952	0.46713617	0.65379539	0.65307063	0.34065631	0.34059057	0.65358503	0.65315962	0.34062640	0.34060643	60062	50948	0
60062	50953	-0.00032512	0.04711211	0.46611296	0.04740358	0.47066835	0.65380763	0.65298000	0.34071712	0.34056863	0.65388273	0.65299865	0.34067899	0.34050413	60062	50952	0
60062	51071	0.00054506	0.04490948	0.46953348	0.04554259	0.46692294	0.65428784	0.65362940	0.34147992	0.34139043	0.65450863	0.65358190	0.34151731	0.34137235	60062	51070	0
60062	51075	0.00149179	0.04542715	0.47030850	0.04561879	0.46746831	0.65419104	0.65365726	0.34148616	0.34136471	0.65445407	0.65346662	0.34154031	0.34138222	60062	51073	0
60062	51078	0.00055174	0.04579356	0.46864387	0.04586196	0.47146400	0.65420739	0.65325412	0.34135789	0.34118311	0.65450058	0.65387394	0.34155124	0.34151073	60062	51076	0
60062	51081	0.00076014	0.04633989	0.46868926	0.04632992	0.46806406	0.65419178	0.65357936	0.34133612	0.34135017	0.65427642	0.65337763	0.34130810	0.34103972	60062	51080	0
60062	51084	0.00103327	0.04656965	0.46862226	0.04652053	0.46780289	0.65403130	0.65320129	0.34125584	0.34112485	0.65410189	0.65330080	0.34116487	0.34114080	60062	51083	0
60062	51203	0.00095943	0.04551463	0.46867193	0.04591416	0.46889343	0.65434363	0.65359620	0.34121738	0.34108590	0.65426056	0.65371362	0.34128344	0.34114162	60062	51201	0
60062	51206	0.00155714	0.04598574	0.46901547	0.04639283	0.46722236	0.65419597	0.65336530	0.34120694	0.34114096	0.65444980	0.65366136	0.34136077	0.34118155	60062	51204	0
60062	51209	0.00173062	0.04646763	0.46780896	0.04680646	0.46728850	0.65420024	0.65354057	0.34119618	0.34111499	0.65433065	0.65368174	0.34125912	0.34122436	60062	51208	0
60062	51212	0.00166518	0.04679407	0.46872024	0.04691811	0.46891656	0.65428143	0.65355199	0.34123127	0.34108410	0.65425505	0.65343490	0.34117769	0.34103233	60062	51211	0
60062	51216	0.00123136	0.04723513	0.46541727	0.04734356	0.46671875	0.65435834	0.65366506	0.34127013	0.34119108	0.65454561	0.65362841	0.34138945	0.34116495	60062	51214	0
60062	51334	0.00103342	0.04579670	0.46944229	0.04619773	0.47003611	0.65479303	0.65378405	0.34127276	0.34103972	0.65504226	0.65389769	0.34149561	0.34099256	60062	51332	0
60062	51337	0.00110611	0.04660660	0.46785862	0.04658585	0.46764054	0.65433838	0.65358840	0.34100538	0.34101984	0.65422005	0.65337105	0.34104531	0.34089379	60062	51336	0
60062	51340	0.00062640	0.04685829	0.46766703	0.04706188	0.46910616	0.65434848	0.65365939	0.34112099	0.34099535	0.65421134	0.65351411	0.34108936	0.34096980	60062	51339	0
60062	51344	0.00117454	0.04726119	0.46866418	0.04737376	0.46701975	0.65433180	0.65347171	0.34112017	0.34094227	0.65430132	0.65349143	0.34104153	0.34093619	60062	51342	0
60062	51347	0.00108333	0.04741534	0.46668529	0.04733154	0.46695894	0.65451734	0.65371716	0.34119125	0.34103397	0.65444487	0.65367024	0.34113315	0.34103907	60062	51345	0
60062	51465	0.00130099	0.04516936	0.46943815	0.04527732	0.46878516	0.65494883	0.65418586	0.34188650	0.34190080	0.65497800	0.65407008	0.34194764	0.34175051	60062	51464	0
60062	51468	0.00029958	0.04562242	0.46811639	0.04563284	0.47112063	0.65486879	0.65413960	0.34192496	0.34187048	0.65481259	0.65398972	0.34181345	0.34175815	60062	51467	0
60062	51472	0.00119199	0.04578360	0.46959601	0.04621516	0.46691877	0.65477923	0.65402045	0.34177878	0.34173301	0.65463189	0.65391716	0.34169496	0.34160852	60062	51470	0
60062	51475	0.00034116	0.04609997	0.46649134	0.04669271	0.46904383	0.65480527	0.65391971	0.34173826	0.34165519	0.65472729	0.65411134	0.34169052	0.34169143	60062	51473	0
60062	51478	0.00078099	0.04651783	0.46906471	0.04674820	0.46774521	0.65444824	0.65373080	0.34161509	0.34158740	0.65457035	0.65363416	0.34165568	0.34149438	60062	51477	0
60062	51596	0.00140701	0.04536942	0.46886047	0.04581963	0.46698240	0.65474430	0.65424955	0.34181312	0.34185873	0.65497981	0.65420838	0.34190491	0.34181970	60062	51595	0
60062	51600	0.00146354	0.04611873	0.46865767	0.04619824	0.46848807	0.65498359	0.65474003	0.34188987	0.34226498	0.65514530	0.65414519	0.34200179	0.34180737	60062	51598	0
60062	51603	0.00158154	0.04668705	0.46723138	0.04684358	0.46687739	0.65483839	0.65426976	0.34192167	0.34188174	0.65485786	0.65424856	0.34185865	0.34191641	60062	51601	0
60062	51606	0.00019225	0.04693764	0.46634424	0.04702223	0.47051212	0.65508466	0.65419885	0.34205684	0.34182241	0.65517480	0.65432736	0.34214296	0.34192627	60062	51605	0
60062	51610	0.00107424	0.04730436	0.46934780	0.04727654	0.46670182	0.65495022	0.65415604	0.34200877	0.34192463	0.65520980	0.65435004	0.34209768	0.34205619	60062	51608	0
60062	51728	0.00037131	0.04591775	0.46731466	0.04579351	0.46942347	0.65472343	0.65408258	0.34131294	0.34125962	0.65481037	0.65421257	0.34134885	0.34138304	60062	51726	0
60062	51731	0.00228135	0.04596019	0.47177915	0.04622144	0.46604902	0.65507841	0.65413262	0.34153777	0.34126759	0.65482195	0.65406820	0.34146414	0.34143275	60062	51729	0
60062	51734	0.00144036	0.04657293	0.46679772	0.04659125	0.46932069	0.65496140	0.65422432	0.34140514	0.34139692	0.65501588	0.65423656	0.34154483	0.34147540	60062	51733	0
60062	51737	0.00115146	0.04682757	0.46830533	0.04681060	0.46917203	0.65484373	0.65412539	0.34143004	0.34138690	0.65486748	0.65414190	0.34153974	0.34139273	60062	51736	0
60062	51741	0.00078669	0.04707614	0.46810843	0.04689660	0.46920274	0.65487035	0.65415784	0.34150580	0.34147088	0.65495721	0.65413410	0.34150942	0.34143423	60062	51739	0
60062	51859	0.00162518	0.04529012	0.46974759	0.04580139	0.46723213	0.65462400	0.65444454	0.34130637	0.34151574	0.65461620	0.65391232	0.34126718	0.34129947	60062	51857	0
60062	51862	0.00187661	0.04564132	0.47002395	0.04621427	0.46926964	0.65455547	0.65378405	0.34120103	0.34122067	0.65453805	0.65381182	0.34134622	0.34116175	60062	51861	0
60062	51866	0.00107797	0.04616857	0.46611081	0.04642705	0.46850674	0.65448612	0.65370229	0.34116775	0.34114622	0.65474258	0.65373014	0.34115608	0.34111006	60062	51864	0
60062	51869	0.00124870	0.04663191	0.46980729	0.04704475	0.46929511	0.65467207	0.65374682	0.34104408	0.34107489	0.65451225	0.65386515	0.34104860	0.34105246	60062	51867	0
60062	51872	0.00097744	0.04685512	0.46537797	0.04725353	0.46619174	0.65481817	0.65407255	0.34136085	0.34120982	0.65453025	0.65364707	0.34112362	0.34108180	60062	51870	0
60062	51990	0.00097627	0.04573196	0.46635261	0.04625451	0.46635612	0.65507767	0.65388405	0.34132905	0.34091088	0.65445177	0.65347574	0.34111146	0.34077653	60062	51989	0
60062	51993	0.00066484	0.04638109	0.46911124	0.04634546	0.47004552	0.65435382	0.65366104	0.34097119	0.34083545	0.65416203	0.65364057	0.34077324	0.34089765	60062	51992	0
60062	51997	0.00120487	0.04692854	0.46956787	0.04702589	0.46794777	0.65427297	0.65364838	0.34076856	0.34076626	0.65419310	0.65336398	0.34084925	0.34078031	60062	51995	0
60062	52000	0.00165704	0.04714195	0.46930954	0.04745823	0.46795304	0.65453329	0.65349981	0.34097670	0.34078483	0.65437552	0.65365463	0.34095081	0.34083997	60062	51998	0
60062	52003	0.00104298	0.04752137	0.46712980	0.04759303	0.46897199	0.65436483	0.65373532	0.34099363	0.34088286	0.65442597	0.65357755	0.34092337	0.34082813	60062	52002	0
60062	52121	0.00071460	0.04577528	0.47000361	0.04556451	0.47098874	0.65416162	0.65337163	0.34084991	0.34074382	0.65399457	0.65305822	0.34064489	0.34054571	60062	52120	0
60062	52125	0.00106832	0.04588210	0.46990509	0.04632466	0.46884394	0.65427502	0.65352315	0.34088442	0.34082435	0.65448415	0.65353350	0.34111335	0.34081219	60062	52123	0
60062	52128	0.00160777	0.04686229	0.46869434	0.04664028	0.46707600	0.65437182	0.65376161	0.34094794	0.34089116	0.65450674	0.65355528	0.34095731	0.34087711	60062	52126	0
60062	52131	0.00097806	0.04705305	0.46730196	0.04694020	0.46919108	0.65427445	0.65370031	0.34094884	0.34082394	0.65430189	0.65359587	0.34085237	0.34081720	60062	52130	0
60062	52135	0.00156730	0.04644702	0.46962536	0.04749194	0.46785764	0.65417485	0.65347952	0.34088154	0.34088122	0.65452367	0.65381355	0.34101984	0.34104079	60062	52133	0
60062	52253	0.00043067	0.04522940	0.46708898	0.04516489	0.47049887	0.65461431	0.65375323	0.34121491	0.34122888	0.65444051	0.65387747	0.34118032	0.34120645	60062	52251	0
60062	52256	0.00209447	0.04573525	0.47085410	0.04569265	0.46586267	0.65441356	0.65363597	0.34122790	0.34103389	0.65456977	0.65378068	0.34117136	0.34119922	60062	52254	0
60062	52259	0.00085789	0.04611346	0.46560030	0.04624055	0.46931007	0.65465999	0.65366555	0.34129478	0.34115846	0.65468875	0.65405694	0.34123340	0.34131689	60062	52258	0
60062	52263	0.00001718	0.04643181	0.46562528	0.04657773	0.46814739	0.65467421	0.65381330	0.34120850	0.34114392	0.65470092	0.65374871	0.34127309	0.34109963	60062	52261	0
60062	52266	0.00179923	0.04670235	0.47070187	0.04684033	0.46535574	0.65482171	0.65402481	0.34131779	0.34125436	0.65495064	0.65392505	0.34137482	0.34116849	60062	52264	0
60062	52384	0.00084658	0.04538542	0.46518486	0.04594007	0.46804279	0.65514201	0.65426196	0.34166661	0.34153341	0.65505762	0.65430559	0.34171016	0.34160589	60062	52382	0
60062	52387	0.00175221	0.04614472	0.46854935	0.04614585	0.46583247	0.65508778	0.65449483	0.34182643	0.34177853	0.65507570	0.65443772	0.34167713	0.34170679	60062	52386	0
60062	52391	0.00174702	0.04674164	0.46956956	0.04664395	0.46958515	0.65510035	0.65442819	0.34190047	0.34176924	0.65484693	0.65447207	0.34171033	0.34176505	60062	52389	0
60062	52394	0.00112022	0.04703365	0.46693067	0.04704305	0.46881106	0.65580727	0.65475901	0.34223409	0.34207911	0.65523593	0.65467388	0.34191658	0.34189324	60062	52392	0
60062	52397	0.00118196	0.04723022	0.46761982	0.04731212	0.46743460	0.65535336	0.65460387	0.34204501	0.34185815	0.65529962	0.65467955	0.34191929	0.34195405	60062	52395	0
60062	52515	0.00150770	0.04539219	0.46987412	0.04571959	0.46889693	0.65469599	0.65396482	0.34124137	0.34114926	0.65460034	0.65385019	0.34112420	0.34128131	60062	52514	0
60062	52519	0.00106941	0.04529713	0.46811596	0.04612798	0.46943080	0.65461727	0.65386252	0.34127005	0.34126685	0.65466131	0.65389711	0.34128377	0.34118821	60062	52517	0
60062	52522	0.00107355	0.04630380	0.46823043	0.04645397	0.46821801	0.65470535	0.65405168	0.34129454	0.34113061	0.65454109	0.65384321	0.34113743	0.34116257	60062	52520	0
60062	52525	0.00085950	0.04680262	0.46880738	0.04662733	0.46944953	0.65482393	0.65397279	0.34144286	0.34116512	0.65475474	0.65394083	0.34128492	0.34119823	60062	52523	0
60062	52528	0.00089756	0.04675753	0.46802141	0.04707008	0.46790723	0.65462844	0.65386457	0.34116232	0.34111088	0.65463230	0.65387230	0.34120242	0.34113356	60062	52527	0
60062	52646	0.00199047	0.04501645	0.47018375	0.04538911	0.46690505	0.65509748	0.65439154	0.34205750	0.34190433	0.65495581	0.65434166	0.34195774	0.34186637	60062	52645	0
60062	52650	0.00053753	0.04548764	0.46597896	0.04570999	0.47033777	0.65487964	0.65423065	0.34178527	0.34175971	0.65508466	0.65441783	0.34208749	0.34195068	60062	52648	0
60062	52653	0.00117386	0.04597706	0.46796827	0.04654506	0.46605928	0.65502796	0.65432194	0.34184673	0.34177820	0.65486961	0.65443180	0.34181822	0.34194032	60062	52651	0
60062	52656	0.00048685	0.04628995	0.46655325	0.04635228	0.46861427	0.65492985	0.65408184	0.34176694	0.34172158	0.65484677	0.65417502	0.34173284	0.34181600	60062	52655	0
60062	52660	0.00160490	0.04657568	0.46994786	0.04688254	0.46659371	0.65480100	0.65403072	0.34168592	0.34149052	0.65480330	0.65406129	0.34182192	0.34168888	60062	52658	0
60062	52778	0.00126647	0.04482339	0.46785869	0.04524202	0.46887399	0.65530701	0.65464274	0.34215471	0.34208832	0.65525878	0.65473781	0.34214526	0.34208026	60062	52776	0
60062	52781	0.00055376	0.04551611	0.46769266	0.04596717	0.46983079	0.65527546	0.65469015	0.34204107	0.34206588	0.65514119	0.65460971	0.34190474	0.34209308	60062	52779	0
60062	52784	0.00127200	0.04601903	0.46902002	0.04617345	0.46686529	0.65544958	0.65464767	0.34219144	0.34211798	0.65538442	0.65450543	0.34214674	0.34200080	60062	52783	0
60062	52787	0.00132500	0.04541227	0.46902133	0.04718946	0.46886235	0.65537867	0.65440617	0.34196185	0.34195331	0.65519953	0.65470938	0.34213606	0.34211864	60062	52786	0
60062	52791	0.00063560	0.04696482	0.46688868	0.04692024	0.46895689	0.65541901	0.65479911	0.34207796	0.34219818	0.65535886	0.65464504	0.34211321	0.34208002	60062	52789	0
60062	52909	0.00224840	0.04479281	0.47121839	0.04546785	0.46637996	0.65501383	0.65458933	0.34185150	0.34199078	0.65520479	0.65438184	0.34188716	0.34188806	60062	52907	0
60062	52912	0.00145802	0.04562603	0.46636299	0.04588072	0.46873414	0.65551745	0.65472622	0.34211535	0.34194887	0.65519929	0.65447281	0.34204509	0.34202611	60062	52911	0
60062	52915	0.00119469	0.04595498	0.46728399	0.04615649	0.46807399	0.65528425	0.65437338	0.34205676	0.34194320	0.65540595	0.65463912	0.34214000	0.34215208	60062	52914	0
60062	52919	0.00199424	0.04638251	0.47002020	0.04645601	0.46762155	0.65516420	0.65468473	0.34204304	0.34208667	0.65609857	0.65513955	0.34257280	0.34239375	60062	52917	0
60062	52922	0.00087295	0.04653720	0.46627571	0.04674982	0.46963957	0.65570817	0.65485622	0.34223606	0.34219875	0.65554712	0.65492590	0.34220385	0.34228323	60062	52920	0
60062	53040	0.00096970	0.04521746	0.46873907	0.04549359	0.46844883	0.65464208	0.65401980	0.34128213	0.34135493	0.65458941	0.65386441	0.34129257	0.34126035	60062	53038	0
60062	53043	0.00079580	0.04597548	0.46810226	0.04579930	0.46862394	0.65469434	0.65394091	0.34131311	0.34120275	0.65452425	0.65376096	0.34126857	0.34119790	60062	53042	0
60062	53047	0.00035847	0.04624378	0.46735622	0.04636871	0.46866821	0.65486263	0.65408677	0.34132848	0.34134918	0.65473420	0.65389309	0.34139569	0.34127128	60062	53045	0
60062	53050	0.00160421	0.04660107	0.46975080	0.04670154	0.46601359	0.65466082	0.65389268	0.34145510	0.34131861	0.65461965	0.65385134	0.34132691	0.34129667	60062	53048	0
60062	53053	0.00207495	0.04681867	0.46743429	0.04677840	0.46602207	0.65474381	0.65410016	0.34137753	0.34145905	0.65487947	0.65398002	0.34146044	0.34134146	60062	53052	0
60062	53171	0.00202373	0.04525492	0.46717239	0.04579965	0.46732604	0.65489188	0.65432835	0.34161016	0.34152035	0.65502410	0.65435054	0.34164508	0.34159348	60062	53170	0
60062	53175	0.00050065	0.04603647	0.46549262	0.04610214	0.47006185	0.65497701	0.65431003	0.34151311	0.34151484	0.65484956	0.65436229	0.34150325	0.34155938	60062	53173	0
60062	53178	0.00093294	0.04655394	0.46719131	0.04648944	0.46589445	0.65508162	0.65435645	0.34156291	0.34154919	0.65484776	0.65403861	0.34146767	0.34138977	60062	53176	0
60062	53181	0.00085078	0.04669569	0.46828906	0.04687031	0.46853553	0.65489344	0.65409819	0.34151213	0.34140851	0.65490741	0.65431479	0.34146767	0.34147088	60062	53180	0
60062	53184	0.00174344	0.04696054	0.46913160	0.04696582	0.46645363	0.65495524	0.65416376	0.34145510	0.34137671	0.65512837	0.65418866	0.34156102	0.34136126	60062	53183	0
60062	53303	0.00150883	0.04488227	0.46679540	0.04545131	0.46749922	0.65537407	0.65476049	0.34223746	0.34223951	0.65537932	0.65454808	0.34228988	0.34223442	60062	53301	0
60062	53306	0.00093397	0.04541973	0.46659107	0.04567593	0.46831565	0.65535796	0.65448407	0.34217788	0.34208741	0.65560990	0.65465498	0.34236934	0.34226120	60062	53304	0
60062	53309	0.00126402	0.04598713	0.46897127	0.04612120	0.46798115	0.65549264	0.65464685	0.34230615	0.34220303	0.65567062	0.65481982	0.34225126	0.34228323	60062	53307	0
60062	53312	0.00103920	0.04643626	0.46794577	0.04638885	0.46862021	0.65565394	0.65490421	0.34233442	0.34219966	0.65547300	0.65466838	0.34227509	0.34208371	60062	53311	0
60062	53316	0.00157344	0.04652987	0.46897456	0.04640968	0.46737184	0.65559971	0.65472327	0.34227123	0.34222464	0.65537226	0.65473740	0.34230755	0.34227443	60062	53314	0
60062	53434	0.00237372	0.04509046	0.46828152	0.04542459	0.46588068	0.65574449	0.65502845	0.34217977	0.34211601	0.65584129	0.65531687	0.34216301	0.34242719	60062	53432	0
60062	53437	0.00088654	0.04587403	0.46640354	0.04591444	0.47086508	0.65608608	0.65507340	0.34235537	0.34226655	0.65592125	0.65526198	0.34230262	0.34222875	60062	53435	0
60062	53440	0.00127142	0.04639250	0.46814013	0.04639238	0.46698549	0.65616168	0.65547563	0.34248693	0.34251043	0.65604204	0.65512369	0.34229605	0.34233064	60062	53439	0
60062	53444	-0.00045120	0.04655877	0.46452149	0.04668870	0.46968934	0.65603086	0.65522361	0.34233039	0.34225989	0.65620022	0.65522344	0.34250476	0.34228939	60062	53442	0
60062	53447	0.00081145	0.04672563	0.46986039	0.04675923	0.46607246	0.65601426	0.65537875	0.34236400	0.34242333	0.65594869	0.65534629	0.34242998	0.34241174	60062	53445	0
60062	53565	0.00175575	0.04581039	0.46960927	0.04608314	0.46677635	0.65487233	0.65443583	0.34126783	0.34138098	0.65505787	0.65429219	0.34131500	0.34124491	60062	53563	0
60062	53568	0.00244430	0.04641754	0.46927573	0.04606681	0.46721009	0.65518589	0.65448587	0.34143193	0.34129725	0.65483872	0.65421586	0.34117021	0.34125247	60062	53567	0
60062	53572	0.00026195	0.04680354	0.46480585	0.04702312	0.47135289	0.65488227	0.65405940	0.34125945	0.34115608	0.65507800	0.65435317	0.34129216	0.34122502	60062	53570	0
60062	53575	0.00073722	0.04711735	0.46718191	0.04728676	0.46575611	0.65506058	0.65424544	0.34126257	0.34119404	0.65503593	0.65428784	0.34130892	0.34126430	60062	53573	0
60062	53578	0.00043550	0.04764781	0.46761353	0.04759755	0.46851869	0.65499764	0.65429515	0.34117679	0.34123053	0.65491267	0.65419778	0.34125074	0.34119182	60062	53577	0
60062	53696	0.00123740	0.04495290	0.46985773	0.04523000	0.46745204	0.65503560	0.65418759	0.34138682	0.34136652	0.65489213	0.65415793	0.34131903	0.34133135	60062	53695	0
60062	53700	0.00158686	0.04542644	0.46943391	0.04586922	0.46838553	0.65482097	0.65410920	0.34126331	0.34129314	0.65468046	0.65393122	0.34121557	0.34115115	60062	53698	0
60062	53703	0.00033804	0.04581627	0.46554988	0.04602728	0.46929633	0.65522575	0.65471595	0.34168272	0.34179094	0.65495129	0.65404453	0.34129552	0.34136307	60062	53701	0
60062	53706	0.00239738	0.04662059	0.47237858	0.04667404	0.46620057	0.65495499	0.65440419	0.34153177	0.34142149	0.65464907	0.65400624	0.34110694	0.34112370	60062	53704	0
60062	53709	0.00188773	0.04589086	0.46757960	0.04672541	0.46910855	0.65515787	0.65415119	0.34144080	0.34121828	0.65526338	0.65434791	0.34159866	0.34138353	60062	53708	0
60062	53828	0.00120201	0.04487121	0.46688980	0.04510906	0.46894696	0.65630162	0.65559560	0.34273706	0.34254486	0.65625075	0.65548113	0.34264264	0.34256368	60062	53826	0
60062	53831	0.00105895	0.04539546	0.46799938	0.04552357	0.46842856	0.65629126	0.65557769	0.34265752	0.34259490	0.65613202	0.65536987	0.34250961	0.34251709	60062	53829	0
60062	53834	0.00065177	0.04621995	0.46698829	0.04611025	0.46820985	0.65611698	0.65540200	0.34256138	0.34246072	0.65646728	0.65537234	0.34273188	0.34239662	60062	53832	0
60062	53837	0.00129203	0.04615584	0.46804755	0.04652802	0.46612675	0.65590563	0.65524489	0.34252193	0.34236655	0.65610219	0.65531022	0.34254404	0.34245883	60062	53836	0
60062	53841	-0.00012445	0.04613399	0.46644802	0.04631844	0.47069747	0.65589306	0.65530184	0.34238241	0.34239202	0.65601270	0.65530381	0.34242760	0.34243508	60062	53839	0
60062	53959	0.00047301	0.04498733	0.46951398	0.04529777	0.46772161	0.65595748	0.65518203	0.34234551	0.34223359	0.65582527	0.65512591	0.34234896	0.34217961	60062	53957	0
60062	53962	0.00054402	0.04545640	0.46880266	0.04568204	0.46858963	0.65622010	0.65538253	0.34238224	0.34228906	0.65601098	0.65516880	0.34255374	0.34234346	60062	53960	0
60062	53965	0.00133688	0.04619280	0.46981891	0.04633532	0.46744032	0.65594614	0.65536034	0.34235250	0.34244502	0.65633235	0.65547851	0.34243409	0.34243902	60062	53964	0
60062	53969	0.00125441	0.04638680	0.46799789	0.04644956	0.46824532	0.65605535	0.65540677	0.34254922	0.34251980	0.65620728	0.65519855	0.34245858	0.34239744	60062	53967	0
60062	53972	0.00156958	0.04674115	0.46718112	0.04660900	0.46623560	0.65604401	0.65539132	0.34241963	0.34248578	0.65617047	0.65536618	0.34255850	0.34251873	60062	53970	0
60062	54090	0.00101367	0.04498939	0.46750383	0.04567284	0.46917158	0.65540291	0.65461028	0.34133341	0.34130654	0.65522221	0.65441060	0.34126249	0.34111639	60062	54088	0
60062	54093	0.00137558	0.04551855	0.46888877	0.04575297	0.46780302	0.65520389	0.65425522	0.34122790	0.34103529	0.65487134	0.65417042	0.34112222	0.34112395	60062	54092	0
60062	54097	0.00100987	0.04624358	0.46654093	0.04635970	0.46763806	0.65502927	0.65437264	0.34116290	0.34110127	0.65533536	0.65434248	0.34133267	0.34115879	60062	54095	0
60062	54100	0.00182523	0.04650313	0.46919830	0.04663032	0.46675224	0.65499476	0.65427592	0.34121779	0.34104079	0.65507899	0.65432983	0.34110176	0.34115559	60062	54098	0
60062	54103	0.00169766	0.04681203	0.46820286	0.04666845	0.46858558	0.65502516	0.65426689	0.34112305	0.34097777	0.65493215	0.65414634	0.34107572	0.34101343	60062	54102	0
60062	54221	0.00177320	0.04472771	0.46968260	0.04528694	0.46945595	0.65577761	0.65504752	0.34206818	0.34192726	0.65579692	0.65504094	0.34208749	0.34201518	60062	54220	0
60062	54225	0.00171115	0.04512117	0.46886128	0.04569595	0.46904745	0.65579881	0.65495721	0.34194591	0.34190022	0.65601221	0.65504817	0.34210935	0.34202052	60062	54223	0
60062	54228	0.00038216	0.04582578	0.46577468	0.04598156	0.46976164	0.65594705	0.65499813	0.34206186	0.34196711	0.65590818	0.65507874	0.34197377	0.34202217	60062	54226	0
60062	54231	0.00082742	0.04626415	0.46898453	0.04618434	0.46764876	0.65591894	0.65515968	0.34210294	0.34201469	0.65558977	0.65481489	0.34194649	0.34183638	60062	54230	0
60062	54234	0.00053278	0.04657906	0.46590732	0.04643735	0.46679124	0.65596858	0.65510980	0.34208988	0.34204863	0.65577646	0.65511613	0.34206720	0.34198461	60062	54233	0
60062	54353	0.00164389	0.04538311	0.46951285	0.04521421	0.46617951	0.65722810	0.65654805	0.34311858	0.34302474	0.65723714	0.65645027	0.34314093	0.34308119	60062	54351	0
60062	54356	0.00153970	0.04581864	0.46778431	0.04602928	0.46809691	0.65717321	0.65640310	0.34309714	0.34295777	0.65716261	0.65641912	0.34291800	0.34294158	60062	54354	0
60062	54359	0.00041272	0.04612294	0.46651249	0.04642304	0.46989340	0.65706746	0.65649456	0.34298251	0.34288834	0.65691462	0.65611320	0.34292893	0.34280411	60062	54357	0
60062	54362	0.00128172	0.04662915	0.46915992	0.04669748	0.46655293	0.65675414	0.65586668	0.34277231	0.34261849	0.65672743	0.65605050	0.34268159	0.34272983	60062	54361	0
60062	54366	0.00066251	0.04696531	0.46644746	0.04701549	0.46830509	0.65679399	0.65590654	0.34271717	0.34266960	0.65684872	0.65608353	0.34271882	0.34257157	60062	54364	0
60062	54484	0.00171291	0.04506935	0.46855021	0.04496840	0.46539901	0.65683910	0.65618033	0.34285785	0.34279721	0.65667648	0.65597893	0.34280830	0.34278012	60062	54482	0
60062	54487	0.00167582	0.04539664	0.46780197	0.04551484	0.46791324	0.65676991	0.65606636	0.34278365	0.34281997	0.65679374	0.65602799	0.34281274	0.34281101	60062	54485	0
60062	54490	0.00078496	0.04583929	0.46665838	0.04594468	0.46933095	0.65689974	0.65602536	0.34291258	0.34284076	0.65676728	0.65597408	0.34279778	0.34276377	60062	54489	0
60062	54494	0.00111947	0.04617906	0.46760005	0.04656512	0.46659652	0.65679514	0.65619529	0.34284397	0.34285054	0.65680492	0.65611862	0.34278538	0.34272383	60062	54492	0
60062	54497	0.00090809	0.04634224	0.46661837	0.04666314	0.46725252	0.65683738	0.65581286	0.34276475	0.34263821	0.65673935	0.65575961	0.34262629	0.34256327	60062	54495	0
60062	54615	0.00058537	0.04515330	0.46860322	0.04565941	0.46957137	0.65654945	0.65576956	0.34233902	0.34227074	0.65658922	0.65587252	0.34244790	0.34239975	60062	54613	0
60062	54618	0.00202573	0.04577489	0.47289346	0.04499745	0.46857239	0.65638026	0.65567169	0.34241413	0.34226038	0.65645232	0.65586726	0.34240550	0.34246926	60062	54617	0
60062	54622	0.00077494	0.04633002	0.46593615	0.04624994	0.46968851	0.65673532	0.65595633	0.34251388	0.34249613	0.65645018	0.65568870	0.34240443	0.34229810	60062	54620	0
60062	54625	0.00075886	0.04650496	0.46785399	0.04648821	0.46790223	0.65665101	0.65596907	0.34252432	0.34243089	0.65659604	0.65590465	0.34248718	0.34245603	60062	54623	0
60062	54628	0.00191320	0.04652330	0.47014070	0.04681836	0.46667768	0.65663400	0.65579158	0.34244930	0.34238446	0.65679678	0.65583349	0.34263204	0.34244247	60062	54627	0
60062	54746	0.00063666	0.04504966	0.46486665	0.04561249	0.46869627	0.65596003	0.65517784	0.34155009	0.34152906	0.65604105	0.65522254	0.34161731	0.34152832	60062	54745	0
60062	54750	0.00169920	0.04562293	0.46816880	0.04604716	0.46498120	0.65599405	0.65536766	0.34174369	0.34173777	0.65583513	0.65522024	0.34158715	0.34163308	60062	54748	0
60062	54753	0.00094518	0.04603543	0.46492390	0.04648178	0.46718595	0.65588041	0.65509715	0.34159068	0.34145617	0.65592741	0.65518088	0.34155634	0.34157039	60062	54751	0
60062	54756	0.00128090	0.04658556	0.46736767	0.04670316	0.46636050	0.65581204	0.65502303	0.34160531	0.34158411	0.65603209	0.65533142	0.34183588	0.34180597	60062	54755	0
60062	54759	0.00032991	0.04683038	0.46689395	0.04674257	0.46974691	0.65622544	0.65536108	0.34195914	0.34182257	0.65634024	0.65537595	0.34197319	0.34175749	60062	54758	0
60062	54878	0.00099636	0.04481633	0.47136110	0.04513636	0.46936177	0.65766895	0.65693647	0.34363774	0.34358277	0.65789788	0.65697814	0.34366494	0.34353182	60062	54876	0
60062	54881	0.00094769	0.04558840	0.46701548	0.04565951	0.46716147	0.65791777	0.65725086	0.34369354	0.34368064	0.65778522	0.65699654	0.34370512	0.34360849	60062	54879	0
60062	54884	0.00198257	0.04601448	0.46888185	0.04612150	0.46577723	0.65772639	0.65694962	0.34361046	0.34351983	0.65785663	0.65685414	0.34361013	0.34344415	60062	54882	0
60062	54887	0.00054475	0.04625809	0.46550183	0.04650376	0.46981526	0.65777109	0.65684321	0.34352747	0.34344743	0.65778013	0.65708430	0.34364317	0.34360192	60062	54886	0
60062	54891	0.00183111	0.04654390	0.46945875	0.04672315	0.46559970	0.65765548	0.65683581	0.34365705	0.34345047	0.65757922	0.65669029	0.34362262	0.34342829	60062	54889	0
60062	55009	0.00166652	0.04540577	0.46815312	0.04553157	0.46864688	0.65744766	0.65662406	0.34307265	0.34296311	0.65747166	0.65673047	0.34314389	0.34298735	60062	55007	0
60062	55012	-0.00012775	0.04579968	0.46435190	0.04598461	0.46973470	0.65749672	0.65678758	0.34320979	0.34308169	0.65745728	0.65683212	0.34316049	0.34305843	60062	55010	0
60062	55015	0.00115816	0.04634415	0.47021964	0.04650844	0.46636192	0.65750535	0.65680155	0.34314348	0.34314989	0.65753518	0.65690032	0.34315293	0.34313789	60062	55014	0
60062	55019	0.00198560	0.04679223	0.46955066	0.04678920	0.46706833	0.65745605	0.65674567	0.34307462	0.34311620	0.65809879	0.65713993	0.34347554	0.34342459	60062	55017	0
60062	55022	0.00113434	0.04707862	0.46775691	0.04699653	0.47031069	0.65761332	0.65681889	0.34327463	0.34316830	0.65765942	0.65693680	0.34323691	0.34314923	60062	55020	0
60062	55140	0.00096505	0.04546040	0.46796856	0.04552082	0.46847644	0.65732342	0.65662685	0.34286903	0.34285391	0.65715209	0.65644262	0.34278579	0.34266064	60062	55138	0
60062	55143	0.00195768	0.04565496	0.46998269	0.04587164	0.46700479	0.65732597	0.65662422	0.34286229	0.34270764	0.65720098	0.65643835	0.34271652	0.34269523	60062	55142	0
60062	55147	0.00131920	0.04634803	0.46619082	0.04650734	0.46810625	0.65702818	0.65628494	0.34264478	0.34266795	0.65732375	0.65645972	0.34266384	0.34268332	60062	55145	0
60062	55150	0.00038309	0.04664851	0.46566458	0.04675727	0.46847292	0.65716614	0.65629997	0.34255973	0.34254519	0.65686630	0.65612174	0.34246704	0.34245266	60062	55148	0
60062	55153	0.00235693	0.04686884	0.47265672	0.04707735	0.46673519	0.65676572	0.65602618	0.34241971	0.34239860	0.65713065	0.65624303	0.34254634	0.34236334	60062	55151	0
60062	55271	0.00162081	0.04526169	0.46616996	0.04540718	0.46837833	0.65751381	0.65660072	0.34315868	0.34296591	0.65729137	0.65669037	0.34300897	0.34291595	60062	55270	0
60062	55275	0.00060865	0.04569788	0.46813901	0.04594210	0.47117548	0.65728521	0.65653367	0.34302532	0.34289228	0.65726286	0.65647788	0.34300568	0.34287125	60062	55273	0
60062	55278	0.00073887	0.04611369	0.46775783	0.04628464	0.46736717	0.65734922	0.65652118	0.34298070	0.34294586	0.65739672	0.65654024	0.34302178	0.34288176	60062	55276	0
60062	55281	0.00024036	0.04652214	0.46833884	0.04672721	0.46983436	0.65733747	0.65657155	0.34303994	0.34305441	0.65736516	0.65666638	0.34302729	0.34301422	60062	55279	0
60062	55284	0.00211725	0.04663563	0.46980659	0.04679984	0.46417592	0.65727075	0.65663006	0.34295145	0.34300855	0.65745514	0.65651904	0.34317043	0.34294109	60062	55283	0
60062	55403	0.00140879	0.04583035	0.46814332	0.04582421	0.47026872	0.65683113	0.65593398	0.34217336	0.34204329	0.65684584	0.65606603	0.34221149	0.34212726	60062	55401	0
60062	55406	0.00108907	0.04618199	0.46787814	0.04644864	0.46883729	0.65680147	0.65594696	0.34223861	0.34219119	0.65677714	0.65613243	0.34229432	0.34230500	60062	55404	0
60062	55409	0.00165678	0.04671085	0.46835814	0.04696075	0.46665501	0.65687920	0.65612322	0.34225800	0.34223031	0.65698282	0.65624056	0.34234469	0.34232834	60062	55407	0
60062	55412	0.00103923	0.04698088	0.46596860	0.04719981	0.46782124	0.65706154	0.65635059	0.34243270	0.34233499	0.65716425	0.65639694	0.34242908	0.34241281	60062	55411	0
60062	55416	0.00095307	0.04712369	0.46647084	0.04715564	0.46672932	0.65709055	0.65628748	0.34247197	0.34242694	0.65696244	0.65646308	0.34243278	0.34242144	60062	55414	0
60062	55534	0.00068360	0.04538747	0.46809603	0.04558592	0.46890443	0.65717149	0.65659513	0.34245455	0.34253106	0.65720731	0.65643695	0.34241536	0.34241651	60062	55532	0
60062	55537	0.00097810	0.04589986	0.46879222	0.04602109	0.46790872	0.65719400	0.65643490	0.34237690	0.34238101	0.65712563	0.65633564	0.34236310	0.34223918	60062	55536	0
60062	55540	0.00088958	0.04654025	0.46717400	0.04660111	0.46743957	0.65723188	0.65622175	0.34241487	0.34224896	0.65717313	0.65621608	0.34235365	0.34217607	60062	55539	0
60062	55544	0.00122986	0.04671273	0.46831733	0.04693217	0.46729649	0.65701708	0.65616686	0.34229424	0.34214575	0.65682209	0.65609150	0.34211519	0.34206712	60062	55542	0
60062	55547	0.00151931	0.04678301	0.46876575	0.04693586	0.46789739	0.65702621	0.65613317	0.34220475	0.34216506	0.65670492	0.65597063	0.34217345	0.34213934	60062	55545	0
60062	55665	0.00114197	0.04526648	0.46922733	0.04556738	0.47035934	0.65846306	0.65774332	0.34399124	0.34395903	0.65855008	0.65758711	0.34407391	0.34395624	60062	55663	0
60062	55668	0.00225226	0.04568634	0.46997813	0.04596353	0.46664727	0.65837719	0.65753214	0.34396594	0.34395246	0.65853849	0.65754602	0.34400135	0.34395024	60062	55667	0
60062	55672	0.00063118	0.04641930	0.46581268	0.04637749	0.47067592	0.65826502	0.65748842	0.34387333	0.34381096	0.65840176	0.65771546	0.34394967	0.34385262	60062	55670	0
60062	55675	0.00198934	0.04646039	0.47017239	0.04688706	0.46609791	0.65835755	0.65757051	0.34392329	0.34384917	0.65835139	0.65771456	0.34391869	0.34393676	60062	55673	0
60062	55678	0.00140840	0.04691231	0.46749277	0.04681901	0.46923559	0.65833117	0.65752564	0.34389387	0.34382805	0.65819756	0.65741044	0.34397177	0.34378105	60062	55677	0
60062	55796	0.00164700	0.04556138	0.46927638	0.04606563	0.46856057	0.65768604	0.65703451	0.34293148	0.34288415	0.65778613	0.65699753	0.34311201	0.34290485	60062	55795	0
60062	55800	0.00092512	0.04597632	0.46733932	0.04673191	0.46950496	0.65760757	0.65697058	0.34303263	0.34294578	0.65773822	0.65697583	0.34315811	0.34305851	60062	55798	0
60062	55803	0.00157483	0.04658800	0.46921981	0.04676869	0.46727070	0.65765457	0.65696030	0.34308382	0.34303460	0.65788868	0.65715365	0.34318818	0.34310256	60062	55801	0
60062	55806	0.00136348	0.04691656	0.46761064	0.04706226	0.46824468	0.65807176	0.65723090	0.34325104	0.34327397	0.65778670	0.65709482	0.34306961	0.34312072	60062	55805	0
60062	55809	0.00076905	0.04714437	0.46751223	0.04707063	0.46929551	0.65782984	0.65701511	0.34328827	0.34318120	0.65780519	0.65710764	0.34320634	0.34316049	60062	55808	0
60062	55928	0.00109352	0.04514291	0.47017441	0.04549614	0.46920100	0.65751439	0.65679752	0.34296254	0.34290280	0.65762022	0.65699112	0.34294019	0.34307232	60062	55926	0
60062	55931	0.00123149	0.04558117	0.46912981	0.04574484	0.46871593	0.65739976	0.65669275	0.34294956	0.34279746	0.65787939	0.65668051	0.34311932	0.34279203	60062	55929	0
60062	55934	0.00173232	0.04600254	0.46899281	0.04616361	0.46749030	0.65746040	0.65691314	0.34289754	0.34285654	0.65738209	0.65656695	0.34287322	0.34286328	60062	55932	0
60062	55937	0.00082987	0.04659166	0.46613012	0.04656566	0.46883747	0.65751866	0.65673400	0.34294734	0.34279351	0.65768087	0.65686449	0.34288735	0.34278686	60062	55936	0
60062	55941	0.00090148	0.04687224	0.46735106	0.04686282	0.46713626	0.65760453	0.65676893	0.34302532	0.34295375	0.65755432	0.65696417	0.34297585	0.34281422	60062	55939	0
60062	56059	0.00142048	0.04526424	0.46977539	0.04530288	0.46821839	0.65760765	0.65694494	0.34307643	0.34300995	0.65774554	0.65679300	0.34309870	0.34291159	60062	56057	0
60062	56062	0.00174892	0.04569691	0.46946252	0.04582423	0.46847719	0.65770461	0.65695956	0.34313148	0.34313748	0.65749869	0.65693828	0.34313378	0.34318876	60062	56060	0
60062	56065	0.00148561	0.04620518	0.46886990	0.04655998	0.46965983	0.65748250	0.65676605	0.34310708	0.34301431	0.65760576	0.65667196	0.34312737	0.34310938	60062	56064	0
60062	56069	0.00131930	0.04675690	0.46777667	0.04652643	0.46827560	0.65740945	0.65671995	0.34297273	0.34294964	0.65755720	0.65669892	0.34308974	0.34299574	60062	56067	0
60062	56072	0.00194430	0.04674151	0.46924147	0.04678003	0.46736646	0.65743493	0.65671535	0.34302655	0.34310823	0.65737806	0.65642027	0.34303000	0.34293008	60062	56070	0
60062	56190	0.00251091	0.04575644	0.46980718	0.04593901	0.46810734	0.65720822	0.65634558	0.34220648	0.34209859	0.65707559	0.65626497	0.34210187	0.34217139	60062	56188	0
60062	56193	0.00147951	0.04632643	0.46581410	0.04650105	0.46890832	0.65702744	0.65642151	0.34220278	0.34217640	0.65714560	0.65647270	0.34235447	0.34218898	60062	56192	0
60062	56197	0.00113425	0.04676513	0.46765758	0.04697726	0.46869336	0.65725818	0.65628461	0.34231223	0.34222587	0.65709843	0.65640129	0.34227509	0.34228413	60062	56195	0
60062	56200	0.00083086	0.04705210	0.46712293	0.04721318	0.46803308	0.65715973	0.65666062	0.34237271	0.34235200	0.65720033	0.65634936	0.34235817	0.34224682	60062	56198	0
60062	56203	0.00057982	0.04733240	0.46795600	0.04726233	0.46870913	0.65731767	0.65653203	0.34236606	0.34238931	0.65731405	0.65646514	0.34244124	0.34230895	60062	56202	0
60062	56321	0.00102111	0.04540733	0.46852041	0.04572900	0.46719653	0.65749319	0.65672735	0.34257502	0.34260591	0.65748694	0.65667920	0.34264757	0.34248011	60062	56320	0
60062	56325	0.00141118	0.04588271	0.46870111	0.04607379	0.46753090	0.65755531	0.65689292	0.34273172	0.34268463	0.65762499	0.65686515	0.34260296	0.34272712	60062	56323	0
60062	56328	0.00174991	0.04650450	0.46793312	0.04640084	0.46691695	0.65765597	0.65687632	0.34273739	0.34261627	0.65768966	0.65686466	0.34261035	0.34257806	60062	56326	0
60062	56331	0.00079799	0.04691073	0.46741622	0.04758601	0.47027198	0.65757676	0.65695841	0.34266072	0.34260895	0.65762902	0.65691273	0.34275177	0.34264774	60062	56330	0
60062	56334	0.00116890	0.04696511	0.46771485	0.04713972	0.46660210	0.65764972	0.65683006	0.34260402	0.34251166	0.65749877	0.65673187	0.34257296	0.34250994	60062	56333	0
60062	56453	0.00162932	0.04547824	0.46806135	0.04579149	0.46668009	0.65856216	0.65779550	0.34374810	0.34374917	0.65843331	0.65774964	0.34371548	0.34368483	60062	56451	0
60062	56456	0.00119110	0.04586369	0.46824294	0.04615898	0.46955761	0.65850258	0.65768489	0.34369411	0.34369493	0.65843643	0.65782771	0.34372427	0.34374719	60062	56454	0
60062	56459	0.00097622	0.04656107	0.46596022	0.04652969	0.46660485	0.65857514	0.65789016	0.34374177	0.34373980	0.65849264	0.65781300	0.34372065	0.34380159	60062	56458	0
60062	56462	0.00045729	0.04700366	0.46696709	0.04690441	0.46852389	0.65854876	0.65804464	0.34371252	0.34392625	0.65849691	0.65770420	0.34378228	0.34368047	60062	56461	0
60062	56466	0.00122298	0.04692745	0.46886679	0.04711713	0.46656969	0.65837694	0.65756081	0.34370940	0.34360685	0.65867917	0.65787307	0.34400439	0.34385648	60062	56464	0
60062	56584	0.00051784	0.04584008	0.46791106	0.04601068	0.47002648	0.65740452	0.65662085	0.34252974	0.34245644	0.65740674	0.65669029	0.34257937	0.34245324	60062	56582	0
60062	56587	0.00067027	0.04626240	0.46836932	0.04657054	0.46791203	0.65735185	0.65655462	0.34253894	0.34245792	0.65746574	0.65668988	0.34253229	0.34243845	60062	56586	0
60062	56590	0.00180167	0.04653181	0.47076848	0.04705394	0.46737428	0.65753715	0.65653605	0.34260838	0.34253779	0.65756196	0.65654230	0.34256573	0.34243689	60062	56589	0
60062	56594	0.00114021	0.04692547	0.46536078	0.04725258	0.46734515	0.65726623	0.65670615	0.34252235	0.34246179	0.65733501	0.65662603	0.34258381	0.34260419	60062	56592	0
60062	56597	0.00148942	0.04723657	0.46854594	0.04718007	0.46749832	0.65746854	0.65686696	0.34248677	0.34256425	0.65749614	0.65682176	0.34268915	0.34264338	60062	56595	0
60062	56715	0.00215488	0.04534580	0.46796607	0.04561202	0.46596969	0.65786879	0.65733394	0.34301661	0.34299344	0.65795647	0.65707806	0.34307092	0.34297766	60062	56714	0
60062	56718	0.00056961	0.04599133	0.46593243	0.04614535	0.47068824	0.65792952	0.65702941	0.34298875	0.34282186	0.65792229	0.65703623	0.34303148	0.34291948	60062	56717	0
60062	56722	0.00053891	0.04633255	0.46827696	0.04650490	0.46836905	0.65784513	0.65706803	0.34288669	0.34286804	0.65785195	0.65694075	0.34297618	0.34288513	60062	56720	0
60062	56725	0.00035787	0.04667769	0.46763836	0.04695714	0.46818150	0.65784348	0.65703352	0.34300223	0.34284733	0.65765539	0.65679949	0.34282030	0.34266015	60062	56723	0
60062	56728	0.00116385	0.04704571	0.47000333	0.04690255	0.46758538	0.65762302	0.65679235	0.34285637	0.34262498	0.65778826	0.65676613	0.34278760	0.34260049	60062	56727	0
60062	56846	0.00132336	0.04533815	0.46873185	0.04552829	0.46825333	0.65788580	0.65719080	0.34332935	0.34313535	0.65765556	0.65699646	0.34327405	0.34313559	60062	56845	0
60062	56850	0.00087832	0.04582818	0.46781149	0.04592298	0.46914662	0.65777315	0.65722481	0.34313058	0.34302096	0.65812361	0.65705751	0.34336822	0.34315334	60062	56848	0
60062	56853	0.00210492	0.04606802	0.46943008	0.04644396	0.46575026	0.65761940	0.65693524	0.34304553	0.34314052	0.65763855	0.65691371	0.34297577	0.34303156	60062	56851	0
60062	56856	0.00127410	0.04670659	0.46856317	0.04667903	0.47105564	0.65779574	0.65691536	0.34316230	0.34303312	0.65759146	0.65704749	0.34301858	0.34297938	60062	56855	0
60062	56859	0.00097536	0.04693003	0.46710881	0.04684199	0.46800501	0.65786740	0.65706836	0.34314833	0.34298883	0.65772072	0.65692062	0.34311464	0.34296032	60062	56858	0
60062	56978	0.00095911	0.04560545	0.46702435	0.04585832	0.46707312	0.65670837	0.65598854	0.34212915	0.34210048	0.65686334	0.65630926	0.34217443	0.34209193	60062	56976	0
60062	56981	-0.00005956	0.04611490	0.46709421	0.04620030	0.47015022	0.65683097	0.65613004	0.34209440	0.34197319	0.65661017	0.65583776	0.34207410	0.34195988	60062	56979	0
60062	56984	0.00154470	0.04664824	0.47084376	0.04695883	0.46603097	0.65671116	0.65583398	0.34199513	0.34188576	0.65664509	0.65583628	0.34201222	0.34190787	60062	56983	0
60062	56987	0.00158018	0.04710439	0.46901678	0.04714178	0.46891034	0.65677912	0.65596849	0.34204000	0.34194041	0.65665561	0.65586570	0.34197640	0.34198157	60062	56986	0
60062	56991	0.00087060	0.04722155	0.46543959	0.04739397	0.46756831	0.65664657	0.65583447	0.34188198	0.34187451	0.65687435	0.65603070	0.34201600	0.34195594	60062	56989	0
60062	57109	0.00014884	0.04541100	0.46723029	0.04574473	0.46939557	0.65703352	0.65621049	0.34219037	0.34218996	0.65693623	0.65613013	0.34217279	0.34207977	60062	57107	0
60062	57112	0.00104152	0.04585842	0.46878119	0.04603500	0.46610316	0.65677451	0.65608394	0.34214214	0.34208445	0.65706105	0.65610679	0.34222751	0.34208996	60062	57111	0
60062	57115	0.00153919	0.04627120	0.46902232	0.04658535	0.46752931	0.65675841	0.65623046	0.34206827	0.34211642	0.65705447	0.65615847	0.34223672	0.34210491	60062	57114	0
60062	57119	0.00128290	0.04657201	0.46769800	0.04693234	0.46846688	0.65687074	0.65614911	0.34216556	0.34211617	0.65719063	0.65645692	0.34240985	0.34239087	60062	57117	0
60062	57122	0.00104967	0.04698793	0.46734339	0.04712949	0.46804306	0.65694560	0.65608871	0.34210935	0.34203301	0.65689794	0.65640080	0.34221839	0.34232809	60062	57120	0
60062	57240	0.00063598	0.04561834	0.46911771	0.04597774	0.47035881	0.65759598	0.65701602	0.34274544	0.34285991	0.65755514	0.65691856	0.34263188	0.34269228	60062	57239	0
60062	57243	0.00034433	0.04601047	0.46716622	0.04641606	0.46804115	0.65758127	0.65672308	0.34267749	0.34261635	0.65761291	0.65664477	0.34267724	0.34264363	60062	57242	0
60062	57247	0.00053917	0.04648724	0.46782007	0.04666361	0.46723556	0.65752055	0.65667369	0.34267979	0.34254026	0.65748727	0.65685225	0.34255234	0.34263106	60062	57245	0
60062	57250	0.00053194	0.04676357	0.46584564	0.04692401	0.46586732	0.65744947	0.65667698	0.34260986	0.34259342	0.65747166	0.65676334	0.34261528	0.34256277	60062	57248	0
60062	57253	0.00120965	0.04706565	0.46949946	0.04719040	0.46746632	0.65738028	0.65677969	0.34260854	0.34260739	0.65757273	0.65670746	0.34269836	0.34262605	60062	57252	0
