% File initiated 06/12/2022 13:15:12 UTC
% Raw fountain data
%
% File notes: maser 5 MHz RF amplitudes 280 800 1280 1740 2200 2660 1280 microwave leakage pio2 3pio2 5pio2 7pio2 9pio2 11pio2 no water cooling
%
%% fountain_code = ALPHA-CsF1
%% microwave_ref = ALPHA HM1
%% MJD_start = 59919.552225
%% clock_data = False
%% sequence = 8
%% density = LD
%
% Units: V.s, Hz
%
% Shot B MJD days	Shot B MJD seconds	freq error	shot A sum	shot A ratio	shot B sum	shot B ratio	shot A F=3 bg 1	shot A F=3 bg 2	shot A F=4 bg 1	shot A F=4 bg 2	shot B F=3 bg 1	shot B F=3 bg 2	shot B F=4 bg 1	shot B F=4 bg 2	Shot A MJD days	Shot A MJD seconds	Shot order (0=LF->HF)
59919	48074	0.00045172	0.00620409	0.49156899	0.00621356	0.49114437	0.58631982	0.58565973	0.31989698	0.31994809	0.58642040	0.58575481	0.31995080	0.31994037	59919	48072	0
59919	48077	0.00025595	0.00631401	0.49013194	0.00626802	0.49031596	0.58635400	0.58560887	0.31981637	0.31990553	0.58641785	0.58570246	0.31988219	0.31987488	59919	48075	0
59919	48080	-0.00094435	0.00628038	0.48920013	0.00626828	0.49032842	0.58652558	0.58564642	0.31990840	0.31999855	0.58643634	0.58568644	0.31991777	0.31994801	59919	48079	0
59919	48084	0.00127293	0.00623026	0.49114569	0.00621518	0.48906144	0.58643330	0.58568200	0.31985212	0.32002246	0.58641653	0.58564938	0.31987184	0.31994168	59919	48082	0
59919	48087	-0.00178260	0.00628250	0.48833190	0.00632769	0.49120410	0.58643609	0.58560747	0.31989148	0.31991547	0.58657422	0.58583698	0.31997726	0.32005779	59919	48085	0
59919	48090	0.00063752	0.00619755	0.49073300	0.00624824	0.48845809	0.58642672	0.58580567	0.31990117	0.32003906	0.58645170	0.58577149	0.31991596	0.32001013	59919	48088	0
59919	48093	0.00055758	0.00629385	0.49012487	0.00628040	0.49020002	0.58642089	0.58568258	0.31987348	0.31995664	0.58650807	0.58574010	0.31996108	0.32007414	59919	48092	0
59919	48097	0.00018383	0.00629009	0.48960556	0.00623226	0.48995688	0.58646124	0.58575382	0.31995886	0.31999288	0.58652270	0.58578891	0.32004925	0.32003996	59919	48095	0
59919	48100	-0.00047317	0.00627669	0.49063620	0.00621200	0.49125379	0.58641259	0.58578973	0.31999814	0.32007653	0.58647364	0.58577321	0.31994998	0.31995269	59919	48098	0
59919	48103	0.00066663	0.00625221	0.49117177	0.00623261	0.49010036	0.58654579	0.58585202	0.31995664	0.32002427	0.58653314	0.58575850	0.31996091	0.31999707	59919	48101	0
59919	48106	0.00036169	0.00628553	0.49008697	0.00622224	0.49037360	0.58662369	0.58567814	0.31996781	0.32006059	0.58648022	0.58575308	0.32002377	0.31996042	59919	48105	0
59919	48110	-0.00023473	0.00624723	0.49039948	0.00622617	0.49096011	0.58649246	0.58572621	0.32006404	0.32010594	0.58660208	0.58602088	0.32000348	0.32013142	59919	48108	0
59919	48113	-0.00053182	0.00622304	0.48945291	0.00627161	0.48973217	0.58646477	0.58576031	0.31991785	0.32007102	0.58654571	0.58583517	0.32000085	0.32010972	59919	48111	0
59919	48116	0.00063619	0.00624786	0.49158807	0.00624716	0.49049013	0.58668762	0.58596829	0.32010315	0.32010332	0.58656239	0.58601767	0.31994481	0.32025566	59919	48115	0
59919	48119	0.00193612	0.00629383	0.49066014	0.00626697	0.48943821	0.58664637	0.58587445	0.32009198	0.32009066	0.58650898	0.58582375	0.32008655	0.32017144	59919	48118	0
59919	48123	0.00217630	0.00628453	0.48969967	0.00626948	0.48947389	0.58670512	0.58584536	0.32002542	0.32013635	0.58662895	0.58591504	0.32012887	0.32021071	59919	48121	0
59919	48126	-0.00000380	0.00625339	0.48945810	0.00628798	0.49150740	0.58666231	0.58589992	0.32009222	0.32012797	0.58664949	0.58596171	0.32007349	0.32024087	59919	48124	0
59919	48129	-0.00013611	0.00626766	0.48965071	0.00619973	0.48977508	0.58667373	0.58586237	0.32010562	0.32009888	0.58656066	0.58594890	0.32004604	0.32019551	59919	48128	0
59919	48132	-0.00021619	0.00622847	0.49064286	0.00630412	0.49071813	0.58669041	0.58594914	0.32016486	0.32019798	0.58673257	0.58594002	0.32010028	0.32026437	59919	48131	0
59919	48136	0.00016635	0.00628797	0.49156227	0.00622636	0.49120269	0.58669058	0.58590625	0.32014407	0.32018499	0.58682723	0.58593871	0.32022633	0.32027711	59919	48134	0
59919	48139	-0.00176635	0.00628576	0.48833193	0.00621880	0.49014867	0.58654949	0.58587732	0.32013676	0.32025147	0.58665204	0.58599187	0.32017250	0.32030480	59919	48137	0
59919	48142	0.00280133	0.00621653	0.49285824	0.00625975	0.48856462	0.58662607	0.58585374	0.32011194	0.32023438	0.58650060	0.58595539	0.32009518	0.32021860	59919	48141	0
59919	48146	-0.00024933	0.00627023	0.48834865	0.00623991	0.49121627	0.58652286	0.58599450	0.32012082	0.32029617	0.58677053	0.58599064	0.32026265	0.32028779	59919	48144	0
59919	48149	0.00156145	0.00626493	0.49165741	0.00624518	0.48995528	0.58669608	0.58588036	0.32020143	0.32021219	0.58660109	0.58586171	0.32009822	0.32015032	59919	48147	0
59919	48152	0.00078852	0.00630598	0.49067917	0.00619198	0.49140572	0.58663347	0.58593180	0.32005607	0.32013216	0.58665590	0.58589384	0.32002435	0.32013216	59919	48150	0
59919	48155	-0.00078439	0.00632031	0.48952317	0.00625568	0.49100171	0.58661909	0.58590806	0.32007694	0.32008113	0.58661868	0.58591668	0.32010701	0.32015032	59919	48154	0
59919	48159	0.00121204	0.00627258	0.49061697	0.00630357	0.48874033	0.58667086	0.58591233	0.31997932	0.32007069	0.58667118	0.58593476	0.32006609	0.32020710	59919	48157	0
59919	48162	-0.00081260	0.00628080	0.48897739	0.00629259	0.49088055	0.58667924	0.58596895	0.32010594	0.32018738	0.58671424	0.58598497	0.32009395	0.32011605	59919	48160	0
59919	48165	-0.00046942	0.00632465	0.49009112	0.00628988	0.48976852	0.58670594	0.58584454	0.32007152	0.32014284	0.58666453	0.58599606	0.32008516	0.32016108	59919	48163	0
59919	48168	0.00095192	0.00625862	0.49114353	0.00625313	0.48980747	0.58664768	0.58586377	0.32006453	0.32011285	0.58660347	0.58586196	0.32009222	0.32014941	59919	48167	0
59919	48874	0.00269880	0.00625111	0.49266955	0.00623097	0.49102748	0.58637964	0.58555595	0.31892391	0.31900616	0.58630930	0.58545956	0.31898586	0.31898332	59919	48873	0
59919	48877	0.00209146	0.00634922	0.49020142	0.00622360	0.49077232	0.58619040	0.58543598	0.31893664	0.31894881	0.58608941	0.58549317	0.31891618	0.31898685	59919	48876	0
59919	48881	0.00064532	0.00621708	0.48996540	0.00625847	0.49132477	0.58618152	0.58545389	0.31884938	0.31894954	0.58625885	0.58543253	0.31882875	0.31877813	59919	48879	0
59919	48884	0.00095559	0.00626538	0.49187023	0.00622442	0.49157857	0.58620642	0.58536794	0.31875143	0.31885677	0.58627709	0.58546318	0.31883861	0.31882062	59919	48882	0
59919	48887	0.00128898	0.00626288	0.49142141	0.00621349	0.49110803	0.58621899	0.58551741	0.31888677	0.31890443	0.58619977	0.58552169	0.31886400	0.31894042	59919	48886	0
59919	48891	0.00063562	0.00623108	0.49050674	0.00624285	0.49112090	0.58626616	0.58544214	0.31883508	0.31884305	0.58624759	0.58542678	0.31881454	0.31885275	59919	48889	0
59919	48894	0.00003420	0.00620109	0.49191526	0.00631586	0.49248060	0.58622277	0.58548397	0.31884256	0.31882883	0.58629122	0.58543664	0.31882760	0.31884724	59919	48892	0
59919	48897	-0.00058461	0.00619720	0.49067521	0.00624259	0.49125689	0.58619935	0.58543795	0.31874773	0.31882752	0.58628120	0.58553755	0.31880427	0.31883385	59919	48895	0
59919	48900	-0.00214536	0.00622517	0.49241989	0.00632229	0.49388700	0.58626033	0.58540007	0.31886006	0.31880492	0.58614504	0.58534337	0.31875973	0.31878027	59919	48899	0
59919	48904	-0.00061055	0.00633223	0.49216809	0.00622593	0.49072537	0.58621645	0.58546663	0.31880944	0.31885579	0.58616805	0.58534995	0.31869859	0.31875069	59919	48902	0
59919	48907	0.00325942	0.00619393	0.49299484	0.00627169	0.48935706	0.58612556	0.58526630	0.31872982	0.31878306	0.58615876	0.58530418	0.31884017	0.31885110	59919	48905	0
59919	48910	-0.00070796	0.00624263	0.48944546	0.00629224	0.49317480	0.58615868	0.58543245	0.31876244	0.31884552	0.58614455	0.58545578	0.31872004	0.31883533	59919	48908	0
59919	48913	-0.00040600	0.00630169	0.49105697	0.00623162	0.49077313	0.58625934	0.58540295	0.31879062	0.31884543	0.58613362	0.58537756	0.31877016	0.31881174	59919	48912	0
59919	48917	0.00153539	0.00627326	0.49210128	0.00621512	0.49027637	0.58610412	0.58529004	0.31875652	0.31881667	0.58599631	0.58530820	0.31869514	0.31876244	59919	48915	0
59919	48920	-0.00061788	0.00628508	0.49000677	0.00631742	0.49203084	0.58602203	0.58533088	0.31869243	0.31877197	0.58606492	0.58536194	0.31864937	0.31872990	59919	48918	0
59919	48923	-0.00116669	0.00623725	0.49183145	0.00627073	0.49234733	0.58602647	0.58536918	0.31879917	0.31881478	0.58612754	0.58538487	0.31881454	0.31889679	59919	48922	0
59919	48926	0.00026857	0.00626845	0.49181862	0.00623000	0.49046948	0.58614964	0.58543656	0.31878553	0.31881018	0.58615942	0.58550533	0.31881651	0.31892498	59919	48925	0
59919	48930	0.00096783	0.00624276	0.49224197	0.00628752	0.49158467	0.58619993	0.58543023	0.31872497	0.31883787	0.58629985	0.58538208	0.31883968	0.31882243	59919	48928	0
59919	48933	0.00094604	0.00618656	0.49063553	0.00631128	0.49065601	0.58601693	0.58545077	0.31874239	0.31873171	0.58623009	0.58534650	0.31884354	0.31886072	59919	48931	0
59919	48936	-0.00010492	0.00618879	0.49124515	0.00627305	0.49223305	0.58620272	0.58548027	0.31880509	0.31884683	0.58603181	0.58545422	0.31887649	0.31892876	59919	48935	0
59919	48939	0.00122756	0.00623719	0.49161215	0.00624697	0.49035961	0.58615268	0.58546860	0.31889827	0.31897288	0.58618424	0.58546203	0.31891166	0.31885587	59919	48938	0
59919	48943	0.00061107	0.00629022	0.49043792	0.00628309	0.49101742	0.58617610	0.58530352	0.31893763	0.31892111	0.58613132	0.58529859	0.31894108	0.31885209	59919	48941	0
59919	48946	0.00037741	0.00621321	0.49089259	0.00619350	0.49111223	0.58606944	0.58533113	0.31889695	0.31895850	0.58603411	0.58531593	0.31889531	0.31894667	59919	48944	0
59919	48949	0.00066742	0.00622919	0.49165730	0.00627377	0.49138469	0.58609385	0.58548159	0.31897206	0.31904782	0.58622080	0.58549498	0.31897313	0.31911035	59919	48948	0
59919	48953	0.00029997	0.00628997	0.49105180	0.00629187	0.49139721	0.58615013	0.58535578	0.31890534	0.31894815	0.58621834	0.58546178	0.31891774	0.31896885	59919	48951	0
59919	48956	0.00136698	0.00623815	0.49093164	0.00620778	0.48992866	0.58622335	0.58552736	0.31894872	0.31909162	0.58620223	0.58549934	0.31899326	0.31911126	59919	48954	0
59919	48959	0.00154628	0.00632394	0.49074281	0.00626125	0.49057427	0.58620905	0.58553155	0.31901372	0.31908127	0.58631341	0.58560624	0.31915259	0.31915086	59919	48957	0
59919	48962	-0.00057853	0.00625018	0.49036142	0.00623708	0.49235874	0.58630757	0.58556918	0.31909597	0.31923871	0.58646929	0.58566023	0.31922572	0.31931455	59919	48961	0
59919	48966	0.00027254	0.00618951	0.49142885	0.00626439	0.49062884	0.58643979	0.58570255	0.31924281	0.31930880	0.58643511	0.58569655	0.31922712	0.31928004	59919	48964	0
59919	48969	0.00159781	0.00623903	0.49187908	0.00625003	0.49063334	0.58632886	0.58571997	0.31922868	0.31930847	0.58638391	0.58560936	0.31925309	0.31925350	59919	48967	0
59919	49675	0.00040582	0.00631726	0.49065627	0.00630767	0.49177674	0.58707917	0.58629969	0.31932992	0.31941768	0.58718878	0.58640026	0.31938900	0.31950749	59919	49673	0
59919	49678	0.00293378	0.00623959	0.49172731	0.00631104	0.48935103	0.58708541	0.58639385	0.31935276	0.31942450	0.58710653	0.58628292	0.31935309	0.31939491	59919	49676	0
59919	49681	0.00054374	0.00631827	0.48983999	0.00626185	0.49208663	0.58713882	0.58647438	0.31939935	0.31948169	0.58710916	0.58644866	0.31932885	0.31943773	59919	49680	0
59919	49685	0.00038841	0.00631717	0.49077634	0.00633170	0.49092235	0.58710669	0.58635893	0.31935884	0.31940913	0.58729265	0.58644677	0.31946287	0.31942367	59919	49683	0
59919	49688	0.00075425	0.00638100	0.49121424	0.00633992	0.49087034	0.58730990	0.58650692	0.31937774	0.31949155	0.58735140	0.58656683	0.31953781	0.31956567	59919	49686	0
59919	49691	-0.00076627	0.00636065	0.49047663	0.00635697	0.49190592	0.58728607	0.58662024	0.31938308	0.31947783	0.58723028	0.58647011	0.31946903	0.31944972	59919	49689	0
59919	49694	0.00060633	0.00631806	0.49247229	0.00634373	0.49118204	0.58733061	0.58661514	0.31944693	0.31955638	0.58728270	0.58654259	0.31941538	0.31950174	59919	49693	0
59919	49698	-0.00097537	0.00636167	0.48963522	0.00628918	0.49112202	0.58722880	0.58650536	0.31938062	0.31942154	0.58735510	0.58662566	0.31939368	0.31950412	59919	49696	0
59919	49701	0.00160551	0.00628626	0.49336752	0.00627524	0.49094150	0.58738180	0.58662829	0.31943140	0.31948695	0.58732856	0.58654924	0.31939878	0.31951735	59919	49699	0
59919	49704	-0.00010239	0.00629964	0.49008333	0.00632968	0.49168875	0.58724047	0.58647907	0.31939401	0.31946977	0.58735592	0.58654949	0.31940691	0.31949434	59919	49702	0
59919	49707	-0.00087526	0.00634362	0.49184122	0.00631958	0.49256771	0.58741426	0.58662484	0.31945753	0.31951258	0.58731023	0.58660430	0.31944216	0.31945917	59919	49706	0
59919	49711	-0.00013546	0.00633315	0.49233764	0.00637821	0.49164223	0.58731820	0.58656214	0.31942220	0.31943600	0.58727958	0.58649221	0.31944594	0.31941464	59919	49709	0
59919	49714	-0.00023741	0.00629775	0.49181050	0.00635121	0.49190634	0.58721532	0.58662213	0.31935695	0.31945416	0.58728583	0.58647307	0.31931118	0.31937503	59919	49712	0
59919	49717	0.00000336	0.00631823	0.49194863	0.00628903	0.49172231	0.58732420	0.58644546	0.31936287	0.31946846	0.58719922	0.58646214	0.31937782	0.31945704	59919	49716	0
59919	49720	0.00121281	0.00633077	0.49166553	0.00631646	0.49052865	0.58731705	0.58645137	0.31943764	0.31944315	0.58732182	0.58638457	0.31939656	0.31946041	59919	49719	0
59919	49724	0.00126566	0.00631289	0.49122565	0.00629373	0.49117597	0.58728936	0.58654891	0.31940757	0.31948662	0.58729651	0.58649106	0.31944101	0.31942417	59919	49722	0
59919	49727	0.00184366	0.00624924	0.49140347	0.00633969	0.49086016	0.58720785	0.58652377	0.31935317	0.31941948	0.58736422	0.58661662	0.31946246	0.31950782	59919	49725	0
59919	49730	0.00301058	0.00627797	0.49233915	0.00636256	0.49124224	0.58744056	0.58667316	0.31947552	0.31952097	0.58743365	0.58656411	0.31940839	0.31951094	59919	49729	0
59919	49733	0.00003199	0.00631816	0.48995191	0.00634290	0.49275179	0.58732256	0.58656674	0.31939606	0.31948588	0.58729092	0.58660200	0.31926245	0.31942967	59919	49732	0
59919	49737	0.00002532	0.00636657	0.49121342	0.00635258	0.49121968	0.58738583	0.58649435	0.31937347	0.31944594	0.58746586	0.58672188	0.31947889	0.31949155	59919	49735	0
59919	49740	-0.00060439	0.00635237	0.49274061	0.00635434	0.49333254	0.58736027	0.58661210	0.31938859	0.31945474	0.58751911	0.58670923	0.31952220	0.31948489	59919	49738	0
59919	49743	-0.00160378	0.00635410	0.49118194	0.00629384	0.49212137	0.58738419	0.58674695	0.31942359	0.31960552	0.58733250	0.58661909	0.31931430	0.31942220	59919	49742	0
59919	49747	-0.00003049	0.00626019	0.49142560	0.00637586	0.48994671	0.58726471	0.58662048	0.31936426	0.31934134	0.58735748	0.58654316	0.31932515	0.31939097	59919	49745	0
59919	49750	-0.00079156	0.00636165	0.49023969	0.00629866	0.49095509	0.58737548	0.58650594	0.31934043	0.31937930	0.58742881	0.58655705	0.31936484	0.31939886	59919	49748	0
59919	49753	0.00156967	0.00631080	0.49318316	0.00636189	0.49096361	0.58737013	0.58660471	0.31935112	0.31942113	0.58741056	0.58674555	0.31936615	0.31946624	59919	49751	0
59919	49756	-0.00038463	0.00634530	0.49084208	0.00632707	0.49267912	0.58745181	0.58660052	0.31942745	0.31945408	0.58735575	0.58667751	0.31928020	0.31940757	59919	49755	0
59919	49760	-0.00018954	0.00631522	0.49271170	0.00635026	0.49252832	0.58742297	0.58663429	0.31930863	0.31941653	0.58730637	0.58662106	0.31919959	0.31936821	59919	49758	0
59919	49763	0.00060240	0.00626749	0.49277839	0.00634094	0.49203397	0.58735132	0.58659937	0.31929557	0.31935703	0.58728517	0.58665861	0.31932137	0.31933526	59919	49761	0
59919	49766	0.00293388	0.00631547	0.49288348	0.00635715	0.49069189	0.58732543	0.58656872	0.31919524	0.31935498	0.58731352	0.58649575	0.31933937	0.31938916	59919	49764	0
59919	49769	0.00119271	0.00636153	0.49035058	0.00632286	0.49198728	0.58742741	0.58661785	0.31938974	0.31950700	0.58724589	0.58650010	0.31932844	0.31932827	59919	49768	0
59919	50475	0.00125139	0.00632653	0.49201712	0.00633320	0.49196196	0.58739643	0.58664399	0.31912399	0.31919376	0.58751665	0.58680233	0.31912391	0.31921562	59919	50474	0
59919	50478	-0.00003866	0.00626074	0.49111135	0.00637284	0.49232399	0.58750884	0.58663560	0.31915021	0.31913944	0.58758107	0.58667431	0.31909540	0.31916352	59919	50477	0
59919	50482	0.00157105	0.00635904	0.49215872	0.00630372	0.49064560	0.58747400	0.58672279	0.31901906	0.31912137	0.58740851	0.58662426	0.31904692	0.31901988	59919	50480	0
59919	50485	0.00013672	0.00636609	0.49136325	0.00634123	0.49271153	0.58735156	0.58675656	0.31905760	0.31925333	0.58752002	0.58678663	0.31906450	0.31912868	59919	50483	0
59919	50488	0.00384456	0.00627549	0.49289706	0.00638398	0.48941169	0.58760646	0.58682994	0.31910099	0.31923246	0.58743431	0.58661802	0.31915029	0.31917469	59919	50487	0
59919	50492	0.00020205	0.00627614	0.48903074	0.00631488	0.49245470	0.58733694	0.58650684	0.31908217	0.31904905	0.58726701	0.58652878	0.31896762	0.31898217	59919	50490	0
59919	50495	0.00213670	0.00629409	0.49252378	0.00631161	0.49070520	0.58730095	0.58655236	0.31903771	0.31910625	0.58717588	0.58650972	0.31890460	0.31898406	59919	50493	0
59919	50498	0.00100067	0.00630391	0.49030539	0.00627670	0.49137326	0.58723192	0.58654135	0.31901980	0.31909548	0.58725394	0.58645014	0.31899466	0.31907806	59919	50496	0
59919	50501	-0.00058940	0.00635362	0.49059231	0.00632880	0.49208698	0.58718459	0.58643626	0.31895768	0.31899761	0.58727194	0.58650701	0.31894741	0.31904815	59919	50500	0
59919	50505	-0.00130565	0.00629878	0.49054929	0.00631198	0.49122256	0.58746036	0.58667595	0.31919039	0.31917658	0.58744631	0.58678023	0.31918883	0.31918275	59919	50503	0
59919	50508	0.00177300	0.00633329	0.49370663	0.00634289	0.49081270	0.58750145	0.58663593	0.31914897	0.31915727	0.58736274	0.58665278	0.31921307	0.31921619	59919	50506	0
59919	50511	-0.00112869	0.00632979	0.49051458	0.00628201	0.49324217	0.58740161	0.58659238	0.31909392	0.31921167	0.58741475	0.58673856	0.31912720	0.31915547	59919	50509	0
59919	50514	0.00151696	0.00627189	0.49378336	0.00630231	0.49129646	0.58739462	0.58664850	0.31915916	0.31923969	0.58735510	0.58660824	0.31913254	0.31917847	59919	50513	0
59919	50518	0.00067563	0.00629363	0.49132937	0.00629481	0.49212022	0.58746775	0.58667702	0.31909096	0.31921274	0.58735444	0.58667989	0.31919811	0.31922342	59919	50516	0
59919	50521	0.00219631	0.00632519	0.49257379	0.00628481	0.49114435	0.58740235	0.58673577	0.31909302	0.31924281	0.58721656	0.58646148	0.31912621	0.31915999	59919	50519	0
59919	50524	-0.00111879	0.00633198	0.48984200	0.00630454	0.49295820	0.58743612	0.58662878	0.31927585	0.31929278	0.58739857	0.58667159	0.31922893	0.31925333	59919	50523	0
59919	50527	0.00094521	0.00630459	0.49260218	0.00628736	0.49066202	0.58728073	0.58655360	0.31919713	0.31925070	0.58744327	0.58673109	0.31927075	0.31930863	59919	50526	0
59919	50531	0.00260508	0.00633387	0.49296227	0.00630742	0.49140199	0.58745469	0.58665204	0.31920025	0.31933542	0.58743185	0.58661588	0.31925876	0.31926180	59919	50529	0
59919	50534	0.00120583	0.00627734	0.49163281	0.00635261	0.49294810	0.58743809	0.58652549	0.31915867	0.31917231	0.58722716	0.58638958	0.31905094	0.31917683	59919	50532	0
59919	50537	-0.00008667	0.00632357	0.49118563	0.00638279	0.49240058	0.58731368	0.58659419	0.31920403	0.31928538	0.58739142	0.58665039	0.31923065	0.31924421	59919	50536	0
59919	50540	-0.00272350	0.00630662	0.49052115	0.00633869	0.49299977	0.58753333	0.58681687	0.31932145	0.31933509	0.58760819	0.58660364	0.31933846	0.31935358	59919	50539	0
59919	50544	-0.00145178	0.00630921	0.49289179	0.00634696	0.49169637	0.58728648	0.58661638	0.31911364	0.31922227	0.58748378	0.58661457	0.31927075	0.31928973	59919	50542	0
59919	50547	0.00075777	0.00630911	0.49224828	0.00632409	0.49017131	0.58742609	0.58677275	0.31921668	0.31940938	0.58745970	0.58662081	0.31931784	0.31940387	59919	50545	0
59919	50550	0.00313785	0.00627092	0.49258238	0.00633102	0.49034509	0.58752716	0.58681457	0.31933246	0.31941899	0.58754910	0.58685360	0.31937182	0.31941546	59919	50549	0
59919	50554	0.00017636	0.00628774	0.48996629	0.00626910	0.49275009	0.58749643	0.58677603	0.31934964	0.31952976	0.58763604	0.58677505	0.31939434	0.31942441	59919	50552	0
59919	50557	0.00304935	0.00633734	0.49381074	0.00627116	0.49111013	0.58741443	0.58664029	0.31929483	0.31935999	0.58736652	0.58657710	0.31930847	0.31942400	59919	50555	0
59919	50560	0.00172047	0.00630998	0.49103070	0.00627744	0.49227984	0.58749923	0.58676585	0.31932244	0.31940009	0.58742650	0.58668080	0.31929943	0.31941907	59919	50558	0
59919	50563	0.00092229	0.00630742	0.49126520	0.00635837	0.49201548	0.58741377	0.58666371	0.31927626	0.31933419	0.58755108	0.58673158	0.31938177	0.31942293	59919	50562	0
59919	50567	-0.00429611	0.00626450	0.48921314	0.00619246	0.49411843	0.58730760	0.58664234	0.31921783	0.31928965	0.58725740	0.58648794	0.31928579	0.31928423	59919	50565	0
59919	50570	0.00081037	0.00635930	0.49492605	0.00630436	0.49012597	0.58720103	0.58644497	0.31924339	0.31935892	0.58729232	0.58658310	0.31934035	0.31941012	59919	50568	0
59919	51276	0.00037689	0.00629993	0.49286775	0.00631093	0.49327522	0.58773514	0.58700406	0.31897954	0.31907149	0.58769956	0.58684991	0.31896532	0.31897609	59919	51274	0
59919	51279	0.00282949	0.00630483	0.49367561	0.00635481	0.49137016	0.58774763	0.58694843	0.31896220	0.31901914	0.58764056	0.58688639	0.31895735	0.31895957	59919	51277	0
59919	51282	0.00112180	0.00629387	0.49181094	0.00633320	0.49341616	0.58772175	0.58706676	0.31888496	0.31897190	0.58776176	0.58691186	0.31887263	0.31888520	59919	51281	0
59919	51285	-0.00013347	0.00639452	0.49121841	0.00635693	0.49239837	0.58774336	0.58695361	0.31893344	0.31899745	0.58786596	0.58705632	0.31896721	0.31909293	59919	51284	0
59919	51289	-0.00051517	0.00635974	0.49208646	0.00634528	0.49244527	0.58780236	0.58708032	0.31897239	0.31903541	0.58785823	0.58719601	0.31900394	0.31914437	59919	51287	0
59919	51292	0.00154648	0.00638234	0.49398236	0.00628646	0.49204441	0.58774911	0.58698187	0.31892317	0.31901651	0.58772618	0.58699067	0.31900148	0.31897370	59919	51290	0
59919	51295	0.00009439	0.00639030	0.49172619	0.00633975	0.49309115	0.58778083	0.58699765	0.31896286	0.31907518	0.58774459	0.58702000	0.31896327	0.31900715	59919	51294	0
59919	51299	0.00347827	0.00638619	0.49452152	0.00639920	0.49134067	0.58771764	0.58709848	0.31896187	0.31900608	0.58791575	0.58721902	0.31899827	0.31917798	59919	51297	0
59919	51302	0.00264140	0.00639562	0.49174644	0.00636071	0.49253310	0.58787680	0.58709741	0.31894478	0.31904979	0.58788346	0.58715107	0.31897896	0.31912958	59919	51300	0
59919	51305	0.00149089	0.00634030	0.49330896	0.00640163	0.49439045	0.58789529	0.58720587	0.31895382	0.31904971	0.58785404	0.58702838	0.31899663	0.31898849	59919	51303	0
59919	51308	-0.00168556	0.00636149	0.49087547	0.00636278	0.49386132	0.58781411	0.58697053	0.31893196	0.31897715	0.58778091	0.58701967	0.31882464	0.31889975	59919	51307	0
59919	51312	0.00049713	0.00635759	0.49343366	0.00636386	0.49138193	0.58776563	0.58698467	0.31895078	0.31889909	0.58769479	0.58704868	0.31881766	0.31891816	59919	51310	0
59919	51315	0.00239842	0.00639722	0.49257982	0.00635743	0.49079261	0.58777047	0.58697703	0.31883089	0.31898841	0.58772051	0.58699831	0.31889712	0.31893886	59919	51313	0
59919	51318	0.00166518	0.00630771	0.49240131	0.00637250	0.49309056	0.58768206	0.58691392	0.31879597	0.31882547	0.58773226	0.58693972	0.31889958	0.31898496	59919	51316	0
59919	51321	0.00279642	0.00634739	0.49310258	0.00633562	0.49203921	0.58766143	0.58693947	0.31881955	0.31893977	0.58774780	0.58695624	0.31888824	0.31898890	59919	51320	0
59919	51325	0.00091275	0.00636756	0.49216819	0.00636525	0.49393884	0.58795487	0.58707292	0.31890435	0.31898981	0.58785265	0.58709116	0.31887115	0.31899778	59919	51323	0
59919	51328	0.00110298	0.00636782	0.49258299	0.00632372	0.49240418	0.58783720	0.58707161	0.31888635	0.31895226	0.58795824	0.58705731	0.31891158	0.31888586	59919	51326	0
59919	51331	0.00021319	0.00629480	0.49323736	0.00636043	0.49407377	0.58787302	0.58710908	0.31882670	0.31886852	0.58775585	0.58702165	0.31880484	0.31887460	59919	51330	0
59919	51334	0.00056335	0.00645148	0.49297594	0.00630641	0.49264679	0.58768272	0.58696938	0.31876844	0.31882333	0.58771115	0.58703783	0.31883114	0.31890000	59919	51333	0
59919	51338	0.00059972	0.00640201	0.49258794	0.00634702	0.49255376	0.58783169	0.58704449	0.31883352	0.31890410	0.58785043	0.58715863	0.31883319	0.31894248	59919	51336	0
59919	51341	-0.00050051	0.00641874	0.49182302	0.00637418	0.49285724	0.58787557	0.58719240	0.31889613	0.31897650	0.58780301	0.58710152	0.31885061	0.31898989	59919	51339	0
59919	51344	0.00028927	0.00637961	0.49319202	0.00634525	0.49244963	0.58786160	0.58721269	0.31888520	0.31896302	0.58783104	0.58710587	0.31892621	0.31901010	59919	51343	0
59919	51347	0.00093448	0.00634491	0.49270177	0.00635726	0.49209527	0.58783810	0.58719675	0.31892251	0.31894552	0.58791855	0.58704145	0.31893673	0.31904117	59919	51346	0
59919	51351	-0.00052578	0.00634267	0.49195504	0.00634553	0.49332769	0.58782241	0.58717079	0.31891865	0.31911487	0.58799332	0.58714334	0.31898455	0.31902777	59919	51349	0
59919	51354	0.00131952	0.00633186	0.49352715	0.00640354	0.49179257	0.58789710	0.58710973	0.31901504	0.31900049	0.58790951	0.58720990	0.31888430	0.31904322	59919	51352	0
59919	51357	-0.00131150	0.00637483	0.49100465	0.00631394	0.49347780	0.58791773	0.58727054	0.31898340	0.31910238	0.58807426	0.58727909	0.31900641	0.31907675	59919	51356	0
59919	51361	0.00081735	0.00634224	0.49281090	0.00629098	0.49080977	0.58800507	0.58718886	0.31910740	0.31916081	0.58795889	0.58717991	0.31901117	0.31905333	59919	51359	0
59919	51364	0.00342068	0.00630031	0.49382288	0.00636502	0.49137575	0.58790269	0.58712362	0.31898184	0.31903237	0.58788149	0.58713430	0.31903361	0.31908085	59919	51362	0
59919	51367	-0.00080519	0.00629391	0.49039105	0.00627844	0.49436337	0.58796719	0.58713718	0.31903887	0.31914717	0.58794805	0.58722921	0.31903443	0.31898644	59919	51365	0
59919	51370	0.00079791	0.00632139	0.49358455	0.00639809	0.49207764	0.58794953	0.58726874	0.31909408	0.31908644	0.58799776	0.58726035	0.31901610	0.31919918	59919	51369	0
59919	52076	0.00052366	0.00633131	0.49095682	0.00633601	0.49121462	0.58837723	0.58759159	0.31921496	0.31928349	0.58845373	0.58769800	0.31924610	0.31927609	59919	52075	0
59919	52079	0.00089045	0.00631297	0.49384256	0.00636770	0.49349777	0.58839153	0.58769455	0.31913451	0.31925153	0.58833179	0.58759948	0.31911627	0.31919023	59919	52078	0
59919	52083	-0.00013931	0.00631690	0.49248314	0.00631380	0.49345111	0.58847206	0.58755757	0.31926270	0.31921668	0.58836055	0.58777779	0.31912243	0.31930527	59919	52081	0
59919	52086	0.00316473	0.00635778	0.49580371	0.00641898	0.49269792	0.58837723	0.58758436	0.31900238	0.31912334	0.58840887	0.58766546	0.31919055	0.31924232	59919	52084	0
59919	52089	0.00137148	0.00633653	0.49232279	0.00636185	0.49400844	0.58828931	0.58764714	0.31902629	0.31914848	0.58830401	0.58768469	0.31916097	0.31922449	59919	52088	0
59919	52093	0.00237627	0.00633563	0.49360311	0.00634141	0.49265861	0.58849441	0.58769948	0.31917124	0.31917404	0.58837591	0.58761238	0.31908899	0.31920083	59919	52091	0
59919	52096	0.00026811	0.00638966	0.49225442	0.00634424	0.49423609	0.58848578	0.58764220	0.31916705	0.31922934	0.58845085	0.58767729	0.31905538	0.31919294	59919	52094	0
59919	52099	0.00115826	0.00632428	0.49349185	0.00637173	0.49265511	0.58832349	0.58761813	0.31907305	0.31915949	0.58839802	0.58764557	0.31909951	0.31918053	59919	52097	0
59919	52102	-0.00102954	0.00631435	0.49150982	0.00637605	0.49356635	0.58846786	0.58772742	0.31909055	0.31913032	0.58847657	0.58777606	0.31908069	0.31921693	59919	52101	0
59919	52106	0.00214936	0.00630895	0.49305326	0.00638104	0.49006510	0.58843853	0.58774270	0.31916623	0.31924503	0.58852826	0.58772084	0.31917839	0.31932893	59919	52104	0
59919	52109	-0.00059189	0.00631281	0.49133644	0.00631065	0.49391321	0.58842686	0.58773383	0.31912301	0.31925752	0.58858348	0.58768756	0.31923230	0.31925810	59919	52107	0
59919	52112	-0.00014988	0.00640114	0.49297564	0.00637567	0.49256015	0.58838117	0.58767836	0.31903550	0.31915769	0.58843237	0.58775897	0.31911874	0.31923402	59919	52110	0
59919	52115	-0.00021788	0.00635595	0.49352014	0.00635830	0.49358405	0.58849054	0.58769882	0.31920567	0.31926352	0.58849202	0.58763481	0.31914832	0.31922161	59919	52114	0
59919	52119	0.00013812	0.00637292	0.49353508	0.00633579	0.49320044	0.58852925	0.58783646	0.31921471	0.31923353	0.58849013	0.58776456	0.31916870	0.31929343	59919	52117	0
59919	52122	-0.00031942	0.00634473	0.49228635	0.00636106	0.49271643	0.58844502	0.58778461	0.31908907	0.31916640	0.58850427	0.58781781	0.31915275	0.31927634	59919	52120	0
59919	52125	-0.00050761	0.00630148	0.49320776	0.00628888	0.49338466	0.58864766	0.58789447	0.31918094	0.31929762	0.58866425	0.58779833	0.31924043	0.31933255	59919	52124	0
59919	52128	0.00044174	0.00632614	0.49356728	0.00634878	0.49267490	0.58869047	0.58790137	0.31929992	0.31933879	0.58855094	0.58788724	0.31925062	0.31938867	59919	52127	0
59919	52132	0.00090573	0.00630637	0.49337356	0.00629365	0.49293741	0.58863336	0.58788190	0.31929089	0.31936336	0.58858118	0.58794221	0.31936048	0.31935292	59919	52130	0
59919	52135	-0.00006782	0.00638195	0.49135511	0.00638594	0.49227025	0.58864042	0.58790565	0.31935818	0.31943600	0.58862111	0.58790598	0.31936426	0.31936607	59919	52133	0
59919	52138	-0.00042552	0.00637470	0.49219835	0.00632367	0.49253458	0.58860599	0.58795561	0.31934035	0.31942828	0.58866089	0.58786185	0.31932458	0.31937536	59919	52137	0
59919	52142	-0.00035074	0.00633294	0.49286081	0.00634893	0.49279053	0.58879573	0.58807599	0.31932269	0.31947265	0.58871997	0.58796062	0.31935112	0.31934857	59919	52140	0
59919	52145	-0.00139386	0.00634289	0.49249087	0.00635608	0.49347141	0.58865957	0.58795774	0.31934816	0.31938407	0.58891899	0.58796563	0.31949812	0.31947216	59919	52143	0
59919	52148	-0.00171958	0.00637193	0.49178719	0.00635116	0.49209337	0.58874117	0.58793802	0.31941899	0.31940001	0.58874117	0.58798683	0.31930305	0.31945860	59919	52146	0
59919	52151	-0.00244231	0.00629046	0.49234834	0.00639096	0.49302771	0.58871430	0.58806547	0.31935005	0.31935974	0.58876171	0.58800442	0.31937454	0.31943321	59919	52150	0
59919	52155	0.00121024	0.00633868	0.49381775	0.00633209	0.49038436	0.58870057	0.58802636	0.31936188	0.31940708	0.58868932	0.58790318	0.31939187	0.31948801	59919	52153	0
59919	52158	0.00045084	0.00637871	0.49249723	0.00631157	0.49321106	0.58876467	0.58795322	0.31943625	0.31950330	0.58863270	0.58793276	0.31940642	0.31949319	59919	52156	0
59919	52161	-0.00065111	0.00637911	0.49274580	0.00632565	0.49378164	0.58873279	0.58794131	0.31938349	0.31952639	0.58879474	0.58801099	0.31936484	0.31949138	59919	52159	0
59919	52164	-0.00036304	0.00640436	0.49165300	0.00641957	0.49138221	0.58874708	0.58796341	0.31939155	0.31940280	0.58884725	0.58804616	0.31944948	0.31947709	59919	52163	0
59919	52168	-0.00013539	0.00634017	0.49162267	0.00638673	0.49140867	0.58885300	0.58816358	0.31950691	0.31955729	0.58890699	0.58818010	0.31952080	0.31965622	59919	52166	0
59919	52171	-0.00019634	0.00637271	0.49323520	0.00631420	0.49329250	0.58872901	0.58788058	0.31940050	0.31949426	0.58879433	0.58801313	0.31940593	0.31947265	59919	52169	0
59919	52877	-0.00030031	0.00635825	0.49212544	0.00634095	0.49222318	0.58836646	0.58757293	0.31908447	0.31920625	0.58838011	0.58767105	0.31920337	0.31920222	59919	52875	0
59919	52880	0.00269768	0.00637970	0.49356435	0.00635826	0.49074624	0.58844601	0.58765963	0.31912465	0.31919006	0.58837090	0.58760704	0.31912654	0.31921126	59919	52878	0
59919	52883	0.00103941	0.00632262	0.49143046	0.00636643	0.49298923	0.58839235	0.58776793	0.31913123	0.31919425	0.58846392	0.58769101	0.31923361	0.31920871	59919	52882	0
59919	52886	0.00200507	0.00634823	0.49267400	0.00638908	0.49176629	0.58862218	0.58775856	0.31920576	0.31922581	0.58847444	0.58777450	0.31914429	0.31916985	59919	52885	0
59919	52890	0.00026707	0.00637942	0.49141120	0.00636306	0.49304492	0.58851963	0.58776020	0.31919384	0.31923320	0.58849186	0.58774525	0.31922227	0.31918916	59919	52888	0
59919	52893	0.00014684	0.00640036	0.49098918	0.00634535	0.49110219	0.58844962	0.58772125	0.31911791	0.31920033	0.58839292	0.58763210	0.31920781	0.31920272	59919	52891	0
59919	52896	0.00023791	0.00641425	0.49135996	0.00634284	0.49127435	0.58848594	0.58774336	0.31912810	0.31924158	0.58838545	0.58773029	0.31918127	0.31926599	59919	52895	0
59919	52900	-0.00151791	0.00636912	0.49065727	0.00634059	0.49230775	0.58840057	0.58758690	0.31920074	0.31919096	0.58839703	0.58766472	0.31910468	0.31924701	59919	52898	0
59919	52903	-0.00004258	0.00636896	0.49300466	0.00636221	0.49161785	0.58849449	0.58762265	0.31922350	0.31927100	0.58856343	0.58769069	0.31922498	0.31922350	59919	52901	0
59919	52906	-0.00147340	0.00636516	0.49234467	0.00634125	0.49368964	0.58833623	0.58762174	0.31908020	0.31919918	0.58851043	0.58776563	0.31920387	0.31924610	59919	52904	0
59919	52909	0.00101887	0.00638184	0.49269894	0.00643170	0.49035621	0.58845036	0.58763292	0.31912317	0.31922556	0.58852760	0.58764138	0.31913846	0.31917658	59919	52908	0
59919	52913	0.00081407	0.00637178	0.49128380	0.00631422	0.49147632	0.58847419	0.58765987	0.31921373	0.31921964	0.58846088	0.58777286	0.31913953	0.31920822	59919	52911	0
59919	52916	0.00345807	0.00636192	0.49407309	0.00635349	0.49158773	0.58846450	0.58783038	0.31917272	0.31918677	0.58849424	0.58774541	0.31917026	0.31926237	59919	52914	0
59919	52919	0.00130417	0.00641438	0.49176161	0.00634385	0.49378627	0.58851339	0.58782208	0.31917133	0.31924766	0.58865513	0.58773136	0.31926640	0.31924791	59919	52917	0
59919	52922	0.00092360	0.00633967	0.49207126	0.00638395	0.49242899	0.58871553	0.58784665	0.31931652	0.31926385	0.58849638	0.58772060	0.31919746	0.31931652	59919	52921	0
59919	52926	0.00068311	0.00630887	0.49213205	0.00632883	0.49235812	0.58857534	0.58781534	0.31917182	0.31919828	0.58858332	0.58784057	0.31923378	0.31923295	59919	52924	0
59919	52929	0.00040376	0.00636331	0.49162627	0.00636062	0.49188886	0.58864018	0.58778370	0.31929121	0.31932006	0.58859367	0.58780704	0.31926204	0.31937643	59919	52927	0
59919	52932	0.00084179	0.00634584	0.49177933	0.00639156	0.49136759	0.58860148	0.58781189	0.31932909	0.31938686	0.58849950	0.58785708	0.31925818	0.31930905	59919	52931	0
59919	52935	0.00060811	0.00640220	0.49191023	0.00637729	0.49212989	0.58855530	0.58787902	0.31924996	0.31935835	0.58862826	0.58780030	0.31928505	0.31937429	59919	52934	0
59919	52939	0.00060680	0.00637802	0.49228358	0.00636775	0.49228481	0.58859096	0.58782274	0.31924791	0.31934914	0.58858028	0.58779332	0.31929729	0.31931734	59919	52937	0
59919	52942	0.00005157	0.00631887	0.49267715	0.00632074	0.49319907	0.58849950	0.58779726	0.31922687	0.31934988	0.58859071	0.58791551	0.31931825	0.31942417	59919	52940	0
59919	52945	0.00202982	0.00634722	0.49205117	0.00634505	0.49019161	0.58873648	0.58788420	0.31935531	0.31950124	0.58872153	0.58791592	0.31942704	0.31942918	59919	52944	0
59919	52948	-0.00121120	0.00637513	0.49029976	0.00630302	0.49334631	0.58872013	0.58793630	0.31944068	0.31943855	0.58873665	0.58795273	0.31933600	0.31943805	59919	52947	0
59919	52952	0.00039977	0.00633301	0.49284869	0.00637067	0.49133438	0.58873632	0.58798864	0.31945638	0.31957865	0.58874265	0.58784936	0.31938744	0.31945408	59919	52950	0
59919	52955	-0.00033291	0.00629004	0.49090194	0.00634340	0.49159066	0.58872013	0.58787952	0.31946427	0.31949968	0.58867814	0.58782430	0.31940749	0.31948818	59919	52953	0
59919	52958	0.00116228	0.00631934	0.49233572	0.00633377	0.49093024	0.58877979	0.58801609	0.31936205	0.31944134	0.58869211	0.58792972	0.31940461	0.31947051	59919	52957	0
59919	52962	-0.00048060	0.00632367	0.49019094	0.00637303	0.49173524	0.58866680	0.58795594	0.31945465	0.31949894	0.58867789	0.58795807	0.31944479	0.31940888	59919	52960	0
59919	52965	-0.00013768	0.00634751	0.49140995	0.00636484	0.49108761	0.58873213	0.58804698	0.31938218	0.31948801	0.58879072	0.58798544	0.31935720	0.31947216	59919	52963	0
59919	52968	0.00092273	0.00631015	0.49251728	0.00636513	0.49152049	0.58874807	0.58798075	0.31948695	0.31955720	0.58871635	0.58793071	0.31945605	0.31944685	59919	52966	0
59919	52971	0.00117096	0.00632905	0.49252509	0.00632978	0.49229176	0.58878899	0.58810393	0.31952261	0.31955605	0.58887297	0.58795922	0.31947947	0.31955572	59919	52970	0
59919	53677	0.00280237	0.00636813	0.49181017	0.00637163	0.49027664	0.58848685	0.58777442	0.31938900	0.31938078	0.58849202	0.58775815	0.31946320	0.31958194	59919	53676	0
59919	53680	-0.00056264	0.00634706	0.48957848	0.00634983	0.49274159	0.58861125	0.58773514	0.31949714	0.31950018	0.58853985	0.58775749	0.31937051	0.31948497	59919	53679	0
59919	53684	0.00142779	0.00635468	0.49258058	0.00638003	0.49070957	0.58859498	0.58774549	0.31940946	0.31954389	0.58886048	0.58797911	0.31968087	0.31956419	59919	53682	0
59919	53687	0.00075612	0.00639053	0.49241750	0.00635225	0.49304887	0.58875070	0.58798930	0.31951341	0.31961974	0.58877272	0.58801510	0.31962721	0.31966403	59919	53685	0
59919	53690	-0.00160918	0.00638206	0.49051398	0.00632418	0.49273736	0.58872243	0.58798182	0.31962976	0.31966929	0.58877724	0.58800779	0.31959821	0.31959163	59919	53689	0
59919	53693	0.00211241	0.00631521	0.49471003	0.00632869	0.49121173	0.58877083	0.58797327	0.31953485	0.31959089	0.58886114	0.58792093	0.31958185	0.31959558	59919	53692	0
59919	53697	-0.00014280	0.00633177	0.49070468	0.00634287	0.49282457	0.58874618	0.58801288	0.31951324	0.31956271	0.58875349	0.58796621	0.31949590	0.31957495	59919	53695	0
59919	53700	0.00092200	0.00635750	0.49323918	0.00637043	0.49223827	0.58870099	0.58801444	0.31954808	0.31962286	0.58871076	0.58796810	0.31952417	0.31958629	59919	53698	0
59919	53703	0.00202299	0.00632134	0.49204645	0.00639671	0.49101151	0.58884281	0.58797862	0.31951447	0.31954726	0.58867543	0.58792520	0.31946345	0.31955737	59919	53702	0
59919	53707	-0.00021030	0.00630998	0.49022773	0.00635887	0.49232702	0.58873287	0.58800557	0.31949467	0.31954274	0.58870279	0.58787565	0.31943731	0.31947791	59919	53705	0
59919	53710	-0.00009535	0.00637937	0.49242871	0.00637863	0.49232065	0.58870090	0.58797311	0.31945909	0.31948169	0.58865193	0.58789184	0.31939656	0.31942039	59919	53708	0
59919	53713	0.00236353	0.00634040	0.49240887	0.00635081	0.49009752	0.58858808	0.58785117	0.31939344	0.31947799	0.58856499	0.58782726	0.31938793	0.31941924	59919	53711	0
59919	53716	-0.00009021	0.00639361	0.49036687	0.00636766	0.49267339	0.58846096	0.58765724	0.31936755	0.31939549	0.58840887	0.58775536	0.31933378	0.31936131	59919	53715	0
59919	53720	0.00168052	0.00630116	0.49158358	0.00635221	0.48991910	0.58845431	0.58779628	0.31940067	0.31952779	0.58853870	0.58768781	0.31939155	0.31939335	59919	53718	0
59919	53723	0.00367084	0.00629335	0.49231295	0.00633833	0.49044205	0.58849588	0.58776300	0.31928867	0.31933008	0.58849769	0.58781246	0.31933361	0.31944126	59919	53721	0
59919	53726	0.00132763	0.00627630	0.49092234	0.00636017	0.49312496	0.58849449	0.58795626	0.31941513	0.31941628	0.58873122	0.58793695	0.31941792	0.31949755	59919	53724	0
59919	53729	0.00096782	0.00635153	0.49214894	0.00637322	0.49248716	0.58874429	0.58798617	0.31946090	0.31947947	0.58863229	0.58787122	0.31936122	0.31946295	59919	53728	0
59919	53733	0.00039310	0.00635102	0.49007765	0.00635150	0.49061789	0.58861914	0.58776875	0.31934175	0.31938933	0.58843491	0.58764451	0.31926829	0.31933928	59919	53731	0
59919	53736	-0.00014742	0.00637168	0.49196071	0.00629789	0.49246880	0.58836079	0.58761928	0.31924051	0.31934504	0.58832546	0.58755453	0.31920543	0.31923041	59919	53734	0
59919	53739	0.00197572	0.00632586	0.49239272	0.00631611	0.49039698	0.58829333	0.58758353	0.31920871	0.31929590	0.58843278	0.58767261	0.31936566	0.31936032	59919	53738	0
59919	53742	0.00020737	0.00632525	0.49085723	0.00633441	0.49251948	0.58852686	0.58775437	0.31931135	0.31936418	0.58854338	0.58776900	0.31930181	0.31937043	59919	53741	0
59919	53746	0.00068857	0.00634734	0.49116117	0.00634805	0.49070884	0.58840098	0.58757072	0.31924134	0.31928522	0.58849227	0.58774262	0.31931422	0.31932729	59919	53744	0
59919	53749	-0.00092046	0.00642056	0.49071164	0.00638504	0.49222412	0.58845053	0.58763810	0.31921241	0.31926558	0.58855357	0.58768740	0.31923304	0.31929409	59919	53747	0
59919	53752	0.00064512	0.00636141	0.49383313	0.00631979	0.49236149	0.58850492	0.58779135	0.31924553	0.31925514	0.58853935	0.58764262	0.31911167	0.31922975	59919	53751	0
59919	53756	-0.00061048	0.00635846	0.49083028	0.00635279	0.49201054	0.58848126	0.58776579	0.31918620	0.31930921	0.58850131	0.58775683	0.31914536	0.31921825	59919	53754	0
59919	53759	0.00009209	0.00628757	0.49241879	0.00631714	0.49175838	0.58852366	0.58778107	0.31922581	0.31929360	0.58865785	0.58768658	0.31921036	0.31915086	59919	53757	0
59919	53762	0.00202108	0.00634533	0.49240311	0.00634777	0.49058986	0.58842431	0.58758197	0.31905341	0.31912063	0.58830188	0.58751476	0.31901602	0.31919852	59919	53760	0
59919	53765	0.00096992	0.00630909	0.49119094	0.00635327	0.49217902	0.58843721	0.58763769	0.31905201	0.31909737	0.58835200	0.58744031	0.31903221	0.31912654	59919	53764	0
59919	53769	0.00051009	0.00636180	0.49200041	0.00632210	0.49243265	0.58846219	0.58764459	0.31916631	0.31913870	0.58831675	0.58754754	0.31904051	0.31910920	59919	53767	0
59919	53772	-0.00137322	0.00634758	0.49064395	0.00633212	0.49241426	0.58834987	0.58759372	0.31904905	0.31910107	0.58843500	0.58760211	0.31906623	0.31910082	59919	53770	0
59919	54478	0.00020364	0.00632547	0.49255489	0.00633319	0.49107265	0.58840081	0.58776612	0.31979353	0.31992172	0.58855949	0.58784213	0.31976156	0.31988088	59919	54476	0
59919	54481	0.00148103	0.00634670	0.49292496	0.00636196	0.49172421	0.58867707	0.58792126	0.31987611	0.31989296	0.58842160	0.58779307	0.31973543	0.31981687	59919	54479	0
59919	54484	0.00113453	0.00630281	0.49159492	0.00635736	0.49192063	0.58853697	0.58771895	0.31981941	0.31984423	0.58851577	0.58773489	0.31981120	0.31977874	59919	54483	0
59919	54487	0.00049840	0.00629540	0.49195493	0.00632421	0.49255289	0.58857526	0.58774977	0.31977981	0.31975976	0.58860033	0.58773925	0.31985869	0.31989895	59919	54486	0
59919	54491	0.00249496	0.00632165	0.49317146	0.00629990	0.49129470	0.58844995	0.58766628	0.31973116	0.31985351	0.58846211	0.58779472	0.31982779	0.31985935	59919	54489	0
59919	54494	0.00011898	0.00632404	0.49050466	0.00637753	0.49273808	0.58863615	0.58791773	0.31975022	0.31991260	0.58860279	0.58787344	0.31997233	0.31994514	59919	54492	0
59919	54497	0.00127700	0.00637037	0.49257306	0.00637666	0.49148453	0.58856187	0.58791559	0.31989148	0.32003257	0.58860024	0.58775100	0.31986346	0.31991342	59919	54496	0
59919	54501	0.00046853	0.00631170	0.49224728	0.00641620	0.49300724	0.58875563	0.58790992	0.31997036	0.31997841	0.58866886	0.58789866	0.31998597	0.31996913	59919	54499	0
59919	54504	-0.00036001	0.00634558	0.49151509	0.00638550	0.49229391	0.58870649	0.58790080	0.31993363	0.32001178	0.58875842	0.58790039	0.31992837	0.32011441	59919	54502	0
59919	54507	-0.00066783	0.00634856	0.49141888	0.00636575	0.49170823	0.58860690	0.58791658	0.31993979	0.32002188	0.58871405	0.58794114	0.31991933	0.31995113	59919	54505	0
59919	54510	0.00054447	0.00636809	0.49276137	0.00636522	0.49162182	0.58869244	0.58797599	0.31995031	0.31999370	0.58865168	0.58791337	0.31989041	0.31999271	59919	54509	0
59919	54514	-0.00225282	0.00638341	0.49072865	0.00634835	0.49335810	0.58875242	0.58797903	0.31998219	0.32005031	0.58881348	0.58800746	0.32001654	0.32014185	59919	54512	0
59919	54517	0.00137397	0.00632462	0.49319000	0.00632816	0.48978082	0.58870887	0.58792989	0.32001128	0.32003799	0.58863533	0.58790310	0.32001868	0.32005713	59919	54515	0
59919	54520	-0.00002930	0.00637992	0.49084490	0.00633603	0.49216397	0.58877223	0.58795380	0.32012123	0.32006453	0.58895654	0.58798593	0.32005746	0.32021885	59919	54518	0
59919	54523	0.00101381	0.00647342	0.49275273	0.00634434	0.49177221	0.58882178	0.58806991	0.32007168	0.32023627	0.58870871	0.58808601	0.32014531	0.32015056	59919	54522	0
59919	54527	-0.00014459	0.00640645	0.49107136	0.00633282	0.49216025	0.58873459	0.58789587	0.32013898	0.32017053	0.58886623	0.58800557	0.32021096	0.32022419	59919	54525	0
59919	54530	0.00166810	0.00634825	0.49173715	0.00637365	0.49003322	0.58889006	0.58810672	0.32021696	0.32027390	0.58897642	0.58811675	0.32031819	0.32032822	59919	54528	0
59919	54533	0.00135977	0.00639361	0.49042470	0.00637902	0.49071453	0.58894413	0.58836901	0.32028007	0.32040998	0.58900633	0.58821626	0.32033948	0.32041113	59919	54532	0
59919	54536	0.00033025	0.00635153	0.49090929	0.00635601	0.49187704	0.58909738	0.58827049	0.32041516	0.32040505	0.58900798	0.58824288	0.32050061	0.32042707	59919	54535	0
59919	54540	-0.00065888	0.00637095	0.49164612	0.00635511	0.49257591	0.58908407	0.58838405	0.32041918	0.32046314	0.58900527	0.58831437	0.32035640	0.32056307	59919	54538	0
59919	54543	-0.00240479	0.00637530	0.49186500	0.00634049	0.49350615	0.58911086	0.58821502	0.32047120	0.32053661	0.58924537	0.58842316	0.32052864	0.32059355	59919	54541	0
59919	54546	0.00126453	0.00634818	0.49228666	0.00634372	0.48883749	0.58915063	0.58842349	0.32053126	0.32057145	0.58917659	0.58840443	0.32056233	0.32067893	59919	54545	0
59919	54549	0.00237577	0.00638116	0.49214470	0.00631822	0.49110014	0.58920749	0.58850312	0.32061188	0.32067326	0.58910494	0.58850780	0.32061533	0.32064170	59919	54548	0
59919	54553	0.00063591	0.00630924	0.49046883	0.00635475	0.49210429	0.58923091	0.58849564	0.32065551	0.32071188	0.58922573	0.58853886	0.32070054	0.32072954	59919	54551	0
59919	54556	-0.00168056	0.00636535	0.48986169	0.00637317	0.49203918	0.58944308	0.58861166	0.32074549	0.32080424	0.58932154	0.58851322	0.32072503	0.32081106	59919	54554	0
59919	54559	0.00036646	0.00632995	0.49237868	0.00633074	0.49045448	0.58915498	0.58850164	0.32062256	0.32072272	0.58916509	0.58841347	0.32075239	0.32077942	59919	54558	0
59919	54563	0.00024061	0.00633114	0.49208834	0.00633255	0.49220664	0.58944045	0.58870041	0.32096045	0.32092314	0.58940018	0.58866089	0.32091870	0.32090178	59919	54561	0
59919	54566	0.00238225	0.00633438	0.49274360	0.00632935	0.49073047	0.58932557	0.58855086	0.32082675	0.32091016	0.58939361	0.58857485	0.32092462	0.32091032	59919	54564	0
59919	54569	0.00070127	0.00636569	0.49057505	0.00632703	0.49215516	0.58940569	0.58862531	0.32090046	0.32098378	0.58946921	0.58871791	0.32097680	0.32098378	59919	54567	0
59919	54572	-0.00027842	0.00632627	0.49028121	0.00629712	0.49120212	0.58942311	0.58863073	0.32096990	0.32096225	0.58938934	0.58868110	0.32100433	0.32101649	59919	54571	0
59919	55278	-0.00008236	0.00628872	0.49252890	0.00627666	0.49234461	0.58679173	0.58601661	0.31967224	0.31980068	0.58679189	0.58607470	0.31970930	0.31978293	59919	55276	0
59919	55281	0.00257137	0.00621550	0.49369973	0.00626048	0.49120522	0.58683816	0.58616238	0.31983946	0.31989871	0.58685845	0.58602507	0.31987315	0.31985803	59919	55280	0
59919	55285	0.00321876	0.00623439	0.49382084	0.00628777	0.49321229	0.58677390	0.58607634	0.31978071	0.31987093	0.58670709	0.58596936	0.31978926	0.31990224	59919	55283	0
59919	55288	0.00149290	0.00626566	0.49181052	0.00626419	0.49343282	0.58667414	0.58586787	0.31981933	0.31982500	0.58680512	0.58608045	0.31987365	0.31996740	59919	55286	0
59919	55291	-0.00179185	0.00622750	0.49188542	0.00626122	0.49497308	0.58680973	0.58617692	0.31998556	0.32006617	0.58689050	0.58627167	0.31998326	0.32000602	59919	55290	0
59919	55294	0.00198364	0.00632382	0.49387184	0.00631920	0.49032287	0.58683446	0.58611349	0.32003824	0.32005105	0.58698804	0.58623650	0.32011457	0.32010348	59919	55293	0
59919	55298	-0.00038416	0.00626486	0.49195087	0.00623965	0.49417661	0.58701228	0.58634652	0.32006157	0.32014678	0.58722116	0.58629484	0.32026552	0.32024227	59919	55296	0
59919	55301	0.00095523	0.00628543	0.49287770	0.00629381	0.49161868	0.58713291	0.58633132	0.32021893	0.32027785	0.58716610	0.58635384	0.32017801	0.32025862	59919	55299	0
59919	55304	-0.00070385	0.00627627	0.49300059	0.00624633	0.49456013	0.58723168	0.58659501	0.32031195	0.32037990	0.58734795	0.58653996	0.32030948	0.32036125	59919	55303	0
59919	55307	-0.00147878	0.00627006	0.49321147	0.00628908	0.49393990	0.58724318	0.58646534	0.32026971	0.32026166	0.58729429	0.58643116	0.32023216	0.32029987	59919	55306	0
59919	55311	0.00034048	0.00626181	0.49445495	0.00625754	0.49274485	0.58718550	0.58641144	0.32029330	0.32035566	0.58720226	0.58643059	0.32031482	0.32039297	59919	55309	0
59919	55314	-0.00255274	0.00630844	0.49249181	0.00628871	0.49521144	0.58716619	0.58642656	0.32027768	0.32040193	0.58711014	0.58639106	0.32027957	0.32029773	59919	55312	0
59919	55317	0.00066693	0.00627111	0.49378547	0.00629073	0.49075898	0.58726693	0.58641448	0.32035681	0.32040069	0.58741278	0.58668285	0.32049437	0.32058196	59919	55316	0
59919	55321	0.00123907	0.00626911	0.49327466	0.00626807	0.49273685	0.58734688	0.58656995	0.32033068	0.32041302	0.58724458	0.58650659	0.32031474	0.32034630	59919	55319	0
59919	55324	-0.00120488	0.00631035	0.49111613	0.00630414	0.49341345	0.58729429	0.58645902	0.32038673	0.32036273	0.58727810	0.58644439	0.32035575	0.32044318	59919	55322	0
59919	55327	-0.00092648	0.00628294	0.49265857	0.00629235	0.49239687	0.58717777	0.58644488	0.32039872	0.32047153	0.58714696	0.58640183	0.32043225	0.32040127	59919	55325	0
59919	55330	-0.00150459	0.00636277	0.49155144	0.00629062	0.49209486	0.58717243	0.58644275	0.32042822	0.32041154	0.58729281	0.58649821	0.32043874	0.32054901	59919	55329	0
59919	55334	0.00213824	0.00628029	0.49418211	0.00627875	0.49075785	0.58716421	0.58652681	0.32041302	0.32049281	0.58736019	0.58667932	0.32047374	0.32054606	59919	55332	0
59919	55337	-0.00038685	0.00628385	0.49237979	0.00628313	0.49475337	0.58747137	0.58680455	0.32050555	0.32058763	0.58757474	0.58675163	0.32055813	0.32054252	59919	55335	0
59919	55340	0.00099365	0.00628964	0.49268205	0.00629968	0.49138439	0.58744384	0.58683832	0.32050497	0.32062174	0.58743004	0.58678039	0.32048928	0.32053044	59919	55339	0
59919	55343	0.00123284	0.00627440	0.49150787	0.00629864	0.49128303	0.58766554	0.58687012	0.32056060	0.32062116	0.58781666	0.58692994	0.32069413	0.32070267	59919	55342	0
59919	55347	0.00124916	0.00632322	0.49289402	0.00635045	0.49287869	0.58775692	0.58711318	0.32054491	0.32061902	0.58769899	0.58679625	0.32049626	0.32051286	59919	55345	0
59919	55350	-0.00041153	0.00630842	0.49155655	0.00629104	0.49311760	0.58741459	0.58674103	0.32031902	0.32052872	0.58746447	0.58672451	0.32041318	0.32045682	59919	55348	0
59919	55353	0.00158814	0.00629519	0.49273602	0.00627593	0.49085634	0.58747901	0.58668975	0.32034991	0.32039905	0.58757080	0.58673216	0.32033611	0.32039338	59919	55352	0
59919	55356	0.00053171	0.00629580	0.49153283	0.00629695	0.49252587	0.58762100	0.58689896	0.32045337	0.32054343	0.58781394	0.58681293	0.32056643	0.32045674	59919	55355	0
59919	55360	0.00001519	0.00631063	0.49223086	0.00631704	0.49271640	0.58773892	0.58692066	0.32051048	0.32053332	0.58768600	0.58703381	0.32045180	0.32062527	59919	55358	0
59919	55363	0.00004330	0.00626593	0.49212325	0.00629301	0.49209682	0.58778954	0.58695755	0.32047432	0.32059782	0.58780343	0.58702132	0.32066044	0.32063653	59919	55361	0
59919	55366	0.00056869	0.00624202	0.49286318	0.00629634	0.49236932	0.58767976	0.58699979	0.32056808	0.32062650	0.58775511	0.58692107	0.32052494	0.32054269	59919	55365	0
59919	55370	0.00152828	0.00630083	0.49223809	0.00630021	0.49133607	0.58769553	0.58693767	0.32054417	0.32056569	0.58773670	0.58702518	0.32054581	0.32067334	59919	55368	0
59919	55373	0.00084857	0.00632575	0.49271682	0.00629466	0.49335574	0.58769438	0.58699494	0.32060366	0.32062716	0.58770424	0.58696511	0.32055074	0.32053570	59919	55371	0
59919	56079	-0.00023635	0.00632634	0.49086374	0.00634998	0.49188356	0.58876401	0.58799924	0.32120836	0.32125799	0.58886870	0.58800236	0.32126432	0.32123145	59919	56077	0
59919	56082	-0.00363562	0.00638708	0.48947446	0.00638716	0.49266978	0.58866261	0.58790392	0.32113736	0.32124706	0.58875555	0.58801518	0.32110162	0.32122504	59919	56080	0
59919	56085	-0.00057132	0.00640211	0.49320029	0.00633217	0.49031985	0.58892277	0.58805117	0.32126374	0.32116670	0.58878883	0.58806794	0.32122619	0.32122718	59919	56083	0
59919	56088	-0.00015317	0.00634037	0.49127819	0.00639456	0.49088513	0.58888291	0.58792208	0.32121559	0.32118806	0.58890929	0.58798494	0.32119234	0.32126571	59919	56087	0
59919	56092	-0.00028344	0.00640322	0.49033871	0.00635741	0.49046117	0.58887806	0.58796095	0.32121682	0.32122652	0.58874544	0.58810631	0.32126456	0.32136103	59919	56090	0
59919	56095	0.00080364	0.00635133	0.49177557	0.00638312	0.49075371	0.58886705	0.58804715	0.32124016	0.32131050	0.58871380	0.58804172	0.32115947	0.32126785	59919	56093	0
59919	56098	0.00081460	0.00635041	0.49135488	0.00636070	0.49134458	0.58882975	0.58806563	0.32121855	0.32129546	0.58876648	0.58797081	0.32118740	0.32123523	59919	56097	0
59919	56101	-0.00156095	0.00636682	0.49066731	0.00638902	0.49290032	0.58874914	0.58794246	0.32120819	0.32133556	0.58874388	0.58803120	0.32118724	0.32127442	59919	56100	0
59919	56105	-0.00031097	0.00636088	0.49233823	0.00639719	0.49116325	0.58877650	0.58803137	0.32124147	0.32131058	0.58878307	0.58793589	0.32124279	0.32125076	59919	56103	0
59919	56108	0.00041304	0.00640593	0.49272588	0.00631920	0.49204531	0.58881307	0.58796276	0.32124681	0.32133893	0.58892753	0.58810779	0.32126571	0.32125939	59919	56106	0
59919	56111	-0.00051140	0.00636191	0.49078514	0.00636701	0.49165412	0.58884717	0.58804509	0.32120622	0.32136046	0.58892490	0.58817468	0.32129710	0.32133868	59919	56110	0
59919	56114	0.00103972	0.00633253	0.49256397	0.00636223	0.49110591	0.58893657	0.58808182	0.32128108	0.32118297	0.58892408	0.58809497	0.32126900	0.32130047	59919	56113	0
59919	56118	0.00161581	0.00633132	0.49180226	0.00637829	0.49126074	0.58875473	0.58809349	0.32123482	0.32128297	0.58889269	0.58810450	0.32128379	0.32140146	59919	56116	0
59919	56121	0.00026743	0.00635175	0.49029278	0.00635851	0.49156025	0.58884873	0.58815150	0.32123112	0.32128938	0.58889080	0.58806703	0.32125848	0.32133507	59919	56119	0
59919	56124	0.00056168	0.00633357	0.49197747	0.00634169	0.49170087	0.58882153	0.58809333	0.32122627	0.32129382	0.58888119	0.58807591	0.32129998	0.32131937	59919	56123	0
59919	56128	-0.00109057	0.00637952	0.49058440	0.00629736	0.49213751	0.58883805	0.58803260	0.32126350	0.32132291	0.58875456	0.58797286	0.32123416	0.32126834	59919	56126	0
59919	56131	-0.00147531	0.00638284	0.49130353	0.00634608	0.49166518	0.58873361	0.58791247	0.32126826	0.32129349	0.58876993	0.58801083	0.32119735	0.32125290	59919	56129	0
59919	56134	0.00170524	0.00633023	0.49259164	0.00633877	0.48960192	0.58868833	0.58807788	0.32119447	0.32127410	0.58882441	0.58800894	0.32123917	0.32128108	59919	56132	0
59919	56137	0.00028237	0.00633667	0.49104099	0.00637658	0.49237849	0.58872235	0.58804723	0.32128765	0.32138092	0.58875933	0.58804402	0.32126917	0.32132743	59919	56136	0
59919	56141	-0.00306159	0.00637149	0.48942498	0.00637691	0.49256830	0.58867699	0.58780647	0.32122849	0.32120934	0.58881701	0.58798831	0.32124772	0.32124353	59919	56139	0
59919	56144	0.00263672	0.00632531	0.49441656	0.00632817	0.48906015	0.58876105	0.58801921	0.32115955	0.32122266	0.58878653	0.58797106	0.32118847	0.32120852	59919	56142	0
59919	56147	0.00008724	0.00632972	0.49095508	0.00634560	0.49335159	0.58858619	0.58789250	0.32118510	0.32124928	0.58866269	0.58780975	0.32118330	0.32120663	59919	56145	0
59919	56150	0.00086235	0.00630250	0.49112149	0.00639673	0.49039289	0.58853985	0.58782865	0.32110983	0.32115544	0.58866401	0.58787097	0.32111140	0.32115010	59919	56149	0
59919	56154	-0.00182866	0.00634641	0.49096228	0.00635861	0.49349183	0.58861142	0.58793227	0.32109677	0.32111986	0.58855012	0.58781074	0.32108995	0.32108124	59919	56152	0
59919	56157	-0.00115983	0.00629988	0.49252413	0.00633718	0.49189543	0.58849728	0.58779792	0.32103588	0.32100063	0.58854289	0.58770663	0.32097055	0.32094878	59919	56155	0
59919	56160	0.00043959	0.00632287	0.49172607	0.00630751	0.49022261	0.58851396	0.58787426	0.32100449	0.32110548	0.58843467	0.58771723	0.32102503	0.32105281	59919	56159	0
59919	56163	0.00049701	0.00629950	0.49225575	0.00627444	0.49220178	0.58838167	0.58771871	0.32090613	0.32108477	0.58839506	0.58761632	0.32099644	0.32097696	59919	56162	0
59919	56167	0.00112815	0.00637554	0.49229914	0.00633799	0.49170587	0.58851306	0.58753933	0.32085477	0.32094615	0.58836252	0.58755165	0.32082133	0.32088805	59919	56165	0
59919	56170	-0.00035666	0.00635474	0.49106103	0.00630636	0.49245675	0.58836301	0.58761353	0.32075305	0.32088206	0.58831987	0.58761057	0.32071590	0.32085256	59919	56168	0
59919	56173	0.00180421	0.00631161	0.49275961	0.00637367	0.49072839	0.58849432	0.58765404	0.32084261	0.32082930	0.58838545	0.58755034	0.32075379	0.32079931	59919	56172	0
59919	56879	-0.00130726	0.00636829	0.49002638	0.00639686	0.49295116	0.58742355	0.58659542	0.31957988	0.31962582	0.58731122	0.58660668	0.31958029	0.31950617	59919	56877	0
59919	56882	0.00073616	0.00642147	0.49232299	0.00636234	0.49040218	0.58740662	0.58673043	0.31961563	0.31973346	0.58745715	0.58664694	0.31961160	0.31966205	59919	56881	0
59919	56886	0.00118138	0.00642045	0.49171693	0.00635850	0.49129842	0.58742231	0.58661383	0.31966173	0.31971169	0.58728969	0.58670463	0.31962253	0.31973552	59919	56884	0
59919	56889	0.00316613	0.00640411	0.49170837	0.00639228	0.48984270	0.58742922	0.58651243	0.31963247	0.31973864	0.58745116	0.58669452	0.31970536	0.31975515	59919	56887	0
59919	56892	0.00273452	0.00633328	0.49167246	0.00639914	0.49207817	0.58735740	0.58662919	0.31975828	0.31968728	0.58747227	0.58662131	0.31981037	0.31982426	59919	56891	0
59919	56895	-0.00027436	0.00640081	0.48934170	0.00641168	0.49217005	0.58749339	0.58667291	0.31981317	0.31978589	0.58746989	0.58666806	0.31974053	0.31977093	59919	56894	0
59919	56899	-0.00009318	0.00635354	0.49024999	0.00638098	0.49007968	0.58740941	0.58660857	0.31982927	0.31989164	0.58752117	0.58678877	0.31980183	0.31986543	59919	56897	0
59919	56902	-0.00016647	0.00639451	0.49069977	0.00634450	0.49076866	0.58727112	0.58656789	0.31977956	0.31981604	0.58737597	0.58666781	0.31971234	0.31982944	59919	56900	0
59919	56905	-0.00007234	0.00642454	0.49133210	0.00636657	0.49124361	0.58754631	0.58681490	0.31996379	0.32001243	0.58749668	0.58680101	0.31990446	0.32003700	59919	56904	0
59919	56908	-0.00002405	0.00651435	0.49184111	0.00633147	0.49179572	0.58802685	0.58719470	0.32015895	0.32019896	0.58765930	0.58699527	0.31998466	0.32007817	59919	56907	0
59919	56912	0.00020610	0.00639671	0.49125739	0.00639780	0.49104105	0.58797788	0.58728065	0.32018902	0.32031877	0.58777154	0.58704580	0.32010496	0.32014407	59919	56910	0
59919	56915	-0.00139088	0.00641078	0.49052572	0.00636127	0.49202688	0.58763580	0.58680570	0.32002435	0.32012780	0.58771139	0.58693668	0.32004193	0.32009132	59919	56913	0
59919	56918	0.00047223	0.00635064	0.49279945	0.00641975	0.49104813	0.58782652	0.58699839	0.32009830	0.32018187	0.58792611	0.58707933	0.32015804	0.32021589	59919	56917	0
59919	56922	0.00035633	0.00633798	0.49142660	0.00639412	0.49153554	0.58774508	0.58710045	0.32015081	0.32022066	0.58785281	0.58707892	0.32020570	0.32019485	59919	56920	0
59919	56925	-0.00012904	0.00635466	0.49201289	0.00641340	0.49246914	0.58789677	0.58721327	0.32025648	0.32027719	0.58794090	0.58717194	0.32026486	0.32036240	59919	56923	0
59919	56928	0.00012108	0.00637269	0.49165691	0.00647314	0.49142180	0.58798215	0.58719790	0.32026585	0.32033586	0.58788100	0.58720283	0.32027933	0.32033085	59919	56926	0
59919	56931	0.00112634	0.00635396	0.49224324	0.00640260	0.49129829	0.58808437	0.58728123	0.32036084	0.32040842	0.58818692	0.58729281	0.32040456	0.32040940	59919	56930	0
59919	56935	-0.00056427	0.00634978	0.49099841	0.00641522	0.49258758	0.58808634	0.58730867	0.32046807	0.32050670	0.58822382	0.58746389	0.32045550	0.32055329	59919	56933	0
59919	56938	-0.00026234	0.00635861	0.49192249	0.00640715	0.49163868	0.58801896	0.58737022	0.32042420	0.32050267	0.58823450	0.58742683	0.32049470	0.32050817	59919	56936	0
59919	56941	0.00231580	0.00637794	0.49277384	0.00642441	0.49035038	0.58812143	0.58740678	0.32050218	0.32052486	0.58825019	0.58737942	0.32056150	0.32062198	59919	56939	0
59919	56944	0.00142781	0.00633877	0.49167656	0.00635753	0.49251126	0.58829300	0.58753119	0.32060883	0.32068172	0.58826630	0.58750194	0.32061015	0.32061886	59919	56943	0
59919	56948	-0.00101048	0.00635896	0.48993912	0.00640264	0.49223112	0.58816194	0.58739043	0.32066077	0.32066800	0.58817706	0.58754417	0.32060456	0.32068846	59919	56946	0
59919	56951	0.00089717	0.00640353	0.49179076	0.00637493	0.48999757	0.58829350	0.58757614	0.32063990	0.32073020	0.58832752	0.58757795	0.32069585	0.32078255	59919	56949	0
59919	56954	0.00011686	0.00635809	0.49121901	0.00638172	0.49195250	0.58828035	0.58757211	0.32065296	0.32074861	0.58831913	0.58742798	0.32069134	0.32072314	59919	56953	0
59919	56957	0.00071759	0.00639836	0.49118131	0.00633768	0.49061663	0.58824789	0.58752856	0.32071944	0.32073365	0.58831199	0.58741689	0.32068328	0.32074425	59919	56956	0
59919	56961	0.00113949	0.00638776	0.49137223	0.00641608	0.49097564	0.58827936	0.58741788	0.32073020	0.32086036	0.58840106	0.58762248	0.32080539	0.32090671	59919	56959	0
59919	56964	0.00064367	0.00635782	0.49157847	0.00638903	0.49204454	0.58826605	0.58756973	0.32075913	0.32081821	0.58834576	0.58754401	0.32080835	0.32082766	59919	56962	0
59919	56967	0.00162179	0.00640151	0.49172990	0.00633634	0.49081047	0.58830516	0.58751895	0.32079882	0.32081648	0.58833877	0.58759381	0.32079306	0.32095305	59919	56966	0
59919	56971	0.00145654	0.00638975	0.49069618	0.00631340	0.49085152	0.58847584	0.58770581	0.32092298	0.32097359	0.58851232	0.58782159	0.32098469	0.32100457	59919	56969	0
59919	56974	0.00130362	0.00635017	0.49156159	0.00637878	0.49170533	0.58842094	0.58754984	0.32086874	0.32088953	0.58845768	0.58773999	0.32094434	0.32100350	59919	56972	0
59919	57680	0.00181406	0.00637749	0.49143875	0.00641059	0.49095894	0.58782808	0.58702559	0.32116341	0.32118206	0.58769028	0.58690850	0.32108502	0.32111148	59919	57678	0
59919	57683	-0.00033618	0.00644088	0.48978897	0.00644761	0.49181019	0.58761492	0.58693052	0.32101041	0.32107335	0.58766899	0.58695459	0.32107245	0.32112569	59919	57681	0
59919	57686	-0.00009859	0.00642588	0.49128940	0.00639971	0.49106606	0.58773843	0.58695353	0.32108190	0.32110803	0.58780326	0.58715123	0.32113884	0.32127253	59919	57684	0
59919	57689	-0.00140941	0.00647023	0.49100951	0.00648549	0.49224168	0.58788239	0.58700324	0.32116826	0.32122110	0.58791559	0.58707350	0.32120844	0.32122233	59919	57688	0
59919	57693	0.00081000	0.00640743	0.49374534	0.00640451	0.49165910	0.58775955	0.58695344	0.32103366	0.32114131	0.58778683	0.58709100	0.32110047	0.32120532	59919	57691	0
59919	57696	-0.00042902	0.00640102	0.49158883	0.00641515	0.49275350	0.58793868	0.58718747	0.32120819	0.32122898	0.58778296	0.58703603	0.32103350	0.32115396	59919	57694	0
59919	57699	0.00150065	0.00643534	0.49137372	0.00644702	0.48955983	0.58781715	0.58714909	0.32114205	0.32121173	0.58791337	0.58700833	0.32118132	0.32123769	59919	57698	0
59919	57702	-0.00210940	0.00643175	0.48969475	0.00648588	0.49308819	0.58789792	0.58704909	0.32110975	0.32119554	0.58779817	0.58706536	0.32111978	0.32111953	59919	57701	0
59919	57706	0.00197909	0.00647855	0.49217958	0.00643527	0.48833641	0.58781879	0.58705131	0.32105577	0.32111320	0.58764188	0.58682813	0.32099652	0.32112249	59919	57704	0
59919	57709	-0.00095629	0.00647288	0.49004306	0.00647784	0.49280232	0.58761155	0.58686437	0.32100400	0.32108264	0.58766225	0.58684300	0.32098140	0.32105503	59919	57707	0
59919	57712	-0.00244860	0.00645558	0.49054055	0.00645237	0.49194332	0.58789283	0.58691934	0.32107918	0.32114303	0.58758846	0.58695048	0.32104936	0.32109907	59919	57711	0
59919	57715	0.00051481	0.00646909	0.49279030	0.00647697	0.49000469	0.58773070	0.58688623	0.32112274	0.32107820	0.58768370	0.58689773	0.32114895	0.32115265	59919	57714	0
59919	57719	0.00046466	0.00650264	0.49169753	0.00646234	0.49174468	0.58778025	0.58701236	0.32119562	0.32120137	0.58781542	0.58714047	0.32122200	0.32121165	59919	57717	0
59919	57722	0.00008776	0.00644185	0.49149034	0.00645651	0.49184464	0.58787615	0.58703027	0.32121674	0.32117220	0.58777795	0.58721006	0.32122290	0.32126604	59919	57720	0
59919	57725	0.00059772	0.00639954	0.49191970	0.00642706	0.49144033	0.58790893	0.58715189	0.32124928	0.32134624	0.58787853	0.58713619	0.32116809	0.32126941	59919	57724	0
59919	57729	0.00029905	0.00640969	0.49085460	0.00644824	0.49113535	0.58780195	0.58714827	0.32121543	0.32125692	0.58794427	0.58716840	0.32119061	0.32127590	59919	57727	0
59919	57732	0.00188434	0.00648595	0.49227694	0.00645454	0.49078676	0.58797607	0.58720941	0.32119800	0.32127442	0.58803433	0.58709338	0.32119603	0.32124953	59919	57730	0
59919	57735	0.00072867	0.00643172	0.49044081	0.00649582	0.49152714	0.58796432	0.58716586	0.32118478	0.32127862	0.58796810	0.58713143	0.32129390	0.32129497	59919	57733	0
59919	57738	0.00032577	0.00641912	0.49089696	0.00643537	0.49127569	0.58801477	0.58714392	0.32131962	0.32138248	0.58784755	0.58713833	0.32119833	0.32121222	59919	57737	0
59919	57742	0.00109224	0.00650337	0.49136843	0.00649264	0.49064795	0.58785766	0.58709733	0.32118280	0.32124501	0.58773325	0.58694572	0.32118223	0.32118502	59919	57740	0
59919	57745	-0.00202035	0.00649002	0.48935982	0.00639848	0.49228565	0.58783071	0.58710825	0.32125758	0.32131740	0.58780047	0.58711105	0.32118691	0.32124764	59919	57743	0
59919	57748	-0.00057041	0.00642728	0.49196327	0.00643299	0.49060033	0.58779307	0.58708073	0.32122052	0.32130433	0.58781674	0.58712222	0.32120137	0.32133129	59919	57747	0
59919	57751	-0.00099371	0.00647047	0.49193284	0.00651517	0.49233074	0.58806925	0.58721623	0.32132874	0.32132825	0.58793506	0.58736627	0.32129776	0.32137311	59919	57750	0
59919	57755	-0.00026863	0.00651116	0.49079723	0.00647419	0.49011565	0.58795207	0.58696717	0.32129004	0.32131617	0.58783761	0.58711762	0.32119234	0.32126308	59919	57753	0
59919	57758	-0.00057704	0.00650013	0.49091004	0.00642032	0.49119994	0.58791740	0.58712674	0.32130318	0.32135109	0.58785232	0.58709601	0.32127393	0.32135734	59919	57756	0
59919	57761	0.00004117	0.00648336	0.49066423	0.00641583	0.49008311	0.58795413	0.58702929	0.32128733	0.32134427	0.58786275	0.58710111	0.32125364	0.32132784	59919	57760	0
59919	57764	0.00118084	0.00644635	0.49163038	0.00643798	0.49055910	0.58791896	0.58721623	0.32125552	0.32139415	0.58785240	0.58709806	0.32126259	0.32126087	59919	57763	0
59919	57768	-0.00076665	0.00643611	0.49072821	0.00643088	0.49255886	0.58788773	0.58717153	0.32124492	0.32127467	0.58781863	0.58712945	0.32117311	0.32129431	59919	57766	0
59919	57771	0.00081873	0.00646488	0.49238421	0.00646517	0.49089394	0.58791181	0.58704942	0.32123400	0.32129982	0.58779061	0.58717925	0.32127089	0.32129653	59919	57769	0
59919	57774	0.00095925	0.00642185	0.49165680	0.00645227	0.49152472	0.58788215	0.58735403	0.32132504	0.32140697	0.58792578	0.58712814	0.32129193	0.32129275	59919	57773	0
59919	58480	0.00238217	0.00642190	0.49337991	0.00641516	0.49204236	0.58612614	0.58537517	0.31935498	0.31941907	0.58613403	0.58540319	0.31935991	0.31938505	59919	58478	0
59919	58483	0.00015991	0.00644751	0.49069287	0.00642458	0.49278179	0.58609656	0.58538405	0.31942696	0.31946599	0.58609163	0.58537945	0.31932696	0.31943773	59919	58482	0
59919	58487	-0.00024517	0.00646416	0.49104811	0.00647274	0.49142889	0.58611242	0.58539301	0.31938588	0.31936065	0.58618078	0.58535471	0.31932433	0.31941833	59919	58485	0
59919	58490	-0.00143522	0.00647898	0.48973029	0.00647056	0.49084894	0.58620831	0.58530064	0.31933378	0.31937117	0.58617068	0.58552604	0.31936961	0.31943370	59919	58488	0
59919	58493	0.00159627	0.00648866	0.49262614	0.00647646	0.48977654	0.58626978	0.58550032	0.31938892	0.31940231	0.58622277	0.58543056	0.31942918	0.31947421	59919	58492	0
59919	58496	0.00027843	0.00647983	0.49122295	0.00642910	0.49246171	0.58614792	0.58546992	0.31934495	0.31941422	0.58622228	0.58529177	0.31932688	0.31934101	59919	58495	0
59919	58500	0.00135132	0.00641187	0.49230048	0.00642060	0.49129196	0.58621924	0.58552670	0.31941636	0.31941981	0.58628498	0.58551462	0.31945843	0.31943690	59919	58498	0
59919	58503	0.00003955	0.00646534	0.49175766	0.00645032	0.49299073	0.58632787	0.58549161	0.31950067	0.31952269	0.58626748	0.58561323	0.31945958	0.31956320	59919	58501	0
59919	58506	-0.00034012	0.00651498	0.49116284	0.00649363	0.49151973	0.58642976	0.58567954	0.31942433	0.31957216	0.58633658	0.58556737	0.31951916	0.31958268	59919	58505	0
59919	58510	-0.00063875	0.00644867	0.49206741	0.00646424	0.49234812	0.58631070	0.58554782	0.31942154	0.31946501	0.58618999	0.58550509	0.31943395	0.31945901	59919	58508	0
59919	58513	-0.00151077	0.00643918	0.49089751	0.00644964	0.49171721	0.58612063	0.58535636	0.31940675	0.31946032	0.58627282	0.58547304	0.31936352	0.31945934	59919	58511	0
59919	58516	-0.00095658	0.00651829	0.49253209	0.00651455	0.49201115	0.58623321	0.58545398	0.31937675	0.31953173	0.58616427	0.58538890	0.31940946	0.31945432	59919	58514	0
59919	58519	0.00035546	0.00649485	0.49252588	0.00647596	0.49129256	0.58614545	0.58534847	0.31934988	0.31943575	0.58615465	0.58549868	0.31941381	0.31947930	59919	58518	0
59919	58523	0.00217173	0.00642753	0.49395333	0.00643955	0.49224604	0.58621398	0.58538881	0.31935334	0.31942639	0.58624184	0.58547805	0.31946829	0.31947774	59919	58521	0
59919	58526	0.00232389	0.00648496	0.49209481	0.00648528	0.49195177	0.58622335	0.58548290	0.31949763	0.31948654	0.58621456	0.58552826	0.31943321	0.31958029	59919	58524	0
59919	58529	0.00044772	0.00645305	0.49028930	0.00641229	0.49205290	0.58630905	0.58554930	0.31951045	0.31943600	0.58621751	0.58545948	0.31942515	0.31945942	59919	58527	0
59919	58532	0.00038849	0.00644688	0.49178836	0.00644898	0.49184403	0.58614257	0.58542941	0.31940732	0.31948588	0.58629254	0.58538232	0.31952943	0.31948752	59919	58531	0
59919	58536	0.00125432	0.00646205	0.49228271	0.00648898	0.49146883	0.58622606	0.58565423	0.31947257	0.31963288	0.58630445	0.58565193	0.31950897	0.31961275	59919	58534	0
59919	58539	-0.00151625	0.00648163	0.49013003	0.00640753	0.49273437	0.58636427	0.58561536	0.31952310	0.31960034	0.58662131	0.58585645	0.31964989	0.31970462	59919	58537	0
59919	58542	0.00146613	0.00644709	0.49269075	0.00649166	0.48988731	0.58649164	0.58561462	0.31955934	0.31960182	0.58640084	0.58553459	0.31957980	0.31958005	59919	58541	0
59919	58545	0.00154611	0.00649014	0.49038429	0.00650084	0.49030911	0.58611118	0.58544329	0.31939442	0.31951242	0.58626296	0.58542292	0.31948087	0.31956558	59919	58544	0
59919	58549	0.00159943	0.00644801	0.49143373	0.00654134	0.49138361	0.58629122	0.58555217	0.31951957	0.31952302	0.58649049	0.58565924	0.31966707	0.31966526	59919	58547	0
59919	58552	-0.00037710	0.00652761	0.48953263	0.00652849	0.49139056	0.58634652	0.58566056	0.31960437	0.31971982	0.58650207	0.58572580	0.31961793	0.31968999	59919	58550	0
59919	58555	-0.00193263	0.00648308	0.49075077	0.00646285	0.49221297	0.58650314	0.58577272	0.31969188	0.31974151	0.58638408	0.58572218	0.31961530	0.31961957	59919	58554	0
59919	58558	0.00050309	0.00649686	0.49367004	0.00648633	0.49138047	0.58654283	0.58578003	0.31973420	0.31968950	0.58649936	0.58581529	0.31965211	0.31969624	59919	58557	0
59919	58562	0.00169806	0.00648901	0.49207771	0.00647680	0.49095444	0.58657167	0.58585629	0.31967257	0.31965523	0.58654513	0.58581200	0.31964357	0.31973724	59919	58560	0
59919	58565	-0.00088829	0.00650047	0.49032499	0.00651778	0.49275616	0.58648301	0.58576804	0.31960914	0.31965384	0.58650725	0.58584889	0.31958802	0.31966887	59919	58563	0
59919	58568	-0.00088861	0.00652079	0.49002221	0.00645725	0.49002252	0.58648400	0.58572284	0.31968087	0.31975540	0.58639533	0.58566787	0.31964061	0.31963781	59919	58567	0
59919	58572	0.00058325	0.00650402	0.49212531	0.00650765	0.49074176	0.58643322	0.58565357	0.31967118	0.31966518	0.58641925	0.58572145	0.31968104	0.31971555	59919	58570	0
59919	58575	0.00050444	0.00645610	0.49058509	0.00646913	0.49065918	0.58645170	0.58572695	0.31968030	0.31966115	0.58647693	0.58572136	0.31959697	0.31965466	59919	58573	0
59919	59281	0.00042620	0.00643638	0.49161002	0.00638086	0.49168356	0.58716109	0.58641349	0.32095921	0.32096628	0.58693931	0.58636189	0.32088197	0.32100474	59919	59279	0
59919	59284	0.00117188	0.00640115	0.49165447	0.00642310	0.49095353	0.58703775	0.58641111	0.32092109	0.32093810	0.58714474	0.58647783	0.32091887	0.32101558	59919	59282	0
59919	59287	-0.00056105	0.00644312	0.49045874	0.00647207	0.49208770	0.58716947	0.58645039	0.32094648	0.32100211	0.58721467	0.58639081	0.32102019	0.32098880	59919	59286	0
59919	59290	0.00038744	0.00641565	0.49197175	0.00640062	0.49108018	0.58720933	0.58642730	0.32095141	0.32101353	0.58708656	0.58641054	0.32101879	0.32100186	59919	59289	0
59919	59294	0.00012512	0.00641967	0.49189538	0.00646154	0.49214196	0.58697892	0.58633584	0.32096242	0.32095018	0.58701080	0.58620100	0.32095593	0.32096595	59919	59292	0
59919	59297	-0.00019153	0.00644847	0.49122435	0.00645505	0.49152200	0.58700562	0.58634036	0.32092437	0.32098748	0.58704580	0.58621940	0.32086636	0.32090712	59919	59295	0
59919	59300	0.00111507	0.00645544	0.49227710	0.00639220	0.49104889	0.58705443	0.58626386	0.32091139	0.32097474	0.58706224	0.58633149	0.32098543	0.32098559	59919	59299	0
59919	59303	0.00015056	0.00645300	0.49056198	0.00641717	0.49146863	0.58706396	0.58621423	0.32092733	0.32091525	0.58707013	0.58635704	0.32091468	0.32095486	59919	59302	0
59919	59307	-0.00051456	0.00646863	0.49081064	0.00654805	0.49143586	0.58702567	0.58625038	0.32094089	0.32099200	0.58718467	0.58631472	0.32101172	0.32103350	59919	59305	0
59919	59310	-0.00138169	0.00648502	0.49106524	0.00640940	0.49188034	0.58726233	0.58656551	0.32105116	0.32106990	0.58706446	0.58625753	0.32088682	0.32092709	59919	59308	0
59919	59313	0.00024433	0.00645875	0.49136324	0.00645165	0.48983479	0.58706914	0.58629517	0.32094344	0.32095009	0.58706848	0.58622622	0.32088411	0.32091369	59919	59312	0
59919	59317	-0.00218209	0.00639556	0.48959171	0.00641296	0.49187254	0.58691819	0.58645047	0.32092848	0.32108288	0.58702156	0.58636534	0.32085798	0.32094952	59919	59315	0
59919	59320	-0.00038713	0.00642039	0.49370088	0.00642932	0.49201363	0.58706035	0.58633231	0.32097910	0.32101213	0.58698541	0.58629476	0.32084647	0.32087778	59919	59318	0
59919	59323	-0.00282311	0.00645673	0.49051322	0.00640975	0.49280303	0.58703225	0.58630388	0.32095207	0.32091057	0.58722140	0.58647537	0.32102561	0.32108149	59919	59321	0
59919	59326	-0.00036285	0.00644774	0.49293236	0.00643613	0.49061972	0.58715936	0.58636016	0.32092626	0.32096505	0.58711959	0.58640421	0.32090457	0.32096341	59919	59325	0
59919	59330	0.00107913	0.00639652	0.49180489	0.00641877	0.49044943	0.58704030	0.58632179	0.32092569	0.32095782	0.58703537	0.58634069	0.32091172	0.32098206	59919	59328	0
59919	59333	-0.00198467	0.00644141	0.48981607	0.00639731	0.49269605	0.58710275	0.58638662	0.32102635	0.32107179	0.58721762	0.58655236	0.32097959	0.32102125	59919	59331	0
59919	59336	-0.00047506	0.00641441	0.49172962	0.00643094	0.49031059	0.58721541	0.58637183	0.32100909	0.32107984	0.58697588	0.58633280	0.32096152	0.32093547	59919	59334	0
59919	59339	-0.00121597	0.00646946	0.49188332	0.00644591	0.49257978	0.58715517	0.58634587	0.32090794	0.32100219	0.58731377	0.58662911	0.32104829	0.32116834	59919	59338	0
59919	59343	-0.00012712	0.00647422	0.49263000	0.00645951	0.49160648	0.58725312	0.58652927	0.32093087	0.32111567	0.58722675	0.58641884	0.32101164	0.32102232	59919	59341	0
59919	59346	-0.00246592	0.00647110	0.49000401	0.00645058	0.49220248	0.58702452	0.58627545	0.32091764	0.32099208	0.58702748	0.58631620	0.32093226	0.32090523	59919	59344	0
59919	59349	0.00090704	0.00639136	0.49383169	0.00639338	0.49066110	0.58708771	0.58637085	0.32099143	0.32102471	0.58728550	0.58645943	0.32108305	0.32114048	59919	59348	0
59919	59352	0.00024753	0.00642411	0.49173520	0.00641709	0.49235515	0.58727736	0.58644094	0.32110162	0.32113136	0.58727309	0.58649221	0.32106711	0.32110688	59919	59351	0
59919	59356	0.00053674	0.00640772	0.49187436	0.00642142	0.49160250	0.58718476	0.58655179	0.32100260	0.32111172	0.58722847	0.58655310	0.32103588	0.32115864	59919	59354	0
59919	59359	-0.00051680	0.00646128	0.49049726	0.00639942	0.49148759	0.58708229	0.58625482	0.32101904	0.32111781	0.58701335	0.58628325	0.32103958	0.32108880	59919	59357	0
59919	59362	-0.00051196	0.00638054	0.49103768	0.00646307	0.49103312	0.58700842	0.58628966	0.32096571	0.32102446	0.58707235	0.58628695	0.32099685	0.32097951	59919	59361	0
59919	59365	0.00013401	0.00643244	0.49116084	0.00639162	0.49055363	0.58698985	0.58633724	0.32096349	0.32093423	0.58721343	0.58643601	0.32106423	0.32111370	59919	59364	0
59919	59369	-0.00105737	0.00642773	0.49271502	0.00645468	0.49383491	0.58721253	0.58643552	0.32096661	0.32097072	0.58720719	0.58644414	0.32099882	0.32101493	59919	59367	0
59919	59372	-0.00208933	0.00648905	0.49146361	0.00643262	0.49243365	0.58723028	0.58653593	0.32104845	0.32110006	0.58710965	0.58638473	0.32087770	0.32094031	59919	59370	0
59919	59375	0.00199925	0.00639097	0.49365620	0.00640409	0.48981293	0.58711598	0.58636961	0.32090777	0.32098247	0.58700924	0.58634266	0.32087975	0.32096603	59919	59374	0
