% File initiated 25/04/2023 16:15:10 UTC
% Raw fountain data
%
% File notes: collisional shift map RF amps 460 430 400 380 360 340 310
%
%% fountain_code = ALPHA-CsF1
%% microwave_ref = ALPHA HM1
%% MJD_start = 60059.677200
%% clock_data = False
%% sequence = 9
%% density = HD
%
% Units: V.s, Hz
%
% Shot B MJD days	Shot B MJD seconds	freq error	shot A sum	shot A ratio	shot B sum	shot B ratio	shot A F=3 bg 1	shot A F=3 bg 2	shot A F=4 bg 1	shot A F=4 bg 2	shot B F=3 bg 1	shot B F=3 bg 2	shot B F=4 bg 1	shot B F=4 bg 2	Shot A MJD days	Shot A MJD seconds	Shot order (0=LF->HF)
60059	59062	0.00105577	0.06844913	0.47454479	0.06843609	0.47589275	0.64498504	0.64511750	0.33770882	0.33745277	0.64479004	0.64499950	0.33718760	0.33729048	60059	59060	0
60059	59065	0.00089962	0.06837184	0.47564504	0.06787147	0.47611347	0.64491503	0.64496038	0.33742171	0.33714783	0.64488791	0.64503196	0.33735113	0.33739846	60059	59063	0
60059	59068	0.00101233	0.06854476	0.47513465	0.06852460	0.47479651	0.64478281	0.64482899	0.33717216	0.33714126	0.64491182	0.64500952	0.33728087	0.33743527	60059	59067	0
60059	59072	0.00058802	0.06858291	0.47585310	0.06846090	0.47712605	0.64508446	0.64497797	0.33765163	0.33730149	0.64441641	0.64467303	0.33707067	0.33700707	60059	59070	0
60059	59075	0.00061368	0.06860971	0.47702446	0.06863056	0.47694747	0.64457434	0.64472850	0.33709639	0.33696500	0.64472883	0.64483351	0.33719377	0.33701981	60059	59073	0
60059	59862	0.00072477	0.06904078	0.47526578	0.06891711	0.47493252	0.64758322	0.64756120	0.33850391	0.33864796	0.64733539	0.64744821	0.33859767	0.33859266	60059	59861	0
60059	59866	0.00048091	0.06908429	0.47400478	0.06883846	0.47473638	0.64744854	0.64771412	0.33879496	0.33872733	0.64717918	0.64743449	0.33849890	0.33834113	60059	59864	0
60059	59869	0.00113745	0.06892582	0.47613949	0.06885629	0.47416986	0.64725355	0.64735264	0.33859644	0.33848361	0.64733785	0.64759037	0.33866365	0.33859126	60059	59867	0
60059	59872	0.00114036	0.06819986	0.47555099	0.06895174	0.47554226	0.64728559	0.64728222	0.33862528	0.33840506	0.64761880	0.64758461	0.33868839	0.33867417	60059	59870	0
60059	59875	0.00114613	0.06883821	0.47557989	0.06907667	0.47556258	0.64762882	0.64779185	0.33877771	0.33867959	0.64762233	0.64769390	0.33877368	0.33874837	60059	59874	0
60059	60663	0.00152984	0.06915779	0.47673334	0.06893690	0.47558222	0.64893502	0.64892590	0.33942949	0.33931231	0.64898597	0.64924127	0.33949219	0.33954108	60059	60661	0
60059	60666	0.00057715	0.06890241	0.47517723	0.06904878	0.47803530	0.64936568	0.64937250	0.33955209	0.33954700	0.64931227	0.64927538	0.33959120	0.33943039	60059	60665	0
60059	60669	0.00035998	0.06920808	0.47518827	0.06903706	0.47583979	0.64921786	0.64928630	0.33958373	0.33949605	0.64911506	0.64915072	0.33965711	0.33945710	60059	60668	0
60059	60673	0.00199501	0.06915176	0.47903158	0.06888532	0.47412650	0.64922328	0.64933322	0.33949983	0.33941881	0.64930027	0.64924563	0.33961487	0.33941100	60059	60671	0
60059	60676	0.00035331	0.06898974	0.47360666	0.06896748	0.47853174	0.64941983	0.64932961	0.33972087	0.33955472	0.64924547	0.64916231	0.33961027	0.33951955	60059	60674	0
60059	61464	0.00115050	0.06956775	0.47648440	0.06932029	0.47409283	0.64985444	0.64992100	0.33996130	0.33980921	0.65001960	0.65015658	0.33985703	0.33974396	60059	61462	0
60059	61467	0.00122135	0.06941565	0.47473190	0.06951188	0.47451937	0.65006808	0.64999980	0.33996969	0.33975966	0.64976832	0.64996480	0.33965875	0.33973048	60059	61465	0
60059	61470	0.00106541	0.06920776	0.47405909	0.06882702	0.47452691	0.64993472	0.64998041	0.33962933	0.33956277	0.64984441	0.64989676	0.33958151	0.33950344	60059	61468	0
60059	61473	0.00101615	0.06894546	0.47470229	0.06933526	0.47485006	0.64988008	0.64999528	0.33969252	0.33961372	0.64989733	0.64990177	0.33947715	0.33948134	60059	61472	0
60059	61477	0.00154184	0.06919521	0.47782501	0.06915830	0.47624794	0.64982091	0.65004582	0.33959917	0.33964396	0.64971499	0.64972494	0.33961955	0.33938167	60059	61475	0
60059	62264	0.00050357	0.07021737	0.47502684	0.07013991	0.47814165	0.65050524	0.65058248	0.33973040	0.33953114	0.65062891	0.65064698	0.33977469	0.33967510	60059	62263	0
60059	62267	0.00234882	0.06999159	0.47743929	0.07000156	0.47190356	0.65059678	0.65087912	0.33985588	0.33967880	0.65061050	0.65060869	0.33978694	0.33954856	60059	62266	0
60059	62271	0.00152489	0.06990948	0.47320124	0.07020916	0.47567301	0.65061387	0.65080434	0.33960057	0.33970592	0.65079391	0.65102440	0.33991019	0.33987059	60059	62269	0
60059	62274	0.00057970	0.07025098	0.47346953	0.07041679	0.47630510	0.65061576	0.65080533	0.33979376	0.33966803	0.65063540	0.65073918	0.33978028	0.33960583	60059	62272	0
60059	62277	0.00123699	0.07017953	0.47644381	0.07012512	0.47447196	0.65056407	0.65063909	0.33972219	0.33978899	0.65078544	0.65102736	0.33988127	0.33982202	60059	62276	0
60059	63065	0.00072711	0.06996122	0.47465363	0.07012987	0.47618327	0.65073992	0.65053852	0.33949695	0.33940221	0.65045947	0.65059637	0.33949268	0.33925767	60059	63063	0
60059	63068	0.00103723	0.06975450	0.47783501	0.06945701	0.47690465	0.65061395	0.65082406	0.33945012	0.33948150	0.65055035	0.65047598	0.33949868	0.33943557	60059	63066	0
60059	63071	0.00048001	0.06995262	0.47498671	0.07031092	0.47665836	0.65054238	0.65066210	0.33953056	0.33932554	0.65064296	0.65070426	0.33942382	0.33943212	60059	63070	0
60059	63075	-0.00013350	0.07008933	0.47280755	0.06999974	0.47464807	0.65058100	0.65049694	0.33952456	0.33945669	0.65083039	0.65079612	0.33955299	0.33946869	60059	63073	0
60059	63078	0.00110399	0.07042617	0.47706585	0.07026636	0.47335337	0.65075767	0.65071847	0.33962991	0.33959104	0.65074255	0.65066260	0.33960328	0.33936893	60059	63076	0
60059	63865	0.00090038	0.07008977	0.47535330	0.07024576	0.47596414	0.65101256	0.65104182	0.33980863	0.33947904	0.65113804	0.65103754	0.33981175	0.33970945	60059	63864	0
60059	63869	0.00040591	0.07019035	0.47505145	0.07047437	0.47653485	0.65104412	0.65131791	0.33984692	0.33964864	0.65129104	0.65137790	0.33973114	0.33971348	60059	63867	0
60059	63872	0.00100872	0.07018421	0.47605454	0.07025466	0.47424613	0.65128373	0.65122531	0.34003099	0.33982235	0.65134076	0.65145103	0.33985793	0.33980091	60059	63870	0
60059	63875	0.00114413	0.07071080	0.47504717	0.07029803	0.47464093	0.65137921	0.65129219	0.33987987	0.33966335	0.65140050	0.65125407	0.33979195	0.33949498	60059	63874	0
60059	63879	0.00130917	0.07042997	0.47703474	0.07035483	0.47653964	0.65122851	0.65134758	0.33983764	0.33960591	0.65119121	0.65123911	0.33979367	0.33963607	60059	63877	0
60059	64666	0.00071635	0.07072371	0.47595610	0.07072894	0.47773455	0.65073836	0.65062948	0.33913014	0.33886062	0.65041814	0.65051132	0.33901535	0.33894632	60059	64664	0
60059	64669	0.00106841	0.07075419	0.47555861	0.07035712	0.47450243	0.65078552	0.65063638	0.33928109	0.33901526	0.65070352	0.65061066	0.33898075	0.33904526	60059	64668	0
60059	64672	0.00031173	0.07055969	0.47330807	0.07103847	0.47557811	0.65060006	0.65065873	0.33922069	0.33902397	0.65060771	0.65072537	0.33904493	0.33886966	60059	64671	0
60059	64676	0.00092611	0.07100651	0.47644394	0.07062503	0.47460080	0.65086827	0.65065931	0.33928101	0.33902192	0.65071658	0.65064690	0.33923885	0.33894731	60059	64674	0
60059	64679	0.00096083	0.07076833	0.47730887	0.07082788	0.47720471	0.65063022	0.65059135	0.33914419	0.33900811	0.65022643	0.65039891	0.33889044	0.33885774	60059	64677	0
60059	65467	0.00093753	0.06991621	0.47479730	0.07022056	0.47486719	0.65091840	0.65071765	0.33982564	0.33973114	0.65105924	0.65106861	0.33993098	0.33983969	60059	65465	0
60059	65470	0.00215747	0.07001752	0.47729811	0.06995648	0.47363827	0.65128011	0.65125226	0.33989162	0.33982449	0.65122646	0.65122522	0.34017709	0.33993558	60059	65468	0
60059	65473	0.00057781	0.06988827	0.47405611	0.07021200	0.47879509	0.65139039	0.65110879	0.34020798	0.33979335	0.65124363	0.65123098	0.33997659	0.33984626	60059	65472	0
60059	65476	0.00196846	0.07047677	0.47815047	0.06998512	0.47397852	0.65114897	0.65114700	0.34015342	0.33987782	0.65118028	0.65132021	0.34007487	0.34007076	60059	65475	0
60059	65480	0.00123501	0.07026392	0.47403513	0.07017099	0.47623550	0.65168859	0.65139778	0.34062887	0.34015901	0.65133229	0.65126919	0.34034636	0.34008900	60059	65478	0
60059	66267	0.00120445	0.07100786	0.47527596	0.07092612	0.47536763	0.65227669	0.65234719	0.34107785	0.34099420	0.65233528	0.65237259	0.34117128	0.34103520	60059	66266	0
60059	66271	0.00108255	0.07051053	0.47477352	0.07076169	0.47513923	0.65250685	0.65255435	0.34133998	0.34119626	0.65249699	0.65241688	0.34132100	0.34092625	60059	66269	0
60059	66274	0.00062333	0.07066431	0.47522563	0.07106502	0.47660329	0.65240964	0.65225902	0.34116134	0.34093175	0.65241696	0.65253882	0.34120185	0.34098500	60059	66272	0
60059	66277	0.00019386	0.07076213	0.47380391	0.07076486	0.47509232	0.65214612	0.65214423	0.34105846	0.34081408	0.65205573	0.65216592	0.34105821	0.34097645	60059	66275	0
60059	66280	0.00144014	0.07100564	0.47577306	0.07092967	0.47203423	0.65207825	0.65222303	0.34092731	0.34087012	0.65212813	0.65227505	0.34089346	0.34089297	60059	66279	0
60059	67068	0.00091466	0.07069598	0.47364390	0.07081315	0.47522033	0.65236067	0.65231958	0.34130111	0.34107596	0.65273718	0.65256815	0.34124975	0.34118944	60059	67066	0
60059	67071	0.00176381	0.07059866	0.47728541	0.07065699	0.47473796	0.65272453	0.65264597	0.34154878	0.34125501	0.65260866	0.65248828	0.34154869	0.34127564	60059	67070	0
60059	67074	0.00137764	0.07071757	0.47447638	0.07081671	0.47563491	0.65254350	0.65244547	0.34131508	0.34118418	0.65262099	0.65260225	0.34128451	0.34116002	60059	67073	0
60059	67078	0.00151714	0.07066058	0.47514696	0.07073464	0.47472845	0.65258746	0.65269659	0.34145412	0.34133045	0.65275452	0.65260875	0.34134417	0.34124269	60059	67076	0
60059	67081	0.00047176	0.07047994	0.47282650	0.07077575	0.47596263	0.65265345	0.65261935	0.34155847	0.34123365	0.65264392	0.65255402	0.34157861	0.34132149	60059	67079	0
60059	67868	0.00108074	0.07087266	0.47610449	0.07075750	0.47427755	0.65238754	0.65235023	0.34093635	0.34091417	0.65249116	0.65237259	0.34120021	0.34087300	60059	67867	0
60059	67872	0.00010496	0.07097555	0.47263582	0.07047289	0.47556317	0.65221802	0.65224768	0.34106692	0.34081729	0.65207348	0.65218515	0.34092756	0.34067825	60059	67870	0
60059	67875	0.00107642	0.07074321	0.47597513	0.07091292	0.47306076	0.65225130	0.65210331	0.34108582	0.34078984	0.65229543	0.65226568	0.34089272	0.34089239	60059	67873	0
60059	67878	0.00083742	0.07067965	0.47437713	0.07067095	0.47509412	0.65220775	0.65212796	0.34103562	0.34077809	0.65221243	0.65222451	0.34106018	0.34072492	60059	67877	0
60059	67881	0.00124361	0.07069691	0.47560820	0.07105573	0.47438963	0.65220800	0.65238064	0.34079009	0.34079863	0.65230003	0.65213470	0.34104753	0.34070381	60059	67880	0
60059	68669	0.00113877	0.07084441	0.47597199	0.07112775	0.47628649	0.65233635	0.65247029	0.34105279	0.34087645	0.65222961	0.65231745	0.34100209	0.34096281	60059	68667	0
60059	68672	0.00111136	0.07125581	0.47550024	0.07112243	0.47558249	0.65242731	0.65231926	0.34117440	0.34088516	0.65249642	0.65246774	0.34099519	0.34094728	60059	68671	0
60059	68676	0.00016348	0.07106038	0.47213110	0.07125986	0.47497472	0.65220027	0.65223799	0.34116873	0.34095961	0.65225533	0.65194685	0.34085147	0.34083906	60059	68674	0
60059	68679	0.00131645	0.07074503	0.47776774	0.07102900	0.47430884	0.65218540	0.65196896	0.34085755	0.34074678	0.65233232	0.65216099	0.34088672	0.34093569	60059	68677	0
60059	68682	0.00080050	0.07072077	0.47404849	0.07101212	0.47559633	0.65232690	0.65231112	0.34099527	0.34083446	0.65195310	0.65175728	0.34070890	0.34060841	60059	68680	0
60059	69470	0.00119593	0.07159635	0.47534219	0.07169285	0.47415589	0.65218047	0.65227488	0.34050931	0.34053741	0.65208244	0.65196904	0.34047545	0.34040947	60059	69468	0
60059	69473	0.00099248	0.07136957	0.47538683	0.07149413	0.47599719	0.65201424	0.65213256	0.34057997	0.34046411	0.65200651	0.65208540	0.34066576	0.34036592	60059	69471	0
60059	69476	0.00093473	0.07166725	0.47538592	0.07161786	0.47555917	0.65211506	0.65213190	0.34061317	0.34040207	0.65214119	0.65212591	0.34050093	0.34043330	60059	69475	0
60059	69479	0.00066508	0.07152714	0.47551000	0.07176884	0.47631895	0.65221638	0.65199912	0.34035261	0.34027084	0.65243619	0.65222279	0.34061646	0.34036164	60059	69478	0
60059	69483	0.00059841	0.07171942	0.47511727	0.07178239	0.47531727	0.65225820	0.65241934	0.34066897	0.34057258	0.65236831	0.65213733	0.34057874	0.34042130	60059	69481	0
60059	70270	0.00163521	0.07170059	0.47736623	0.07149531	0.47425585	0.65274614	0.65279429	0.34159389	0.34132478	0.65303251	0.65310564	0.34162914	0.34137572	60059	70269	0
60059	70274	0.00106766	0.07137192	0.47404960	0.07165493	0.47575225	0.65282740	0.65290719	0.34160548	0.34159709	0.65313440	0.65302840	0.34172783	0.34163004	60059	70272	0
60059	70277	0.00210727	0.07138347	0.47706304	0.07128485	0.47394420	0.65299536	0.65306357	0.34159068	0.34149101	0.65310260	0.65314935	0.34181132	0.34154557	60059	70275	0
60059	70280	0.00052258	0.07146298	0.47070731	0.07123693	0.47546140	0.65315428	0.65307178	0.34180680	0.34159307	0.65307441	0.65300046	0.34178765	0.34163103	60059	70278	0
60059	70283	0.00054237	0.07127987	0.47537402	0.07116814	0.47531465	0.65309553	0.65306463	0.34167187	0.34155897	0.65327754	0.65298805	0.34169184	0.34152158	60059	70282	0
60059	71071	0.00137005	0.07191811	0.47651698	0.07198134	0.47403394	0.65197126	0.65181965	0.34035499	0.34032754	0.65186493	0.65200931	0.34034332	0.34027832	60059	71069	0
60059	71074	0.00102811	0.07195047	0.47362605	0.07211967	0.47465184	0.65206543	0.65183814	0.34037759	0.34027216	0.65189632	0.65190938	0.34031801	0.34037520	60059	71072	0
60059	71077	0.00074576	0.07150481	0.47429006	0.07199235	0.47513714	0.65161283	0.65161201	0.34023798	0.34021456	0.65178514	0.65199969	0.34034710	0.34022918	60059	71076	0
60059	71081	0.00095570	0.07202610	0.47380176	0.07177426	0.47317193	0.65193305	0.65152531	0.34040717	0.34019475	0.65190404	0.65167963	0.34037528	0.34004660	60059	71079	0
60059	71084	0.00114958	0.07171202	0.47614875	0.07152698	0.47556711	0.65163641	0.65150411	0.34030536	0.34012737	0.65181883	0.65179500	0.34024159	0.34021472	60059	71082	0
60059	71871	0.00139126	0.07129494	0.47486945	0.07135796	0.47414441	0.65226905	0.65225993	0.34109429	0.34104112	0.65232164	0.65214012	0.34101442	0.34090373	60059	71870	0
60059	71875	0.00036844	0.07127035	0.47318102	0.07162904	0.47624946	0.65218540	0.65223733	0.34103389	0.34081079	0.65219255	0.65214275	0.34110735	0.34089034	60059	71873	0
60059	71878	0.00048307	0.07100709	0.47566367	0.07140438	0.47531979	0.65231457	0.65231030	0.34109683	0.34098755	0.65234670	0.65233364	0.34110554	0.34096068	60059	71876	0
60059	71881	0.00086532	0.07146542	0.47675235	0.07108771	0.47560559	0.65238376	0.65229173	0.34114605	0.34090858	0.65231334	0.65234991	0.34125378	0.34100587	60059	71880	0
60059	71885	0.00117021	0.07082802	0.47563715	0.07117071	0.47472248	0.65243430	0.65239305	0.34103036	0.34101663	0.65240430	0.65223939	0.34127219	0.34098385	60059	71883	0
60059	72672	0.00171821	0.07164934	0.47577222	0.07190125	0.47412824	0.65185696	0.65187956	0.34066174	0.34056296	0.65189172	0.65171324	0.34078039	0.34047816	60059	72670	0
60059	72675	0.00269864	0.07167543	0.47651978	0.07175776	0.47357849	0.65177134	0.65176600	0.34062706	0.34041982	0.65183863	0.65163641	0.34054974	0.34033921	60059	72674	0
60059	72679	0.00077410	0.07164718	0.47108267	0.07171308	0.47685629	0.65185137	0.65180314	0.34057324	0.34057094	0.65179426	0.65184365	0.34066420	0.34053511	60059	72677	0
60059	72682	0.00057109	0.07174233	0.47495158	0.07146156	0.47556059	0.65181086	0.65181760	0.34058573	0.34052385	0.65187315	0.65189188	0.34055006	0.34046132	60059	72680	0
60059	72685	0.00137903	0.07161221	0.47564477	0.07182116	0.47322096	0.65180552	0.65180149	0.34067833	0.34047463	0.65169262	0.65174167	0.34048794	0.34043880	60059	72683	0
60059	73473	0.00089501	0.07132569	0.47382714	0.07139713	0.47527919	0.65261935	0.65258903	0.34145806	0.34134113	0.65265484	0.65265583	0.34149561	0.34137277	60059	73471	0
60059	73476	0.00195324	0.07136321	0.47586362	0.07127371	0.47268895	0.65254868	0.65245648	0.34151377	0.34136241	0.65247661	0.65257317	0.34161608	0.34132453	60059	73474	0
60059	73479	0.00110961	0.07144618	0.47369135	0.07147505	0.47622223	0.65238803	0.65230948	0.34145107	0.34124786	0.65251877	0.65225105	0.34123455	0.34122749	60059	73478	0
60059	73482	0.00023432	0.07137631	0.47300051	0.07126794	0.47562638	0.65254704	0.65232706	0.34141673	0.34120933	0.65237546	0.65241515	0.34142651	0.34125091	60059	73481	0
60059	73486	0.00059320	0.07131829	0.47546349	0.07134184	0.47438685	0.65263989	0.65251606	0.34145658	0.34142585	0.65249288	0.65249658	0.34142273	0.34120538	60059	73484	0
60059	74273	0.00063821	0.07148146	0.47397133	0.07167681	0.47383631	0.65097411	0.65065011	0.33964314	0.33958315	0.65123615	0.65102399	0.33983156	0.33962695	60059	74272	0
60059	74276	0.00085331	0.07123974	0.47597748	0.07150026	0.47533218	0.65101182	0.65112843	0.33981652	0.33994923	0.65068289	0.65080878	0.33965053	0.33957559	60059	74275	0
60059	74280	0.00104225	0.07157219	0.47526076	0.07146955	0.47469394	0.65125275	0.65120912	0.34000609	0.33990674	0.65118430	0.65113936	0.34004602	0.33985999	60059	74278	0
60059	74283	0.00141951	0.07177525	0.47489939	0.07152042	0.47376763	0.65121832	0.65098044	0.33995925	0.33982046	0.65111618	0.65110583	0.34003312	0.33978176	60059	74281	0
60059	74286	0.00118053	0.07147741	0.47423722	0.07163803	0.47495413	0.65084773	0.65100558	0.33984733	0.33983172	0.65136048	0.65146903	0.34002811	0.34001151	60059	74285	0
60059	75074	0.00106701	0.07123471	0.47438190	0.07128918	0.47472246	0.65109523	0.65097871	0.33985226	0.33963024	0.65089169	0.65092711	0.33991956	0.33976656	60059	75072	0
60059	75077	0.00073597	0.07123311	0.47437353	0.07136617	0.47536666	0.65115480	0.65092694	0.34005917	0.33984717	0.65099942	0.65111922	0.34000477	0.33989277	60059	75076	0
60059	75081	0.00191857	0.07154316	0.47629752	0.07119324	0.47274973	0.65120682	0.65128587	0.34020782	0.33995613	0.65125456	0.65119425	0.34012803	0.33993205	60059	75079	0
60059	75084	0.00062537	0.07139326	0.47302006	0.07175108	0.47689965	0.65112949	0.65124667	0.34002540	0.33993337	0.65123796	0.65129310	0.34010815	0.33995276	60059	75082	0
60059	75087	0.00066736	0.07154625	0.47380752	0.07170160	0.47368154	0.65106918	0.65115037	0.34004175	0.33993863	0.65125965	0.65101059	0.33991800	0.33983608	60059	75086	0
60059	75875	0.00085541	0.07158378	0.47477720	0.07141236	0.47421306	0.65090278	0.65092357	0.33999080	0.33983024	0.65072743	0.65086441	0.33996435	0.33984322	60059	75873	0
60059	75878	0.00039674	0.07138435	0.47358919	0.07141296	0.47496520	0.65085430	0.65093310	0.33985990	0.33982367	0.65076350	0.65060162	0.33998103	0.33961150	60059	75876	0
60059	75881	0.00058742	0.07148199	0.47526532	0.07177041	0.47469326	0.65111626	0.65109013	0.34027701	0.33985867	0.65099523	0.65105053	0.33992318	0.33986862	60059	75879	0
60059	75884	0.00072063	0.07103796	0.47495927	0.07148179	0.47455965	0.65090278	0.65087024	0.34017002	0.33993682	0.65097271	0.65115168	0.33993468	0.33995218	60059	75883	0
60059	75888	0.00064566	0.07152696	0.47363750	0.07158952	0.47386242	0.65087821	0.65097025	0.33991463	0.33984027	0.65090615	0.65100172	0.34002491	0.33980551	60059	75886	0
60059	76675	0.00108531	0.07111308	0.47685226	0.07161455	0.47553331	0.65249371	0.65230898	0.34146151	0.34139758	0.65220972	0.65252797	0.34137408	0.34155790	60059	76674	0
60059	76679	0.00042378	0.07137442	0.47519774	0.07140659	0.47718232	0.65222640	0.65218178	0.34147523	0.34140218	0.65221712	0.65261417	0.34166710	0.34155502	60059	76677	0
60059	76682	0.00138365	0.07155239	0.47599020	0.07163932	0.47311059	0.65242731	0.65243643	0.34169069	0.34154746	0.65238508	0.65237587	0.34149380	0.34135592	60059	76680	0
60059	76685	0.00104130	0.07125193	0.47572351	0.07144344	0.47675056	0.65272247	0.65246437	0.34162175	0.34137622	0.65249099	0.65244580	0.34157326	0.34145551	60059	76683	0
60059	76688	0.00160794	0.07118147	0.47371164	0.07162134	0.47201172	0.65261269	0.65259470	0.34168584	0.34142445	0.65259470	0.65238335	0.34132100	0.34136184	60059	76687	0
60059	77476	0.00056641	0.07155178	0.47245953	0.07164192	0.47558411	0.65111314	0.65132556	0.34062706	0.34056379	0.65138653	0.65135029	0.34038473	0.34040174	60059	77474	0
60059	77479	0.00172711	0.07123504	0.47777775	0.07164202	0.47429565	0.65121315	0.65136451	0.34046904	0.34037849	0.65144602	0.65139770	0.34057669	0.34039722	60059	77478	0
60059	77482	0.00139198	0.07130137	0.47387464	0.07139712	0.47488003	0.65128809	0.65125908	0.34053757	0.34044587	0.65114149	0.65116959	0.34059904	0.34036386	60059	77481	0
60059	77486	0.00104689	0.07149609	0.47532354	0.07108675	0.47635881	0.65156402	0.65149549	0.34048909	0.34024093	0.65157289	0.65141866	0.34063002	0.34042040	60059	77484	0
60059	77489	0.00163783	0.07155707	0.47626910	0.07132533	0.47449629	0.65136935	0.65147683	0.34034957	0.34050857	0.65122555	0.65140041	0.34044858	0.34051950	60059	77487	0
60059	78277	0.00112010	0.07182467	0.47470895	0.07169741	0.47626212	0.64989635	0.64987630	0.33894164	0.33880811	0.64998912	0.64989889	0.33898248	0.33897155	60059	78275	0
60059	78280	0.00254231	0.07175132	0.47796848	0.07188671	0.47370185	0.64992174	0.64982724	0.33903778	0.33886760	0.64975608	0.64987457	0.33876768	0.33876472	60059	78278	0
60059	78283	0.00115276	0.07151197	0.47181230	0.07207767	0.47598095	0.64977268	0.64981853	0.33891534	0.33884665	0.64985584	0.64990654	0.33884706	0.33889833	60059	78281	0
60059	78286	0.00107328	0.07184362	0.47495675	0.07164018	0.47519519	0.64983332	0.65000596	0.33908725	0.33896300	0.64995017	0.64965953	0.33892290	0.33885166	60059	78285	0
60059	78290	0.00082086	0.07161334	0.47523179	0.07179470	0.47598906	0.64987054	0.64991763	0.33899595	0.33882512	0.64998452	0.64988681	0.33893038	0.33896941	60059	78288	0
60059	79078	0.00165731	0.07194770	0.47517196	0.07222954	0.47266261	0.65044624	0.65019101	0.33941223	0.33904238	0.65034837	0.65005066	0.33937945	0.33917385	60059	79076	0
60059	79081	0.00069811	0.07186979	0.47382429	0.07185896	0.47670188	0.65051608	0.65058379	0.33938158	0.33932250	0.65014533	0.65041156	0.33939260	0.33931018	60059	79079	0
60059	79084	0.00081291	0.07186659	0.47459939	0.07168937	0.47425500	0.65011665	0.65025667	0.33935455	0.33921601	0.65033695	0.65030400	0.33936236	0.33925972	60059	79083	0
60059	79087	0.00073239	0.07184712	0.47395025	0.07186800	0.47419180	0.65025979	0.65036226	0.33930484	0.33918684	0.65024442	0.65032816	0.33932735	0.33919497	60059	79086	0
60059	79091	0.00101844	0.07205806	0.47574358	0.07178110	0.47488543	0.65024714	0.65029414	0.33960106	0.33929982	0.65027877	0.65022750	0.33948652	0.33934748	60059	79089	0
60059	79878	0.00126957	0.07169223	0.47458364	0.07164866	0.47383027	0.65105447	0.65101544	0.34034398	0.34018654	0.65104527	0.65105028	0.34024447	0.34013600	60059	79877	0
60059	79882	0.00164397	0.07196043	0.47614711	0.07150760	0.47502392	0.65086737	0.65093278	0.34007552	0.34011883	0.65108422	0.65111758	0.34024997	0.34003961	60059	79880	0
60059	79885	0.00121882	0.07172609	0.47488384	0.07186414	0.47615926	0.65095455	0.65082603	0.34007026	0.34007109	0.65090763	0.65117255	0.34025573	0.34016049	60059	79883	0
60059	79888	0.00131794	0.07119313	0.47610637	0.07159634	0.47580903	0.65105957	0.65105455	0.34027380	0.34008078	0.65116384	0.65105414	0.34036460	0.34018892	60059	79886	0
60059	79891	0.00056305	0.07186705	0.47332262	0.07191791	0.47558729	0.65128743	0.65139557	0.34043856	0.34041341	0.65118685	0.65117518	0.34034365	0.34022015	60059	79890	0
60059	80679	0.00054228	0.07193466	0.47676503	0.07199102	0.47682734	0.64968517	0.64968295	0.33894484	0.33878732	0.64980226	0.64984228	0.33909168	0.33873284	60059	80677	0
60059	80682	0.00014181	0.07165965	0.47349308	0.07196799	0.47469448	0.64981574	0.64996874	0.33895799	0.33890269	0.64982691	0.64991804	0.33916367	0.33884418	60059	80680	0
60059	80685	0.00076880	0.07151985	0.47585014	0.07154991	0.47396918	0.64973077	0.64973003	0.33907122	0.33889176	0.65001722	0.64980892	0.33901674	0.33895898	60059	80684	0
60059	80689	0.00128474	0.07187466	0.47534033	0.07163357	0.47379250	0.65025996	0.65002486	0.33916802	0.33895684	0.65008074	0.65010136	0.33922768	0.33904189	60059	80687	0
60059	80692	0.00172026	0.07176712	0.47523077	0.07190696	0.47392421	0.65011262	0.65001213	0.33914329	0.33911510	0.65020087	0.65024574	0.33927583	0.33937945	60059	80690	0
60059	81479	0.00138664	0.07167937	0.47223603	0.07165492	0.47323688	0.65202401	0.65198367	0.34124959	0.34120415	0.65199673	0.65182647	0.34132585	0.34109634	60059	81478	0
60059	81483	0.00071899	0.07176356	0.47438002	0.07160392	0.47638297	0.65201358	0.65196321	0.34118081	0.34117112	0.65182861	0.65175638	0.34127342	0.34099782	60059	81481	0
60059	81486	0.00056773	0.07192979	0.47349826	0.07141317	0.47395206	0.65193814	0.65172499	0.34130185	0.34093364	0.65178793	0.65172721	0.34129396	0.34116799	60059	81484	0
60059	81489	0.00081387	0.07166579	0.47524961	0.07158677	0.47451117	0.65170708	0.65176583	0.34117613	0.34110530	0.65157232	0.65181398	0.34123858	0.34127153	60059	81488	0
60059	81493	0.00078044	0.07180048	0.47315740	0.07144308	0.47325768	0.65176978	0.65162088	0.34132913	0.34101754	0.65184069	0.65177898	0.34113028	0.34105271	60059	81491	0
60059	82280	0.00163808	0.07130951	0.47540625	0.07155534	0.47283335	0.65015831	0.65018058	0.33977617	0.33973533	0.65025379	0.65029660	0.33961413	0.33975514	60059	82278	0
60059	82283	0.00083439	0.07150242	0.47235598	0.07112947	0.47476702	0.65038650	0.65042216	0.33993427	0.33981299	0.65043868	0.65047294	0.33987889	0.33973073	60059	82282	0
60059	82287	0.00087516	0.07150922	0.47485614	0.07123547	0.47473384	0.65023259	0.65009216	0.33992893	0.33978201	0.65028181	0.65061880	0.33991044	0.33991652	60059	82285	0
60059	82290	0.00089128	0.07125995	0.47525217	0.07143185	0.47520380	0.65046497	0.65029932	0.33998078	0.33977617	0.65020852	0.65024418	0.33970205	0.33962711	60059	82288	0
60059	82293	0.00011892	0.07127792	0.47358560	0.07128737	0.47590270	0.65023103	0.65008353	0.33968307	0.33956507	0.65023826	0.65011542	0.33966984	0.33956828	60059	82292	0
60059	83081	0.00069473	0.07112466	0.47550403	0.07130227	0.47377660	0.65003061	0.65017269	0.33959556	0.33953097	0.65028288	0.65019463	0.33986590	0.33967559	60059	83079	0
60059	83084	0.00092173	0.07143832	0.47580705	0.07109569	0.47512604	0.65033153	0.65003571	0.33991011	0.33955036	0.65073639	0.65039636	0.34018407	0.33981159	60059	83082	0
60059	83087	0.00077873	0.07142458	0.47337968	0.07148052	0.47380867	0.65039833	0.65015395	0.33998694	0.33961873	0.65022191	0.65034632	0.33968439	0.33980288	60059	83086	0
60059	83091	0.00189775	0.07127258	0.47569495	0.07105597	0.47233790	0.65019315	0.65027754	0.33991882	0.33963007	0.65002741	0.65005675	0.33968751	0.33950336	60059	83089	0
60059	83094	0.00022436	0.07089191	0.47209746	0.07118107	0.47711765	0.65021665	0.64991467	0.33983714	0.33968833	0.65024393	0.65009044	0.33984265	0.33955620	60059	83092	0
60059	83881	0.00156104	0.07093620	0.47714101	0.07108647	0.47313095	0.65099629	0.65106877	0.34054891	0.34053108	0.65085389	0.65099268	0.34065434	0.34054957	60059	83880	0
60059	83885	0.00044175	0.07098197	0.47392869	0.07117072	0.47728658	0.65072201	0.65068437	0.34053996	0.34031678	0.65108142	0.65089876	0.34059189	0.34046181	60059	83883	0
60059	83888	0.00130911	0.07096536	0.47662701	0.07110866	0.47402492	0.65090328	0.65089194	0.34036731	0.34039517	0.65061157	0.65067755	0.34055910	0.34036452	60059	83886	0
60059	83891	0.00052778	0.07083223	0.47451026	0.07125902	0.47685423	0.65055536	0.65057582	0.34021472	0.34013099	0.65072053	0.65067772	0.34027536	0.34031735	60059	83890	0
60059	83894	0.00091914	0.07133030	0.47563923	0.07155001	0.47446516	0.65068700	0.65065980	0.34014200	0.34008497	0.65079637	0.65060360	0.34022844	0.33994380	60059	83893	0
60059	84682	0.00131350	0.07127772	0.47594622	0.07096708	0.47476313	0.65062841	0.65045248	0.33983525	0.33970945	0.65038387	0.65057623	0.33967083	0.33976418	60059	84680	0
60059	84685	0.00082064	0.07082850	0.47380992	0.07129587	0.47528852	0.65018699	0.65035988	0.33958085	0.33952785	0.65024147	0.65037286	0.33958627	0.33960567	60059	84684	0
60059	84688	0.00071209	0.07115939	0.47394485	0.07149737	0.47427047	0.65028732	0.65039020	0.33974733	0.33951635	0.65012388	0.65028263	0.33966968	0.33947337	60059	84687	0
60059	84692	0.00185357	0.07149681	0.47727352	0.07119422	0.47384910	0.65008575	0.65032134	0.33960016	0.33958833	0.65003842	0.65024640	0.33961988	0.33958849	60059	84690	0
60059	84695	0.00043476	0.07142971	0.47340308	0.07131835	0.47765950	0.65011920	0.65008493	0.33946688	0.33930377	0.65006480	0.64998024	0.33934617	0.33931355	60059	84693	0
60059	85483	0.00113438	0.07096623	0.47548292	0.07103398	0.47338405	0.64979930	0.64995929	0.33947353	0.33928659	0.64976200	0.65003481	0.33939498	0.33920812	60059	85481	0
60059	85486	0.00162211	0.07120301	0.47600211	0.07050902	0.47453892	0.64988328	0.64988961	0.33941462	0.33935603	0.64977325	0.64987350	0.33936071	0.33925274	60059	85484	0
60059	85489	0.00091392	0.07113882	0.47359585	0.07092001	0.47572043	0.64993554	0.64986208	0.33922998	0.33925257	0.64999150	0.64992272	0.33933886	0.33928848	60059	85487	0
60059	85492	0.00112904	0.07077993	0.47484282	0.07108445	0.47419745	0.64989930	0.64978640	0.33942703	0.33921100	0.64999249	0.64986824	0.33923976	0.33925512	60059	85491	0
60059	85496	0.00094262	0.07141217	0.47437242	0.07123901	0.47493169	0.64989996	0.64992355	0.33947296	0.33929810	0.65006915	0.64998698	0.33958488	0.33940640	60059	85494	0
60059	86283	0.00136508	0.07118214	0.47534479	0.07141202	0.47407741	0.65033218	0.65022429	0.33953779	0.33940550	0.65026176	0.65013440	0.33962029	0.33936301	60059	86282	0
60059	86286	0.00071768	0.07130610	0.47437909	0.07131865	0.47632128	0.64985123	0.64991574	0.33948430	0.33930114	0.64978936	0.64996570	0.33956105	0.33936466	60059	86285	0
60059	86290	0.00136311	0.07113348	0.47574718	0.07120177	0.47381088	0.65002831	0.64999881	0.33945940	0.33925644	0.65024968	0.65007006	0.33953878	0.33925619	60059	86288	0
60059	86293	0.00145542	0.07135743	0.47675702	0.07123285	0.47648009	0.65002667	0.64991467	0.33931264	0.33925315	0.64997835	0.64980021	0.33922201	0.33908897	60059	86291	0
60059	86296	0.00149574	0.07134633	0.47495846	0.07140935	0.47483750	0.64991155	0.64970965	0.33932719	0.33932209	0.64999939	0.64978763	0.33935036	0.33938389	60059	86295	0
60060	684	0.00117562	0.07108098	0.47409494	0.07064751	0.47505532	0.64998887	0.64977695	0.33937797	0.33902266	0.64988501	0.64990933	0.33938306	0.33935849	60060	682	0
60060	687	0.00087094	0.07067820	0.47443996	0.07059933	0.47535399	0.64983587	0.64995165	0.33933088	0.33927829	0.64997663	0.64982568	0.33946507	0.33935767	60060	685	0
60060	690	0.00088126	0.07074520	0.47650426	0.07078360	0.47647328	0.64995378	0.64987991	0.33969671	0.33933376	0.64991393	0.64999881	0.33961331	0.33934264	60060	689	0
60060	694	0.00133725	0.07092926	0.47611012	0.07090649	0.47474216	0.64992018	0.64984598	0.33943845	0.33912365	0.64997498	0.64979199	0.33936737	0.33928774	60060	692	0
60060	697	0.00115167	0.07073374	0.47258883	0.07075545	0.47314558	0.64996217	0.64994721	0.33941971	0.33925356	0.64990284	0.64985510	0.33947033	0.33933820	60060	695	0
60060	1484	-0.00007641	0.07103225	0.47436714	0.07108144	0.47805136	0.64989429	0.64992839	0.33948463	0.33923433	0.64990374	0.65003103	0.33947090	0.33934477	60060	1483	0
60060	1488	0.00077852	0.07089293	0.47706062	0.07110819	0.47449584	0.64989273	0.64995411	0.33943278	0.33930516	0.64976200	0.64994754	0.33947206	0.33928610	60060	1486	0
60060	1491	0.00113022	0.07082751	0.47563735	0.07078407	0.47458226	0.64985879	0.64991023	0.33936219	0.33932513	0.64988443	0.65009693	0.33928939	0.33940213	60060	1489	0
60060	1494	0.00106000	0.07068475	0.47577134	0.07093312	0.47598198	0.64982042	0.64987564	0.33928750	0.33906736	0.64983800	0.64981557	0.33940648	0.33923458	60060	1493	0
60060	1497	0.00108087	0.07119597	0.47650251	0.07121193	0.47643993	0.64999684	0.64987810	0.33947641	0.33926161	0.65004951	0.65008707	0.33920993	0.33911403	60060	1496	0
60060	2285	0.00068902	0.07162074	0.47484501	0.07115038	0.47602055	0.65029619	0.65020137	0.33961955	0.33935028	0.64997005	0.65014155	0.33938988	0.33931478	60060	2283	0
60060	2288	0.00087295	0.07116025	0.47534468	0.07143877	0.47479288	0.65033432	0.65033079	0.33944453	0.33960271	0.65041444	0.65070754	0.33959548	0.33966467	60060	2287	0
60060	2291	0.00133002	0.07123482	0.47710640	0.07106606	0.47573520	0.65063022	0.65034525	0.33973426	0.33954461	0.65065750	0.65062496	0.33968200	0.33971512	60060	2290	0
60060	2295	0.00029736	0.07102986	0.47376943	0.07138101	0.47686740	0.65028099	0.65048732	0.33963632	0.33965472	0.65026086	0.65024977	0.33969721	0.33962621	60060	2293	0
60060	2298	0.00038046	0.07152336	0.47590135	0.07095053	0.47565205	0.65010325	0.65004631	0.33946335	0.33949983	0.65025322	0.65014261	0.33978669	0.33929925	60060	2296	0
60060	3086	0.00116586	0.07088808	0.47703524	0.07073229	0.47467903	0.65080738	0.65057500	0.34023420	0.33997659	0.65090139	0.65095036	0.34040133	0.34013296	60060	3084	0
60060	3089	0.00084279	0.07090171	0.47381161	0.07076091	0.47478085	0.65114453	0.65064542	0.34042327	0.34002466	0.65096671	0.65098717	0.34010256	0.34014397	60060	3087	0
60060	3092	-0.00012049	0.07088507	0.47439808	0.07041034	0.47728791	0.65079243	0.65081165	0.34016090	0.34010001	0.65091174	0.65103730	0.34031423	0.34014290	60060	3090	0
60060	3095	0.00009988	0.07115616	0.47653870	0.07072524	0.47587760	0.65087682	0.65071979	0.34039591	0.34009845	0.65071987	0.65086277	0.34015326	0.34012836	60060	3094	0
60060	3099	0.00029869	0.07072345	0.47466992	0.07089215	0.47407347	0.65065939	0.65055306	0.34010741	0.34010256	0.65084181	0.65052685	0.34019171	0.33993041	60060	3097	0
60060	3891	0.00101521	0.07061490	0.47707894	0.07056440	0.47492938	0.65024204	0.65014771	0.33990000	0.33980296	0.65012347	0.65021271	0.33978628	0.33968997	60060	3890	0
60060	3895	0.00112389	0.07068948	0.47481909	0.07035342	0.47449305	0.65032783	0.65014787	0.33988908	0.33977864	0.65012470	0.65016275	0.33987749	0.33973328	60060	3893	0
60060	3898	0.00069312	0.07042205	0.47421575	0.07081721	0.47550807	0.64999479	0.64973529	0.33969860	0.33950681	0.64993686	0.65018091	0.33970107	0.33965752	60060	3896	0
60060	3901	0.00075815	0.07051101	0.47450585	0.07078588	0.47431073	0.65004573	0.65007211	0.33981833	0.33966393	0.65016234	0.65020704	0.33984750	0.33959392	60060	3899	0
60060	3904	0.00088634	0.07056920	0.47604554	0.07061954	0.47566100	0.65012848	0.65017910	0.33983427	0.33964223	0.65000489	0.64998222	0.33980395	0.33957896	60060	3903	0
60060	4692	0.00165109	0.07041206	0.47558104	0.07078313	0.47328678	0.64928795	0.64925598	0.33884681	0.33874114	0.64948426	0.64945960	0.33884936	0.33884665	60060	4690	0
60060	4695	0.00111769	0.07084046	0.47418964	0.07101534	0.47578982	0.64939945	0.64942690	0.33878239	0.33855453	0.64947809	0.64940093	0.33885281	0.33856143	60060	4694	0
60060	4698	0.00078827	0.07060884	0.47504377	0.07056712	0.47603205	0.64913371	0.64914554	0.33863349	0.33845469	0.64880511	0.64885934	0.33868099	0.33839479	60060	4697	0
60060	4702	0.00104126	0.07106353	0.47441443	0.07058145	0.47365545	0.64886320	0.64894176	0.33862741	0.33831450	0.64916124	0.64896970	0.33871361	0.33841073	60060	4700	0
60060	4705	0.00077411	0.07049587	0.47312900	0.07041088	0.47393045	0.64911317	0.64927998	0.33859405	0.33856751	0.64928458	0.64929838	0.33874574	0.33869274	60060	4703	0
60060	5493	0.00146094	0.07097617	0.47595896	0.07078825	0.47389848	0.64948631	0.64956240	0.33887270	0.33864730	0.64950020	0.64937431	0.33881016	0.33868526	60060	5491	0
60060	5496	0.00153572	0.07059747	0.47533032	0.07064556	0.47510597	0.64951630	0.64970883	0.33887146	0.33877647	0.64956906	0.64942863	0.33863580	0.33874492	60060	5494	0
60060	5499	0.00097752	0.07074247	0.47483014	0.07057373	0.47650476	0.65007778	0.64966503	0.33906120	0.33875544	0.64956289	0.64955788	0.33878921	0.33857778	60060	5497	0
60060	5502	-0.00005642	0.07082575	0.47241869	0.07049956	0.47552050	0.64953093	0.64961918	0.33873958	0.33872561	0.64970711	0.64962945	0.33878190	0.33864771	60060	5501	0
60060	5506	0.00091398	0.07072842	0.47635083	0.07060232	0.47343964	0.64964597	0.64948450	0.33872175	0.33885979	0.64972789	0.64949403	0.33867655	0.33863842	60060	5504	0
60060	6293	0.00104281	0.07062186	0.47543290	0.07090357	0.47504641	0.65036152	0.65033046	0.33984996	0.33953787	0.65047409	0.65057771	0.33970994	0.33973122	60060	6291	0
60060	6296	0.00048585	0.07066601	0.47350891	0.07055244	0.47517977	0.65042011	0.65032126	0.33974429	0.33971216	0.65044155	0.65049431	0.33966754	0.33961898	60060	6295	0
60060	6300	0.00075224	0.07073823	0.47519689	0.07065407	0.47439774	0.65036440	0.65028116	0.33962761	0.33955817	0.65022873	0.65013563	0.33960797	0.33946704	60060	6298	0
60060	6303	0.00065776	0.07042392	0.47396760	0.07084169	0.47425103	0.65016833	0.65038798	0.33961684	0.33953294	0.65027327	0.65029562	0.33970123	0.33952842	60060	6301	0
60060	6306	0.00099755	0.07064560	0.47566967	0.07080290	0.47465029	0.65006800	0.65014853	0.33960673	0.33942703	0.65027360	0.65027129	0.33953631	0.33939983	60060	6305	0
60060	7094	0.00157900	0.07025432	0.47512910	0.07061130	0.47338476	0.64926839	0.64939543	0.33872314	0.33851287	0.64950702	0.64950077	0.33855510	0.33860934	60060	7092	0
60060	7097	0.00011422	0.07007150	0.47239922	0.07066669	0.47679355	0.64950956	0.64957144	0.33874549	0.33852141	0.64935541	0.64953471	0.33850555	0.33844812	60060	7095	0
60060	7100	0.00139990	0.07017335	0.47519317	0.07069395	0.47133612	0.64953134	0.64961803	0.33878099	0.33864902	0.64936248	0.64929304	0.33859085	0.33832675	60060	7099	0
60060	7103	0.00093748	0.07091681	0.47240076	0.07038535	0.47378802	0.64958960	0.64934021	0.33863506	0.33832839	0.64941441	0.64937579	0.33861303	0.33838205	60060	7102	0
60060	7107	0.00073593	0.07071577	0.47512604	0.07072341	0.47573069	0.64943643	0.64923002	0.33837030	0.33854171	0.64963849	0.64950085	0.33841985	0.33837046	60060	7105	0
60060	7894	0.00095859	0.06986683	0.47480606	0.07005616	0.47413811	0.65171809	0.65172507	0.33978357	0.33971906	0.65178670	0.65185088	0.33992687	0.33978554	60060	7893	0
60060	7897	0.00108164	0.06990509	0.47441817	0.07023646	0.47404901	0.65189394	0.65204332	0.33986434	0.33985596	0.65172014	0.65157133	0.33976335	0.33960287	60060	7896	0
60060	7901	-0.00007894	0.07007082	0.47316244	0.06963601	0.47664416	0.65184989	0.65168900	0.34005514	0.33959178	0.65156566	0.65161628	0.33968455	0.33966688	60060	7899	0
60060	7904	0.00136992	0.06996740	0.47652716	0.07000148	0.47218058	0.65182072	0.65191892	0.33997421	0.33975325	0.65189517	0.65169935	0.33990272	0.33977264	60060	7902	0
60060	7907	0.00086514	0.07011096	0.47295909	0.06981260	0.47447343	0.65182409	0.65181965	0.33998842	0.33984446	0.65195967	0.65199986	0.33981512	0.33990904	60060	7906	0
60060	8695	0.00135964	0.07008198	0.47657986	0.07004723	0.47509639	0.65366169	0.65349768	0.34097481	0.34096273	0.65368741	0.65341920	0.34116980	0.34095418	60060	8693	0
60060	8698	0.00089282	0.07000433	0.47326044	0.06977335	0.47466088	0.65363605	0.65365988	0.34120604	0.34104531	0.65352496	0.65357960	0.34091417	0.34086001	60060	8696	0
60060	8701	0.00089158	0.07024777	0.47294809	0.07034988	0.47295183	0.65352759	0.65346358	0.34096141	0.34084958	0.65349916	0.65351510	0.34086429	0.34090291	60060	8700	0
60060	8705	0.00116588	0.07005540	0.47677791	0.07032953	0.47595501	0.65350269	0.65341378	0.34091877	0.34088738	0.65345782	0.65344147	0.34102428	0.34084506	60060	8703	0
60060	8708	0.00025487	0.07004360	0.47302119	0.07008864	0.47575421	0.65344427	0.65342126	0.34097004	0.34086610	0.65338412	0.65360163	0.34099034	0.34102460	60060	8706	0
60060	9495	0.00081514	0.07024238	0.47492883	0.07042796	0.47324802	0.65338231	0.65314294	0.34062328	0.34038983	0.65356120	0.65328822	0.34071227	0.34049131	60060	9494	0
60060	9499	0.00069201	0.07023444	0.47507032	0.07039477	0.47543971	0.65327031	0.65321131	0.34052895	0.34048638	0.65331822	0.65324689	0.34055434	0.34040684	60060	9497	0
60060	9502	0.00076402	0.07034898	0.47442800	0.07048533	0.47421199	0.65328757	0.65356424	0.34060652	0.34067242	0.65314245	0.65311254	0.34041727	0.34048687	60060	9500	0
60060	9505	-0.00034475	0.07038187	0.47265552	0.07029037	0.47598183	0.65304023	0.65321451	0.34058014	0.34029205	0.65311377	0.65316924	0.34040561	0.34035006	60060	9504	0
60060	9509	0.00119278	0.07015893	0.47709844	0.07035027	0.47248584	0.65328609	0.65318362	0.34047644	0.34022006	0.65319216	0.65335067	0.34048466	0.34036362	60060	9507	0
60060	10296	0.00109022	0.07030177	0.47401793	0.07020119	0.47432563	0.65429819	0.65434659	0.34175823	0.34151673	0.65443016	0.65448357	0.34173054	0.34143587	60060	10294	0
60060	10299	0.00144824	0.07047730	0.47588018	0.07032445	0.47480612	0.65450198	0.65454799	0.34166045	0.34163136	0.65446163	0.65431455	0.34199990	0.34163325	60060	10298	0
60060	10303	0.00030027	0.07009005	0.47348314	0.07046699	0.47692702	0.65430789	0.65433977	0.34162676	0.34155215	0.65407115	0.65413048	0.34155108	0.34147704	60060	10301	0
60060	10306	0.00187970	0.07007185	0.47634858	0.07026909	0.47161029	0.65372866	0.65411766	0.34136175	0.34126972	0.65417674	0.65443295	0.34166834	0.34155979	60060	10304	0
60060	10309	0.00139467	0.07004956	0.47427682	0.07015428	0.47573192	0.65422375	0.65412580	0.34163013	0.34147581	0.65436631	0.65431717	0.34165231	0.34142544	60060	10307	0
60060	11097	0.00027385	0.07043209	0.47415206	0.07037996	0.47751451	0.65413878	0.65427025	0.34165971	0.34151311	0.65427716	0.65423139	0.34156833	0.34146011	60060	11095	0
60060	11100	0.00198645	0.07004603	0.47852675	0.07049842	0.47338894	0.65426795	0.65445563	0.34155823	0.34161361	0.65426836	0.65426064	0.34159307	0.34142133	60060	11098	0
60060	11103	0.00072506	0.07045185	0.47299244	0.07054152	0.47677663	0.65403952	0.65423114	0.34131804	0.34145650	0.65415119	0.65419096	0.34142494	0.34143357	60060	11102	0
60060	11106	0.00050175	0.07049182	0.47363234	0.07029861	0.47430225	0.65407280	0.65421084	0.34152429	0.34153489	0.65413007	0.65415595	0.34153119	0.34143850	60060	11105	0
60060	11110	0.00134102	0.07048511	0.47506884	0.07011855	0.47255103	0.65463633	0.65453830	0.34186325	0.34160465	0.65412218	0.65418989	0.34146948	0.34133710	60060	11108	0
60060	11897	0.00067840	0.07070230	0.47231043	0.07026410	0.47429829	0.65500290	0.65512648	0.34222949	0.34212989	0.65490339	0.65472129	0.34217525	0.34202356	60060	11896	0
60060	11900	0.00127229	0.07053274	0.47643146	0.07049259	0.47464979	0.65504973	0.65508022	0.34246376	0.34207139	0.65527316	0.65506937	0.34244658	0.34212653	60060	11899	0
60060	11904	0.00122598	0.07098497	0.47545953	0.07052827	0.47559846	0.65499969	0.65511958	0.34232070	0.34215208	0.65485014	0.65476682	0.34201411	0.34189513	60060	11902	0
60060	11907	0.00073890	0.07031526	0.47411278	0.07076009	0.47557403	0.65489911	0.65486304	0.34207122	0.34198125	0.65474052	0.65488597	0.34195898	0.34186900	60060	11905	0
60060	11910	0.00030844	0.07082571	0.47437671	0.07057313	0.47566809	0.65504439	0.65490569	0.34220976	0.34183399	0.65478424	0.65502229	0.34199719	0.34201666	60060	11909	0
60060	12698	0.00022053	0.07046830	0.47491746	0.07034134	0.47518120	0.65438636	0.65441118	0.34154722	0.34147975	0.65435432	0.65446960	0.34147532	0.34124622	60060	12696	0
60060	12701	0.00184907	0.07034271	0.47681197	0.07014170	0.47192633	0.65423155	0.65439721	0.34133127	0.34124162	0.65422120	0.65428866	0.34122321	0.34123472	60060	12700	0
60060	12704	0.00119268	0.07071755	0.47327358	0.07038233	0.47524275	0.65443189	0.65425637	0.34126134	0.34132272	0.65430288	0.65424593	0.34140465	0.34110998	60060	12703	0
60060	12708	0.00089199	0.07066659	0.47588786	0.07018371	0.47678992	0.65402719	0.65418069	0.34123932	0.34113299	0.65404264	0.65421043	0.34112929	0.34100382	60060	12706	0
60060	12711	0.00023905	0.07012748	0.47507380	0.07028622	0.47703262	0.65399473	0.65424059	0.34125649	0.34108993	0.65422046	0.65405324	0.34107793	0.34104720	60060	12709	0
60060	13498	0.00150118	0.07079323	0.47543570	0.07023737	0.47164932	0.65342183	0.65340039	0.34070044	0.34048367	0.65348297	0.65347344	0.34081942	0.34064645	60060	13497	0
60060	13502	-0.00084349	0.07017460	0.47124462	0.07017770	0.47827864	0.65325338	0.65337615	0.34089979	0.34042689	0.65334344	0.65339086	0.34058548	0.34041202	60060	13500	0
60060	13505	0.00032321	0.07041360	0.47685132	0.07072243	0.47335123	0.65350359	0.65346760	0.34060873	0.34062344	0.65342709	0.65329011	0.34068548	0.34052360	60060	13503	0
60060	13508	0.00142376	0.07032601	0.47686843	0.07042666	0.47356677	0.65332035	0.65333177	0.34067751	0.34055376	0.65325971	0.65320129	0.34072616	0.34047644	60060	13507	0
60060	13512	0.00125989	0.07056237	0.47499930	0.07044091	0.47549090	0.65328066	0.65334845	0.34058343	0.34043527	0.65327918	0.65326817	0.34057677	0.34044234	60060	13510	0
60060	14299	0.00120329	0.07061315	0.47403108	0.07073360	0.47420088	0.65469336	0.65456188	0.34194723	0.34171254	0.65466221	0.65495039	0.34188897	0.34188872	60060	14297	0
60060	14302	0.00089245	0.07051536	0.47372727	0.07053923	0.47465980	0.65476271	0.65479155	0.34192956	0.34181468	0.65480347	0.65469722	0.34219719	0.34188560	60060	14301	0
60060	14306	0.00090318	0.07050816	0.47453085	0.07049284	0.47449867	0.65475079	0.65471267	0.34195134	0.34199423	0.65477947	0.65475153	0.34219045	0.34193046	60060	14304	0
60060	14309	0.00079430	0.07062588	0.47561690	0.07026260	0.47594354	0.65487438	0.65439187	0.34211699	0.34181000	0.65474545	0.65520077	0.34202964	0.34229062	60060	14307	0
60060	14312	0.00078268	0.07021063	0.47414794	0.07038418	0.47418277	0.65484381	0.65486551	0.34228684	0.34210130	0.65487882	0.65473576	0.34211412	0.34203104	60060	14310	0
60060	15100	0.00102668	0.07063359	0.47733731	0.07091107	0.47660533	0.65421635	0.65409096	0.34172364	0.34140728	0.65386531	0.65408455	0.34140432	0.34151081	60060	15098	0
60060	15103	0.00133081	0.06991291	0.47551984	0.07050864	0.47460745	0.65418841	0.65421610	0.34143094	0.34155856	0.65416105	0.65427091	0.34145707	0.34137268	60060	15101	0
60060	15106	0.00198899	0.07073655	0.47387488	0.07081093	0.47190031	0.65417231	0.65435514	0.34148723	0.34131426	0.65406540	0.65394075	0.34135000	0.34126101	60060	15105	0
60060	15109	0.00208851	0.07076697	0.47502922	0.07068477	0.47473069	0.65409589	0.65411914	0.34121771	0.34122346	0.65400542	0.65397690	0.34126159	0.34099486	60060	15108	0
60060	15113	0.00068644	0.07080004	0.47161765	0.07081152	0.47582386	0.65379407	0.65358675	0.34100291	0.34081498	0.65345446	0.65373022	0.34087998	0.34086955	60060	15111	0
60060	15900	0.00056408	0.07084722	0.47515122	0.07030399	0.47551828	0.65365068	0.65381576	0.34089822	0.34080858	0.65346580	0.65357270	0.34058030	0.34055401	60060	15899	0
60060	15903	0.00079962	0.07032498	0.47693711	0.07039817	0.47623048	0.65343498	0.65338995	0.34077226	0.34049550	0.65349521	0.65362784	0.34067176	0.34068047	60060	15902	0
60060	15907	0.00129382	0.07057289	0.47629359	0.06991002	0.47481101	0.65349332	0.65337081	0.34077464	0.34067924	0.65339332	0.65327877	0.34081959	0.34047356	60060	15905	0
60060	15910	0.00069008	0.07019544	0.47367536	0.07028816	0.47548658	0.65343975	0.65339735	0.34074029	0.34059074	0.65332512	0.65354008	0.34081310	0.34076404	60060	15908	0
60060	15913	-0.00001676	0.07045599	0.47299993	0.07052162	0.47512046	0.65331098	0.65339620	0.34083257	0.34064530	0.65335897	0.65355471	0.34090973	0.34090603	60060	15912	0
60060	16701	0.00206782	0.07053240	0.47745609	0.07022102	0.47120236	0.65213741	0.65227628	0.34027052	0.34015030	0.65261910	0.65267555	0.34044587	0.34045614	60060	16699	0
60060	16704	0.00031960	0.07055578	0.47124470	0.07015025	0.47648936	0.65294664	0.65249354	0.34072755	0.34044636	0.65282256	0.65284959	0.34064358	0.34048942	60060	16702	0
60060	16707	0.00152535	0.07023825	0.47655333	0.06998179	0.47293606	0.65296488	0.65290949	0.34086782	0.34062928	0.65286068	0.65304820	0.34065985	0.34078803	60060	16706	0
60060	16711	0.00025494	0.07027115	0.47265896	0.07003276	0.47647019	0.65268451	0.65303834	0.34056181	0.34062624	0.65273036	0.65286200	0.34084917	0.34068598	60060	16709	0
60060	16714	0.00123188	0.06964459	0.47707668	0.07009192	0.47414587	0.65241162	0.65257226	0.34062607	0.34065155	0.65299339	0.65269790	0.34068622	0.34061194	60060	16712	0
60060	17501	0.00145490	0.07034245	0.47627471	0.07024593	0.47560564	0.65325889	0.65329611	0.34152782	0.34130391	0.65318460	0.65327162	0.34131393	0.34129643	60060	17500	0
60060	17505	0.00058013	0.07016551	0.47271598	0.06999924	0.47534030	0.65335897	0.65335922	0.34139520	0.34126389	0.65313785	0.65312963	0.34148066	0.34119963	60060	17503	0
60060	17508	0.00151566	0.06988882	0.47505853	0.07023105	0.47225193	0.65317154	0.65317565	0.34144968	0.34121360	0.65326070	0.65324023	0.34152873	0.34119059	60060	17506	0
60060	17511	0.00171740	0.06991733	0.47492348	0.06997691	0.47431826	0.65310868	0.65325289	0.34146324	0.34125091	0.65326406	0.65377460	0.34135428	0.34139832	60060	17509	0
60060	17514	0.00110427	0.06974561	0.47446100	0.07034199	0.47630040	0.65307408	0.65317943	0.34136636	0.34129610	0.65311558	0.65327425	0.34146085	0.34121804	60060	17513	0
60060	18302	0.00094685	0.07058775	0.47303631	0.07003031	0.47350855	0.65315593	0.65342298	0.34155453	0.34153062	0.65335766	0.65351140	0.34162618	0.34159759	60060	18300	0
60060	18305	0.00087120	0.07048357	0.47399681	0.07012905	0.47422376	0.65350096	0.65339948	0.34160079	0.34141796	0.65332594	0.65323637	0.34176316	0.34148082	60060	18303	0
60060	18308	0.00014809	0.07043865	0.47428522	0.07002883	0.47645456	0.65327187	0.65337064	0.34167212	0.34151402	0.65332076	0.65341715	0.34166513	0.34145009	60060	18307	0
60060	18312	0.00105413	0.07034519	0.47695310	0.06995807	0.47423498	0.65344254	0.65320474	0.34187787	0.34153522	0.65323834	0.65307614	0.34168206	0.34149619	60060	18310	0
60060	18315	0.00124822	0.06991227	0.47630834	0.07037829	0.47572608	0.65350877	0.65358084	0.34181140	0.34178428	0.65342800	0.65355479	0.34184254	0.34169036	60060	18313	0
60060	19102	0.00076338	0.06992740	0.47373147	0.06979022	0.47518598	0.65200396	0.65209378	0.34104589	0.34070841	0.65210388	0.65181423	0.34096544	0.34065294	60060	19101	0
60060	19106	0.00016267	0.06972435	0.47411578	0.07011429	0.47591792	0.65210347	0.65226938	0.34088960	0.34082559	0.65224678	0.65212237	0.34087645	0.34078647	60060	19104	0
60060	19109	0.00114416	0.06982400	0.47697214	0.06971775	0.47402766	0.65232961	0.65234210	0.34091178	0.34089297	0.65221408	0.65241630	0.34111959	0.34088097	60060	19107	0
60060	19112	0.00011871	0.06988111	0.47448488	0.06951302	0.47756122	0.65229863	0.65242600	0.34096528	0.34085533	0.65220479	0.65220956	0.34103225	0.34077735	60060	19111	0
60060	19115	0.00075171	0.06956615	0.47521709	0.06950094	0.47331810	0.65235558	0.65227603	0.34090809	0.34070019	0.65243052	0.65206263	0.34128484	0.34082764	60060	19114	0
60060	19903	0.00053409	0.07004479	0.47495745	0.07015590	0.47561031	0.65229050	0.65240381	0.34127572	0.34118081	0.65260842	0.65251376	0.34118172	0.34111475	60060	19901	0
60060	19906	0.00086814	0.07020837	0.47498361	0.07022040	0.47398143	0.65235270	0.65243898	0.34128879	0.34121228	0.65223446	0.65235664	0.34129059	0.34114753	60060	19905	0
60060	19909	0.00172271	0.07013356	0.47669529	0.07015369	0.47413159	0.65230241	0.65221482	0.34115567	0.34117449	0.65225335	0.65226905	0.34113307	0.34103348	60060	19908	0
60060	19913	0.00116258	0.07046265	0.47405689	0.07004688	0.47573727	0.65230701	0.65232838	0.34128599	0.34114753	0.65242748	0.65239288	0.34130884	0.34105665	60060	19911	0
60060	19916	0.00160244	0.07047170	0.47501417	0.07007798	0.47369460	0.65235065	0.65237850	0.34123669	0.34095081	0.65232969	0.65227176	0.34119955	0.34089757	60060	19914	0
60060	20703	0.00070901	0.06978379	0.47382216	0.06984911	0.47650244	0.65164389	0.65155720	0.34072591	0.34058696	0.65141627	0.65154101	0.34067916	0.34058573	60060	20702	0
60060	20707	0.00160504	0.06995690	0.47483977	0.07025701	0.47215168	0.65167840	0.65148423	0.34074292	0.34045327	0.65146853	0.65147568	0.34075106	0.34044571	60060	20705	0
60060	20710	0.00079727	0.07032020	0.47369881	0.06966097	0.47612214	0.65148973	0.65140658	0.34071786	0.34063265	0.65129252	0.65120994	0.34079395	0.34049353	60060	20708	0
60060	20713	0.00087375	0.07021205	0.47442033	0.06990305	0.47419088	0.65142802	0.65145210	0.34067916	0.34053782	0.65131972	0.65136541	0.34047603	0.34057874	60060	20712	0
60060	20717	0.00141079	0.06997255	0.47462939	0.07012472	0.47301827	0.65112325	0.65136015	0.34059477	0.34044168	0.65165120	0.65171751	0.34078286	0.34060553	60060	20715	0
60060	21504	0.00107697	0.07000332	0.47362845	0.06995823	0.47462991	0.65210914	0.65259543	0.34146693	0.34138452	0.65198211	0.65188317	0.34120119	0.34110102	60060	21502	0
60060	21507	0.00018566	0.07037578	0.47321961	0.07001444	0.47589355	0.65182458	0.65195737	0.34122477	0.34096832	0.65188539	0.65188177	0.34117991	0.34099042	60060	21506	0
60060	21511	0.00148530	0.07004676	0.47563080	0.07022513	0.47173186	0.65183198	0.65197718	0.34109404	0.34098713	0.65191218	0.65204332	0.34104983	0.34098105	60060	21509	0
60060	21514	0.00094113	0.07011988	0.47511699	0.07008975	0.47674952	0.65182960	0.65170963	0.34115263	0.34090348	0.65187208	0.65181694	0.34108936	0.34088483	60060	21512	0
60060	21517	0.00125956	0.07036618	0.47523193	0.07039219	0.47427665	0.65181678	0.65189139	0.34116175	0.34088549	0.65192968	0.65185515	0.34088335	0.34089970	60060	21515	0
60060	22305	0.00046884	0.07035354	0.47294914	0.07037649	0.47532128	0.65113697	0.65105184	0.34006747	0.33994084	0.65119211	0.65120583	0.33996870	0.33995941	60060	22303	0
60060	22308	0.00067993	0.07026158	0.47442322	0.07016135	0.47378997	0.65121528	0.65131643	0.34020281	0.33990231	0.65097263	0.65091782	0.34006377	0.33985604	60060	22306	0
60060	22311	0.00110657	0.07005637	0.47634968	0.07004052	0.47506975	0.65112818	0.65109860	0.34028177	0.33994610	0.65119942	0.65125727	0.34011299	0.33999647	60060	22310	0
60060	22314	0.00202216	0.07019190	0.47452261	0.07033742	0.47177586	0.65107000	0.65120246	0.34015359	0.34005531	0.65115990	0.65104642	0.34020396	0.33999508	60060	22313	0
60060	22318	0.00148477	0.07007473	0.47379418	0.07011884	0.47540634	0.65103401	0.65120066	0.34017232	0.34000839	0.65124018	0.65113952	0.34034496	0.34008579	60060	22316	0
60060	23105	0.00023157	0.07067122	0.47243738	0.07084295	0.47619698	0.65096589	0.65096860	0.34030692	0.34006180	0.65075422	0.65087657	0.34028564	0.34002367	60060	23104	0
60060	23109	0.00027660	0.07090628	0.47326610	0.07085002	0.47313100	0.65111857	0.65105792	0.34029303	0.34014258	0.65115521	0.65118200	0.34026994	0.34027791	60060	23107	0
60060	23112	0.00157458	0.07068055	0.47686783	0.07046986	0.47297390	0.65102867	0.65107222	0.34035778	0.34023420	0.65132383	0.65140633	0.34040528	0.34018185	60060	23110	0
60060	23115	0.00016226	0.07065142	0.47368348	0.07074610	0.47792042	0.65140263	0.65143632	0.34066280	0.34038794	0.65132243	0.65120427	0.34044225	0.34039049	60060	23113	0
60060	23118	0.00059304	0.07047781	0.47478845	0.07053013	0.47349613	0.65125637	0.65144166	0.34042212	0.34039575	0.65132868	0.65152203	0.34071901	0.34054875	60060	23117	0
60060	23906	0.00090739	0.07042884	0.47587415	0.07029536	0.47493108	0.65157174	0.65170100	0.34092049	0.34073035	0.65168941	0.65165613	0.34093093	0.34069477	60060	23904	0
60060	23909	0.00115066	0.07044639	0.47431512	0.07007235	0.47358533	0.65175038	0.65167939	0.34085377	0.34073010	0.65162532	0.65173814	0.34090899	0.34066379	60060	23907	0
60060	23912	0.00026449	0.07004000	0.47201948	0.07014856	0.47467798	0.65179689	0.65171924	0.34089140	0.34078064	0.65171620	0.65172951	0.34087752	0.34064382	60060	23911	0
60060	23916	0.00188880	0.07035526	0.47693264	0.07023761	0.47205971	0.65152499	0.65155974	0.34077751	0.34063462	0.65157971	0.65154619	0.34079609	0.34056527	60060	23914	0
60060	23919	0.00163515	0.07018220	0.47385450	0.07009163	0.47461544	0.65142876	0.65154676	0.34093578	0.34058589	0.65158645	0.65159952	0.34085730	0.34070561	60060	23917	0
60060	24706	0.00121872	0.06958138	0.47396668	0.06943381	0.47521596	0.65198975	0.65204447	0.34131467	0.34098418	0.65183740	0.65194127	0.34134014	0.34109429	60060	24705	0
60060	24710	0.00070947	0.06955637	0.47403044	0.06939264	0.47555821	0.65190010	0.65182434	0.34104597	0.34088582	0.65185277	0.65186961	0.34116709	0.34085336	60060	24708	0
60060	24713	0.00065202	0.06953851	0.47509370	0.06943314	0.47526604	0.65165202	0.65188810	0.34114285	0.34088311	0.65192664	0.65178678	0.34103775	0.34089822	60060	24711	0
60060	24716	0.00139137	0.06949075	0.47490560	0.06950017	0.47268754	0.65180297	0.65178358	0.34101269	0.34083183	0.65178202	0.65176904	0.34102296	0.34079140	60060	24715	0
60060	24720	0.00153281	0.06920510	0.47638147	0.06971952	0.47595718	0.65168325	0.65170379	0.34076190	0.34075968	0.65169410	0.65160691	0.34095106	0.34058630	60060	24718	0
