% File initiated 05/12/2022 17:18:52 UTC
% Raw fountain data
%
% File notes: maser 5 MHz RF amplitudes 280 800 1280 1740 2200 2660 1280 microwave leakage pio2 3pio2 5pio2 7pio2 9pio2 11pio2 no water cooling
%
%% fountain_code = ALPHA-CsF1
%% microwave_ref = ALPHA HM1
%% MJD_start = 59918.721446
%% clock_data = False
%% sequence = 9
%% density = HD
%
% Units: V.s, Hz
%
% Shot B MJD days	Shot B MJD seconds	freq error	shot A sum	shot A ratio	shot B sum	shot B ratio	shot A F=3 bg 1	shot A F=3 bg 2	shot A F=4 bg 1	shot A F=4 bg 2	shot B F=3 bg 1	shot B F=3 bg 2	shot B F=4 bg 1	shot B F=4 bg 2	Shot A MJD days	Shot A MJD seconds	Shot order (0=LF->HF)
59918	62792	0.00132547	0.04324719	0.45402453	0.04330242	0.45338831	0.58831790	0.58816523	0.32322074	0.32303388	0.58817032	0.58822184	0.32320570	0.32304670	59918	62791	0
59918	62796	0.00210746	0.04325727	0.45337989	0.04319734	0.45300453	0.58837780	0.58817920	0.32319379	0.32309477	0.58821231	0.58817295	0.32316988	0.32304144	59918	62794	0
59918	62799	0.00302760	0.04317706	0.45369572	0.04312887	0.45325405	0.58828339	0.58813573	0.32320940	0.32299148	0.58825693	0.58820935	0.32311334	0.32304465	59918	62797	0
59918	62802	0.00428894	0.04320755	0.45416592	0.04318976	0.45356048	0.58819785	0.58822735	0.32326947	0.32301893	0.58826260	0.58826687	0.32324687	0.32311737	59918	62801	0
59918	62805	0.00544177	0.04325740	0.45348512	0.04312101	0.45293176	0.58823039	0.58818495	0.32323413	0.32306174	0.58833286	0.58831839	0.32322016	0.32313635	59918	62804	0
59918	63593	0.00681254	0.04363974	0.45368650	0.04354556	0.45302853	0.58923148	0.58909960	0.32364853	0.32350834	0.58917602	0.58913764	0.32362256	0.32346553	59918	63591	0
59918	63596	0.00995973	0.04357363	0.45407256	0.04357148	0.45256191	0.58909779	0.58911965	0.32354893	0.32338952	0.58910847	0.58901003	0.32355551	0.32344170	59918	63595	0
59918	63599	0.01346868	0.04381947	0.45411372	0.04361164	0.45242942	0.58908136	0.58909566	0.32365115	0.32344006	0.58926830	0.58908777	0.32373670	0.32350637	59918	63598	0
59918	63603	0.01617904	0.04362706	0.45421560	0.04375728	0.45291462	0.58929640	0.58915055	0.32367811	0.32352847	0.58910732	0.58909097	0.32370465	0.32347276	59918	63601	0
59918	63606	0.02063211	0.04382210	0.45455186	0.04372986	0.45241439	0.58910897	0.58906221	0.32367120	0.32343619	0.58910371	0.58908292	0.32357243	0.32344408	59918	63604	0
59918	64393	0.02676624	0.04359492	0.45413725	0.04344185	0.45119287	0.58882646	0.58863845	0.32317661	0.32304654	0.58884347	0.58878028	0.32324252	0.32315385	59918	64392	0
59918	64397	0.03486200	0.04368047	0.45491171	0.04370411	0.45102575	0.58878357	0.58862744	0.32328960	0.32305730	0.58880888	0.58868143	0.32327941	0.32314851	59918	64395	0
59918	64400	0.04707596	0.04358470	0.45570818	0.04345396	0.44984548	0.58882391	0.58871364	0.32333660	0.32311227	0.58882293	0.58880625	0.32343093	0.32319264	59918	64398	0
59918	64403	0.06197740	0.04339884	0.45632012	0.04358631	0.44916743	0.58891060	0.58873032	0.32344901	0.32322994	0.58894027	0.58879803	0.32340267	0.32328278	59918	64402	0
59918	64406	0.08189854	0.04372956	0.45785221	0.04370876	0.44829006	0.58890370	0.58889557	0.32345205	0.32330234	0.58891800	0.58888899	0.32337933	0.32321137	59918	64405	0
59918	65194	0.10763751	0.04375855	0.46043095	0.04355403	0.44807625	0.58938046	0.58941308	0.32385765	0.32366085	0.58939936	0.58942220	0.32381188	0.32371254	59918	65192	0
59918	65197	0.14289395	0.04355490	0.46243385	0.04354045	0.44551076	0.58956247	0.58946050	0.32386308	0.32367400	0.58962369	0.58954735	0.32397458	0.32379249	59918	65196	0
59918	65200	0.18585055	0.04378183	0.46452301	0.04359833	0.44390384	0.58965311	0.58942870	0.32388575	0.32368608	0.58955787	0.58949756	0.32389931	0.32365493	59918	65199	0
59918	65204	0.23847449	0.04368933	0.46669404	0.04366631	0.44143455	0.58952418	0.58946880	0.32383160	0.32370941	0.58964924	0.58955434	0.32394221	0.32371845	59918	65202	0
59918	65207	0.30616391	0.04353882	0.47016914	0.04358577	0.43767823	0.58953075	0.58945959	0.32388945	0.32374787	0.58960553	0.58940700	0.32379553	0.32373382	59918	65205	0
59918	65994	0.38832983	0.04382777	0.47400749	0.04375423	0.43456785	0.59007144	0.59004975	0.32432660	0.32413564	0.59013554	0.59009026	0.32430639	0.32411197	59918	65993	0
59918	65998	0.48155408	0.04380717	0.47723991	0.04387404	0.43249227	0.59009116	0.59016923	0.32429127	0.32414558	0.59004244	0.59005706	0.32429916	0.32415577	59918	65996	0
59918	66001	0.48100918	0.04381815	0.47662107	0.04374559	0.43213499	0.59011351	0.58991491	0.32429702	0.32416210	0.59002600	0.58999100	0.32435282	0.32421543	59918	65999	0
59918	66004	0.48233402	0.04369365	0.47631520	0.04360894	0.43119319	0.59003249	0.58997505	0.32430877	0.32415306	0.59005427	0.58994983	0.32433811	0.32424345	59918	66003	0
59918	66007	0.47897192	0.04369135	0.47697225	0.04380273	0.43346405	0.59007991	0.59002370	0.32432825	0.32417631	0.59011705	0.58995632	0.32426678	0.32404632	59918	66006	0
59918	66795	0.48518028	0.04405354	0.47831338	0.04394993	0.43182516	0.58912819	0.58916246	0.32299304	0.32278655	0.58921217	0.58915145	0.32299929	0.32281613	59918	66793	0
59918	66798	0.48730715	0.04403581	0.47894480	0.04398805	0.43143569	0.58920092	0.58906032	0.32297390	0.32273346	0.58926789	0.58910478	0.32299000	0.32280076	59918	66797	0
59918	66801	0.48699804	0.04399238	0.47809229	0.04393586	0.43073155	0.58925918	0.58916139	0.32303742	0.32283963	0.58922294	0.58915515	0.32304161	0.32276954	59918	66800	0
59918	66805	0.48638451	0.04394539	0.47864231	0.04404962	0.43157607	0.58916764	0.58910289	0.32297603	0.32287759	0.58931522	0.58916098	0.32303553	0.32281777	59918	66803	0
59918	66808	0.48601003	0.04392548	0.47924402	0.04400795	0.43235752	0.58934463	0.58923568	0.32307069	0.32293856	0.58917125	0.58907552	0.32302188	0.32276428	59918	66806	0
59918	67595	0.48201727	0.04403868	0.47715868	0.04384047	0.43218871	0.58903518	0.58898333	0.32295360	0.32277233	0.58914167	0.58919138	0.32299132	0.32275606	59918	67594	0
59918	67599	0.48221146	0.04395284	0.47707941	0.04390356	0.43201623	0.58909861	0.58902885	0.32305952	0.32291539	0.58924488	0.58900625	0.32300750	0.32282369	59918	67597	0
59918	67602	0.48165972	0.04380224	0.47810143	0.04377436	0.43330308	0.58915465	0.58909294	0.32304810	0.32283938	0.58937150	0.58922203	0.32318261	0.32295072	59918	67600	0
59918	67605	0.48632179	0.04389560	0.47812452	0.04365833	0.43108839	0.58928309	0.58918892	0.32318228	0.32295155	0.58927249	0.58921464	0.32318820	0.32293495	59918	67604	0
59918	67608	0.48284332	0.04392300	0.47862065	0.04391669	0.43325418	0.58942902	0.58927882	0.32319247	0.32300142	0.58925540	0.58915548	0.32316889	0.32297784	59918	67607	0
59918	68396	0.48380069	0.04384758	0.47892803	0.04384748	0.43310202	0.58981268	0.58974358	0.32379849	0.32363415	0.58979871	0.58965155	0.32370391	0.32359084	59918	68394	0
59918	68399	0.48386130	0.04386316	0.47849366	0.04375962	0.43263855	0.58972657	0.58972953	0.32380013	0.32356192	0.58960167	0.58955549	0.32367770	0.32354515	59918	68398	0
59918	68402	0.48403622	0.04383398	0.47816760	0.04379687	0.43222853	0.58968877	0.58960873	0.32372922	0.32352149	0.58964431	0.58960257	0.32368033	0.32349881	59918	68401	0
59918	68406	0.48144457	0.04384721	0.47738618	0.04373592	0.43269111	0.58977267	0.58966034	0.32378131	0.32355986	0.58978647	0.58962977	0.32370572	0.32343849	59918	68404	0
59918	68409	0.48443150	0.04397193	0.47806338	0.04373946	0.43193458	0.58982830	0.58965869	0.32371796	0.32351352	0.58972928	0.58960980	0.32373875	0.32352239	59918	68407	0
59918	69196	0.48617587	0.04384599	0.47840177	0.04374967	0.43143567	0.59006117	0.58993052	0.32397762	0.32387080	0.59008558	0.58992099	0.32400909	0.32382585	59918	69195	0
59918	69200	0.48375468	0.04377875	0.47828882	0.04373522	0.43248489	0.59004285	0.59004720	0.32393892	0.32381213	0.59008985	0.58993356	0.32398625	0.32376110	59918	69198	0
59918	69203	0.48223065	0.04388790	0.47829028	0.04380411	0.43321789	0.58999198	0.58992411	0.32390005	0.32379323	0.59003488	0.59004745	0.32396365	0.32385198	59918	69201	0
59918	69206	0.48463565	0.04396725	0.47854334	0.04380466	0.43231655	0.59008697	0.59003266	0.32397072	0.32379044	0.58997226	0.58989272	0.32393547	0.32377375	59918	69205	0
59918	69209	0.48226666	0.04373344	0.47782072	0.04378378	0.43273105	0.58990554	0.58994860	0.32393399	0.32382273	0.58996158	0.58989559	0.32393259	0.32375790	59918	69208	0
59918	69997	0.48173577	0.04392125	0.47829240	0.04388045	0.43345755	0.58911431	0.58906936	0.32291975	0.32266411	0.58903518	0.58902063	0.32283273	0.32267101	59918	69995	0
59918	70000	0.48240691	0.04379371	0.47789290	0.04381118	0.43273591	0.58908859	0.58894668	0.32292640	0.32259188	0.58917224	0.58901841	0.32295376	0.32271037	59918	69999	0
59918	70003	0.48837714	0.04380098	0.47967230	0.04373440	0.43164959	0.58917002	0.58905564	0.32291868	0.32272870	0.58915802	0.58908128	0.32293404	0.32273626	59918	70002	0
59918	70007	0.48274602	0.04383113	0.47914868	0.04394735	0.43382891	0.58915342	0.58915876	0.32287792	0.32280569	0.58913896	0.58913822	0.32290035	0.32275548	59918	70005	0
59918	70010	0.48521934	0.04377220	0.47934423	0.04383350	0.43283727	0.58906944	0.58909220	0.32298302	0.32266970	0.58919443	0.58909270	0.32295886	0.32271243	59918	70008	0
59918	70797	0.48239156	0.04376854	0.47835089	0.04380044	0.43320126	0.58937150	0.58918391	0.32325081	0.32301112	0.58928038	0.58915967	0.32319149	0.32301408	59918	70796	0
59918	70801	0.48236328	0.04378804	0.47774888	0.04369070	0.43261282	0.58921111	0.58914948	0.32320529	0.32302731	0.58931053	0.58926550	0.32322477	0.32314514	59918	70799	0
59918	70804	0.48265581	0.04365664	0.47789573	0.04369455	0.43261926	0.58938605	0.58920387	0.32328623	0.32306198	0.58934784	0.58920790	0.32327596	0.32304917	59918	70802	0
59918	70807	0.48140204	0.04380130	0.47805402	0.04372830	0.43337936	0.58922006	0.58918604	0.32325032	0.32305484	0.58919705	0.58919788	0.32319888	0.32303035	59918	70806	0
59918	70810	0.48504374	0.04359224	0.47819857	0.04361603	0.43177589	0.58934636	0.58928662	0.32329765	0.32312115	0.58929829	0.58926904	0.32331696	0.32308861	59918	70809	0
59918	71598	0.48041835	0.04387379	0.47709677	0.04378669	0.43289428	0.58915219	0.58914824	0.32306667	0.32295541	0.58932261	0.58926427	0.32310529	0.32297291	59918	71596	0
59918	71601	0.48367268	0.04384987	0.47774266	0.04366129	0.43197810	0.58933749	0.58932212	0.32310726	0.32297603	0.58910741	0.58908177	0.32306618	0.32287956	59918	71599	0
59918	71604	0.48044925	0.04385525	0.47739962	0.04394002	0.43318230	0.58932015	0.58921768	0.32318467	0.32289518	0.58936723	0.58923403	0.32312238	0.32299986	59918	71603	0
59918	71608	0.48076226	0.04391538	0.47803577	0.04398017	0.43366821	0.58921546	0.58917216	0.32307916	0.32293807	0.58923691	0.58915679	0.32305952	0.32295738	59918	71606	0
59918	71611	0.48147745	0.04391529	0.47714978	0.04385189	0.43243892	0.58928095	0.58917158	0.32309855	0.32295335	0.58927865	0.58916723	0.32319642	0.32294004	59918	71609	0
59918	72398	0.48550690	0.04385301	0.47912929	0.04386961	0.43248430	0.58974128	0.58962936	0.32362009	0.32345279	0.58977834	0.58968885	0.32361105	0.32339010	59918	72397	0
59918	72402	0.48020237	0.04395678	0.47783987	0.04367800	0.43374105	0.58963240	0.58962755	0.32355312	0.32343044	0.58964160	0.58960906	0.32361837	0.32341639	59918	72400	0
59918	72405	0.48138276	0.04367007	0.47804452	0.04365621	0.43337911	0.58976149	0.58964998	0.32369446	0.32353118	0.58950931	0.58953946	0.32358369	0.32346791	59918	72403	0
59918	72408	0.48105462	0.04358704	0.47780535	0.04377311	0.43329745	0.58965828	0.58957989	0.32359815	0.32344803	0.58960939	0.58977373	0.32358714	0.32353800	59918	72406	0
59918	72411	0.47921051	0.04378203	0.47755788	0.04363352	0.43393516	0.58970882	0.58958532	0.32361114	0.32350119	0.58959279	0.58950988	0.32358008	0.32340694	59918	72410	0
59918	73199	0.48113173	0.04407805	0.47814938	0.04405995	0.43360447	0.58981096	0.58974103	0.32345723	0.32332822	0.58973372	0.58982871	0.32348139	0.32327103	59918	73197	0
59918	73202	0.48118319	0.04397562	0.47789481	0.04401146	0.43332520	0.58978475	0.58984268	0.32346512	0.32342346	0.58978236	0.58971638	0.32347292	0.32329486	59918	73201	0
59918	73205	0.48039072	0.04399372	0.47803424	0.04402815	0.43384501	0.58974571	0.58959805	0.32340275	0.32319790	0.58983692	0.58977308	0.32345049	0.32321548	59918	73204	0
59918	73209	0.47920744	0.04396958	0.47765148	0.04402857	0.43403023	0.58974391	0.58979576	0.32341335	0.32337834	0.58971556	0.58966420	0.32325402	0.32319321	59918	73207	0
59918	73212	0.47937711	0.04417283	0.47754585	0.04402436	0.43384316	0.58968055	0.58975977	0.32343135	0.32321293	0.58972402	0.58963906	0.32334564	0.32316667	59918	73210	0
59918	73999	0.48314497	0.04394159	0.47942180	0.04386817	0.43391054	0.58872629	0.58863492	0.32240437	0.32217289	0.58877971	0.58860254	0.32237191	0.32219056	59918	73998	0
59918	74003	0.48371539	0.04383327	0.47871227	0.04383511	0.43292720	0.58862062	0.58860517	0.32228686	0.32215358	0.58863755	0.58848027	0.32225358	0.32208792	59918	74001	0
59918	74006	0.48217687	0.04372321	0.47842215	0.04363798	0.43337558	0.58857140	0.58855332	0.32223846	0.32212934	0.58836507	0.58853755	0.32214150	0.32210041	59918	74004	0
59918	74009	0.48137165	0.04364301	0.47824833	0.04371720	0.43358826	0.58847616	0.58846162	0.32221660	0.32201783	0.58854650	0.58846425	0.32228045	0.32208258	59918	74008	0
59918	74012	0.48370710	0.04362607	0.47851526	0.04357892	0.43273417	0.58850936	0.58841684	0.32213049	0.32197609	0.58839358	0.58835315	0.32219277	0.32207050	59918	74011	0
59918	74800	0.48272289	0.04376807	0.47875694	0.04366717	0.43344827	0.58926255	0.58926000	0.32300372	0.32288006	0.58933346	0.58927865	0.32304670	0.32293207	59918	74798	0
59918	74803	0.47815568	0.04385800	0.47758091	0.04386312	0.43446450	0.58940084	0.58952188	0.32312197	0.32303248	0.58945935	0.58946847	0.32306289	0.32288244	59918	74802	0
59918	74807	0.48191439	0.04383014	0.47859838	0.04383950	0.43367779	0.58946156	0.58934718	0.32304226	0.32286206	0.58932845	0.58932015	0.32301819	0.32286748	59918	74805	0
59918	74810	0.47900241	0.04393817	0.47773305	0.04383380	0.43421021	0.58933395	0.58931308	0.32293980	0.32285713	0.58938046	0.58930141	0.32306437	0.32287546	59918	74808	0
59918	74813	0.48358460	0.04372375	0.47865358	0.04374020	0.43293129	0.58931390	0.58927126	0.32299617	0.32289920	0.58938482	0.58955549	0.32302460	0.32292131	59918	74811	0
59918	75601	0.48153730	0.04366677	0.47888661	0.04360759	0.43414702	0.58915227	0.58903386	0.32287266	0.32275318	0.58906878	0.58903181	0.32287759	0.32278679	59918	75599	0
59918	75604	0.47819479	0.04361231	0.47795993	0.04362096	0.43482475	0.58912129	0.58910001	0.32285450	0.32276346	0.58916616	0.58910313	0.32288499	0.32272188	59918	75602	0
59918	75607	0.48003194	0.04377311	0.47874527	0.04375492	0.43472825	0.58919138	0.58899853	0.32283182	0.32270906	0.58909722	0.58895605	0.32285376	0.32272105	59918	75605	0
59918	75610	0.47727728	0.04371076	0.47781753	0.04356578	0.43512275	0.58900617	0.58897396	0.32281416	0.32272459	0.58903764	0.58902778	0.32287447	0.32283338	59918	75609	0
59918	75614	0.47529928	0.04378540	0.47737063	0.04376511	0.43562529	0.58892581	0.58899237	0.32282656	0.32269788	0.58890099	0.58893772	0.32287743	0.32268449	59918	75612	0
59918	76401	0.47966859	0.04355447	0.47905238	0.04351807	0.43520978	0.58855423	0.58846326	0.32235408	0.32210386	0.58848882	0.58838988	0.32231472	0.32213164	59918	76399	0
59918	76404	0.47656819	0.04359223	0.47804011	0.04355968	0.43568570	0.58856343	0.58855809	0.32229853	0.32221726	0.58849005	0.58847477	0.32231200	0.32215259	59918	76403	0
59918	76408	0.48478233	0.04364692	0.48026011	0.04359875	0.43396291	0.58865998	0.58883788	0.32240584	0.32244175	0.58875275	0.58860953	0.32243617	0.32224142	59918	76406	0
59918	76411	0.48026545	0.04373372	0.47959861	0.04376362	0.43546952	0.58873944	0.58862974	0.32246230	0.32229754	0.58886262	0.58858981	0.32247109	0.32223567	59918	76409	0
59918	76414	0.48170947	0.04365855	0.47970893	0.04362054	0.43488671	0.58876820	0.58872975	0.32241135	0.32232638	0.58865916	0.58860575	0.32235021	0.32225013	59918	76412	0
59918	77201	0.48254241	0.04366232	0.48015483	0.04371875	0.43493279	0.58834157	0.58816399	0.32209976	0.32187814	0.58830106	0.58828635	0.32208192	0.32192802	59918	77200	0
59918	77205	0.48267289	0.04368266	0.47925287	0.04349390	0.43396820	0.58823737	0.58813096	0.32199441	0.32180599	0.58814715	0.58792208	0.32196154	0.32179778	59918	77203	0
59918	77208	0.48459702	0.04350567	0.48079291	0.04368950	0.43458466	0.58827903	0.58834510	0.32206935	0.32192038	0.58834954	0.58821379	0.32201257	0.32187510	59918	77206	0
59918	77211	0.47802632	0.04374111	0.47808799	0.04368214	0.43503368	0.58817238	0.58816851	0.32205809	0.32186359	0.58816243	0.58806843	0.32204610	0.32186146	59918	77210	0
59918	77215	0.48014239	0.04357875	0.47927320	0.04352444	0.43520318	0.58825800	0.58810910	0.32212153	0.32189046	0.58811814	0.58813680	0.32200641	0.32183705	59918	77213	0
59918	78002	0.48411673	0.04339922	0.48091241	0.04340456	0.43493471	0.58788667	0.58776596	0.32177846	0.32168150	0.58794435	0.58786653	0.32182662	0.32152390	59918	78000	0
59918	78005	0.48362266	0.04326589	0.48068973	0.04346696	0.43494917	0.58799472	0.58792151	0.32175069	0.32157156	0.58789792	0.58784353	0.32177592	0.32154025	59918	78004	0
59918	78009	0.48112489	0.04355025	0.47996123	0.04347000	0.43541961	0.58804813	0.58795865	0.32181232	0.32160960	0.58805602	0.58819900	0.32178208	0.32172850	59918	78007	0
59918	78012	0.48692600	0.04344571	0.48137111	0.04343320	0.43404495	0.58799957	0.58786078	0.32179736	0.32160295	0.58810286	0.58797212	0.32187181	0.32164568	59918	78010	0
59918	78015	0.47988305	0.04365309	0.48001642	0.04338410	0.43607088	0.58792455	0.58788026	0.32182538	0.32161996	0.58802430	0.58789283	0.32192991	0.32168931	59918	78013	0
59918	78803	0.48277888	0.04338400	0.47996509	0.04346848	0.43462955	0.58826005	0.58817574	0.32243707	0.32224512	0.58819366	0.58811749	0.32235679	0.32220699	59918	78801	0
59918	78806	0.48036131	0.04360210	0.47920873	0.04339354	0.43503362	0.58810861	0.58804641	0.32227651	0.32213410	0.58839416	0.58815668	0.32247265	0.32215826	59918	78804	0
59918	78809	0.48369257	0.04351150	0.48024815	0.04351618	0.43447404	0.58817533	0.58815874	0.32248383	0.32225333	0.58816753	0.58816432	0.32235736	0.32222844	59918	78807	0
59918	78812	0.48369847	0.04352803	0.47958493	0.04339421	0.43380798	0.58820598	0.58811970	0.32235334	0.32222252	0.58824485	0.58820007	0.32234923	0.32222474	59918	78811	0
59918	78816	0.48085853	0.04346532	0.47924021	0.04353915	0.43482644	0.58818593	0.58805676	0.32228201	0.32209121	0.58823039	0.58816252	0.32235038	0.32217544	59918	78814	0
59918	79603	0.47774479	0.04367227	0.47875629	0.04347129	0.43583711	0.58885884	0.58877223	0.32297907	0.32282295	0.58891315	0.58881077	0.32291284	0.32278260	59918	79601	0
59918	79606	0.47614503	0.04356905	0.47854964	0.04362037	0.43639835	0.58879187	0.58884799	0.32284719	0.32272598	0.58874076	0.58874051	0.32291555	0.32273963	59918	79605	0
59918	79610	0.47736762	0.04355342	0.47842444	0.04347308	0.43568631	0.58888538	0.58875193	0.32286412	0.32275244	0.58890428	0.58885654	0.32293684	0.32273281	59918	79608	0
59918	79613	0.47707138	0.04355176	0.47816600	0.04353450	0.43557006	0.58888028	0.58884380	0.32283158	0.32277028	0.58877428	0.58879639	0.32275047	0.32263609	59918	79611	0
59918	79616	0.48015868	0.04355407	0.47903415	0.04334474	0.43495630	0.58873698	0.58871619	0.32287743	0.32265318	0.58878505	0.58877173	0.32281259	0.32273182	59918	79615	0
59918	80404	0.48265421	0.04343678	0.47997483	0.04332914	0.43469913	0.58746151	0.58749002	0.32132545	0.32122504	0.58757113	0.58762084	0.32141592	0.32130047	59918	80402	0
59918	80407	0.47910830	0.04348770	0.47955625	0.04352874	0.43598258	0.58758181	0.58750547	0.32146301	0.32128938	0.58754401	0.58745609	0.32143162	0.32116900	59918	80405	0
59918	80410	0.48291462	0.04340651	0.48003905	0.04336906	0.43463835	0.58759644	0.58750079	0.32133408	0.32118034	0.58772939	0.58754541	0.32147952	0.32129472	59918	80409	0
59918	80413	0.47924398	0.04357063	0.48012578	0.04361051	0.43648700	0.58759224	0.58750777	0.32141839	0.32123342	0.58762174	0.58757581	0.32142192	0.32126341	59918	80412	0
59918	80417	0.48140926	0.04351464	0.47938071	0.04344395	0.43470258	0.58768518	0.58759849	0.32140688	0.32130006	0.58767031	0.58764393	0.32139513	0.32119028	59918	80415	0
59918	81204	0.48215791	0.04340595	0.48088194	0.04344397	0.43584446	0.58778872	0.58770367	0.32140573	0.32126325	0.58773843	0.58753974	0.32141732	0.32114213	59918	81202	0
59918	81207	0.48165070	0.04351867	0.48050352	0.04338621	0.43570950	0.58767795	0.58765404	0.32144288	0.32131378	0.58754294	0.58768699	0.32140031	0.32130072	59918	81206	0
59918	81211	0.48216818	0.04351444	0.48056530	0.04344541	0.43552290	0.58770326	0.58765749	0.32146153	0.32131970	0.58765576	0.58760720	0.32136654	0.32125355	59918	81209	0
59918	81214	0.47931557	0.04350479	0.47961573	0.04355933	0.43594257	0.58773448	0.58764130	0.32151412	0.32136284	0.58777680	0.58776661	0.32151897	0.32130787	59918	81212	0
59918	81217	0.48262653	0.04343507	0.48045234	0.04346081	0.43518992	0.58783334	0.58785840	0.32160434	0.32150771	0.58773966	0.58760786	0.32147525	0.32129521	59918	81216	0
59918	82005	0.47952406	0.04354385	0.47984736	0.04358622	0.43607414	0.58821552	0.58815808	0.32211693	0.32190139	0.58828232	0.58821494	0.32221997	0.32201923	59918	82003	0
59918	82008	0.47931688	0.04355625	0.48025739	0.04346217	0.43658361	0.58824830	0.58819497	0.32208850	0.32200000	0.58819366	0.58814370	0.32213197	0.32196886	59918	82006	0
59918	82011	0.47740045	0.04353553	0.47964393	0.04358718	0.43689004	0.58822817	0.58812217	0.32214421	0.32188660	0.58823335	0.58810475	0.32213115	0.32193780	59918	82010	0
59918	82014	0.47908509	0.04359520	0.47938975	0.04346644	0.43582722	0.58816268	0.58813860	0.32207420	0.32192695	0.58827098	0.58838742	0.32210427	0.32205966	59918	82013	0
59918	82018	0.47664009	0.04364333	0.47889775	0.04370228	0.43650883	0.58816975	0.58818930	0.32213312	0.32193270	0.58840591	0.58836983	0.32229541	0.32207831	59918	82016	0
59918	82805	0.47570615	0.04347832	0.47916530	0.04348294	0.43722467	0.58796908	0.58784369	0.32192629	0.32183032	0.58799875	0.58790819	0.32201643	0.32186548	59918	82804	0
59918	82808	0.47364449	0.04341571	0.47812348	0.04337026	0.43717244	0.58779381	0.58779767	0.32198217	0.32180681	0.58773637	0.58782076	0.32192218	0.32181618	59918	82807	0
59918	82812	0.47841130	0.04347571	0.47862316	0.04342533	0.43538405	0.58782101	0.58772651	0.32191692	0.32174790	0.58775683	0.58771657	0.32187288	0.32174543	59918	82810	0
59918	82815	0.47441201	0.04355947	0.47871964	0.04349235	0.43740020	0.58775963	0.58776185	0.32193952	0.32178923	0.58784689	0.58772651	0.32192366	0.32172382	59918	82813	0
59918	82818	0.47712395	0.04359467	0.47884035	0.04336418	0.43621917	0.58779562	0.58770613	0.32188973	0.32172694	0.58778165	0.58771328	0.32195201	0.32173606	59918	82817	0
59918	83606	0.48153183	0.04331717	0.48018846	0.04329459	0.43545150	0.58756537	0.58751377	0.32149070	0.32135939	0.58752347	0.58753259	0.32159366	0.32136572	59918	83604	0
59918	83609	0.47871110	0.04350368	0.48006445	0.04353326	0.43668144	0.58750950	0.58741327	0.32144370	0.32133071	0.58752799	0.58752182	0.32150878	0.32132611	59918	83607	0
59918	83612	0.48069862	0.04334117	0.48003304	0.04333175	0.43569602	0.58762791	0.58754360	0.32162300	0.32148306	0.58745978	0.58749298	0.32150450	0.32136810	59918	83611	0
59918	83615	0.47960989	0.04352541	0.48043476	0.04351575	0.43662034	0.58759438	0.58742659	0.32154880	0.32137155	0.58754869	0.58747860	0.32160985	0.32143811	59918	83614	0
59918	83619	0.48092813	0.04336756	0.47983320	0.04324065	0.43538602	0.58750145	0.58747646	0.32159728	0.32145816	0.58751016	0.58753464	0.32155570	0.32142989	59918	83617	0
59918	84406	0.48006629	0.04345809	0.48078799	0.04333061	0.43675449	0.58706840	0.58696799	0.32110951	0.32089208	0.58712017	0.58707670	0.32121411	0.32106801	59918	84405	0
59918	84409	0.48293720	0.04337309	0.48160659	0.04338882	0.43619505	0.58715222	0.58711269	0.32114394	0.32098559	0.58725058	0.58707941	0.32118897	0.32103695	59918	84408	0
59918	84413	0.47905182	0.04356410	0.48027046	0.04344018	0.43672390	0.58718525	0.58704975	0.32119677	0.32102594	0.58705303	0.58703496	0.32103424	0.32098839	59918	84411	0
59918	84416	0.48258607	0.04333557	0.48144519	0.04344798	0.43620219	0.58715033	0.58699354	0.32116440	0.32090432	0.58728731	0.58717424	0.32123942	0.32110811	59918	84414	0
59918	84419	0.47788862	0.04354750	0.48006537	0.04342363	0.43707716	0.58742798	0.58722001	0.32132102	0.32111403	0.58728739	0.58718484	0.32127599	0.32105207	59918	84418	0
59918	85207	0.47767348	0.04325886	0.47987295	0.04333717	0.43698800	0.58639049	0.58636937	0.32049486	0.32035706	0.58623329	0.58621439	0.32042107	0.32025147	59918	85205	0
59918	85210	0.48118568	0.04337995	0.48118731	0.04324758	0.43661650	0.58634693	0.58645195	0.32048788	0.32047251	0.58640248	0.58643305	0.32049585	0.32037949	59918	85208	0
59918	85213	0.47763388	0.04324675	0.47978333	0.04325951	0.43691738	0.58650043	0.58637726	0.32057975	0.32041795	0.58647767	0.58643231	0.32059256	0.32046931	59918	85212	0
59918	85216	0.47957448	0.04336868	0.48048009	0.04314713	0.43668266	0.58646649	0.58634431	0.32052683	0.32032214	0.58637364	0.58644776	0.32055370	0.32047876	59918	85215	0
59918	85220	0.47909102	0.04317688	0.48052827	0.04320972	0.43696290	0.58632343	0.58629065	0.32047317	0.32031655	0.58639394	0.58644595	0.32046060	0.32038788	59918	85218	0
59918	86007	0.47626067	0.04328357	0.48011893	0.04335066	0.43791213	0.58696117	0.58698911	0.32112454	0.32099899	0.58711433	0.58708081	0.32125117	0.32106571	59918	86006	0
59918	86010	0.47746755	0.04359038	0.48061733	0.04335914	0.43783123	0.58718295	0.58699330	0.32131913	0.32108124	0.58702436	0.58709223	0.32118108	0.32099866	59918	86009	0
59918	86014	0.47598156	0.04322350	0.48003739	0.04336565	0.43796456	0.58713176	0.58715098	0.32122865	0.32106480	0.58730037	0.58721261	0.32131420	0.32118124	59918	86012	0
59918	86017	0.48088401	0.04354294	0.48188781	0.04348823	0.43746180	0.58735929	0.58730144	0.32139834	0.32115076	0.58733275	0.58724441	0.32133712	0.32114607	59918	86015	0
59918	86020	0.47956092	0.04335994	0.48077331	0.04329362	0.43698239	0.58726652	0.58722527	0.32122586	0.32115881	0.58716495	0.58701836	0.32126719	0.32113095	59918	86019	0
59919	408	0.47497905	0.04337403	0.47976426	0.04341082	0.43817264	0.58715830	0.58709568	0.32136292	0.32117237	0.58720111	0.58714318	0.32143984	0.32119899	59919	406	0
59919	411	0.48000007	0.04342678	0.48083612	0.04340713	0.43683441	0.58716610	0.58716060	0.32141658	0.32123967	0.58732067	0.58718484	0.32139727	0.32117434	59919	409	0
59919	414	0.47438457	0.04360541	0.47965700	0.04358101	0.43835072	0.58729519	0.58727325	0.32149662	0.32137763	0.58723011	0.58720144	0.32143326	0.32132710	59919	413	0
59919	418	0.47365904	0.04339607	0.47985293	0.04347416	0.43889491	0.58721943	0.58720489	0.32142028	0.32137065	0.58734729	0.58722979	0.32149086	0.32132808	59919	416	0
59919	421	0.47432688	0.04358157	0.48010143	0.04348175	0.43882285	0.58744409	0.58731796	0.32153253	0.32134452	0.58718550	0.58727490	0.32134674	0.32137098	59919	419	0
59919	1208	0.47320053	0.04383851	0.47910256	0.04389462	0.43836462	0.58705739	0.58710152	0.32095946	0.32083990	0.58731837	0.58709141	0.32111542	0.32087121	59919	1207	0
59919	1212	0.47590576	0.04386530	0.47980716	0.04369629	0.43777071	0.58716964	0.58718163	0.32102060	0.32090671	0.58721795	0.58708746	0.32101912	0.32082889	59919	1210	0
59919	1215	0.47538685	0.04377126	0.47924977	0.04363925	0.43746240	0.58705920	0.58704934	0.32099734	0.32082412	0.58718870	0.58710809	0.32110901	0.32091057	59919	1213	0
59919	1218	0.47469404	0.04374686	0.47898083	0.04374174	0.43752601	0.58709544	0.58712378	0.32100835	0.32083998	0.58738903	0.58726997	0.32116777	0.32092076	59919	1216	0
59919	1221	0.48081347	0.04374178	0.48155374	0.04370172	0.43716159	0.58728977	0.58727243	0.32122233	0.32093744	0.58727408	0.58721647	0.32109907	0.32095601	59919	1220	0
59919	2009	0.47739551	0.04348626	0.47878631	0.04363359	0.43603479	0.58737794	0.58730686	0.32083300	0.32060095	0.58763152	0.58741788	0.32086669	0.32069010	59919	2007	0
59919	2012	0.47651171	0.04363358	0.47902241	0.04357107	0.43669511	0.58756669	0.58746529	0.32088156	0.32068131	0.58744236	0.58732067	0.32074664	0.32069043	59919	2010	0
59919	2015	0.47831729	0.04361633	0.47904091	0.04345202	0.43584693	0.58747975	0.58733932	0.32082716	0.32065847	0.58742519	0.58726183	0.32080490	0.32066422	59919	2014	0
59919	2019	0.47920948	0.04340123	0.47951302	0.04342006	0.43589078	0.58737071	0.58731352	0.32081919	0.32061845	0.58749610	0.58746266	0.32093547	0.32065362	59919	2017	0
59919	2022	0.47624225	0.04355267	0.47872300	0.04351395	0.43652504	0.58743045	0.58742930	0.32088206	0.32075272	0.58755124	0.58748723	0.32094878	0.32071886	59919	2020	0
59919	2809	0.47179257	0.04398645	0.47833208	0.04402983	0.43826997	0.58919459	0.58917717	0.32250240	0.32236213	0.58920363	0.58914866	0.32250297	0.32231455	59919	2808	0
59919	2813	0.47423077	0.04401450	0.47862216	0.04411608	0.43738971	0.58927783	0.58913781	0.32242236	0.32233805	0.58913625	0.58916000	0.32242146	0.32226739	59919	2811	0
59919	2816	0.47680676	0.04411368	0.47919234	0.04389210	0.43672342	0.58916887	0.58912466	0.32251867	0.32226533	0.58913411	0.58907651	0.32240346	0.32225802	59919	2814	0
59919	2819	0.47715687	0.04390983	0.47936859	0.04388757	0.43673161	0.58916180	0.58902852	0.32237881	0.32220584	0.58915457	0.58901989	0.32238325	0.32222827	59919	2818	0
59919	2822	0.47881489	0.04404134	0.48033222	0.04396275	0.43689940	0.58921579	0.58902696	0.32237018	0.32219310	0.58912047	0.58916394	0.32237059	0.32226204	59919	2821	0
59919	3610	0.47932560	0.04322207	0.48016384	0.04334144	0.43648587	0.58788839	0.58776185	0.32149760	0.32123400	0.58797426	0.58793235	0.32152603	0.32140228	59919	3608	0
59919	3613	0.47945646	0.04335423	0.48103487	0.04329311	0.43729409	0.58802274	0.58802808	0.32149760	0.32129234	0.58806900	0.58795183	0.32154288	0.32140048	59919	3612	0
59919	3616	0.48032031	0.04324547	0.48073340	0.04346882	0.43657797	0.58796136	0.58783219	0.32147328	0.32128240	0.58791781	0.58777138	0.32135775	0.32110564	59919	3615	0
59919	3620	0.47589443	0.04344319	0.48020582	0.04350417	0.43817482	0.58798897	0.58788190	0.32145397	0.32124920	0.58791025	0.58792438	0.32137780	0.32120869	59919	3618	0
59919	3623	0.48014946	0.04328043	0.48122706	0.04333432	0.43715364	0.58798075	0.58797040	0.32142258	0.32125569	0.58799554	0.58788108	0.32141297	0.32130779	59919	3621	0
59919	4410	0.47220356	0.04350423	0.47990290	0.04359397	0.43964352	0.58837444	0.58823072	0.32185045	0.32177189	0.58857576	0.58837271	0.32195727	0.32178791	59919	4409	0
59919	4414	0.47321688	0.04363790	0.47900148	0.04362275	0.43825570	0.58837378	0.58833483	0.32194864	0.32182859	0.58843138	0.58838175	0.32196179	0.32186540	59919	4412	0
59919	4417	0.47487462	0.04348560	0.47971478	0.04332165	0.43817328	0.58839958	0.58838643	0.32199926	0.32182415	0.58834091	0.58839703	0.32199096	0.32185669	59919	4415	0
59919	4420	0.47487300	0.04333768	0.47990064	0.04351219	0.43835992	0.58842571	0.58839670	0.32207814	0.32186442	0.58842382	0.58833713	0.32203829	0.32184494	59919	4419	0
59919	4423	0.47504950	0.04357306	0.47931131	0.04359921	0.43768586	0.58839744	0.58846614	0.32199786	0.32189203	0.58831922	0.58831692	0.32193936	0.32177017	59919	4422	0
59919	5211	0.47592300	0.04353726	0.48068394	0.04356270	0.43863922	0.58872802	0.58873747	0.32217174	0.32205111	0.58864897	0.58856729	0.32211578	0.32204059	59919	5209	0
59919	5214	0.47626021	0.04365925	0.47997671	0.04344230	0.43777013	0.58857017	0.58857083	0.32217379	0.32197954	0.58873755	0.58865407	0.32221307	0.32203221	59919	5213	0
59919	5217	0.47543338	0.04346109	0.48043659	0.04347530	0.43862689	0.58864807	0.58864470	0.32210140	0.32203895	0.58870756	0.58866828	0.32223649	0.32206960	59919	5216	0
59919	5221	0.47310756	0.04359113	0.48014237	0.04351047	0.43944906	0.58870320	0.58869269	0.32220173	0.32207009	0.58858767	0.58867370	0.32223419	0.32201101	59919	5219	0
59919	5224	0.47990899	0.04339833	0.48101230	0.04342635	0.43705431	0.58881430	0.58876656	0.32226681	0.32215210	0.58865078	0.58868932	0.32224775	0.32208373	59919	5222	0
59919	6011	0.47263460	0.04336399	0.47974324	0.04343979	0.43927695	0.58770794	0.58774517	0.32151009	0.32126235	0.58769060	0.58764500	0.32130614	0.32120351	59919	6010	0
59919	6015	0.47146677	0.04350841	0.47954762	0.04320648	0.43964189	0.58745296	0.58733283	0.32123383	0.32098477	0.58746250	0.58740333	0.32118971	0.32120055	59919	6013	0
59919	6018	0.47146509	0.04320807	0.48000086	0.04326972	0.44009594	0.58741779	0.58744195	0.32119825	0.32112232	0.58753555	0.58752503	0.32126317	0.32121789	59919	6016	0
59919	6021	0.47382597	0.04323255	0.48064195	0.04341608	0.43960381	0.58740424	0.58739881	0.32119809	0.32104993	0.58749076	0.58751394	0.32118042	0.32104977	59919	6020	0
59919	6024	0.47388688	0.04332427	0.48069902	0.04345207	0.43963164	0.58768929	0.58759011	0.32133720	0.32112956	0.58767129	0.58765790	0.32131625	0.32116111	59919	6023	0
59919	6812	0.47536114	0.04352717	0.48035555	0.04353169	0.43858052	0.58846367	0.58843081	0.32204092	0.32179276	0.58842259	0.58841840	0.32187074	0.32180344	59919	6810	0
59919	6815	0.47421222	0.04360840	0.48060130	0.04345528	0.43937775	0.58838512	0.58835324	0.32194051	0.32171125	0.58819966	0.58827295	0.32173220	0.32167115	59919	6814	0
59919	6819	0.47167443	0.04359339	0.47937347	0.04361896	0.43936806	0.58834173	0.58823688	0.32187444	0.32166605	0.58836531	0.58834798	0.32182226	0.32172587	59919	6817	0
59919	6822	0.47606683	0.04369139	0.48029510	0.04359992	0.43818134	0.58835422	0.58838767	0.32178808	0.32169555	0.58829210	0.58827509	0.32171741	0.32156441	59919	6820	0
59919	6825	0.47595525	0.04366084	0.48083173	0.04347846	0.43877153	0.58822012	0.58819571	0.32172933	0.32153713	0.58814945	0.58814978	0.32164904	0.32156104	59919	6823	0
59919	7612	0.47469581	0.04339975	0.48029731	0.04336774	0.43884164	0.58649246	0.58644529	0.32003248	0.31988162	0.58636715	0.58644981	0.31994949	0.31982878	59919	7611	0
59919	7616	0.47772629	0.04332224	0.48092857	0.04318766	0.43801827	0.58633921	0.58636814	0.31996445	0.31979304	0.58654694	0.58631070	0.32000405	0.31985023	59919	7614	0
59919	7619	0.47494663	0.04330649	0.48072791	0.04337797	0.43915184	0.58643445	0.58642089	0.31989583	0.31981456	0.58634406	0.58629928	0.31985319	0.31961390	59919	7617	0
59919	7622	0.47288207	0.04360654	0.48039010	0.04345831	0.43980502	0.58637512	0.58640947	0.31981818	0.31973100	0.58637479	0.58635228	0.31984456	0.31974160	59919	7621	0
59919	7626	0.47519208	0.04358346	0.48019860	0.04347523	0.43850473	0.58634200	0.58617248	0.31984899	0.31960856	0.58616632	0.58623625	0.31978129	0.31966140	59919	7624	0
59919	8413	0.47026989	0.04354533	0.47967052	0.04356257	0.44033929	0.58762331	0.58755214	0.32129234	0.32105659	0.58766004	0.58758329	0.32120121	0.32110992	59919	8411	0
59919	8416	0.47320402	0.04359448	0.48044989	0.04346689	0.43971028	0.58770408	0.58764837	0.32120244	0.32109020	0.58764681	0.58758559	0.32124525	0.32110770	59919	8415	0
59919	8419	0.47149869	0.04356572	0.48035222	0.04340364	0.44043117	0.58759833	0.58757318	0.32120425	0.32104262	0.58751048	0.58755157	0.32113251	0.32100786	59919	8418	0
59919	8423	0.47198397	0.04344384	0.48035869	0.04355892	0.44020470	0.58751122	0.58746471	0.32114188	0.32094820	0.58748189	0.58752322	0.32117253	0.32094894	59919	8421	0
59919	8426	0.47148591	0.04351086	0.48019012	0.04355784	0.44027520	0.58764911	0.58751262	0.32104763	0.32090169	0.58755864	0.58748230	0.32111427	0.32091328	59919	8424	0
59919	9213	0.47584196	0.04342740	0.48047299	0.04317726	0.43846717	0.58617117	0.58603920	0.31998565	0.31979928	0.58618235	0.58598365	0.31983839	0.31970938	59919	9212	0
59919	9217	0.47266075	0.04327961	0.48062385	0.04318787	0.44014501	0.58617585	0.58602154	0.31995360	0.31968210	0.58605564	0.58603189	0.31981202	0.31972303	59919	9215	0
59919	9220	0.47203737	0.04331611	0.47996587	0.04334675	0.43978625	0.58605325	0.58599918	0.31980906	0.31963017	0.58604200	0.58596648	0.31989246	0.31963387	59919	9218	0
59919	9223	0.47410456	0.04317197	0.48088324	0.04327909	0.43971137	0.58602343	0.58591701	0.31975540	0.31954036	0.58607791	0.58596837	0.31983503	0.31957692	59919	9222	0
59919	9227	0.46929346	0.04340190	0.47970190	0.04327284	0.44083936	0.58599269	0.58587741	0.31979090	0.31951258	0.58591595	0.58590214	0.31971752	0.31950691	59919	9225	0
59919	10014	0.47675140	0.04333321	0.48121568	0.04320519	0.43877333	0.58692181	0.58690192	0.32051228	0.32028237	0.58672583	0.58664530	0.32037432	0.32020069	59919	10012	0
59919	10017	0.47709564	0.04334651	0.48169222	0.04324483	0.43908463	0.58674834	0.58680389	0.32036832	0.32021975	0.58679576	0.58676905	0.32036495	0.32019732	59919	10016	0
59919	10021	0.47856328	0.04333798	0.48250676	0.04313297	0.43919471	0.58689691	0.58684950	0.32051352	0.32027251	0.58694276	0.58683166	0.32044655	0.32026708	59919	10019	0
59919	10024	0.47721768	0.04327965	0.48134778	0.04318589	0.43868161	0.58686034	0.58675040	0.32038393	0.32025270	0.58683183	0.58673807	0.32035246	0.32020365	59919	10022	0
59919	10027	0.47878915	0.04326372	0.48176993	0.04329864	0.43834945	0.58681778	0.58673914	0.32046183	0.32023882	0.58676100	0.58684678	0.32038779	0.32032238	59919	10025	0
59919	10814	0.47619456	0.04359912	0.48206765	0.04351811	0.43989259	0.58667677	0.58659008	0.32028417	0.32010874	0.58656658	0.58661481	0.32025755	0.32003503	59919	10813	0
59919	10818	0.47239390	0.04366975	0.48107661	0.04359112	0.44072586	0.58655976	0.58647948	0.32019527	0.31994883	0.58648318	0.58658441	0.32012287	0.32005902	59919	10816	0
59919	10821	0.47399634	0.04363039	0.48068995	0.04353809	0.43957002	0.58660947	0.58660808	0.32013906	0.32004275	0.58653979	0.58654045	0.32013988	0.32002049	59919	10819	0
59919	10824	0.47110124	0.04362632	0.48076036	0.04359774	0.44103009	0.58668556	0.58652352	0.32023315	0.32003963	0.58649213	0.58646649	0.32012164	0.31996765	59919	10823	0
59919	10828	0.47457704	0.04359218	0.48085979	0.04350107	0.43946113	0.58650479	0.58655762	0.32019362	0.32002583	0.58658342	0.58665212	0.32023619	0.32014185	59919	10826	0
59919	11615	0.47533865	0.04340787	0.48018684	0.04339841	0.43842261	0.58666773	0.58659066	0.32007538	0.31990808	0.58653059	0.58649525	0.31998474	0.31983601	59919	11613	0
59919	11618	0.47340838	0.04338484	0.47961986	0.04341379	0.43878216	0.58661317	0.58646378	0.32009296	0.31988646	0.58664407	0.58653913	0.32002262	0.31986929	59919	11617	0
59919	11621	0.47321413	0.04355720	0.48022696	0.04341375	0.43948250	0.58660923	0.58655228	0.32013939	0.31989370	0.58664333	0.58658605	0.32009009	0.31991350	59919	11620	0
59919	11625	0.47000491	0.04347261	0.47969322	0.04344670	0.44048918	0.58669584	0.58657628	0.32002961	0.31989953	0.58671975	0.58655458	0.32010225	0.31987463	59919	11623	0
59919	11628	0.47630554	0.04348596	0.48065499	0.04353298	0.43842665	0.58675270	0.58668540	0.32019600	0.31998507	0.58683347	0.58669395	0.32017209	0.31997948	59919	11626	0
59919	12416	0.47424924	0.04363292	0.48066263	0.04371189	0.43942131	0.58813581	0.58804764	0.32130138	0.32106990	0.58825093	0.58825241	0.32137508	0.32118428	59919	12414	0
59919	12419	0.47490661	0.04373913	0.48018371	0.04348356	0.43862686	0.58823105	0.58818906	0.32137788	0.32115528	0.58825249	0.58831659	0.32140845	0.32122767	59919	12417	0
59919	12422	0.47238613	0.04362554	0.48006340	0.04373097	0.43971637	0.58845316	0.58827977	0.32146925	0.32122841	0.58829654	0.58805701	0.32129661	0.32108543	59919	12420	0
59919	12425	0.47319308	0.04379027	0.47992898	0.04358695	0.43919462	0.58830410	0.58823244	0.32131502	0.32115634	0.58832595	0.58827419	0.32135027	0.32111698	59919	12424	0
59919	12429	0.47580912	0.04380671	0.48112024	0.04369873	0.43913018	0.58839013	0.58826268	0.32134139	0.32112865	0.58827813	0.58824625	0.32133071	0.32119381	59919	12427	0
59919	13216	0.47791865	0.04314671	0.48130783	0.04334259	0.43830520	0.58776070	0.58768247	0.32111435	0.32093596	0.58795117	0.58802036	0.32125783	0.32110581	59919	13214	0
59919	13219	0.47463866	0.04352112	0.48142453	0.04322120	0.43999629	0.58789094	0.58790187	0.32120696	0.32102618	0.58783021	0.58764796	0.32114451	0.32093662	59919	13218	0
59919	13223	0.47445917	0.04328442	0.48110133	0.04318066	0.43975925	0.58781016	0.58774098	0.32118634	0.32094483	0.58772898	0.58765067	0.32119431	0.32094130	59919	13221	0
59919	13226	0.47632049	0.04333253	0.48102871	0.04332979	0.43879320	0.58783736	0.58782011	0.32121025	0.32103826	0.58776464	0.58769940	0.32109389	0.32095560	59919	13224	0
59919	13229	0.48023381	0.04330407	0.48218934	0.04325407	0.43807544	0.58779167	0.58777886	0.32120524	0.32104755	0.58777047	0.58764533	0.32112315	0.32097811	59919	13227	0
59919	14017	0.47436540	0.04336180	0.48081408	0.04322193	0.43951701	0.58796415	0.58786801	0.32160664	0.32139431	0.58794632	0.58795766	0.32166762	0.32146991	59919	14015	0
59919	14020	0.47354002	0.04337677	0.48076266	0.04314807	0.43986177	0.58791625	0.58786793	0.32157657	0.32134082	0.58791847	0.58784131	0.32153113	0.32138388	59919	14018	0
59919	14023	0.47359221	0.04322546	0.48097948	0.04322384	0.44005354	0.58795865	0.58795577	0.32157304	0.32153442	0.58784615	0.58782413	0.32150960	0.32133277	59919	14021	0
59919	14026	0.47471653	0.04341447	0.48111816	0.04319450	0.43965255	0.58789529	0.58792455	0.32147755	0.32132504	0.58786053	0.58781353	0.32149169	0.32140984	59919	14025	0
59919	14030	0.47334548	0.04313382	0.48089834	0.04323171	0.44009083	0.58778683	0.58777195	0.32160360	0.32139620	0.58776316	0.58781107	0.32154230	0.32138593	59919	14028	0
59919	14817	0.46745181	0.04326793	0.48034124	0.04320040	0.44236269	0.58730810	0.58731713	0.32113621	0.32096932	0.58710530	0.58708977	0.32101961	0.32091246	59919	14815	0
59919	14820	0.47205704	0.04327931	0.48040211	0.04311211	0.44021305	0.58738698	0.58722329	0.32117861	0.32094467	0.58729487	0.58732938	0.32118675	0.32103539	59919	14819	0
59919	14824	0.47031573	0.04336196	0.48019266	0.04324253	0.44083942	0.58725789	0.58725740	0.32116431	0.32097162	0.58726676	0.58721968	0.32106785	0.32095354	59919	14822	0
59919	14827	0.47379390	0.04325482	0.48106826	0.04311691	0.44004551	0.58726915	0.58725304	0.32112413	0.32093333	0.58725164	0.58718763	0.32111920	0.32094598	59919	14825	0
59919	14830	0.47345429	0.04319251	0.48141189	0.04327228	0.44055215	0.58729437	0.58717654	0.32112249	0.32096160	0.58720127	0.58711803	0.32096809	0.32090260	59919	14828	0
59919	15618	0.47251175	0.04312931	0.48129461	0.04307134	0.44088729	0.58707908	0.58711499	0.32094911	0.32082716	0.58709133	0.58704441	0.32098452	0.32083604	59919	15616	0
59919	15621	0.46972502	0.04324530	0.48041216	0.04320286	0.44134247	0.58715698	0.58708508	0.32100055	0.32083892	0.58701655	0.58713332	0.32097417	0.32082076	59919	15619	0
59919	15624	0.47287511	0.04303289	0.48090234	0.04300052	0.44032061	0.58714531	0.58704753	0.32097770	0.32080728	0.58718057	0.58706503	0.32105289	0.32088838	59919	15622	0
59919	15627	0.47180692	0.04314412	0.48060616	0.04311937	0.44053716	0.58709338	0.58715912	0.32115421	0.32089808	0.58709618	0.58708467	0.32103358	0.32082371	59919	15626	0
59919	15631	0.47403763	0.04298175	0.48137003	0.04298811	0.44023028	0.58714227	0.58701589	0.32103087	0.32089422	0.58700768	0.58699420	0.32105913	0.32090777	59919	15629	0
59919	16418	0.47068741	0.04308059	0.48075636	0.04301739	0.44122473	0.58747096	0.58738854	0.32140582	0.32133145	0.58746513	0.58731598	0.32148733	0.32128774	59919	16416	0
59919	16421	0.47327324	0.04318783	0.48138632	0.04312907	0.44061349	0.58732995	0.58728131	0.32134608	0.32117861	0.58737227	0.58722699	0.32133507	0.32119151	59919	16420	0
59919	16425	0.47219734	0.04307939	0.48056642	0.04308198	0.44031001	0.58723841	0.58730423	0.32134115	0.32116505	0.58736726	0.58726380	0.32130524	0.32120885	59919	16423	0
59919	16428	0.47512393	0.04305494	0.48124558	0.04306345	0.43958442	0.58736800	0.58729791	0.32138347	0.32122578	0.58736956	0.58739101	0.32134534	0.32120343	59919	16426	0
59919	16431	0.47390954	0.04306700	0.48153871	0.04304419	0.44046045	0.58746989	0.58720555	0.32143671	0.32115980	0.58736701	0.58719051	0.32145035	0.32119825	59919	16429	0
59919	17219	0.47328931	0.04305777	0.48162884	0.04293494	0.44084829	0.58644324	0.58634307	0.32053357	0.32031499	0.58642952	0.58645746	0.32052140	0.32042535	59919	17217	0
59919	17222	0.46858937	0.04306080	0.48075954	0.04300573	0.44223496	0.58641596	0.58633798	0.32046750	0.32028171	0.58640487	0.58624093	0.32044236	0.32027004	59919	17220	0
59919	17225	0.46723517	0.04304705	0.48130934	0.04304321	0.44343477	0.58654941	0.58643149	0.32053998	0.32042666	0.58641160	0.58640207	0.32047941	0.32026979	59919	17223	0
59919	17228	0.47253751	0.04304531	0.48199137	0.04284690	0.44157169	0.58648613	0.58641358	0.32061418	0.32035041	0.58622581	0.58619221	0.32033208	0.32021195	59919	17227	0
59919	17232	0.47182755	0.04304668	0.48110080	0.04298592	0.44102189	0.58640273	0.58622450	0.32042576	0.32026462	0.58658466	0.58648178	0.32053504	0.32038056	59919	17230	0
59919	18019	0.47060314	0.04349027	0.48112722	0.04330666	0.44163604	0.58686396	0.58688105	0.32066044	0.32054671	0.58677628	0.58681441	0.32061212	0.32051771	59919	18017	0
59919	18022	0.47069618	0.04342636	0.48076627	0.04335008	0.44123042	0.58688869	0.58681014	0.32070761	0.32050168	0.58683290	0.58677209	0.32060119	0.32042444	59919	18021	0
59919	18026	0.47165998	0.04332110	0.48137947	0.04345443	0.44138100	0.58678861	0.58684662	0.32055222	0.32052009	0.58683709	0.58679789	0.32059076	0.32044646	59919	18024	0
59919	18029	0.46932279	0.04332446	0.48066595	0.04326865	0.44178933	0.58663486	0.58667529	0.32038237	0.32033586	0.58671720	0.58656173	0.32046306	0.32022739	59919	18027	0
59919	18032	0.46830835	0.04337784	0.48048163	0.04343792	0.44209195	0.58657841	0.58655680	0.32041047	0.32018664	0.58659444	0.58648441	0.32028442	0.32019970	59919	18030	0
59919	18820	0.47027074	0.04327115	0.48030916	0.04315512	0.44097753	0.58596632	0.58600223	0.32001408	0.31985056	0.58605062	0.58585185	0.31996280	0.31969903	59919	18818	0
59919	18823	0.47007552	0.04339160	0.48057297	0.04327871	0.44133504	0.58591923	0.58593172	0.31993355	0.31979106	0.58594816	0.58587872	0.31990783	0.31973814	59919	18821	0
59919	18826	0.46884186	0.04337308	0.48032384	0.04316492	0.44167807	0.58588201	0.58591406	0.31983839	0.31975606	0.58587741	0.58583829	0.31985869	0.31972738	59919	18824	0
59919	18829	0.46856310	0.04332272	0.47997363	0.04332483	0.44146166	0.58600485	0.58589236	0.31988951	0.31972500	0.58597018	0.58584996	0.31980002	0.31967307	59919	18828	0
59919	18833	0.46961110	0.04331242	0.48073088	0.04323879	0.44171588	0.58581397	0.58582194	0.31979723	0.31958818	0.58592802	0.58584224	0.31966567	0.31959007	59919	18831	0
59919	19620	0.47358455	0.04303055	0.48150253	0.04310650	0.44058026	0.58542678	0.58546080	0.31940683	0.31937486	0.58545488	0.58543886	0.31937560	0.31925793	59919	19619	0
59919	19623	0.47034478	0.04314690	0.48175405	0.04320428	0.44238687	0.58549112	0.58538988	0.31939533	0.31920789	0.58558044	0.58550616	0.31944060	0.31930880	59919	19622	0
59919	19627	0.46793232	0.04321056	0.48103974	0.04317943	0.44283055	0.58568562	0.58544938	0.31946632	0.31923624	0.58564190	0.58545102	0.31945539	0.31929540	59919	19625	0
59919	19630	0.46915650	0.04321890	0.48141989	0.04311903	0.44262309	0.58549802	0.58550287	0.31951423	0.31928801	0.58554642	0.58549958	0.31944274	0.31925991	59919	19628	0
59919	19633	0.47067282	0.04320178	0.48026720	0.04303035	0.44074257	0.58549514	0.58540328	0.31950174	0.31921553	0.58538199	0.58537739	0.31930863	0.31917691	59919	19632	0
59919	20421	0.46965124	0.04313156	0.48161904	0.04315806	0.44258476	0.58647948	0.58629369	0.32049996	0.32030768	0.58637208	0.58635466	0.32041770	0.32024950	59919	20419	0
59919	20424	0.46910570	0.04319667	0.48013357	0.04314724	0.44136115	0.58633724	0.58626386	0.32043422	0.32027012	0.58631398	0.58626715	0.32040406	0.32019124	59919	20422	0
59919	20427	0.46585552	0.04317761	0.48138991	0.04323154	0.44417758	0.58629459	0.58619245	0.32042995	0.32010964	0.58644636	0.58622705	0.32044490	0.32012452	59919	20425	0
59919	20430	0.46944645	0.04321247	0.48109983	0.04325040	0.44216386	0.58635343	0.58612885	0.32044959	0.32007020	0.58634940	0.58634431	0.32038007	0.32014111	59919	20429	0
59919	20434	0.47051491	0.04312982	0.48088060	0.04314897	0.44143176	0.58627479	0.58622499	0.32026207	0.32012123	0.58625909	0.58620889	0.32021581	0.32009033	59919	20432	0
59919	21221	0.46754040	0.04321484	0.48078724	0.04320782	0.44276617	0.58569967	0.58563237	0.31975253	0.31969854	0.58578957	0.58573525	0.31986715	0.31973009	59919	21219	0
59919	21224	0.47207794	0.04316048	0.48115680	0.04307091	0.44095771	0.58598916	0.58583287	0.31998589	0.31975466	0.58576048	0.58570263	0.31977931	0.31961103	59919	21223	0
59919	21228	0.47175138	0.04308156	0.48127773	0.04295234	0.44123539	0.58573969	0.58582999	0.31982114	0.31967002	0.58578726	0.58567411	0.31978589	0.31972870	59919	21226	0
59919	21231	0.47277477	0.04307817	0.48220116	0.04312240	0.44166759	0.58580945	0.58569112	0.31976995	0.31954767	0.58591726	0.58573065	0.31976115	0.31956969	59919	21229	0
59919	21234	0.46878791	0.04316900	0.48131927	0.04310730	0.44269939	0.58577099	0.58558471	0.31966592	0.31952672	0.58559926	0.58567617	0.31963888	0.31961998	59919	21233	0
59919	22022	0.46863528	0.04310899	0.48138480	0.04297504	0.44283819	0.58541306	0.58527928	0.31958416	0.31939935	0.58510828	0.58508388	0.31927601	0.31920198	59919	22020	0
59919	22025	0.46518773	0.04299095	0.48084912	0.04311955	0.44395733	0.58500935	0.58488108	0.31928464	0.31907329	0.58528610	0.58519875	0.31935662	0.31918538	59919	22023	0
59919	22028	0.46782790	0.04308661	0.48063165	0.04297577	0.44247258	0.58523425	0.58508774	0.31925555	0.31915612	0.58502175	0.58500031	0.31919581	0.31907929	59919	22027	0
59919	22031	0.46689256	0.04309399	0.48092862	0.04305516	0.44321851	0.58506950	0.58491929	0.31917617	0.31899515	0.58505265	0.58492635	0.31919179	0.31899063	59919	22030	0
59919	22035	0.46776551	0.04306226	0.48100811	0.04301836	0.44287898	0.58492003	0.58495807	0.31906705	0.31895735	0.58489850	0.58486259	0.31904117	0.31891898	59919	22033	0
59919	22822	0.46500409	0.04307184	0.48049551	0.04289625	0.44369187	0.58596829	0.58584363	0.32038229	0.32022781	0.58593427	0.58595210	0.32033561	0.32017415	59919	22821	0
59919	22825	0.46649202	0.04308843	0.48031320	0.04286170	0.44279535	0.58603518	0.58584865	0.32037095	0.32025065	0.58601406	0.58594232	0.32041959	0.32032797	59919	22824	0
59919	22829	0.46602933	0.04301022	0.48122268	0.04296932	0.44392692	0.58607799	0.58595580	0.32049593	0.32025961	0.58605991	0.58607503	0.32044309	0.32029362	59919	22827	0
59919	22832	0.46788528	0.04303096	0.48126733	0.04294045	0.44308071	0.58612187	0.58595522	0.32041220	0.32018409	0.58597314	0.58586927	0.32032658	0.32016651	59919	22830	0
59919	22835	0.46546136	0.04317207	0.48034037	0.04313850	0.44331724	0.58605909	0.58588825	0.32037711	0.32021663	0.58593328	0.58590658	0.32023939	0.32007193	59919	22834	0
59919	23623	0.46671318	0.04330105	0.48097416	0.04327270	0.44335015	0.58542431	0.58539440	0.31957807	0.31934668	0.58550377	0.58529514	0.31945350	0.31925111	59919	23621	0
59919	23626	0.46693430	0.04346366	0.48015903	0.04331337	0.44242889	0.58555571	0.58546441	0.31958457	0.31938144	0.58558660	0.58554305	0.31962631	0.31940814	59919	23624	0
59919	23629	0.46622962	0.04327345	0.48048939	0.04328909	0.44309749	0.58565826	0.58557888	0.31962450	0.31946303	0.58549367	0.58549983	0.31954422	0.31940239	59919	23628	0
59919	23633	0.46862788	0.04347123	0.48034781	0.04341258	0.44180474	0.58543409	0.58546573	0.31952828	0.31941127	0.58557986	0.58552785	0.31959385	0.31950478	59919	23631	0
59919	23636	0.46600735	0.04339599	0.48021796	0.04339298	0.44293275	0.58563319	0.58546901	0.31960084	0.31944882	0.58552596	0.58548101	0.31956575	0.31945145	59919	23634	0
59919	24423	0.46904470	0.04336493	0.47988488	0.04325003	0.44114175	0.58654899	0.58664316	0.32042387	0.32032238	0.58656699	0.58659756	0.32043808	0.32024153	59919	24422	0
59919	24427	0.46825678	0.04323130	0.48005186	0.04323976	0.44168693	0.58666716	0.58660380	0.32061048	0.32030349	0.58669526	0.58649065	0.32041261	0.32032403	59919	24425	0
59919	24430	0.46760501	0.04336488	0.48024709	0.04332502	0.44219500	0.58664308	0.58652286	0.32057153	0.32031581	0.58666601	0.58666264	0.32049486	0.32035747	59919	24428	0
59919	24433	0.46492771	0.04337668	0.48003389	0.04333261	0.44326691	0.58665196	0.58652549	0.32046881	0.32025229	0.58657825	0.58657710	0.32043562	0.32021605	59919	24431	0
59919	24436	0.46711604	0.04334100	0.48002018	0.04325045	0.44220280	0.58657808	0.58657135	0.32050308	0.32030061	0.58674859	0.58651465	0.32051204	0.32027473	59919	24435	0
59919	25224	0.47399676	0.04367432	0.48160999	0.04349492	0.44048986	0.58599927	0.58588357	0.31901150	0.31879038	0.58590452	0.58581783	0.31893771	0.31874009	59919	25222	0
59919	25227	0.47203812	0.04350838	0.48129338	0.04350026	0.44111341	0.58596098	0.58591151	0.31904807	0.31879777	0.58602236	0.58598752	0.31906672	0.31888184	59919	25225	0
59919	25230	0.47301038	0.04360749	0.48101134	0.04353159	0.44036468	0.58607133	0.58605621	0.31913435	0.31890706	0.58591940	0.58583829	0.31899630	0.31879958	59919	25229	0
59919	25234	0.47280696	0.04355918	0.48099613	0.04357805	0.44044711	0.58600058	0.58592564	0.31907362	0.31888249	0.58592564	0.58584651	0.31891742	0.31882760	59919	25232	0
59919	25237	0.47568921	0.04355222	0.48142655	0.04347574	0.43949405	0.58603789	0.58591841	0.31902884	0.31878676	0.58610724	0.58599384	0.31908258	0.31890649	59919	25235	0
59919	26024	0.47223930	0.04353295	0.48126189	0.04327676	0.44098534	0.58566212	0.58556055	0.31881199	0.31861018	0.58563106	0.58568595	0.31884593	0.31871914	59919	26023	0
59919	26028	0.46959673	0.04345224	0.48047005	0.04361108	0.44146194	0.58565678	0.58567904	0.31883064	0.31874543	0.58569844	0.58561002	0.31893714	0.31870311	59919	26026	0
59919	26031	0.47110044	0.04354519	0.48085967	0.04349636	0.44112977	0.58569408	0.58561060	0.31879564	0.31861379	0.58564749	0.58563771	0.31881289	0.31861478	59919	26029	0
59919	26034	0.46952730	0.04338327	0.48113837	0.04334311	0.44216359	0.58573969	0.58562268	0.31877362	0.31868019	0.58559482	0.58542916	0.31876786	0.31862751	59919	26032	0
59919	26037	0.47204817	0.04355917	0.48113591	0.04360622	0.44095111	0.58553541	0.58539210	0.31864625	0.31848125	0.58568586	0.58560378	0.31882744	0.31856802	59919	26036	0
59919	26825	0.47262538	0.04342412	0.48177932	0.04320397	0.44131746	0.58685065	0.58666823	0.32031499	0.32003963	0.58668433	0.58659320	0.32021786	0.32005976	59919	26823	0
59919	26828	0.46892305	0.04327208	0.48045394	0.04333161	0.44176920	0.58661506	0.58661818	0.32014613	0.32003577	0.58673010	0.58664251	0.32028746	0.32004522	59919	26826	0
59919	26831	0.47287266	0.04327879	0.48120607	0.04321954	0.44062551	0.58670298	0.58662525	0.32022427	0.32007398	0.58662410	0.58657989	0.32021219	0.31996502	59919	26830	0
59919	26835	0.47202882	0.04317450	0.48093757	0.04318275	0.44076206	0.58675952	0.58665746	0.32032921	0.32009444	0.58682920	0.58678384	0.32029938	0.32009921	59919	26833	0
59919	26838	0.46854684	0.04318695	0.48003720	0.04316682	0.44153304	0.58681219	0.58677078	0.32034301	0.32013684	0.58705632	0.58690488	0.32041401	0.32019001	59919	26836	0
59919	27625	0.46322726	0.04322529	0.47980393	0.04320057	0.44385317	0.58680340	0.58668967	0.32075633	0.32043710	0.58688795	0.58668819	0.32064622	0.32051048	59919	27624	0
59919	27629	0.46429976	0.04322436	0.47999193	0.04324462	0.44352637	0.58682090	0.58667825	0.32062289	0.32047777	0.58681827	0.58676124	0.32071886	0.32050094	59919	27627	0
59919	27632	0.46904688	0.04324564	0.48070862	0.04315219	0.44196443	0.58683701	0.58684909	0.32082215	0.32058878	0.58674974	0.58668630	0.32065313	0.32042296	59919	27630	0
59919	27635	0.46781053	0.04315435	0.48024189	0.04315336	0.44209116	0.58662122	0.58665335	0.32060579	0.32045969	0.58679304	0.58665631	0.32058287	0.32047744	59919	27634	0
59919	27638	0.46966646	0.04331257	0.48061250	0.04322515	0.44157091	0.58689444	0.58672369	0.32078394	0.32051089	0.58685829	0.58683668	0.32073530	0.32049322	59919	27637	0
59919	28426	0.46633317	0.04301079	0.48075253	0.04297570	0.44331093	0.58613526	0.58607503	0.32023701	0.32010332	0.58622696	0.58609590	0.32027127	0.32006174	59919	28424	0
59919	28429	0.46719330	0.04305361	0.48095715	0.04297953	0.44310269	0.58618218	0.58600165	0.32032797	0.32008770	0.58608637	0.58603838	0.32033323	0.32012032	59919	28427	0
59919	28432	0.46793251	0.04290067	0.48039919	0.04286376	0.44218991	0.58618185	0.58607454	0.32035279	0.32011753	0.58611192	0.58600921	0.32027201	0.32006626	59919	28431	0
59919	28436	0.46992037	0.04285347	0.48099120	0.04282464	0.44182775	0.58613156	0.58609902	0.32034769	0.32006593	0.58598144	0.58611727	0.32025122	0.32015377	59919	28434	0
59919	28439	0.46848981	0.04308757	0.48123964	0.04311521	0.44276285	0.58606591	0.58593271	0.32015566	0.32005549	0.58615301	0.58601734	0.32028549	0.32008170	59919	28437	0
59919	29226	0.47264565	0.04323418	0.48138411	0.04310311	0.44091252	0.58473300	0.58470950	0.31871273	0.31844476	0.58486694	0.58480967	0.31878791	0.31865775	59919	29225	0
59919	29230	0.47158602	0.04319356	0.48234764	0.04326623	0.44238467	0.58489948	0.58470227	0.31876795	0.31863672	0.58484944	0.58472183	0.31870032	0.31847788	59919	29228	0
59919	29233	0.46743151	0.04341115	0.48032103	0.04325545	0.44235223	0.58490055	0.58469775	0.31869580	0.31852266	0.58491567	0.58468871	0.31866466	0.31846243	59919	29231	0
59919	29236	0.47222342	0.04328745	0.48195900	0.04318863	0.44169008	0.58485782	0.58486349	0.31875504	0.31859645	0.58496875	0.58486218	0.31882530	0.31859021	59919	29234	0
59919	29239	0.46730854	0.04333625	0.48121419	0.04324420	0.44330441	0.58489332	0.58484977	0.31888570	0.31857681	0.58481509	0.58487343	0.31879457	0.31855750	59919	29238	0
59919	30027	0.46664346	0.04301930	0.48085406	0.04297504	0.44326352	0.58561881	0.58569195	0.31977882	0.31966904	0.58560189	0.58567313	0.31971012	0.31955589	59919	30025	0
59919	30030	0.46865572	0.04293765	0.48105155	0.04285549	0.44249512	0.58556680	0.58557806	0.31986617	0.31966107	0.58560164	0.58551150	0.31980627	0.31960363	59919	30028	0
59919	30033	0.46626508	0.04300228	0.48065203	0.04295698	0.44324311	0.58563114	0.58553812	0.31986379	0.31964283	0.58571553	0.58550739	0.31980265	0.31964431	59919	30032	0
59919	30037	0.46628029	0.04305392	0.48084216	0.04293360	0.44342594	0.58563968	0.58548635	0.31981144	0.31959854	0.58571430	0.58558742	0.31988474	0.31970339	59919	30035	0
59919	30040	0.46623223	0.04291049	0.48056963	0.04279856	0.44317647	0.58567370	0.58543524	0.31988334	0.31957429	0.58567198	0.58558578	0.31977923	0.31962549	59919	30038	0
59919	30827	0.46452653	0.04301977	0.48022130	0.04293133	0.44364689	0.58632598	0.58615515	0.32049215	0.32028787	0.58631053	0.58620289	0.32043373	0.32024539	59919	30826	0
59919	30831	0.46773942	0.04283904	0.48151451	0.04287993	0.44339791	0.58633272	0.58628580	0.32039568	0.32028360	0.58637076	0.58622318	0.32043800	0.32030809	59919	30829	0
59919	30834	0.46442341	0.04301698	0.48043919	0.04286645	0.44391428	0.58639796	0.58618210	0.32054745	0.32034432	0.58628391	0.58631177	0.32053628	0.32033216	59919	30832	0
59919	30837	0.46499897	0.04296225	0.48052020	0.04290943	0.44371901	0.58635384	0.58631982	0.32056512	0.32039141	0.58638703	0.58637701	0.32057194	0.32042263	59919	30835	0
59919	30840	0.46523699	0.04303714	0.48086948	0.04297783	0.44395404	0.58643790	0.58646888	0.32066446	0.32044770	0.58629771	0.58624554	0.32053809	0.32042535	59919	30839	0
59919	31628	0.46377344	0.04322993	0.48056194	0.04312385	0.44434900	0.58667422	0.58655894	0.32072700	0.32060859	0.58670175	0.58664703	0.32081656	0.32059158	59919	31626	0
59919	31631	0.46856285	0.04312306	0.48150539	0.04304373	0.44299355	0.58685237	0.58673347	0.32088945	0.32064704	0.58677217	0.58682969	0.32082051	0.32074516	59919	31630	0
59919	31634	0.46408406	0.04318904	0.48100388	0.04311772	0.44464186	0.58685048	0.58682443	0.32082355	0.32066956	0.58675179	0.58673898	0.32082043	0.32063201	59919	31633	0
59919	31638	0.46686979	0.04301731	0.48173751	0.04298089	0.44403834	0.58681071	0.58667570	0.32079397	0.32072856	0.58676371	0.58667250	0.32078041	0.32066660	59919	31636	0
59919	31641	0.46535581	0.04329126	0.48102236	0.04315902	0.44404989	0.58680052	0.58677973	0.32086784	0.32074023	0.58682320	0.58683240	0.32085239	0.32075510	59919	31639	0
59919	32428	0.46803606	0.04316621	0.48143940	0.04301961	0.44318041	0.58511765	0.58514707	0.31926196	0.31896483	0.58519431	0.58521404	0.31917847	0.31903829	59919	32427	0
59919	32432	0.46340806	0.04317417	0.48123354	0.04315189	0.44519599	0.58523063	0.58511099	0.31927807	0.31902062	0.58516449	0.58507936	0.31912153	0.31900854	59919	32430	0
59919	32435	0.46663809	0.04323861	0.48100434	0.04296614	0.44341638	0.58510598	0.58509226	0.31914068	0.31904174	0.58510499	0.58502036	0.31918907	0.31903845	59919	32433	0
59919	32438	0.46721800	0.04297317	0.48149270	0.04294950	0.44362638	0.58510573	0.58511140	0.31911224	0.31901430	0.58500417	0.58507985	0.31909351	0.31900213	59919	32437	0
59919	32441	0.46542781	0.04309431	0.48150144	0.04307140	0.44449442	0.58508240	0.58515660	0.31916566	0.31905349	0.58512554	0.58498165	0.31913451	0.31899499	59919	32440	0
59919	33229	0.46557024	0.04326153	0.48205745	0.04315110	0.44498205	0.58604413	0.58592162	0.31991703	0.31979254	0.58606361	0.58597979	0.31994957	0.31976962	59919	33227	0
59919	33232	0.46410458	0.04315159	0.48193480	0.04319934	0.44556293	0.58604635	0.58598916	0.32001284	0.31984349	0.58603715	0.58601587	0.31997850	0.31982829	59919	33230	0
59919	33235	0.46307888	0.04327172	0.48092355	0.04312242	0.44504401	0.58600995	0.58603255	0.32011909	0.31989131	0.58601283	0.58595941	0.32000997	0.31987948	59919	33234	0
59919	33239	0.46487378	0.04311970	0.48152064	0.04318277	0.44477955	0.58600485	0.58593468	0.32005623	0.31984891	0.58617125	0.58601406	0.32017152	0.31984636	59919	33237	0
59919	33242	0.46368790	0.04334066	0.48175239	0.04328980	0.44558052	0.58613362	0.58598669	0.32008080	0.31992377	0.58615531	0.58604479	0.32007612	0.31986313	59919	33240	0
59919	34029	0.46322190	0.04291925	0.48156874	0.04286774	0.44562055	0.58508264	0.58497952	0.31940946	0.31918382	0.58518766	0.58499760	0.31934471	0.31915349	59919	34028	0
59919	34033	0.46327961	0.04289996	0.48161604	0.04281844	0.44564015	0.58501715	0.58510861	0.31928357	0.31920206	0.58509078	0.58507015	0.31935523	0.31929286	59919	34031	0
59919	34036	0.46237826	0.04291769	0.48130726	0.04287211	0.44576402	0.58527394	0.58512176	0.31939081	0.31921447	0.58514025	0.58504920	0.31929195	0.31918883	59919	34034	0
59919	34039	0.46391973	0.04285864	0.48124473	0.04275766	0.44496158	0.58513597	0.58505964	0.31942902	0.31922005	0.58513006	0.58497311	0.31936057	0.31925481	59919	34038	0
59919	34042	0.46171811	0.04304533	0.48111510	0.04305866	0.44588872	0.58518544	0.58523532	0.31942992	0.31923476	0.58536145	0.58524805	0.31948423	0.31930288	59919	34041	0
59919	34830	0.46142435	0.04304956	0.48154852	0.04304956	0.44646316	0.58565637	0.58567847	0.32000865	0.31980931	0.58578546	0.58573081	0.31998786	0.31988975	59919	34828	0
59919	34833	0.46405211	0.04307154	0.48102109	0.04294551	0.44467439	0.58574306	0.58570846	0.31995319	0.31987907	0.58577280	0.58581496	0.31999288	0.31982632	59919	34832	0
59919	34836	0.46315212	0.04305721	0.48178979	0.04311413	0.44587509	0.58584133	0.58581791	0.31998532	0.31986559	0.58581865	0.58572892	0.32001202	0.31986625	59919	34835	0
59919	34840	0.46532042	0.04306529	0.48213169	0.04302319	0.44517621	0.58585234	0.58574026	0.31995179	0.31987595	0.58578390	0.58577634	0.31999912	0.31990306	59919	34838	0
59919	34843	0.46160024	0.04307025	0.48079734	0.04304152	0.44562754	0.58583410	0.58579491	0.32008368	0.31999616	0.58587264	0.58573772	0.32007891	0.31997661	59919	34841	0
59919	35630	0.46125670	0.04307105	0.48078140	0.04294658	0.44577651	0.58501913	0.58484451	0.31935292	0.31915629	0.58502603	0.58497188	0.31927396	0.31916311	59919	35629	0
59919	35634	0.46563600	0.04294894	0.48184371	0.04293970	0.44473675	0.58503030	0.58496045	0.31935695	0.31923624	0.58508536	0.58488609	0.31930863	0.31911693	59919	35632	0
59919	35637	0.45826266	0.04308889	0.48131932	0.04297198	0.44775156	0.58506358	0.58486637	0.31937790	0.31920083	0.58488625	0.58491986	0.31937708	0.31921578	59919	35635	0
59919	35640	0.46195935	0.04299215	0.48098738	0.04299489	0.44564521	0.58493013	0.58502364	0.31947290	0.31934643	0.58506654	0.58499768	0.31936320	0.31922474	59919	35639	0
59919	35643	0.45833978	0.04314313	0.48093384	0.04299999	0.44732907	0.58502923	0.58502710	0.31940691	0.31922063	0.58507369	0.58492126	0.31942787	0.31928070	59919	35642	0
59919	36431	0.45879512	0.04295247	0.48083991	0.04297945	0.44701658	0.58484426	0.58489488	0.31940289	0.31929573	0.58485552	0.58477491	0.31941307	0.31924758	59919	36429	0
59919	36434	0.46288022	0.04284781	0.48137769	0.04269120	0.44559350	0.58492685	0.58481764	0.31947889	0.31922893	0.58496999	0.58487680	0.31947594	0.31933353	59919	36433	0
59919	36437	0.45759481	0.04290677	0.48049375	0.04287236	0.44724656	0.58489053	0.58475971	0.31939302	0.31923509	0.58483851	0.58482463	0.31944529	0.31926024	59919	36436	0
59919	36441	0.46437550	0.04293249	0.48168149	0.04275555	0.44517958	0.58496966	0.58495100	0.31950461	0.31932449	0.58503638	0.58493457	0.31956238	0.31928817	59919	36439	0
59919	36444	0.46203830	0.04280820	0.48192718	0.04291831	0.44654712	0.58501814	0.58491238	0.31955745	0.31938514	0.58509201	0.58500055	0.31957388	0.31944397	59919	36442	0
59919	37231	0.46174764	0.04282602	0.48190300	0.04287992	0.44666245	0.58479595	0.58485774	0.31925029	0.31919409	0.58485084	0.58480877	0.31932121	0.31924512	59919	37230	0
59919	37235	0.46617430	0.04281954	0.48241318	0.04284011	0.44504783	0.58485856	0.58486136	0.31935810	0.31917987	0.58491485	0.58478313	0.31928579	0.31920592	59919	37233	0
59919	37238	0.46175909	0.04296550	0.48160346	0.04289307	0.44635742	0.58495035	0.58490376	0.31936714	0.31926837	0.58495232	0.58491460	0.31941718	0.31925843	59919	37236	0
59919	37241	0.46445787	0.04290458	0.48226659	0.04283934	0.44572513	0.58503334	0.58489759	0.31946739	0.31934208	0.58487089	0.58483071	0.31931891	0.31918225	59919	37240	0
59919	37245	0.46169104	0.04288238	0.48184703	0.04299542	0.44663365	0.58491616	0.58495889	0.31937585	0.31930222	0.58492159	0.58484229	0.31941357	0.31928193	59919	37243	0
59919	38032	0.46340676	0.04304445	0.48182455	0.04294138	0.44578762	0.58517114	0.58508667	0.31971966	0.31954488	0.58524403	0.58516408	0.31980594	0.31965795	59919	38030	0
59919	38035	0.46076167	0.04308006	0.48208044	0.04301533	0.44731316	0.58525134	0.58517196	0.31976896	0.31964924	0.58530796	0.58530212	0.31977841	0.31963724	59919	38034	0
59919	38039	0.46177644	0.04299167	0.48161512	0.04297658	0.44636075	0.58528207	0.58511190	0.31971941	0.31956747	0.58524658	0.58539038	0.31974883	0.31978096	59919	38037	0
59919	38042	0.46158429	0.04315502	0.48190090	0.04296292	0.44673876	0.58525849	0.58519974	0.31966937	0.31951094	0.58519481	0.58508552	0.31964480	0.31954258	59919	38040	0
59919	38045	0.46168334	0.04286738	0.48256649	0.04293164	0.44735680	0.58512726	0.58509924	0.31966148	0.31954660	0.58521667	0.58500885	0.31967758	0.31953017	59919	38043	0
59919	38833	0.46132707	0.04298416	0.48129954	0.04299087	0.44626086	0.58559465	0.58554420	0.32017546	0.31998770	0.58579975	0.58563525	0.32023956	0.32005829	59919	38831	0
59919	38836	0.45992108	0.04307049	0.48175827	0.04311434	0.44739447	0.58565341	0.58558208	0.32015755	0.32005336	0.58572416	0.58557173	0.32017234	0.32007201	59919	38834	0
59919	38839	0.46105156	0.04301357	0.48098000	0.04295773	0.44607357	0.58569030	0.58561166	0.32024342	0.32002846	0.58564289	0.58558545	0.32014144	0.32004119	59919	38837	0
59919	38842	0.46492580	0.04296730	0.48259406	0.04296646	0.44582800	0.58565990	0.58538084	0.32021573	0.31999608	0.58565579	0.58554042	0.32021671	0.32005475	59919	38841	0
59919	38846	0.45793971	0.04306050	0.48121560	0.04297233	0.44780286	0.58554461	0.58558249	0.32017809	0.32001605	0.58562637	0.58564453	0.32019970	0.32014300	59919	38844	0
59919	39633	0.46381547	0.04295665	0.48147644	0.04294093	0.44524334	0.58524247	0.58513293	0.31975121	0.31957512	0.58518569	0.58511790	0.31970158	0.31955219	59919	39631	0
59919	39636	0.46363307	0.04305491	0.48171942	0.04311254	0.44557386	0.58520261	0.58510195	0.31971933	0.31958185	0.58522809	0.58514172	0.31962705	0.31950453	59919	39635	0
59919	39640	0.46544266	0.04304887	0.48136770	0.04288457	0.44435354	0.58527312	0.58505618	0.31958629	0.31948834	0.58516383	0.58519752	0.31970930	0.31957832	59919	39638	0
59919	39643	0.46520621	0.04299034	0.48248431	0.04302087	0.44558365	0.58505692	0.58517377	0.31973626	0.31950174	0.58527008	0.58512767	0.31972015	0.31951094	59919	39641	0
59919	39646	0.46180422	0.04309532	0.48116701	0.04289087	0.44589931	0.58512422	0.58522759	0.31962647	0.31951793	0.58549317	0.58522102	0.31977997	0.31956747	59919	39645	0
59919	40434	0.46496097	0.04299644	0.48138503	0.04299928	0.44460208	0.58508084	0.58493202	0.31948185	0.31928776	0.58517796	0.58506144	0.31953691	0.31947051	59919	40432	0
59919	40437	0.45940843	0.04322591	0.48043740	0.04310011	0.44631967	0.58511642	0.58499661	0.31967791	0.31949089	0.58508215	0.58502315	0.31955309	0.31947651	59919	40435	0
59919	40440	0.46453673	0.04301175	0.48143590	0.04285930	0.44485659	0.58519481	0.58504180	0.31958457	0.31955351	0.58505479	0.58511239	0.31963034	0.31949229	59919	40438	0
59919	40443	0.46228474	0.04299781	0.48157734	0.04316576	0.44607899	0.58511543	0.58494985	0.31957955	0.31939878	0.58510639	0.58497492	0.31953962	0.31943288	59919	40442	0
59919	40447	0.46398399	0.04308724	0.48067328	0.04292725	0.44435929	0.58506769	0.58511650	0.31954373	0.31937536	0.58513441	0.58511296	0.31956238	0.31939294	59919	40445	0
59919	41234	0.46317761	0.04317988	0.48139915	0.04303678	0.44547221	0.58665048	0.58658375	0.32037062	0.32014547	0.58679888	0.58670192	0.32032871	0.32008622	59919	41232	0
59919	41237	0.46401010	0.04314058	0.48049806	0.04303967	0.44417153	0.58672870	0.58657578	0.32032879	0.32012410	0.58672829	0.58669263	0.32024983	0.32017513	59919	41236	0
59919	41241	0.46368690	0.04306908	0.48058928	0.04314311	0.44441788	0.58669436	0.58664612	0.32033298	0.32009370	0.58665615	0.58646337	0.32027678	0.32002616	59919	41239	0
59919	41244	0.46538157	0.04307004	0.48076706	0.04291947	0.44378223	0.58653593	0.58644949	0.32008918	0.31991432	0.58659945	0.58646641	0.32021244	0.32000019	59919	41242	0
59919	41247	0.46389272	0.04318055	0.48021955	0.04305273	0.44394937	0.58658449	0.58655647	0.32019370	0.32004185	0.58661999	0.58661909	0.32019789	0.32004522	59919	41246	0
59919	42035	0.46082501	0.04292871	0.47877851	0.04295120	0.44398082	0.58650429	0.58649369	0.32053504	0.32038229	0.58652328	0.58633864	0.32053028	0.32035476	59919	42033	0
59919	42038	0.46414689	0.04293344	0.47929875	0.04289530	0.44290656	0.58661662	0.58648342	0.32064253	0.32040604	0.58652960	0.58647184	0.32051762	0.32038886	59919	42036	0
59919	42041	0.46279879	0.04293439	0.47964509	0.04293990	0.44389999	0.58664185	0.58658055	0.32057539	0.32039256	0.58651941	0.58644398	0.32055214	0.32035690	59919	42039	0
59919	42044	0.46447373	0.04289017	0.47971238	0.04269618	0.44316331	0.58656650	0.58651695	0.32061886	0.32047531	0.58641645	0.58654620	0.32060908	0.32041795	59919	42043	0
59919	42048	0.46501079	0.04280300	0.47983985	0.04282298	0.44303299	0.58646551	0.58638597	0.32054573	0.32038032	0.58654464	0.58649945	0.32056101	0.32036709	59919	42046	0
59919	42835	0.46907155	0.04303458	0.48087640	0.04300739	0.44212037	0.58575456	0.58569605	0.31959024	0.31939598	0.58580230	0.58571364	0.31967487	0.31945531	59919	42833	0
59919	42838	0.47000362	0.04310467	0.48080795	0.04295824	0.44160453	0.58582819	0.58569466	0.31966748	0.31943773	0.58576845	0.58577855	0.31960922	0.31946147	59919	42837	0
59919	42842	0.47011380	0.04295115	0.48104507	0.04299660	0.44178876	0.58578751	0.58572695	0.31962779	0.31945030	0.58570033	0.58564963	0.31963995	0.31944857	59919	42840	0
59919	42845	0.47097055	0.04305291	0.48130276	0.04289850	0.44163521	0.58572999	0.58562054	0.31968120	0.31943510	0.58576154	0.58570452	0.31965047	0.31946180	59919	42843	0
59919	42848	0.46798526	0.04300210	0.48053841	0.04299586	0.44230380	0.58577477	0.58578537	0.31967627	0.31943986	0.58573443	0.58568381	0.31961883	0.31940790	59919	42847	0
59919	43636	0.46665003	0.04340561	0.48046648	0.04344021	0.44287279	0.58562259	0.58560682	0.31933172	0.31911044	0.58567362	0.58563574	0.31928242	0.31912580	59919	43634	0
59919	43639	0.46882720	0.04354072	0.47976095	0.04348408	0.44112222	0.58563443	0.58559350	0.31931513	0.31911553	0.58572777	0.58552727	0.31931192	0.31912137	59919	43637	0
59919	43642	0.46680616	0.04340957	0.47948193	0.04353431	0.44181329	0.58571454	0.58565957	0.31928883	0.31918513	0.58565365	0.58556392	0.31933000	0.31911430	59919	43640	0
59919	43645	0.46989024	0.04351813	0.47978270	0.04347520	0.44063371	0.58579450	0.58563410	0.31937593	0.31919836	0.58577050	0.58576319	0.31940839	0.31931217	59919	43644	0
59919	43649	0.46731651	0.04343907	0.47983791	0.04340874	0.44192431	0.58569490	0.58574248	0.31942745	0.31920033	0.58569704	0.58572046	0.31933172	0.31921677	59919	43647	0
59919	44436	0.46708575	0.04335327	0.47897541	0.04336393	0.44117256	0.58645096	0.58641579	0.32014876	0.31994300	0.58650158	0.58639985	0.32009230	0.31986107	59919	44434	0
59919	44439	0.46939840	0.04346827	0.47957795	0.04332990	0.44066504	0.58641128	0.58637635	0.32008918	0.31987669	0.58654028	0.58660882	0.32019674	0.31995861	59919	44438	0
59919	44443	0.47129634	0.04339654	0.48011858	0.04332047	0.44029465	0.58651604	0.58651243	0.32018401	0.31991079	0.58670323	0.58655466	0.32024818	0.31998548	59919	44441	0
59919	44446	0.46836827	0.04338996	0.47968363	0.04335388	0.44126518	0.58677513	0.58658310	0.32033603	0.32005590	0.58675796	0.58656559	0.32020685	0.31998228	59919	44444	0
59919	44449	0.46852419	0.04339948	0.47982225	0.04355212	0.44132895	0.58662919	0.58656009	0.32013027	0.31994472	0.58672246	0.58665048	0.32022304	0.31999074	59919	44447	0
59919	45237	0.47435391	0.04321091	0.48014369	0.04306221	0.43885214	0.58670192	0.58661728	0.32002550	0.31977266	0.58668376	0.58656888	0.32005073	0.31986609	59919	45235	0
59919	45240	0.46883728	0.04322533	0.47955602	0.04327742	0.44091245	0.58663174	0.58658474	0.32009904	0.31982484	0.58672049	0.58667143	0.32003898	0.31984234	59919	45238	0
59919	45243	0.46814227	0.04332619	0.47871230	0.04326842	0.44040233	0.58663347	0.58648449	0.31992007	0.31978802	0.58666058	0.58643806	0.32000956	0.31976822	59919	45241	0
59919	45246	0.47146215	0.04314905	0.47989420	0.04305476	0.43999069	0.58652336	0.58648942	0.31989633	0.31968958	0.58656707	0.58650733	0.31991983	0.31969911	59919	45245	0
59919	45250	0.47262716	0.04322066	0.47983021	0.04313408	0.43936750	0.58647389	0.58637890	0.31991900	0.31962171	0.58646452	0.58647701	0.31987471	0.31967298	59919	45248	0
