% File initiated 03/05/2023 04:42:29 UTC
% Raw fountain data
%
% File notes: Collional shift map 250 ms MOT RF 250 350 380 410 510 mV RF
%
%% fountain_code = ALPHA-CsF1
%% microwave_ref = ALPHA HM1
%% MJD_start = 60067.196171
%% clock_data = False
%% sequence = 3
%% density = HD
%
% Units: V.s, Hz
%
% Shot B MJD days	Shot B MJD seconds	freq error	shot A sum	shot A ratio	shot B sum	shot B ratio	shot A F=3 bg 1	shot A F=3 bg 2	shot A F=4 bg 1	shot A F=4 bg 2	shot B F=3 bg 1	shot B F=3 bg 2	shot B F=4 bg 1	shot B F=4 bg 2	Shot A MJD days	Shot A MJD seconds	Shot order (0=LF->HF)
60067	17132	0.00114689	0.05076773	0.47359981	0.05098644	0.47149854	0.68098997	0.68126056	0.35000070	0.34990949	0.68135892	0.68143501	0.34996339	0.35007621	60067	17130	0
60067	17135	0.00147895	0.05061688	0.47289969	0.05081922	0.47190352	0.68195376	0.68217357	0.35059028	0.35083531	0.68130896	0.68134758	0.35016750	0.35021541	60067	17133	0
60067	17138	0.00118132	0.05068849	0.47127540	0.05057524	0.47216828	0.68150001	0.68140239	0.35034294	0.35008418	0.68129014	0.68140050	0.35022987	0.35035855	60067	17137	0
60067	17142	0.00168412	0.05053337	0.47319818	0.05073504	0.47168979	0.68130050	0.68134224	0.35017638	0.35007983	0.68122531	0.68154233	0.35011656	0.35015074	60067	17140	0
60067	17145	0.00074384	0.05081281	0.47151138	0.05065838	0.47433219	0.68142228	0.68147109	0.35024269	0.35033267	0.68120575	0.68142869	0.35025280	0.35027351	60067	17143	0
60067	17706	0.00098176	0.05087177	0.47407407	0.05100888	0.47336033	0.68170659	0.68162795	0.35103663	0.35089464	0.68166739	0.68184834	0.35093030	0.35089990	60067	17704	0
60067	17709	0.00138822	0.05107558	0.47245669	0.05105592	0.47123730	0.68158037	0.68172615	0.35093022	0.35093071	0.68169985	0.68182878	0.35089053	0.35087377	60067	17707	0
60067	17712	0.00119686	0.05095192	0.47347486	0.05099019	0.47404893	0.68149730	0.68156542	0.35070400	0.35056858	0.68151258	0.68157101	0.35076062	0.35078864	60067	17711	0
60067	17715	0.00148019	0.05105746	0.47237974	0.05119389	0.47152974	0.68108882	0.68084034	0.35033489	0.35041032	0.68111471	0.68127922	0.35041123	0.35033415	60067	17714	0
60067	17719	0.00117172	0.05094857	0.47101034	0.05089820	0.47193575	0.68117494	0.68138020	0.35034795	0.35023686	0.68135572	0.68135909	0.35032544	0.35051969	60067	17717	0
60067	18278	0.00052336	0.05071850	0.47194791	0.05071288	0.47389299	0.68182245	0.68169155	0.35121043	0.35112752	0.68201744	0.68202254	0.35125735	0.35118158	60067	18277	0
60067	18281	0.00118054	0.05086295	0.47513079	0.05102452	0.47315927	0.68183133	0.68197430	0.35124477	0.35124075	0.68200972	0.68195656	0.35138414	0.35124231	60067	18280	0
60067	18285	0.00082460	0.05059665	0.47177918	0.05090387	0.47284699	0.68192492	0.68188457	0.35114806	0.35121133	0.68160511	0.68185179	0.35113113	0.35118347	60067	18283	0
60067	18288	0.00020875	0.05074632	0.47144153	0.05101537	0.47328908	0.68165671	0.68189419	0.35106408	0.35110475	0.68172516	0.68172697	0.35124995	0.35094099	60067	18286	0
60067	18291	0.00152161	0.05072748	0.47380801	0.05096272	0.46986944	0.68161102	0.68157717	0.35098478	0.35082348	0.68148078	0.68177422	0.35100524	0.35111626	60067	18290	0
60067	18852	0.00197903	0.05097449	0.47103537	0.05105541	0.46966312	0.68045093	0.68053244	0.34967291	0.34955368	0.68024344	0.68040335	0.34956067	0.34958672	60067	18851	0
60067	18856	0.00128928	0.05101844	0.47109405	0.05097026	0.47316329	0.68009069	0.68053819	0.34947767	0.34963906	0.68034903	0.68043145	0.34952270	0.34958532	60067	18854	0
60067	18859	0.00123041	0.05106344	0.47125441	0.05084760	0.47143103	0.68014878	0.68041641	0.34945417	0.34943215	0.68016612	0.68028757	0.34949230	0.34945302	60067	18857	0
60067	18862	0.00157388	0.05098786	0.47239848	0.05079054	0.47136806	0.68022471	0.68035758	0.34950372	0.34946428	0.68048914	0.68050179	0.34959543	0.34940134	60067	18860	0
60067	18865	0.00132814	0.05077190	0.47127142	0.05082261	0.47200864	0.68005872	0.68027179	0.34928063	0.34946814	0.67995231	0.68013013	0.34929032	0.34938260	60067	18864	0
60067	19426	0.00134360	0.05078988	0.47127466	0.05076427	0.47122829	0.68020934	0.68039242	0.34961737	0.34959584	0.68028248	0.68034862	0.34961153	0.34961055	60067	19424	0
60067	19429	0.00041606	0.05081133	0.47297495	0.05054782	0.47575757	0.68005609	0.68045545	0.34938153	0.34968097	0.68052989	0.68060311	0.34966544	0.34970882	60067	19427	0
60067	19432	0.00185604	0.05070567	0.47633159	0.05067294	0.47201165	0.68043071	0.68062825	0.34979716	0.34974596	0.68035027	0.68073401	0.34959847	0.34985377	60067	19431	0
60067	19436	0.00059140	0.05082814	0.47082697	0.05075213	0.47462088	0.68036662	0.68038881	0.34959912	0.34956946	0.68054715	0.68063359	0.34973553	0.34961572	60067	19434	0
60067	19439	0.00078418	0.05083461	0.47218857	0.05089971	0.47161022	0.68044082	0.68062998	0.34963331	0.34961942	0.68092382	0.68072595	0.35000743	0.34979880	60067	19437	0
60067	19999	0.00052674	0.05070252	0.47103990	0.05055168	0.47181224	0.68019973	0.68036432	0.34952961	0.34962410	0.68019381	0.68012019	0.34953191	0.34958844	60067	19997	0
60067	20002	0.00161410	0.05069575	0.47311403	0.05071913	0.46985195	0.68016637	0.68035832	0.34960184	0.34958195	0.68030055	0.68035857	0.34971104	0.34967973	60067	20001	0
60067	20005	0.00159843	0.05074780	0.47341603	0.05066916	0.47346302	0.68039521	0.68049530	0.34958762	0.34967119	0.68038511	0.68032093	0.34978869	0.34954621	60067	20004	0
60067	20009	0.00202991	0.05065062	0.47223767	0.05077825	0.47094324	0.68022652	0.68049678	0.34970923	0.34970685	0.68040795	0.68062160	0.34968968	0.34984679	60067	20007	0
60067	20012	0.00175367	0.05074187	0.47023339	0.05071193	0.47106210	0.68042422	0.68057353	0.34965895	0.34986914	0.68042586	0.68042890	0.34970192	0.34979716	60067	20010	0
60067	20572	0.00031614	0.05065924	0.47082350	0.05067041	0.47513609	0.68066112	0.68059769	0.34997539	0.35003061	0.68079843	0.68085233	0.35003924	0.35006750	60067	20570	0
60067	20575	0.00153707	0.05078272	0.47511289	0.05079467	0.47145012	0.68065759	0.68112473	0.35008336	0.35018517	0.68060689	0.68099466	0.34991294	0.35037425	60067	20573	0
60067	20578	0.00191759	0.05070047	0.47192063	0.05084409	0.47077908	0.68081035	0.68059974	0.35016693	0.34999322	0.68071108	0.68083491	0.35033998	0.35013817	60067	20577	0
60067	20581	0.00186161	0.05079015	0.47227948	0.05073755	0.47244742	0.68087773	0.68101356	0.35018065	0.35027663	0.68090821	0.68084519	0.35019265	0.35023973	60067	20580	0
60067	20585	0.00051521	0.05091025	0.47117275	0.05080885	0.47521196	0.68096277	0.68117215	0.35029010	0.35028444	0.68111265	0.68101134	0.35040671	0.35026874	60067	20583	0
60067	21144	0.00127343	0.05102294	0.47272844	0.05100127	0.47045377	0.68008543	0.68008748	0.34933190	0.34929912	0.68001657	0.68012635	0.34924283	0.34939402	60067	21142	0
60067	21147	0.00103859	0.05098222	0.47063080	0.05110293	0.47133531	0.68030967	0.68023325	0.34951112	0.34935524	0.67986209	0.68018748	0.34944103	0.34953240	60067	21145	0
60067	21150	0.00083914	0.05097116	0.47069855	0.05087471	0.47129688	0.68017146	0.68032027	0.34947077	0.34952361	0.68018617	0.68041173	0.34949337	0.34950249	60067	21149	0
60067	21153	0.00099859	0.05075342	0.47226907	0.05108857	0.47179073	0.68018822	0.68025478	0.34955155	0.34962534	0.68010860	0.68025355	0.34947595	0.34950685	60067	21152	0
60067	21157	0.00095427	0.05077609	0.47254167	0.05083268	0.47267463	0.67988986	0.68032718	0.34952928	0.34958663	0.68001805	0.68027261	0.34946256	0.34948145	60067	21155	0
60067	21716	0.00206574	0.05082541	0.47255167	0.05065064	0.46921725	0.68046753	0.68041551	0.34950635	0.34960504	0.68030836	0.68051140	0.34949411	0.34943963	60067	21714	0
60067	21719	0.00214464	0.05091247	0.47227752	0.05058124	0.47204084	0.68026407	0.68057780	0.34951161	0.34961630	0.68058552	0.68059358	0.34996273	0.34955615	60067	21717	0
60067	21722	0.00119254	0.05075243	0.46936538	0.05063021	0.47222168	0.68074559	0.68086581	0.34976404	0.34985690	0.68051510	0.68073968	0.34962435	0.34957464	60067	21721	0
60067	21725	0.00119057	0.05085749	0.47242644	0.05075045	0.47243234	0.68040171	0.68063647	0.34965262	0.34959050	0.68023260	0.68049316	0.34938597	0.34957176	60067	21724	0
60067	21729	0.00143762	0.05082051	0.47280213	0.05048164	0.47206098	0.68035602	0.68048010	0.34965607	0.34955697	0.68074592	0.68077912	0.34981491	0.34993603	60067	21727	0
60067	22288	0.00013684	0.05102120	0.47013106	0.05104333	0.47403341	0.68090213	0.68116738	0.35039964	0.35042824	0.68098430	0.68137289	0.35040284	0.35053646	60067	22286	0
60067	22291	0.00205223	0.05080159	0.47579654	0.05096512	0.47005037	0.68085414	0.68105267	0.35016036	0.35016824	0.68093615	0.68110279	0.35025181	0.35015666	60067	22289	0
60067	22294	0.00034507	0.05081814	0.46890438	0.05086380	0.47402584	0.68084272	0.68113155	0.35014088	0.35007391	0.68054066	0.68076400	0.34999462	0.35007687	60067	22293	0
60067	22297	0.00223660	0.05081682	0.47640296	0.05091070	0.47072838	0.68065151	0.68088471	0.34980143	0.34992461	0.68098028	0.68093788	0.35008607	0.34987818	60067	22296	0
60067	22301	0.00223430	0.05096582	0.47154351	0.05091769	0.47155040	0.68064156	0.68082357	0.34972682	0.34990505	0.68072341	0.68073516	0.34983578	0.34987193	60067	22299	0
60067	22860	0.00078231	0.05072333	0.46917816	0.05077768	0.47353414	0.68049941	0.68063203	0.34984137	0.34986700	0.68033038	0.68058018	0.34960077	0.34973142	60067	22858	0
60067	22863	0.00126610	0.05063484	0.47280035	0.05064228	0.47134898	0.68039595	0.68050869	0.34966601	0.34965533	0.68055989	0.68057501	0.34991458	0.34973684	60067	22861	0
60067	22866	0.00104947	0.05073741	0.47299346	0.05073865	0.47364334	0.68055192	0.68064756	0.34977259	0.34985805	0.68037484	0.68068857	0.34949871	0.34964079	60067	22864	0
60067	22869	0.00058149	0.05067804	0.47072157	0.05050355	0.47212549	0.68039291	0.68047993	0.34975541	0.34954563	0.68034476	0.68039209	0.34968179	0.34956856	60067	22868	0
60067	22873	0.00097145	0.05076023	0.47347537	0.05062159	0.47230551	0.68036547	0.68050927	0.34954349	0.34949041	0.68033975	0.68040286	0.34945664	0.34958113	60067	22871	0
60067	23432	0.00129836	0.05113560	0.47121794	0.05095942	0.47023720	0.68089506	0.68100682	0.34992995	0.34976470	0.68125843	0.68086860	0.35021073	0.34977275	60067	23430	0
60067	23435	0.00177493	0.05088996	0.47341595	0.05108807	0.47198624	0.68055216	0.68088578	0.34970595	0.34985624	0.68051781	0.68085472	0.34970463	0.34983381	60067	23433	0
60067	23438	0.00080814	0.05090356	0.47009332	0.05098773	0.47299369	0.68096327	0.68102892	0.35004910	0.34992756	0.68077641	0.68087748	0.34982082	0.34991861	60067	23437	0
60067	23441	0.00177716	0.05098197	0.47361270	0.05109559	0.47070561	0.68071560	0.68077353	0.34985961	0.34969625	0.68083319	0.68067599	0.34971729	0.34957603	60067	23440	0
60067	23445	0.00115887	0.05102267	0.47052633	0.05099876	0.47238120	0.68049292	0.68076490	0.34967587	0.34970767	0.68055389	0.68084617	0.34965385	0.34977168	60067	23443	0
60067	24004	0.00055406	0.05069570	0.47105749	0.05051038	0.47287194	0.68090985	0.68125917	0.35023719	0.35025436	0.68068536	0.68093500	0.35017884	0.35020908	60067	24002	0
60067	24007	0.00204641	0.05083505	0.47385445	0.05071149	0.46937740	0.68053548	0.68089145	0.35008024	0.35006233	0.68099696	0.68104749	0.35014441	0.35021204	60067	24005	0
60067	24010	0.00033352	0.05058906	0.47091459	0.05072655	0.47605325	0.68093508	0.68122819	0.35023217	0.35027827	0.68096499	0.68097765	0.35016414	0.35020358	60067	24009	0
60067	24013	0.00155864	0.05074974	0.47413371	0.05073989	0.47045836	0.68053154	0.68068232	0.35000481	0.35007424	0.68097107	0.68093968	0.35010423	0.35012519	60067	24012	0
60067	24017	0.00119495	0.05080526	0.47155761	0.05065980	0.47264866	0.68084215	0.68093697	0.35004630	0.34999963	0.68068068	0.68104075	0.34997416	0.35003808	60067	24015	0
60067	24576	0.00058745	0.05117575	0.47084215	0.05126102	0.47266466	0.68174989	0.68195343	0.35106391	0.35106055	0.68190618	0.68200775	0.35105093	0.35099998	60067	24574	0
60067	24579	0.00111250	0.05115173	0.47238515	0.05124739	0.47080998	0.68138053	0.68178983	0.35080622	0.35100672	0.68149697	0.68168596	0.35076999	0.35082463	60067	24577	0
60067	24582	0.00066262	0.05147890	0.47170003	0.05106410	0.47304969	0.68167791	0.68170741	0.35090491	0.35085282	0.68173987	0.68195894	0.35079497	0.35102686	60067	24581	0
60067	24585	0.00123957	0.05109599	0.47382461	0.05123514	0.47209375	0.68179090	0.68201054	0.35092151	0.35090549	0.68169862	0.68156624	0.35086621	0.35078864	60067	24584	0
60067	24589	0.00195099	0.05119284	0.47492739	0.05120595	0.47279314	0.68138924	0.68148341	0.35076662	0.35062232	0.68183124	0.68189936	0.35115332	0.35092874	60067	24587	0
60067	25148	0.00016925	0.05056929	0.47046352	0.05112032	0.47580872	0.68039793	0.68054394	0.34943626	0.34958524	0.68049809	0.68069761	0.34968080	0.34961597	60067	25146	0
60067	25151	0.00134867	0.05126325	0.47237488	0.05107861	0.46883663	0.68060105	0.68065126	0.34956667	0.34968351	0.68037081	0.68066129	0.34963536	0.34949855	60067	25149	0
60067	25154	0.00157708	0.05124039	0.47221701	0.05122948	0.47153178	0.68075200	0.68069103	0.34971252	0.34970743	0.68074033	0.68073006	0.34979831	0.34976232	60067	25153	0
60067	25157	0.00169602	0.05113725	0.47282018	0.05114206	0.47246338	0.68088257	0.68107913	0.34991294	0.34984687	0.68108636	0.68094502	0.35009692	0.34990908	60067	25156	0
60067	25161	0.00070684	0.05108482	0.47087910	0.05083876	0.47384663	0.68091117	0.68137026	0.34986585	0.35024327	0.68079621	0.68109507	0.34999207	0.35008985	60067	25159	0
60067	25720	0.00081379	0.05133244	0.47333890	0.05111362	0.47301806	0.68159508	0.68180914	0.35086761	0.35088905	0.68164587	0.68139056	0.35080820	0.35071608	60067	25718	0
60067	25723	0.00116489	0.05133939	0.47256612	0.05118697	0.47151282	0.68175721	0.68190733	0.35098232	0.35098002	0.68169780	0.68190487	0.35095167	0.35096071	60067	25722	0
60067	25727	0.00193185	0.05129830	0.47205405	0.05139491	0.46975317	0.68210808	0.68210192	0.35117033	0.35107451	0.68186880	0.68207020	0.35106523	0.35100409	60067	25725	0
60067	25730	0.00124721	0.05113201	0.47220132	0.05138425	0.47425524	0.68184866	0.68219748	0.35104781	0.35102283	0.68199246	0.68212468	0.35112645	0.35129588	60067	25728	0
60067	25733	0.00216655	0.05136778	0.47360625	0.05133340	0.47084823	0.68186633	0.68187578	0.35109251	0.35110796	0.68193938	0.68210783	0.35098100	0.35120410	60067	25731	0
60067	26292	0.00124403	0.05169328	0.47095390	0.05145289	0.47372146	0.68177833	0.68182837	0.35055026	0.35059028	0.68153740	0.68162466	0.35048781	0.35053194	60067	26290	0
60067	26295	0.00157479	0.05148261	0.47214337	0.05141965	0.47115109	0.68156221	0.68178235	0.35056595	0.35071690	0.68143994	0.68198334	0.35048822	0.35090803	60067	26294	0
60067	26299	0.00173453	0.05122869	0.47291647	0.05157928	0.47243725	0.68141776	0.68180331	0.35041837	0.35053383	0.68160757	0.68172261	0.35050293	0.35047409	60067	26297	0
60067	26302	0.00083975	0.05127633	0.47050656	0.05133501	0.47319089	0.68158646	0.68177159	0.35045872	0.35057992	0.68180980	0.68172820	0.35046078	0.35057409	60067	26300	0
60067	26305	0.00162165	0.05154224	0.47349353	0.05134273	0.47114785	0.68174751	0.68180224	0.35065601	0.35057031	0.68157372	0.68171596	0.35041591	0.35048855	60067	26304	0
60067	26864	0.00025735	0.05113327	0.46992613	0.05125721	0.47401903	0.68192665	0.68212961	0.35089283	0.35103795	0.68188112	0.68221540	0.35091773	0.35101897	60067	26863	0
60067	26868	0.00126023	0.05144454	0.47364592	0.05128506	0.47063727	0.68189583	0.68215837	0.35084246	0.35088872	0.68199542	0.68216051	0.35090113	0.35098676	60067	26866	0
60067	26871	0.00111994	0.05156805	0.47086363	0.05130077	0.47128452	0.68208614	0.68216429	0.35106893	0.35100376	0.68227152	0.68219420	0.35095044	0.35106926	60067	26869	0
60067	26874	0.00074286	0.05139034	0.47168081	0.05108176	0.47281205	0.68214793	0.68236528	0.35109078	0.35095857	0.68204407	0.68216823	0.35093959	0.35099530	60067	26873	0
60067	26877	0.00010749	0.05127316	0.46985757	0.05158831	0.47176366	0.68208088	0.68233857	0.35116860	0.35119555	0.68210167	0.68224892	0.35098207	0.35108125	60067	26876	0
60067	27436	0.00122098	0.05123417	0.47340992	0.05149037	0.47006946	0.68121964	0.68101816	0.35005830	0.34992132	0.68153888	0.68148275	0.35015592	0.35022963	60067	27435	0
60067	27440	0.00097811	0.05126721	0.47159161	0.05126715	0.47232021	0.68133739	0.68150889	0.35012206	0.35016931	0.68136352	0.68138234	0.35039652	0.35030662	60067	27438	0
60067	27443	0.00061593	0.05111449	0.47153638	0.05129975	0.47262293	0.68130477	0.68130921	0.35031977	0.35037688	0.68123764	0.68134183	0.35030194	0.35027392	60067	27441	0
60067	27446	0.00085844	0.05125691	0.47269886	0.05133231	0.47197133	0.68143583	0.68206017	0.35049249	0.35085183	0.68148588	0.68145786	0.35060720	0.35044015	60067	27445	0
60067	27449	0.00125063	0.05126020	0.47266554	0.05108069	0.47148897	0.68157503	0.68162376	0.35054845	0.35042068	0.68127116	0.68131389	0.35059891	0.35055963	60067	27448	0
60067	28008	0.00071576	0.05144755	0.46959232	0.05116164	0.47119693	0.68140888	0.68148473	0.35023390	0.35020695	0.68136089	0.68116385	0.35012814	0.35005115	60067	28007	0
60067	28012	0.00071492	0.05125230	0.47224704	0.05094930	0.47224956	0.68125440	0.68134561	0.34986142	0.35003546	0.68092292	0.68107518	0.34987210	0.34996010	60067	28010	0
60067	28015	0.00070392	0.05107480	0.47137793	0.05106452	0.47141091	0.68128086	0.68131586	0.35010867	0.35007375	0.68125374	0.68130190	0.34998854	0.35004113	60067	28013	0
60067	28018	0.00137019	0.05088800	0.47250020	0.05117595	0.47050141	0.68099926	0.68101906	0.34992280	0.34993726	0.68159706	0.68177331	0.35019027	0.35009544	60067	28017	0
60067	28021	0.00184118	0.05113074	0.47415237	0.05109857	0.47273940	0.68104971	0.68125292	0.34996569	0.35002239	0.68120304	0.68118579	0.35013176	0.34996643	60067	28020	0
60067	28580	0.00112039	0.05092597	0.47138873	0.05144421	0.47355110	0.68139606	0.68177561	0.35043440	0.35049964	0.68177989	0.68174694	0.35045700	0.35044968	60067	28579	0
60067	28584	0.00166397	0.05132412	0.47293173	0.05122174	0.47130099	0.68184768	0.68180602	0.35049216	0.35041862	0.68171234	0.68166953	0.35052922	0.35041106	60067	28582	0
60067	28587	0.00092429	0.05121153	0.47324698	0.05141049	0.47546602	0.68165967	0.68171218	0.35036324	0.35053884	0.68124018	0.68134380	0.35014787	0.35023702	60067	28585	0
60067	28590	0.00193551	0.05145181	0.47396011	0.05122772	0.47092646	0.68170832	0.68189148	0.35044023	0.35032560	0.68167487	0.68173264	0.35038049	0.35049964	60067	28589	0
60067	28593	0.00069736	0.05136032	0.47144863	0.05128487	0.47516308	0.68139598	0.68159648	0.35048715	0.35036940	0.68184743	0.68182327	0.35049373	0.35054229	60067	28592	0
60067	29153	0.00115404	0.05123764	0.47411726	0.05144898	0.47274721	0.68322570	0.68314632	0.35178563	0.35186977	0.68300564	0.68299545	0.35171077	0.35178883	60067	29151	0
60067	29156	0.00249875	0.05133056	0.47425456	0.05106097	0.47022044	0.68323473	0.68333893	0.35193888	0.35185917	0.68314780	0.68303802	0.35188103	0.35185440	60067	29154	0
60067	29159	0.00109788	0.05117223	0.47095390	0.05139464	0.47515649	0.68318625	0.68332882	0.35192080	0.35196731	0.68268920	0.68299561	0.35172079	0.35191505	60067	29158	0
60067	29163	0.00096099	0.05140607	0.47082326	0.05106775	0.47123395	0.68319069	0.68333868	0.35195005	0.35204545	0.68309496	0.68328921	0.35180395	0.35195769	60067	29161	0
60067	29166	0.00117782	0.05132700	0.47184224	0.05131585	0.47119176	0.68351708	0.68357468	0.35224119	0.35210971	0.68362817	0.68343811	0.35205112	0.35209673	60067	29164	0
60067	29725	0.00109196	0.05135092	0.47262467	0.05142580	0.47288222	0.68196740	0.68217086	0.35050334	0.35054311	0.68181054	0.68195927	0.35053341	0.35059611	60067	29723	0
60067	29728	0.00123905	0.05139439	0.47218425	0.05136768	0.47174299	0.68191416	0.68174159	0.35047565	0.35044952	0.68155745	0.68185023	0.35056727	0.35043678	60067	29726	0
60067	29731	0.00027119	0.05143232	0.47168169	0.05128553	0.47458528	0.68204021	0.68216626	0.35064911	0.35069291	0.68208754	0.68203873	0.35083301	0.35060121	60067	29730	0
60067	29735	0.00047304	0.05140993	0.47233446	0.05127186	0.47172891	0.68201884	0.68206568	0.35055010	0.35058009	0.68189484	0.68216215	0.35053974	0.35069184	60067	29733	0
60067	29738	0.00177472	0.05131851	0.47388719	0.05111828	0.46998216	0.68194365	0.68229338	0.35063334	0.35050359	0.68217793	0.68208425	0.35063268	0.35066522	60067	29736	0
60067	30297	-0.00001479	0.05135305	0.46936608	0.05118704	0.47473461	0.68348363	0.68345035	0.35203929	0.35206756	0.68347410	0.68360779	0.35214151	0.35203296	60067	30295	0
60067	30300	0.00090614	0.05121353	0.47502002	0.05112857	0.47225722	0.68308017	0.68312668	0.35200445	0.35186640	0.68307664	0.68312249	0.35192565	0.35195876	60067	30298	0
60067	30303	0.00125891	0.05096551	0.47254034	0.05133984	0.47148205	0.68314837	0.68308756	0.35187930	0.35185958	0.68317853	0.68319151	0.35181373	0.35181915	60067	30302	0
60067	30307	0.00127769	0.05116025	0.47206553	0.05115756	0.47200919	0.68331559	0.68347747	0.35225105	0.35203461	0.68323358	0.68327902	0.35199147	0.35192754	60067	30305	0
60067	30310	0.00134990	0.05115591	0.47222536	0.05103437	0.47200873	0.68321033	0.68347533	0.35194340	0.35204044	0.68323999	0.68313251	0.35191201	0.35198991	60067	30308	0
60067	30869	0.00075426	0.05129369	0.47065412	0.05118583	0.47244104	0.68142006	0.68143657	0.35018509	0.35009281	0.68136352	0.68150395	0.35009791	0.35005822	60067	30867	0
60067	30872	0.00185258	0.05118917	0.47369253	0.05118240	0.47039756	0.68122342	0.68127453	0.35000176	0.34988089	0.68150009	0.68166559	0.35002354	0.35009043	60067	30870	0
60067	30875	0.00122770	0.05130905	0.47162227	0.05146194	0.47349691	0.68166386	0.68163691	0.35012363	0.35024302	0.68150289	0.68153592	0.35016068	0.35007186	60067	30874	0
60067	30879	0.00136947	0.05133395	0.47073099	0.05121667	0.47030567	0.68128563	0.68146854	0.35017835	0.35025272	0.68165926	0.68153304	0.35004688	0.35005288	60067	30877	0
60067	30882	0.00086508	0.05137667	0.47093170	0.05128695	0.47244488	0.68155917	0.68139417	0.35009906	0.35018575	0.68150091	0.68158489	0.35019840	0.35019503	60067	30880	0
60067	31441	0.00109201	0.05165852	0.47419649	0.05169030	0.47351569	0.68183987	0.68198326	0.35074920	0.35084107	0.68176091	0.68200249	0.35075487	0.35079209	60067	31440	0
60067	31444	0.00006534	0.05150044	0.47211966	0.05101543	0.47519968	0.68192459	0.68183248	0.35089078	0.35089505	0.68211359	0.68204440	0.35082907	0.35086416	60067	31443	0
60067	31448	0.00134591	0.05156638	0.47342027	0.05173192	0.46957855	0.68189328	0.68199608	0.35078913	0.35094427	0.68197504	0.68198967	0.35085273	0.35090286	60067	31446	0
60067	31451	0.00170819	0.05163517	0.47217927	0.05120812	0.47109245	0.68199123	0.68206387	0.35094140	0.35084632	0.68205376	0.68214900	0.35084854	0.35096276	60067	31449	0
60067	31454	0.00180872	0.05163403	0.47041392	0.05160426	0.47011234	0.68205097	0.68213495	0.35087607	0.35098971	0.68250637	0.68205615	0.35132275	0.35094740	60067	31453	0
60067	32013	0.00133184	0.05149132	0.47091153	0.05146151	0.47234217	0.68056654	0.68099014	0.35103507	0.35123631	0.68074214	0.68069021	0.35113023	0.35117353	60067	32012	0
60067	32017	0.00105666	0.05146083	0.47299776	0.05163443	0.47382330	0.68073754	0.68088044	0.35104888	0.35118273	0.68052357	0.68054230	0.35105060	0.35104806	60067	32015	0
60067	32020	0.00118527	0.05166745	0.47259237	0.05158409	0.47220651	0.68043499	0.68062990	0.35103162	0.35091576	0.68030778	0.68044501	0.35083909	0.35084772	60067	32018	0
60067	32023	0.00056715	0.05160246	0.47040502	0.05153989	0.47225940	0.68032529	0.68031806	0.35089135	0.35073917	0.68021846	0.68033671	0.35070137	0.35078642	60067	32021	0
60067	32026	0.00121049	0.05157593	0.47491441	0.05177444	0.47298439	0.68020753	0.68005971	0.35050564	0.35062619	0.68022167	0.68032101	0.35070269	0.35071616	60067	32025	0
60067	32585	0.00075422	0.05115101	0.47279903	0.05144424	0.47416783	0.68109597	0.68136484	0.35173690	0.35173904	0.68136862	0.68153888	0.35185909	0.35195663	60067	32584	0
60067	32589	0.00151201	0.05133828	0.47337843	0.05127164	0.47110506	0.68130765	0.68148670	0.35184569	0.35185745	0.68135407	0.68154315	0.35176607	0.35205540	60067	32587	0
60067	32592	0.00180855	0.05143108	0.47264612	0.05134661	0.47175650	0.68187258	0.68222000	0.35221818	0.35219073	0.68147807	0.68158966	0.35201776	0.35188768	60067	32590	0
60067	32595	0.00154933	0.05166423	0.47054331	0.05145571	0.47132097	0.68163822	0.68162450	0.35187602	0.35195424	0.68157125	0.68171308	0.35195531	0.35196591	60067	32593	0
60067	32598	0.00132538	0.05177450	0.47148874	0.05151694	0.47216059	0.68155539	0.68132219	0.35204093	0.35173337	0.68177849	0.68184119	0.35215795	0.35205761	60067	32597	0
60067	33157	0.00165355	0.05080426	0.47403991	0.05132000	0.47305541	0.67992593	0.67988657	0.35016742	0.35012634	0.68009553	0.68025158	0.35013217	0.35018246	60067	33156	0
60067	33161	0.00081674	0.05121373	0.47130876	0.05106867	0.47381917	0.67999192	0.68011090	0.35022593	0.35017309	0.67973464	0.67999792	0.35016200	0.35013825	60067	33159	0
60067	33164	0.00167416	0.05146360	0.47386357	0.05131319	0.47129131	0.68011074	0.68010811	0.35024203	0.35005008	0.67994919	0.68013021	0.35005107	0.35004934	60067	33162	0
60067	33167	0.00077512	0.05121484	0.47237907	0.05121125	0.47507619	0.67978213	0.68001345	0.34997605	0.35009815	0.67951343	0.67979043	0.34982091	0.34994326	60067	33166	0
60067	33170	0.00165412	0.05112656	0.47260900	0.05129403	0.46997201	0.67975740	0.67989799	0.35012716	0.34992880	0.67985157	0.67989569	0.35015403	0.34996421	60067	33169	0
60067	33729	0.00091593	0.05136017	0.47081293	0.05131516	0.47302750	0.68127930	0.68134117	0.35127871	0.35122826	0.68097707	0.68127067	0.35111429	0.35119761	60067	33728	0
60067	33733	0.00151609	0.05101110	0.47439137	0.05133449	0.47259090	0.68121504	0.68132038	0.35129687	0.35116170	0.68107502	0.68133986	0.35116753	0.35117534	60067	33731	0
60067	33736	0.00071052	0.05159351	0.47216670	0.05138250	0.47458341	0.68115251	0.68137289	0.35115028	0.35118627	0.68121216	0.68110329	0.35115660	0.35111240	60067	33734	0
60067	33739	0.00148721	0.05140669	0.47336060	0.05128087	0.47103052	0.68113254	0.68113755	0.35103836	0.35103474	0.68091092	0.68094511	0.35094740	0.35099152	60067	33738	0
60067	33742	0.00046071	0.05146636	0.46974937	0.05154717	0.47282887	0.68068290	0.68081182	0.35082734	0.35093022	0.68075677	0.68087296	0.35083671	0.35072956	60067	33741	0
60067	34301	0.00068931	0.05096540	0.47143570	0.05088357	0.47074991	0.68059859	0.68069374	0.35091198	0.35096030	0.68067567	0.68076030	0.35106950	0.35088240	60067	34300	0
60067	34305	0.00117313	0.05113859	0.47221579	0.05095462	0.47076431	0.68055257	0.68057665	0.35087804	0.35089209	0.68059785	0.68070821	0.35096112	0.35101182	60067	34303	0
60067	34308	0.00171058	0.05102249	0.47352191	0.05088889	0.47190956	0.68073319	0.68076047	0.35095964	0.35098067	0.68072480	0.68081347	0.35091543	0.35089752	60067	34306	0
60067	34311	0.00055148	0.05084502	0.47015462	0.05091893	0.47363192	0.68042685	0.68056128	0.35075972	0.35075758	0.68051560	0.68061847	0.35091338	0.35093548	60067	34310	0
60067	34314	0.00120980	0.05085985	0.47385799	0.05102712	0.47188305	0.68086392	0.68060155	0.35110599	0.35087278	0.68079974	0.68069005	0.35098100	0.35090138	60067	34313	0
60067	34873	0.00119748	0.05082940	0.47109117	0.05097596	0.47112812	0.68001164	0.67993399	0.34974095	0.34961770	0.67996365	0.67992618	0.34986741	0.34963717	60067	34872	0
60067	34877	0.00151896	0.05093025	0.47192863	0.05107385	0.47096420	0.68001591	0.67991936	0.34981565	0.34978212	0.67982733	0.68000761	0.34974407	0.34960496	60067	34875	0
60067	34880	0.00106144	0.05112044	0.47121660	0.05120857	0.47258917	0.67976085	0.67989988	0.34952772	0.34978286	0.67973866	0.67985905	0.34956437	0.34969880	60067	34878	0
60067	34883	0.00139794	0.05088215	0.47207363	0.05119606	0.47106414	0.67992117	0.67997745	0.34980176	0.34973602	0.67973768	0.68006291	0.34963314	0.34972789	60067	34882	0
60067	34886	0.00083543	0.05098101	0.47201141	0.05091307	0.47369893	0.67968394	0.67971434	0.34974942	0.34954497	0.68009414	0.68020836	0.34983126	0.35000070	60067	34885	0
60067	35445	0.00120185	0.05092273	0.47304546	0.05094351	0.47194620	0.68040770	0.68045487	0.35007449	0.35000111	0.68026974	0.68078052	0.35004992	0.35015781	60067	35444	0
60067	35449	0.00007272	0.05108156	0.47226794	0.05081190	0.47565535	0.68069522	0.68073968	0.35025214	0.35027745	0.68049283	0.68060574	0.35014351	0.35017055	60067	35447	0
60067	35452	0.00192815	0.05090485	0.47296577	0.05085590	0.46739946	0.68060146	0.68066885	0.35016479	0.35012683	0.68027615	0.68043499	0.35004795	0.35011738	60067	35450	0
60067	35455	0.00084554	0.05073312	0.47032469	0.05097368	0.47357252	0.68025224	0.68032956	0.35011533	0.35013743	0.68036563	0.68069695	0.35016603	0.35033900	60067	35454	0
60067	35459	0.00120420	0.05100524	0.47227912	0.05099476	0.47120316	0.68048544	0.68064838	0.35035436	0.35029487	0.68058626	0.68116623	0.35030440	0.35067409	60067	35457	0
60067	36018	0.00125915	0.05115768	0.47182055	0.05103778	0.47165569	0.68239741	0.68242559	0.35186090	0.35197487	0.68247645	0.68258262	0.35199640	0.35192869	60067	36016	0
60067	36021	0.00139495	0.05109904	0.47193301	0.05114079	0.47152563	0.68254088	0.68252239	0.35206238	0.35193000	0.68192812	0.68214103	0.35172293	0.35177388	60067	36019	0
60067	36024	-0.00031561	0.05120005	0.46929980	0.05101788	0.47443146	0.68248122	0.68223668	0.35194118	0.35190773	0.68223323	0.68274359	0.35193789	0.35231752	60067	36022	0
60067	36027	0.00239596	0.05112058	0.47628705	0.05104283	0.46815233	0.68211991	0.68224868	0.35189064	0.35194553	0.68212920	0.68224851	0.35166040	0.35186451	60067	36026	0
60067	36031	0.00132268	0.05126325	0.47015364	0.05102283	0.47337351	0.68232855	0.68231737	0.35184832	0.35178563	0.68225508	0.68240866	0.35171323	0.35172088	60067	36029	0
60067	36590	0.00149544	0.05112759	0.47381755	0.05111256	0.47329926	0.68108776	0.68139245	0.35047828	0.35048880	0.68116845	0.68115621	0.35048789	0.35054114	60067	36588	0
60067	36593	0.00129255	0.05101726	0.47191572	0.05123272	0.47252440	0.68109417	0.68098545	0.35059776	0.35030605	0.68097822	0.68117387	0.35049931	0.35060712	60067	36591	0
60067	36596	0.00227710	0.05102798	0.47472110	0.05129085	0.47176744	0.68135720	0.68125555	0.35061592	0.35044746	0.68118349	0.68139163	0.35052528	0.35063818	60067	36594	0
60067	36599	0.00129429	0.05120591	0.47094781	0.05102509	0.47389623	0.68144594	0.68134701	0.35071099	0.35073556	0.68120526	0.68144274	0.35057844	0.35064369	60067	36598	0
60067	36603	0.00152973	0.05081940	0.47149244	0.05117066	0.47078612	0.68128678	0.68144241	0.35072167	0.35076522	0.68135892	0.68175844	0.35068510	0.35093548	60067	36601	0
60067	37162	0.00053836	0.05111775	0.46959701	0.05108800	0.47257112	0.68159319	0.68162236	0.35123771	0.35118840	0.68160955	0.68175022	0.35124749	0.35123721	60067	37160	0
60067	37165	0.00147479	0.05108551	0.47219731	0.05106606	0.46938801	0.68181382	0.68212131	0.35125620	0.35140788	0.68174957	0.68168440	0.35113450	0.35116079	60067	37163	0
60067	37168	0.00142092	0.05114552	0.47190749	0.05110742	0.47206910	0.68140083	0.68156591	0.35109999	0.35109325	0.68137782	0.68161867	0.35113672	0.35106646	60067	37167	0
60067	37171	0.00028018	0.05112161	0.47219824	0.05101225	0.47562046	0.68201358	0.68167356	0.35121306	0.35105693	0.68151949	0.68126122	0.35105619	0.35096136	60067	37170	0
60067	37175	0.00166947	0.05120927	0.47314821	0.05120746	0.46898036	0.68138711	0.68152631	0.35092693	0.35101856	0.68159763	0.68164225	0.35099818	0.35103450	60067	37173	0
60067	37734	0.00097479	0.05117398	0.47057510	0.05118049	0.47265913	0.68120444	0.68156238	0.35062446	0.35070162	0.68157158	0.68159500	0.35067261	0.35079940	60067	37732	0
60067	37737	0.00040356	0.05121947	0.47171115	0.05138702	0.47342485	0.68153419	0.68188186	0.35084378	0.35084616	0.68166600	0.68185910	0.35077286	0.35079751	60067	37735	0
60067	37740	0.00181770	0.05134776	0.47370430	0.05120561	0.46946188	0.68153592	0.68166994	0.35071353	0.35078494	0.68159089	0.68174751	0.35070450	0.35080598	60067	37738	0
60067	37743	0.00085945	0.05132801	0.47075577	0.05106376	0.47363053	0.68152072	0.68170182	0.35079587	0.35076925	0.68163485	0.68150502	0.35085758	0.35085709	60067	37742	0
60067	37747	0.00097031	0.05138541	0.47126418	0.05133928	0.47093160	0.68165967	0.68181456	0.35081436	0.35094255	0.68182245	0.68183239	0.35090154	0.35093088	60067	37745	0
60067	38306	0.00109087	0.05119785	0.47086706	0.05117795	0.47050539	0.68237358	0.68256775	0.35180025	0.35177536	0.68259626	0.68242888	0.35201579	0.35181603	60067	38304	0
60067	38309	0.00203782	0.05103615	0.47414961	0.05129132	0.47130874	0.68254047	0.68266019	0.35177404	0.35183156	0.68283029	0.68312849	0.35195589	0.35216296	60067	38307	0
60067	38312	0.00091497	0.05120393	0.46906510	0.05103769	0.47243366	0.68211391	0.68229864	0.35173263	0.35184224	0.68223577	0.68237662	0.35180387	0.35180395	60067	38311	0
60067	38315	0.00068427	0.05103756	0.47172223	0.05120042	0.47241433	0.68234523	0.68234087	0.35176837	0.35176172	0.68228853	0.68254416	0.35170625	0.35193378	60067	38314	0
60067	38319	0.00189483	0.05122108	0.47494095	0.05133574	0.47130928	0.68226684	0.68235985	0.35167691	0.35183863	0.68216519	0.68230529	0.35162071	0.35172416	60067	38317	0
60067	38878	0.00169345	0.05129344	0.47070226	0.05135298	0.47130639	0.68206280	0.68231047	0.35129326	0.35137099	0.68189600	0.68219206	0.35124502	0.35120139	60067	38876	0
60067	38881	0.00021568	0.05112239	0.46948311	0.05150750	0.47391641	0.68201531	0.68227793	0.35134174	0.35149121	0.68213725	0.68237596	0.35131413	0.35149203	60067	38879	0
60067	38884	0.00067530	0.05147543	0.47183382	0.05152567	0.47045498	0.68225944	0.68226421	0.35140583	0.35127419	0.68212813	0.68238796	0.35146779	0.35142859	60067	38883	0
60067	38887	0.00109466	0.05160034	0.47330126	0.05163522	0.47204317	0.68241433	0.68268123	0.35150739	0.35163838	0.68233693	0.68239921	0.35158406	0.35141249	60067	38886	0
60067	38891	0.00065415	0.05143277	0.47220232	0.05101416	0.47352387	0.68240332	0.68248106	0.35161676	0.35148792	0.68228204	0.68237662	0.35153402	0.35149909	60067	38889	0
60067	39450	0.00148188	0.05175806	0.47408097	0.05150824	0.47159778	0.68204234	0.68219929	0.35103746	0.35086695	0.68200380	0.68204851	0.35090516	0.35099834	60067	39448	0
60067	39453	0.00135207	0.05162628	0.47022670	0.05158224	0.47061613	0.68202788	0.68216034	0.35079406	0.35077664	0.68198704	0.68206667	0.35076801	0.35081945	60067	39451	0
60067	39456	0.00161387	0.05143257	0.47224522	0.05152721	0.47145981	0.68197628	0.68206946	0.35103713	0.35089883	0.68208959	0.68230357	0.35092644	0.35103006	60067	39455	0
60067	39459	0.00116386	0.05148659	0.47259163	0.05152923	0.47394167	0.68188540	0.68211884	0.35079439	0.35090615	0.68193914	0.68200997	0.35080031	0.35079324	60067	39458	0
60067	39463	0.00193939	0.05151118	0.47346795	0.05145748	0.47114135	0.68196461	0.68194300	0.35079176	0.35080417	0.68190438	0.68186847	0.35083819	0.35076514	60067	39461	0
60067	40022	0.00164726	0.05180176	0.47277199	0.05172507	0.47364839	0.68260686	0.68246733	0.35136524	0.35133377	0.68245221	0.68261064	0.35138233	0.35137165	60067	40020	0
60067	40025	0.00140384	0.05108907	0.47057763	0.05172658	0.47130788	0.68254704	0.68227464	0.35151783	0.35151923	0.68242871	0.68265066	0.35133524	0.35139342	60067	40023	0
60067	40028	0.00109345	0.05185936	0.47127651	0.05162306	0.47220769	0.68246824	0.68259651	0.35128487	0.35125973	0.68251532	0.68274466	0.35126828	0.35136655	60067	40026	0
60067	40031	0.00084656	0.05174812	0.47089820	0.05161520	0.47163888	0.68255969	0.68270317	0.35142678	0.35139622	0.68244581	0.68247177	0.35145768	0.35135883	60067	40030	0
60067	40035	0.00172158	0.05103390	0.47323608	0.05168377	0.47061102	0.68262995	0.68267342	0.35135250	0.35148776	0.68247670	0.68253159	0.35132867	0.35146664	60067	40033	0
60067	40594	0.00056837	0.05178709	0.46985303	0.05169260	0.47331264	0.68257054	0.68269207	0.35111897	0.35122513	0.68266734	0.68285987	0.35122900	0.35118758	60067	40592	0
60067	40597	0.00166585	0.05187096	0.47512504	0.05194043	0.47183263	0.68234334	0.68253085	0.35102160	0.35096342	0.68253619	0.68267457	0.35128397	0.35113918	60067	40595	0
60067	40600	0.00095711	0.05181872	0.47050777	0.05177540	0.47263399	0.68269281	0.68267227	0.35120476	0.35111018	0.68251886	0.68280843	0.35111880	0.35116203	60067	40598	0
60067	40603	0.00190907	0.05191124	0.47257761	0.05181665	0.46972173	0.68264491	0.68293169	0.35114198	0.35119210	0.68264293	0.68283883	0.35116589	0.35114494	60067	40602	0
60067	40607	0.00180594	0.05195369	0.47280746	0.05133694	0.47311684	0.68257547	0.68284171	0.35126663	0.35125973	0.68272971	0.68285790	0.35118865	0.35134207	60067	40605	0
60067	41166	0.00074682	0.05160821	0.47031480	0.05152515	0.47349217	0.68335175	0.68352422	0.35203839	0.35211653	0.68322446	0.68336465	0.35207520	0.35199812	60067	41164	0
60067	41169	0.00172731	0.05148288	0.47271667	0.05147295	0.46977518	0.68294229	0.68295806	0.35176081	0.35181603	0.68351305	0.68360385	0.35209435	0.35220142	60067	41167	0
60067	41172	0.00047377	0.05136696	0.46987124	0.05144438	0.47363188	0.68370065	0.68351765	0.35219188	0.35213609	0.68347320	0.68371659	0.35211390	0.35219862	60067	41170	0
60067	41175	0.00055850	0.05136260	0.47323275	0.05148870	0.47297855	0.68350754	0.68352069	0.35232566	0.35230429	0.68368495	0.68354115	0.35214488	0.35222861	60067	41174	0
60067	41179	0.00138796	0.05139895	0.47329634	0.05148587	0.47080797	0.68316431	0.68306990	0.35210963	0.35199171	0.68331362	0.68361092	0.35225803	0.35226748	60067	41177	0
60067	41738	0.00173623	0.05187912	0.47203122	0.05196418	0.47098641	0.68403410	0.68432507	0.35215392	0.35217898	0.68421233	0.68429162	0.35224529	0.35224225	60067	41736	0
60067	41741	0.00087792	0.05189682	0.47054163	0.05151178	0.47311658	0.68410444	0.68424536	0.35221555	0.35229747	0.68410920	0.68448662	0.35224497	0.35238860	60067	41739	0
60067	41744	0.00095839	0.05177150	0.47226770	0.05173119	0.47202628	0.68437010	0.68446813	0.35246305	0.35226107	0.68456419	0.68429121	0.35253298	0.35240717	60067	41742	0
60067	41747	0.00086625	0.05162229	0.47103802	0.05173758	0.47131446	0.68425498	0.68444611	0.35245327	0.35249649	0.68445523	0.68428965	0.35253290	0.35234448	60067	41746	0
60067	41751	0.00113071	0.05175924	0.47221817	0.05168731	0.47142477	0.68417699	0.68437692	0.35237562	0.35243232	0.68381339	0.68408209	0.35218506	0.35237135	60067	41749	0
60067	42310	0.00051080	0.05170476	0.47141280	0.05195137	0.47327253	0.68267761	0.68278337	0.35066127	0.35069020	0.68264770	0.68274844	0.35068124	0.35070293	60067	42308	0
60067	42313	0.00127960	0.05151549	0.47281334	0.05179320	0.47050694	0.68276447	0.68289076	0.35068946	0.35070803	0.68281525	0.68278797	0.35065544	0.35061468	60067	42311	0
60067	42316	0.00190014	0.05163302	0.47125920	0.05183019	0.46939760	0.68288592	0.68284976	0.35077853	0.35062389	0.68265255	0.68280720	0.35066612	0.35065700	60067	42314	0
60067	42319	0.00158173	0.05170489	0.47041753	0.05191139	0.47137277	0.68288288	0.68318165	0.35082011	0.35103524	0.68280029	0.68269791	0.35075035	0.35079308	60067	42318	0
60067	42323	0.00120756	0.05173780	0.47037616	0.05169766	0.47149865	0.68278180	0.68290679	0.35065273	0.35069028	0.68280876	0.68303029	0.35079258	0.35086900	60067	42321	0
60067	42882	0.00083623	0.05167493	0.47055908	0.05178856	0.47167307	0.68411611	0.68415768	0.35172926	0.35168423	0.68387715	0.68410131	0.35168152	0.35171052	60067	42880	0
60067	42885	0.00114322	0.05190231	0.47231609	0.05164125	0.47139515	0.68413763	0.68419031	0.35185597	0.35176073	0.68422005	0.68437067	0.35180740	0.35169286	60067	42883	0
60067	42888	0.00112638	0.05189535	0.46997913	0.05169079	0.47002963	0.68415588	0.68412958	0.35185687	0.35171291	0.68443534	0.68429565	0.35205696	0.35189590	60067	42886	0
60067	42891	0.00100693	0.05184967	0.47076160	0.05189774	0.47111995	0.68417683	0.68444791	0.35180913	0.35182704	0.68424643	0.68450437	0.35200963	0.35197249	60067	42890	0
60067	42895	0.00050747	0.05186641	0.47142098	0.05181467	0.47291935	0.68461883	0.68461439	0.35195630	0.35203370	0.68458185	0.68480561	0.35215359	0.35206748	60067	42893	0
60067	43454	0.00171243	0.05177971	0.47194344	0.05180565	0.46832857	0.68461102	0.68471201	0.35219772	0.35218695	0.68484957	0.68474291	0.35236896	0.35232303	60067	43452	0
60067	43457	0.00140713	0.05188983	0.47119913	0.05185595	0.47211504	0.68463576	0.68461891	0.35216625	0.35206994	0.68463510	0.68482557	0.35225918	0.35221793	60067	43455	0
60067	43460	0.00078981	0.05185117	0.46995349	0.05191682	0.47180544	0.68434643	0.68488129	0.35210067	0.35224809	0.68470306	0.68467545	0.35206780	0.35210297	60067	43458	0
60067	43463	0.00097164	0.05173782	0.47187276	0.05196053	0.47132725	0.68471325	0.68472163	0.35213913	0.35213995	0.68449812	0.68466156	0.35216855	0.35207109	60067	43462	0
60067	43467	0.00157259	0.05181123	0.47211248	0.05170601	0.47030963	0.68454899	0.68470774	0.35209147	0.35201431	0.68469246	0.68472237	0.35209196	0.35206945	60067	43465	0
60067	44026	0.00169246	0.05185587	0.47107809	0.05201115	0.47071847	0.68546175	0.68536593	0.35222705	0.35231810	0.68524662	0.68543340	0.35221538	0.35220059	60067	44024	0
60067	44029	0.00138002	0.05201976	0.47122212	0.05200798	0.47215946	0.68551467	0.68570210	0.35242517	0.35242985	0.68521729	0.68532493	0.35235590	0.35222919	60067	44027	0
60067	44032	0.00176913	0.05181236	0.47173068	0.05177816	0.47056334	0.68485532	0.68506395	0.35201554	0.35209500	0.68532460	0.68548360	0.35233577	0.35241375	60067	44030	0
60067	44035	0.00133378	0.05174810	0.47016635	0.05200564	0.47147243	0.68533339	0.68554778	0.35245606	0.35232525	0.68537177	0.68532896	0.35231596	0.35227742	60067	44034	0
60067	44039	0.00170578	0.05181571	0.47317943	0.05159049	0.47206343	0.68519830	0.68537571	0.35219558	0.35237233	0.68547309	0.68592495	0.35247521	0.35271071	60067	44037	0
60067	44598	0.00133970	0.05179600	0.47017348	0.05163538	0.47127172	0.68481350	0.68495048	0.35156368	0.35154035	0.68487841	0.68516412	0.35156467	0.35181669	60067	44596	0
60067	44601	0.00129368	0.05187037	0.47059502	0.05186522	0.47073307	0.68480281	0.68505064	0.35158546	0.35165366	0.68478695	0.68492500	0.35161060	0.35141643	60067	44599	0
60067	44604	0.00206502	0.05156340	0.47298687	0.05191121	0.47067285	0.68485269	0.68503256	0.35169984	0.35158324	0.68490955	0.68510299	0.35153377	0.35163977	60067	44602	0
60067	44607	0.00123235	0.05181214	0.47009421	0.05122713	0.47259220	0.68516478	0.68495828	0.35174101	0.35161792	0.68494259	0.68508187	0.35153714	0.35157765	60067	44606	0
60067	44611	0.00107713	0.05155719	0.47262444	0.05180673	0.47309012	0.68475458	0.68477619	0.35164561	0.35152145	0.68470240	0.68518302	0.35158209	0.35185005	60067	44609	0
60067	45170	0.00047213	0.05186698	0.47059262	0.05166877	0.47240760	0.68516733	0.68538081	0.35164618	0.35152720	0.68522789	0.68509781	0.35152925	0.35143993	60067	45168	0
60067	45173	0.00059020	0.05194633	0.47157292	0.05187039	0.47121871	0.68507661	0.68569692	0.35146434	0.35168209	0.68515533	0.68521063	0.35142941	0.35152728	60067	45171	0
60067	45176	0.00160357	0.05182389	0.47303170	0.05195899	0.46999161	0.68507866	0.68534161	0.35147321	0.35151882	0.68533003	0.68549626	0.35157568	0.35163180	60067	45174	0
60067	45179	0.00086342	0.05167090	0.47150418	0.05208720	0.47372463	0.68535410	0.68556134	0.35151586	0.35178661	0.68541433	0.68521877	0.35172581	0.35154634	60067	45178	0
60067	45183	0.00079095	0.05193443	0.47064138	0.05190528	0.47085878	0.68517374	0.68545715	0.35150509	0.35155292	0.68529535	0.68545115	0.35163041	0.35162490	60067	45181	0
60067	45742	0.00040578	0.05193295	0.47149905	0.05161925	0.47265455	0.68666737	0.68694363	0.35287383	0.35280554	0.68685570	0.68686581	0.35279552	0.35270307	60067	45740	0
60067	45745	0.00194903	0.05199347	0.47309557	0.05193701	0.46846582	0.68688323	0.68684683	0.35277432	0.35275492	0.68679046	0.68670418	0.35275279	0.35275731	60067	45743	0
60067	45748	0.00102768	0.05210634	0.47071471	0.05180663	0.47347876	0.68643753	0.68683574	0.35268606	0.35278253	0.68663762	0.68690156	0.35273150	0.35278722	60067	45747	0
60067	45751	0.00116324	0.05202893	0.47135705	0.05191524	0.47095038	0.68669038	0.68680714	0.35294441	0.35299963	0.68688200	0.68676088	0.35291368	0.35279502	60067	45750	0
60067	45755	0.00133687	0.05121813	0.47223825	0.05203220	0.47171737	0.68649037	0.68662546	0.35254465	0.35275492	0.68677830	0.68702457	0.35272131	0.35297522	60067	45753	0
60067	46314	0.00101764	0.05186294	0.47062610	0.05200626	0.47158378	0.68779402	0.68783815	0.35372085	0.35370433	0.68778202	0.68787858	0.35356012	0.35375610	60067	46312	0
60067	46317	0.00063951	0.05184976	0.47111794	0.05181747	0.47225234	0.68770388	0.68785787	0.35352430	0.35381066	0.68781317	0.68798145	0.35370343	0.35364369	60067	46315	0
60067	46320	0.00133887	0.05194116	0.47395801	0.05200954	0.47185994	0.68779517	0.68805713	0.35365873	0.35381880	0.68778671	0.68791942	0.35369168	0.35371608	60067	46318	0
60067	46323	0.00181264	0.05197927	0.47156962	0.05203599	0.47014829	0.68786995	0.68792476	0.35378133	0.35363753	0.68793199	0.68799312	0.35377254	0.35378149	60067	46322	0
60067	46327	0.00036029	0.05200339	0.46968145	0.05190635	0.47403851	0.68757947	0.68786354	0.35379505	0.35378281	0.68771711	0.68819329	0.35372841	0.35378190	60067	46325	0
60067	46886	0.00172832	0.05179286	0.47278912	0.05169253	0.46868502	0.68679416	0.68710090	0.35247595	0.35266018	0.68674691	0.68710608	0.35255771	0.35255500	60067	46884	0
60067	46889	0.00154251	0.05139080	0.47117558	0.05192179	0.47173300	0.68692399	0.68707716	0.35270398	0.35274169	0.68698611	0.68700263	0.35252764	0.35265870	60067	46887	0
60067	46892	0.00132933	0.05173738	0.46959399	0.05162692	0.47023353	0.68699219	0.68729047	0.35272641	0.35268327	0.68700517	0.68704988	0.35266757	0.35268015	60067	46891	0
60067	46895	0.00146021	0.05181028	0.47120987	0.05167208	0.47081724	0.68695908	0.68714750	0.35277834	0.35261770	0.68710296	0.68721882	0.35277555	0.35261720	60067	46894	0
60067	46899	0.00113641	0.05183190	0.47181094	0.05181118	0.47278233	0.68728801	0.68721233	0.35290710	0.35283068	0.68714996	0.68730198	0.35291162	0.35278508	60067	46897	0
60067	47458	0.00165534	0.05174560	0.47248154	0.05176384	0.47092475	0.68637262	0.68666572	0.35178760	0.35188390	0.68644813	0.68651157	0.35176328	0.35187791	60067	47456	0
60067	47461	0.00084182	0.05170476	0.46969375	0.05168193	0.47213432	0.68630754	0.68630433	0.35189311	0.35189401	0.68638412	0.68659999	0.35190691	0.35183394	60067	47459	0
60067	47464	0.00170821	0.05167071	0.47270450	0.05168696	0.47010531	0.68611731	0.68599948	0.35179730	0.35161356	0.68620515	0.68629061	0.35181685	0.35173065	60067	47462	0
60067	47467	0.00092225	0.05176553	0.46893751	0.05182801	0.47129542	0.68604516	0.68599570	0.35161118	0.35172622	0.68614204	0.68620154	0.35167494	0.35165769	60067	47466	0
60067	47471	0.00093383	0.05182605	0.47153631	0.05163998	0.47150157	0.68635709	0.68616440	0.35171907	0.35160099	0.68631658	0.68659982	0.35172630	0.35175095	60067	47469	0
60067	48030	-0.00005441	0.05170411	0.47040161	0.05105323	0.47336631	0.68791177	0.68812517	0.35346686	0.35335469	0.68818688	0.68801638	0.35357919	0.35347590	60067	48028	0
60067	48033	0.00091827	0.05176798	0.47352594	0.05167379	0.47060792	0.68779188	0.68810636	0.35349742	0.35345642	0.68800249	0.68820817	0.35363243	0.35346242	60067	48031	0
60067	48036	0.00181857	0.05182153	0.47246515	0.05164520	0.46976423	0.68804604	0.68809945	0.35353177	0.35345938	0.68834958	0.68812312	0.35361370	0.35343686	60067	48035	0
60067	48039	0.00055573	0.05157861	0.46887108	0.05152798	0.47265960	0.68794292	0.68802640	0.35339151	0.35334549	0.68815393	0.68818269	0.35353637	0.35343497	60067	48038	0
60067	48043	0.00188754	0.05160401	0.47171413	0.05187597	0.46771870	0.68788367	0.68790364	0.35323949	0.35329011	0.68777142	0.68784899	0.35320481	0.35325379	60067	48041	0
60067	48602	0.00138484	0.05198086	0.46969832	0.05196298	0.47120643	0.68865707	0.68871089	0.35401880	0.35396605	0.68885938	0.68907319	0.35408158	0.35417772	60067	48600	0
60067	48605	0.00137462	0.05198631	0.47102227	0.05193669	0.47105294	0.68872313	0.68897146	0.35420040	0.35418471	0.68881048	0.68920622	0.35417764	0.35418150	60067	48603	0
60067	48608	0.00076933	0.05189644	0.47034546	0.05208397	0.47216132	0.68887581	0.68901386	0.35418159	0.35414601	0.68890860	0.68902216	0.35405915	0.35401552	60067	48607	0
60067	48611	0.00137891	0.05193396	0.47165042	0.05177337	0.46982168	0.68910712	0.68925027	0.35419062	0.35395898	0.68883809	0.68899775	0.35409514	0.35400894	60067	48610	0
60067	48615	0.00154355	0.05186042	0.47261845	0.05189576	0.47212452	0.68874927	0.68881163	0.35401313	0.35387591	0.68868838	0.68923375	0.35399374	0.35400122	60067	48613	0
60067	49174	0.00173838	0.05197377	0.47121532	0.05159174	0.47063084	0.68790799	0.68794300	0.35293956	0.35285230	0.68737799	0.68765548	0.35256815	0.35276487	60067	49172	0
60067	49177	0.00084510	0.05168562	0.46923810	0.05175025	0.47191794	0.68778745	0.68812008	0.35274860	0.35293513	0.68761201	0.68775713	0.35259839	0.35275731	60067	49175	0
60067	49180	0.00078296	0.05173818	0.47230670	0.05167064	0.47249311	0.68774086	0.68796905	0.35285920	0.35291401	0.68762606	0.68757692	0.35262427	0.35279584	60067	49179	0
60067	49183	0.00133780	0.05154755	0.47218292	0.05163080	0.47051841	0.68770881	0.68784415	0.35256042	0.35261918	0.68702144	0.68732540	0.35255656	0.35267061	60067	49182	0
60067	49187	0.00124880	0.05147176	0.47039878	0.05188216	0.47066578	0.68729384	0.68759796	0.35243059	0.35255352	0.68734323	0.68765343	0.35253043	0.35260931	60067	49185	0
60067	49746	0.00068580	0.05205364	0.47040309	0.05194210	0.47209210	0.68801490	0.68806289	0.35269486	0.35271589	0.68814958	0.68836100	0.35273496	0.35285969	60067	49744	0
60067	49749	0.00121845	0.05183123	0.47278408	0.05206404	0.47118612	0.68811449	0.68828837	0.35271540	0.35276955	0.68823504	0.68826610	0.35297818	0.35281384	60067	49747	0
60067	49752	0.00193902	0.05204520	0.47182959	0.05196700	0.46966788	0.68825040	0.68831910	0.35286421	0.35282066	0.68827045	0.68831729	0.35283101	0.35290842	60067	49751	0
60067	49755	0.00219181	0.05186318	0.47063759	0.05193757	0.46987921	0.68819642	0.68834326	0.35286766	0.35282806	0.68805319	0.68818475	0.35292033	0.35291220	60067	49754	0
60067	49759	0.00073772	0.05189376	0.46802872	0.05189383	0.47239100	0.68792813	0.68825311	0.35266799	0.35284276	0.68808154	0.68823454	0.35281557	0.35287128	60067	49757	0
60067	50318	0.00056869	0.05173197	0.47148350	0.05171430	0.47199061	0.68861368	0.68888304	0.35334040	0.35338132	0.68858804	0.68884319	0.35327507	0.35332823	60067	50316	0
60067	50321	0.00140672	0.05149821	0.47322078	0.05177982	0.47070667	0.68866060	0.68890136	0.35336381	0.35366982	0.68865403	0.68877400	0.35326554	0.35331040	60067	50319	0
60067	50324	0.00090541	0.05180441	0.47090692	0.05172663	0.47241086	0.68879520	0.68898896	0.35359932	0.35360425	0.68901788	0.68923761	0.35344722	0.35364731	60067	50322	0
60067	50327	0.00049174	0.05159623	0.47178566	0.05173858	0.47302665	0.68876586	0.68910474	0.35356045	0.35373482	0.68899742	0.68903506	0.35371296	0.35368502	60067	50326	0
60067	50331	0.00188385	0.05132825	0.47532527	0.05191268	0.47114896	0.68888863	0.68887137	0.35370294	0.35355256	0.68892289	0.68890465	0.35366144	0.35360458	60067	50329	0
60067	50890	0.00138913	0.05195937	0.47168912	0.05202684	0.47317329	0.68852601	0.68867991	0.35300136	0.35314072	0.68860045	0.68860473	0.35300933	0.35302938	60067	50888	0
60067	50893	0.00139312	0.05186972	0.46998302	0.05185910	0.46997105	0.68812271	0.68849807	0.35307893	0.35299527	0.68847867	0.68849667	0.35302502	0.35296783	60067	50891	0
60067	50896	0.00159260	0.05202498	0.47059016	0.05197436	0.46999173	0.68859758	0.68875033	0.35315337	0.35317786	0.68822107	0.68851836	0.35293586	0.35304630	60067	50894	0
60067	50899	0.00138912	0.05198995	0.46960417	0.05213842	0.47021459	0.68846306	0.68863053	0.35306052	0.35296545	0.68867063	0.68867038	0.35312741	0.35311114	60067	50898	0
60067	50903	0.00060142	0.05173236	0.46992296	0.05188468	0.47228607	0.68857671	0.68897696	0.35316438	0.35329397	0.68847761	0.68871492	0.35310432	0.35322930	60067	50901	0
60067	51462	0.00091910	0.05183217	0.47210523	0.05189313	0.47115218	0.68844548	0.68838253	0.35282543	0.35285887	0.68846199	0.68901090	0.35287103	0.35294047	60067	51460	0
60067	51465	0.00122692	0.05174818	0.47261382	0.05191745	0.47169034	0.68803470	0.68822813	0.35264933	0.35281368	0.68870259	0.68875715	0.35294088	0.35299823	60067	51463	0
60067	51468	0.00163411	0.05172666	0.47089855	0.05176883	0.46967700	0.68888501	0.68859692	0.35316241	0.35273019	0.68844466	0.68862773	0.35273011	0.35271039	60067	51466	0
60067	51471	0.00011676	0.05157580	0.47022400	0.05167325	0.47477604	0.68835402	0.68858509	0.35279091	0.35283915	0.68845484	0.68861459	0.35280061	0.35278508	60067	51470	0
60067	51475	0.00234363	0.05192819	0.47573735	0.05175020	0.46905674	0.68790479	0.68828360	0.35264892	0.35263273	0.68856282	0.68880128	0.35295460	0.35288188	60067	51473	0
60067	52034	0.00147439	0.05224767	0.46962919	0.05216595	0.47223693	0.68871418	0.68887293	0.35282822	0.35286216	0.68874516	0.68883604	0.35282904	0.35284408	60067	52032	0
60067	52037	0.00181526	0.05219380	0.47030766	0.05209480	0.46928505	0.68878386	0.68891188	0.35288845	0.35277752	0.68847572	0.68885305	0.35277218	0.35284835	60067	52035	0
60067	52040	0.00140587	0.05202791	0.47088148	0.05209770	0.47210964	0.68869462	0.68872051	0.35283627	0.35281055	0.68880046	0.68866709	0.35282600	0.35288467	60067	52038	0
60067	52043	0.00109375	0.05212203	0.47208243	0.05220303	0.47301878	0.68850070	0.68877638	0.35294351	0.35286980	0.68867022	0.68884795	0.35271811	0.35297144	60067	52042	0
60067	52047	0.00077725	0.05224363	0.47011705	0.05195032	0.47106655	0.68851697	0.68859947	0.35280669	0.35285394	0.68878139	0.68901961	0.35288656	0.35291598	60067	52045	0
60067	52606	0.00208103	0.05190949	0.47280140	0.05167023	0.46889005	0.68978085	0.69024520	0.35397369	0.35420016	0.69037914	0.69026443	0.35433015	0.35429720	60067	52604	0
60067	52609	0.00142386	0.05212491	0.46920464	0.05193133	0.47117616	0.69007987	0.69053592	0.35402628	0.35431848	0.69009515	0.69020230	0.35434544	0.35431248	60067	52607	0
60067	52612	0.00166318	0.05188653	0.47103053	0.05206194	0.47031258	0.69015670	0.69026549	0.35424765	0.35421503	0.69034980	0.69032080	0.35418479	0.35430361	60067	52610	0
60067	52615	0.00162788	0.05196356	0.46995402	0.05186627	0.47005992	0.69002062	0.69016171	0.35419235	0.35420936	0.68984815	0.69011290	0.35429252	0.35423574	60067	52614	0
60067	52619	0.00123035	0.05215517	0.47127447	0.05204409	0.47246708	0.69016656	0.69018834	0.35424708	0.35432358	0.69011520	0.69067364	0.35443854	0.35443484	60067	52617	0
60067	53178	0.00188236	0.05190084	0.47085727	0.05191255	0.46890122	0.68958232	0.68989227	0.35357401	0.35359381	0.68964921	0.68977542	0.35362939	0.35351994	60067	53176	0
60067	53181	0.00100770	0.05178748	0.46930870	0.05188818	0.47193269	0.68955701	0.68998110	0.35348313	0.35378420	0.68984100	0.68976302	0.35338099	0.35343925	60067	53179	0
60067	53184	0.00023320	0.05173350	0.46942538	0.05173841	0.47174888	0.68945191	0.68958290	0.35338904	0.35336718	0.68924155	0.68903719	0.35314129	0.35282329	60067	53182	0
60067	53187	0.00129413	0.05171227	0.47251328	0.05201571	0.46933048	0.68963294	0.68957386	0.35318435	0.35326858	0.68977567	0.68946440	0.35351632	0.35308953	60067	53186	0
60067	53191	0.00111612	0.05218602	0.47149268	0.05206109	0.47202670	0.68948684	0.68957591	0.35321853	0.35309955	0.68952160	0.68946613	0.35312716	0.35304573	60067	53189	0
60067	53750	0.00061359	0.05195886	0.47035157	0.05223515	0.47185916	0.68979473	0.68977698	0.35316225	0.35306980	0.68973820	0.68992111	0.35312412	0.35302921	60067	53748	0
60067	53753	0.00099433	0.05214783	0.47146969	0.05224353	0.47032750	0.68961782	0.68981388	0.35307868	0.35324475	0.68973105	0.69004988	0.35313760	0.35323686	60067	53751	0
60067	53756	0.00095656	0.05205533	0.47128343	0.05199931	0.47139674	0.68985743	0.68971922	0.35322930	0.35303480	0.68966614	0.68978438	0.35302050	0.35315880	60067	53754	0
60067	53759	0.00088270	0.05223634	0.47063412	0.05198117	0.47085571	0.68980977	0.68987904	0.35312091	0.35312979	0.68990895	0.68996844	0.35323702	0.35312897	60067	53758	0
60067	53763	-0.00051943	0.05220300	0.46985849	0.05199066	0.47406487	0.68968553	0.68984026	0.35308698	0.35308238	0.68935331	0.68961815	0.35287046	0.35300168	60067	53761	0
60067	54322	0.00054920	0.05202392	0.47334085	0.05210174	0.47013496	0.69081654	0.69106560	0.35399925	0.35414913	0.69076822	0.69088967	0.35398125	0.35388988	60067	54320	0
60067	54325	0.00174168	0.05192534	0.47413780	0.05176945	0.47056036	0.69060133	0.69096091	0.35394115	0.35393795	0.69078663	0.69088449	0.35388634	0.35390541	60067	54323	0
60067	54328	0.00101909	0.05207906	0.46907137	0.05193262	0.47123915	0.69109912	0.69097159	0.35396465	0.35392110	0.69067652	0.69099501	0.35401601	0.35391264	60067	54327	0
60067	54331	0.00147167	0.05213366	0.47272694	0.05222733	0.47136919	0.69089460	0.69092944	0.35408208	0.35399103	0.69102082	0.69105976	0.35398035	0.35407476	60067	54330	0
60067	54335	0.00108941	0.05191566	0.47160991	0.05203942	0.47275669	0.69079279	0.69097488	0.35398273	0.35387139	0.69052696	0.69047150	0.35370647	0.35377212	60067	54333	0
60067	54894	0.00068180	0.05161832	0.47073858	0.05097107	0.47196140	0.68929349	0.68949547	0.35252427	0.35258138	0.68926884	0.68950302	0.35252698	0.35250101	60067	54892	0
60067	54897	0.00157495	0.05161383	0.47260542	0.05161871	0.46992598	0.68934197	0.68969892	0.35269009	0.35267415	0.68939513	0.68954567	0.35251170	0.35252213	60067	54895	0
60067	54900	0.00088410	0.05171864	0.46850929	0.05168004	0.47058184	0.68952398	0.68985505	0.35261638	0.35280940	0.68955709	0.68974354	0.35256626	0.35256453	60067	54899	0
60067	54903	0.00156034	0.05187065	0.47434517	0.05162192	0.47231644	0.68935314	0.68948158	0.35254925	0.35255015	0.68981544	0.68971026	0.35274054	0.35270126	60067	54902	0
60067	54907	0.00126572	0.05173776	0.47031569	0.05180649	0.47119955	0.68991766	0.68977740	0.35296265	0.35266314	0.68963491	0.68970911	0.35270176	0.35275402	60067	54905	0
60067	55466	0.00035914	0.05168276	0.47037800	0.05160738	0.47309775	0.69073321	0.69104892	0.35363120	0.35357853	0.69080544	0.69092155	0.35374747	0.35371937	60067	55464	0
60067	55469	0.00059749	0.05152565	0.47198199	0.05152560	0.47126693	0.69061637	0.69093700	0.35368905	0.35378601	0.69054438	0.69056797	0.35391576	0.35373646	60067	55467	0
60067	55472	0.00109767	0.05138742	0.47337542	0.05153931	0.47187488	0.69127004	0.69083059	0.35414436	0.35391592	0.69102772	0.69124695	0.35414724	0.35403359	60067	55471	0
60067	55476	0.00121506	0.05147848	0.47062634	0.05157716	0.47027418	0.69080462	0.69108803	0.35417345	0.35423064	0.69107414	0.69123397	0.35404469	0.35414888	60067	55474	0
60067	55479	0.00204853	0.05141960	0.47284153	0.05145258	0.47034111	0.69075105	0.69114111	0.35412768	0.35405101	0.69110151	0.69123068	0.35408208	0.35416597	60067	55477	0
60067	56038	0.00035503	0.05138230	0.46924244	0.05142489	0.47432294	0.69154532	0.69184253	0.35394641	0.35411108	0.69108392	0.69118639	0.35385142	0.35388322	60067	56036	0
60067	56041	0.00054150	0.05149817	0.47153970	0.05144755	0.47098028	0.69145337	0.69195700	0.35399555	0.35410369	0.69161081	0.69166093	0.35422374	0.35415734	60067	56039	0
60067	56044	0.00083315	0.05134403	0.47292853	0.05145152	0.47205358	0.69174228	0.69203884	0.35412949	0.35417838	0.69173423	0.69190482	0.35420048	0.35418537	60067	56043	0
60067	56048	0.00168630	0.05155394	0.47430210	0.05158768	0.47174267	0.69164861	0.69193325	0.35415266	0.35422711	0.69179783	0.69206037	0.35420484	0.35433221	60067	56046	0
60067	56051	0.00249177	0.05146547	0.47279746	0.05140491	0.47038103	0.69186669	0.69206102	0.35420961	0.35425965	0.69206612	0.69195979	0.35450855	0.35435940	60067	56049	0
60067	56610	0.00066291	0.05119490	0.46750086	0.05124618	0.47298745	0.69148615	0.69170333	0.35394526	0.35400393	0.69168443	0.69157605	0.35399719	0.35389530	60067	56608	0
60067	56613	0.00175935	0.05118248	0.47374541	0.05130501	0.47045610	0.69147465	0.69139601	0.35393712	0.35394189	0.69117020	0.69126355	0.35365478	0.35383564	60067	56611	0
60067	56616	0.00123529	0.05120689	0.47176188	0.05114781	0.47333404	0.69098712	0.69129872	0.35370967	0.35361608	0.69101572	0.69144375	0.35351756	0.35371132	60067	56615	0
60067	56620	0.00221710	0.05122817	0.47214744	0.05122563	0.46920204	0.69120299	0.69140045	0.35370754	0.35372471	0.69123627	0.69133644	0.35364090	0.35361304	60067	56618	0
60067	56623	0.00147523	0.05120336	0.47148631	0.05130388	0.47371192	0.69130998	0.69125476	0.35380376	0.35365109	0.69109847	0.69120948	0.35352471	0.35353095	60067	56621	0
60067	57182	0.00120353	0.05128357	0.47072989	0.05089101	0.47154498	0.69307617	0.69339952	0.35522286	0.35532344	0.69305530	0.69322942	0.35532673	0.35529033	60067	57180	0
60067	57185	0.00169924	0.05082098	0.47563609	0.05078188	0.47414895	0.69241149	0.69295176	0.35497955	0.35512631	0.69297691	0.69307757	0.35525976	0.35526715	60067	57184	0
60067	57188	0.00131014	0.05086565	0.47150604	0.05096751	0.47267337	0.69305670	0.69339089	0.35532262	0.35540389	0.69314848	0.69330017	0.35526083	0.35527685	60067	57187	0
60067	57192	0.00208433	0.05098663	0.47318119	0.05077673	0.47085861	0.69322367	0.69323756	0.35531950	0.35517874	0.69306179	0.69316442	0.35523576	0.35526436	60067	57190	0
60067	57195	0.00122137	0.05080387	0.46920959	0.05083911	0.47179846	0.69315506	0.69318817	0.35522081	0.35528959	0.69290977	0.69310912	0.35527406	0.35530462	60067	57193	0
60067	57754	0.00044259	0.05069887	0.46964087	0.05084541	0.47197721	0.69194985	0.69245117	0.35395167	0.35421717	0.69193925	0.69207278	0.35395290	0.35392924	60067	57752	0
60067	57757	0.00076216	0.05069467	0.47288938	0.05088958	0.47193067	0.69216456	0.69206694	0.35391017	0.35383071	0.69215675	0.69206908	0.35388889	0.35378429	60067	57756	0
60067	57760	0.00091856	0.05101965	0.47227082	0.05045952	0.47180160	0.69207376	0.69233260	0.35387262	0.35389431	0.69211033	0.69229357	0.35373276	0.35400253	60067	57759	0
60067	57764	0.00255269	0.05098958	0.47292612	0.05099311	0.46802375	0.69209693	0.69222537	0.35398741	0.35389062	0.69203761	0.69227451	0.35393885	0.35378314	60067	57762	0
60067	57767	0.00166168	0.05107256	0.46995748	0.05099523	0.47263051	0.69204254	0.69212052	0.35392579	0.35384000	0.69212676	0.69228190	0.35393671	0.35404452	60067	57765	0
60067	58326	-0.00047701	0.05077588	0.46800713	0.05088775	0.47442318	0.69265948	0.69295185	0.35459713	0.35473427	0.69270969	0.69287649	0.35471619	0.35475703	60067	58324	0
60067	58329	0.00101133	0.05068061	0.47448211	0.05072441	0.47001712	0.69282867	0.69312745	0.35478735	0.35488325	0.69281963	0.69304388	0.35482910	0.35472959	60067	58328	0
60067	58332	0.00280845	0.05077054	0.47227561	0.05072899	0.46688422	0.69318431	0.69317708	0.35511193	0.35502409	0.69303533	0.69322663	0.35495876	0.35492170	60067	58331	0
60067	58336	0.00235501	0.05058945	0.47069930	0.05065718	0.47205962	0.69304528	0.69312498	0.35525968	0.35515113	0.69314930	0.69304947	0.35515647	0.35507233	60067	58334	0
60067	58339	0.00110290	0.05057892	0.46998750	0.05045684	0.47374384	0.69284724	0.69341595	0.35502204	0.35532270	0.69303180	0.69333493	0.35521859	0.35526798	60067	58337	0
60067	58898	0.00151489	0.05052251	0.47235773	0.05041997	0.47112178	0.69232044	0.69252538	0.35410673	0.35427107	0.69191336	0.69223983	0.35386095	0.35405249	60067	58896	0
60067	58901	0.00062635	0.05049343	0.47068844	0.05053187	0.47335405	0.69187318	0.69199126	0.35386416	0.35405143	0.69210671	0.69232570	0.35418339	0.35394140	60067	58900	0
60067	58904	0.00151788	0.05061860	0.47185915	0.05061911	0.46918457	0.69192577	0.69196061	0.35398947	0.35380697	0.69177466	0.69209743	0.35377221	0.35379061	60067	58903	0
60067	58908	0.00165039	0.04947112	0.47200217	0.05054412	0.47160464	0.69202503	0.69218206	0.35385586	0.35394189	0.69204254	0.69212356	0.35392307	0.35389390	60067	58906	0
60067	58911	0.00131297	0.05053899	0.47006362	0.05049094	0.47107588	0.69192865	0.69169536	0.35385594	0.35366957	0.69195971	0.69186652	0.35376399	0.35372471	60067	58909	0
60067	59470	0.00088062	0.05019015	0.47186381	0.05041110	0.47316085	0.69273368	0.69278553	0.35469844	0.35459474	0.69253400	0.69294913	0.35463460	0.35465292	60067	59468	0
60067	59473	0.00091674	0.05026900	0.47034602	0.05040160	0.47023765	0.69246293	0.69277058	0.35455810	0.35459803	0.69244025	0.69293418	0.35458792	0.35472293	60067	59472	0
60067	59477	0.00169546	0.05032712	0.47354910	0.05028595	0.47121296	0.69264658	0.69296614	0.35474380	0.35484142	0.69277033	0.69306376	0.35463624	0.35486599	60067	59475	0
60067	59480	0.00252972	0.05026894	0.47278885	0.05038972	0.47028605	0.69280632	0.69284502	0.35472277	0.35461011	0.69265085	0.69281363	0.35465506	0.35464922	60067	59478	0
60067	59483	0.00119083	0.05042246	0.47030717	0.05027585	0.47432384	0.69251798	0.69267706	0.35475169	0.35462038	0.69240121	0.69280599	0.35472983	0.35473756	60067	59481	0
60067	60042	0.00148356	0.04990486	0.47301943	0.05043336	0.47214125	0.69267197	0.69294848	0.35478620	0.35484709	0.69242644	0.69287017	0.35472178	0.35464799	60067	60040	0
60067	60045	0.00121130	0.05010337	0.47087803	0.05033524	0.47169482	0.69285636	0.69293911	0.35473476	0.35490650	0.69258273	0.69290986	0.35487133	0.35466262	60067	60044	0
60067	60049	0.00177226	0.05016676	0.47168382	0.05027518	0.47000094	0.69252349	0.69298069	0.35466648	0.35460567	0.69275192	0.69288479	0.35479500	0.35480214	60067	60047	0
60067	60052	0.00100195	0.05012219	0.47055704	0.05033506	0.47286796	0.69270656	0.69289654	0.35480387	0.35470855	0.69247303	0.69274461	0.35462917	0.35462022	60067	60050	0
60067	60055	0.00095905	0.04999007	0.47176964	0.05061252	0.47189836	0.69253088	0.69291043	0.35453722	0.35477207	0.69241675	0.69287124	0.35464413	0.35471858	60067	60053	0
60067	60614	0.00106605	0.05077662	0.47137931	0.05059273	0.47105830	0.69233819	0.69279654	0.35426220	0.35429901	0.69223137	0.69254214	0.35414872	0.35421486	60067	60612	0
60067	60617	0.00170735	0.05066452	0.47327165	0.05073743	0.47134775	0.69187063	0.69231485	0.35400377	0.35411741	0.69255266	0.69261478	0.35425751	0.35433237	60067	60616	0
60067	60621	0.00074158	0.05056280	0.47021485	0.05049192	0.47311215	0.69241502	0.69272037	0.35436458	0.35446031	0.69243302	0.69274395	0.35436885	0.35441290	60067	60619	0
60067	60624	0.00157978	0.05064911	0.47233753	0.05070688	0.46982295	0.69259284	0.69259514	0.35442785	0.35428372	0.69256794	0.69271840	0.35434659	0.35446845	60067	60622	0
60067	60627	0.00108821	0.05061732	0.47201727	0.05041023	0.47349197	0.69237130	0.69257920	0.35442021	0.35436738	0.69243819	0.69267139	0.35422169	0.35432119	60067	60625	0
60067	61186	0.00024879	0.05052347	0.47042655	0.05048696	0.47294480	0.69156076	0.69169709	0.35363219	0.35361403	0.69160834	0.69170908	0.35356850	0.35352816	60067	61185	0
60067	61189	0.00130124	0.05035558	0.47404266	0.05065495	0.47088530	0.69160103	0.69197943	0.35357573	0.35370696	0.69187737	0.69180235	0.35380187	0.35374690	60067	61188	0
60067	61193	0.00058759	0.05055780	0.47014514	0.05065831	0.47228610	0.69147950	0.69198493	0.35351526	0.35368888	0.69152346	0.69182634	0.35354106	0.35354426	60067	61191	0
60067	61196	0.00152813	0.05066659	0.47302969	0.05061545	0.47020806	0.69186636	0.69179602	0.35358617	0.35350129	0.69161952	0.69172149	0.35356965	0.35351115	60067	61194	0
60067	61199	0.00158998	0.05049398	0.47114331	0.05045444	0.47095777	0.69135912	0.69176299	0.35356809	0.35365791	0.69161261	0.69189545	0.35362167	0.35367689	60067	61198	0
60067	61758	0.00055543	0.05037527	0.47000636	0.05026346	0.47311000	0.69241165	0.69253220	0.35432703	0.35427575	0.69200613	0.69231502	0.35405019	0.35407813	60067	61756	0
60067	61761	0.00102156	0.05029155	0.47241104	0.05049885	0.47101266	0.69228839	0.69236588	0.35425636	0.35414001	0.69215782	0.69245660	0.35405783	0.35403951	60067	61760	0
60067	61765	0.00086039	0.05047425	0.47232053	0.05041367	0.47280402	0.69207992	0.69247073	0.35392957	0.35409424	0.69191336	0.69214180	0.35379653	0.35393162	60067	61763	0
60067	61768	0.00100696	0.05044110	0.47171265	0.05039016	0.47127292	0.69195322	0.69189824	0.35375865	0.35370967	0.69192265	0.69189504	0.35379941	0.35370548	60067	61766	0
60067	61771	0.00152434	0.05040260	0.47359178	0.05054100	0.47203965	0.69172182	0.69203268	0.35361789	0.35373129	0.69186694	0.69221879	0.35378264	0.35383071	60067	61770	0
60067	62330	0.00141797	0.05042904	0.47176298	0.05034536	0.47208207	0.68920154	0.68928749	0.35314507	0.35306150	0.68929768	0.68945832	0.35295148	0.35293381	60067	62329	0
60067	62333	0.00118925	0.05060485	0.47300127	0.05064232	0.47368745	0.68922948	0.68953392	0.35303817	0.35319109	0.68932192	0.68946843	0.35312428	0.35317474	60067	62332	0
60067	62337	0.00123150	0.05048935	0.47123278	0.05077469	0.47110602	0.68949349	0.68959982	0.35321993	0.35315461	0.68923893	0.68954115	0.35295945	0.35303159	60067	62335	0
60067	62340	0.00178149	0.05058216	0.47318241	0.05059977	0.47153246	0.68934295	0.68968931	0.35282830	0.35300168	0.68917549	0.68932192	0.35295706	0.35303858	60067	62338	0
60067	62343	0.00089097	0.05053601	0.47253451	0.05043065	0.47520608	0.68930532	0.68935775	0.35302305	0.35304819	0.68920803	0.68931937	0.35282912	0.35298139	60067	62342	0
60067	62902	0.00124381	0.05109809	0.47367305	0.05112513	0.47261451	0.68979876	0.68994511	0.35438603	0.35448611	0.69028464	0.69030551	0.35457872	0.35453459	60067	62901	0
60067	62905	0.00084804	0.05109080	0.47183430	0.05111704	0.47302160	0.69039286	0.69045589	0.35458069	0.35445201	0.69032614	0.69034750	0.35470066	0.35463986	60067	62904	0
60067	62909	0.00103336	0.05103329	0.47213870	0.05135572	0.47158275	0.69069049	0.69026434	0.35481299	0.35446130	0.69025572	0.69054102	0.35453468	0.35460666	60067	62907	0
60067	62912	0.00083494	0.05122337	0.47130370	0.05053803	0.47189896	0.69008924	0.69044627	0.35445160	0.35460189	0.69024257	0.69053847	0.35455045	0.35465917	60067	62910	0
60067	62915	0.00073735	0.05116829	0.47305999	0.05091270	0.47335277	0.69030403	0.69039722	0.35447814	0.35462474	0.69038473	0.69031776	0.35450164	0.35456204	60067	62914	0
60067	63474	0.00119156	0.05129017	0.47326772	0.05118016	0.47190509	0.68855600	0.68877794	0.35337630	0.35337902	0.68879528	0.68909759	0.35336554	0.35328082	60067	63473	0
60067	63477	0.00210669	0.05127599	0.47511638	0.05128303	0.47237099	0.68888263	0.68894278	0.35359759	0.35340736	0.68879314	0.68880292	0.35338082	0.35334023	60067	63476	0
60067	63481	0.00082231	0.05132181	0.47176401	0.05145174	0.47561716	0.68869676	0.68875231	0.35335001	0.35334113	0.68874269	0.68882914	0.35330942	0.35336981	60067	63479	0
60067	63484	0.00161388	0.05131590	0.47307625	0.05120672	0.47070153	0.68838196	0.68864877	0.35313792	0.35320835	0.68883456	0.68887647	0.35342314	0.35334138	60067	63482	0
60067	63487	0.00102359	0.05127289	0.46952672	0.05123651	0.47129759	0.68877523	0.68891353	0.35324335	0.35338929	0.68873990	0.68905996	0.35327573	0.35341928	60067	63486	0
60067	64046	0.00093479	0.05160800	0.47162679	0.05134657	0.47189320	0.68883078	0.68887688	0.35362512	0.35362652	0.68868854	0.68917270	0.35363728	0.35367253	60067	64045	0
60067	64049	0.00091866	0.05156094	0.47266321	0.05150952	0.47271160	0.68885264	0.68890449	0.35362668	0.35362586	0.68913260	0.68915174	0.35379497	0.35365207	60067	64048	0
60067	64053	0.00173711	0.05160070	0.47231276	0.05165998	0.46985740	0.68872897	0.68928921	0.35371296	0.35384213	0.68874277	0.68913054	0.35363794	0.35376407	60067	64051	0
60067	64056	0.00116544	0.05158267	0.47135786	0.05146930	0.47307287	0.68868698	0.68881837	0.35356267	0.35357253	0.68860719	0.68892651	0.35363260	0.35365265	60067	64054	0
60067	64059	0.00089641	0.05120245	0.47091250	0.05151298	0.47171958	0.68888082	0.68908683	0.35364270	0.35371986	0.68894557	0.68918280	0.35370721	0.35375240	60067	64058	0
60067	64618	0.00089814	0.05180800	0.47276068	0.05162710	0.47275548	0.68754603	0.68767191	0.35225351	0.35229690	0.68764028	0.68769402	0.35230775	0.35237915	60067	64617	0
60067	64621	0.00103470	0.05166927	0.47306741	0.05161744	0.47265773	0.68773436	0.68790980	0.35243988	0.35237817	0.68785968	0.68787603	0.35253174	0.35248220	60067	64620	0
60067	64625	0.00167724	0.05141810	0.47332732	0.05165840	0.47139971	0.68763469	0.68798433	0.35241744	0.35253725	0.68768991	0.68781826	0.35252271	0.35228696	60067	64623	0
60067	64628	0.00093717	0.05173367	0.47084150	0.05151907	0.47306172	0.68745646	0.68759960	0.35243749	0.35238844	0.68774850	0.68808565	0.35256954	0.35248770	60067	64626	0
60067	64631	0.00091535	0.05157330	0.47090248	0.05166120	0.47096793	0.68771210	0.68784028	0.35249847	0.35260471	0.68785064	0.68777110	0.35265393	0.35252295	60067	64630	0
60067	65190	0.00200235	0.05181564	0.47333690	0.05170150	0.47007589	0.68880958	0.68897515	0.35371181	0.35375972	0.68878139	0.68884549	0.35383663	0.35389587	60067	65189	0
60067	65193	0.00080771	0.05189045	0.46972809	0.05176463	0.47331202	0.68870120	0.68870267	0.35384526	0.35382036	0.68872453	0.68863250	0.35375150	0.35354352	60067	65192	0
60067	65197	0.00113189	0.05194503	0.47195313	0.05200093	0.47098058	0.68865871	0.68867087	0.35364147	0.35366596	0.68883530	0.68886455	0.35377475	0.35385898	60067	65195	0
60067	65200	0.00203715	0.05197950	0.47238411	0.05153689	0.46966832	0.68924451	0.68894656	0.35417304	0.35383219	0.68887326	0.68899282	0.35382956	0.35379283	60067	65198	0
60067	65203	0.00229451	0.05186081	0.47422492	0.05173385	0.47345285	0.68890547	0.68893727	0.35388996	0.35381025	0.68892059	0.68918888	0.35388947	0.35384444	60067	65202	0
60067	65762	0.00146161	0.05185591	0.47036193	0.05198311	0.47286063	0.68769500	0.68772031	0.35250578	0.35244316	0.68786329	0.68790315	0.35247735	0.35255903	60067	65761	0
60067	65765	0.00131096	0.05229188	0.47203529	0.05185638	0.47248724	0.68776074	0.68787529	0.35253930	0.35256026	0.68791662	0.68814498	0.35261449	0.35264210	60067	65764	0
60067	65769	0.00060200	0.05216388	0.47036606	0.05178516	0.47249294	0.68780380	0.68789838	0.35262000	0.35251326	0.68793010	0.68792262	0.35270135	0.35265558	60067	65767	0
60067	65772	0.00136372	0.05211019	0.47253174	0.05212076	0.47024660	0.68788383	0.68797644	0.35266437	0.35272723	0.68772155	0.68812410	0.35259526	0.35266511	60067	65770	0
60067	65775	0.00140875	0.05209626	0.47173076	0.05187005	0.47159566	0.68799764	0.68810060	0.35277473	0.35273200	0.68802870	0.68833594	0.35262895	0.35281474	60067	65774	0
60067	66334	0.00103503	0.05225947	0.47150297	0.05231805	0.47262413	0.68710953	0.68712835	0.35210971	0.35214718	0.68725818	0.68731291	0.35221440	0.35213707	60067	66333	0
60067	66337	0.00175413	0.05221829	0.47312363	0.05204626	0.47096633	0.68754857	0.68753181	0.35237094	0.35231966	0.68765959	0.68751234	0.35251038	0.35228375	60067	66336	0
60067	66341	0.00156107	0.05207162	0.47127746	0.05228794	0.47185664	0.68725530	0.68722046	0.35215113	0.35226765	0.68713977	0.68724898	0.35217808	0.35208646	60067	66339	0
60067	66344	0.00166145	0.05185678	0.46974152	0.05204601	0.46944038	0.68735054	0.68738777	0.35230150	0.35217126	0.68713501	0.68743896	0.35243035	0.35222023	60067	66342	0
60067	66347	0.00076718	0.05204428	0.47162475	0.05231264	0.47430756	0.68716894	0.68730428	0.35208892	0.35223091	0.68724980	0.68724249	0.35215754	0.35228293	60067	66346	0
60067	66906	0.00092172	0.05234274	0.47237861	0.05232646	0.47191499	0.68832271	0.68832444	0.35294006	0.35292773	0.68798614	0.68828878	0.35289527	0.35290694	60067	66905	0
60067	66909	0.00134991	0.05173529	0.47288504	0.05250913	0.47160046	0.68826659	0.68821359	0.35278401	0.35279716	0.68843060	0.68859906	0.35300793	0.35298722	60067	66908	0
60067	66913	0.00160725	0.05213348	0.47311118	0.05226790	0.47233918	0.68835040	0.68852387	0.35286084	0.35280825	0.68830332	0.68838886	0.35277555	0.35288484	60067	66911	0
60067	66916	0.00080790	0.05245887	0.47067840	0.05239155	0.47307644	0.68830135	0.68846043	0.35291121	0.35283734	0.68842066	0.68848426	0.35291910	0.35300144	60067	66914	0
60067	66919	0.00094589	0.05230925	0.47304225	0.05227023	0.47262829	0.68819946	0.68808474	0.35267349	0.35262690	0.68850094	0.68855353	0.35314565	0.35303061	60067	66918	0
60067	67478	0.00122763	0.05248916	0.47221147	0.05234477	0.47136624	0.68740929	0.68769459	0.35218786	0.35222976	0.68763970	0.68775852	0.35227874	0.35237365	60067	67477	0
60067	67481	0.00196375	0.05252828	0.47308066	0.05253774	0.47087232	0.68757323	0.68774965	0.35230742	0.35212878	0.68765721	0.68798203	0.35226608	0.35232352	60067	67480	0
60067	67485	0.00074398	0.05239954	0.46960350	0.05226561	0.47326280	0.68764685	0.68785023	0.35222122	0.35235458	0.68770519	0.68794472	0.35224628	0.35237241	60067	67483	0
60067	67488	0.00144030	0.05216589	0.47253278	0.05233274	0.47044381	0.68762779	0.68768005	0.35230643	0.35226666	0.68730181	0.68763034	0.35221325	0.35230528	60067	67486	0
60067	67491	0.00126497	0.05201359	0.47123075	0.05209854	0.47175673	0.68743781	0.68756764	0.35247825	0.35229353	0.68745523	0.68767668	0.35219632	0.35234094	60067	67490	0
60067	68050	0.00088307	0.05244222	0.47060162	0.05262893	0.47174733	0.68922430	0.68944559	0.35383893	0.35389440	0.68944723	0.68947122	0.35392020	0.35400040	60067	68049	0
60067	68053	0.00134380	0.05264676	0.47263132	0.05232759	0.47124914	0.68938486	0.68906217	0.35381576	0.35349036	0.68954518	0.68955208	0.35398593	0.35393499	60067	68052	0
60067	68057	0.00067990	0.05246594	0.47159663	0.05247607	0.47358834	0.68940606	0.68957328	0.35382315	0.35398142	0.68928502	0.68944748	0.35368749	0.35384608	60067	68055	0
60067	68060	0.00149963	0.05250124	0.47237986	0.05239988	0.46992065	0.68937015	0.68929932	0.35394123	0.35382447	0.68907795	0.68936235	0.35371871	0.35371978	60067	68058	0
60067	68063	0.00088146	0.05263601	0.46967814	0.05189971	0.47153266	0.68944896	0.68939168	0.35386186	0.35374131	0.68956079	0.68936062	0.35395956	0.35388462	60067	68062	0
60067	68622	0.00155424	0.05249227	0.47148521	0.05262498	0.46946686	0.68933704	0.68970845	0.35345749	0.35351608	0.68913966	0.68941806	0.35343481	0.35348609	60067	68621	0
60067	68626	0.00173175	0.05249801	0.47239929	0.05279414	0.47186678	0.68927278	0.68924188	0.35344245	0.35329964	0.68937607	0.68953392	0.35347869	0.35365322	60067	68624	0
60067	68629	0.00060914	0.05252058	0.46912163	0.05265356	0.47248944	0.68951551	0.68943901	0.35348896	0.35350145	0.68933145	0.68966704	0.35362643	0.35352594	60067	68627	0
60067	68632	0.00069283	0.05283788	0.47096462	0.05275785	0.47071355	0.68959826	0.68954477	0.35367064	0.35372307	0.68953055	0.68972513	0.35350425	0.35361304	60067	68630	0
60067	68635	0.00077502	0.05278253	0.47153294	0.05278792	0.47128639	0.68952028	0.68978578	0.35353005	0.35362652	0.68924098	0.68939423	0.35348781	0.35338091	60067	68634	0
60067	69194	0.00178406	0.05266139	0.47348730	0.05262478	0.47046018	0.69021430	0.69028801	0.35434174	0.35422169	0.69024717	0.69022959	0.35437058	0.35425102	60067	69193	0
60067	69198	0.00098692	0.05263915	0.47033611	0.05230637	0.47272751	0.69025580	0.69025185	0.35428027	0.35437600	0.69020083	0.69067216	0.35433985	0.35473476	60067	69196	0
60067	69201	0.00141464	0.05273267	0.47271979	0.05276690	0.47143665	0.69028300	0.69017806	0.35434650	0.35438652	0.69020230	0.69018390	0.35436688	0.35430821	60067	69199	0
60067	69204	0.00123428	0.05267479	0.47075585	0.05282203	0.47129693	0.69017396	0.69011676	0.35432769	0.35423722	0.69025424	0.69041143	0.35416918	0.35419523	60067	69202	0
60067	69207	0.00086838	0.05275171	0.47175424	0.05270197	0.47285193	0.69041365	0.69064472	0.35424149	0.35430936	0.68989194	0.68996631	0.35396909	0.35401059	60067	69206	0
60067	69766	0.00066382	0.05282176	0.47098575	0.05245597	0.47159944	0.69050806	0.69051119	0.35453961	0.35451594	0.69031094	0.69052417	0.35441241	0.35446023	60067	69765	0
60067	69770	0.00107552	0.05276938	0.47239454	0.05233133	0.47115944	0.69064159	0.69058670	0.35482770	0.35447108	0.69035416	0.69036213	0.35456508	0.35439548	60067	69768	0
60067	69773	0.00144008	0.05252205	0.47192636	0.05272502	0.47083268	0.69035958	0.69046419	0.35442268	0.35450567	0.69039878	0.69048070	0.35430254	0.35423286	60067	69771	0
60067	69776	0.00159264	0.05248784	0.47233429	0.05274049	0.47187661	0.69040124	0.69039960	0.35444092	0.35424576	0.69008776	0.69016952	0.35417337	0.35412291	60067	69774	0
60067	69779	0.00052064	0.05256528	0.47024803	0.05256533	0.47346402	0.69010279	0.69027840	0.35437510	0.35421289	0.69014930	0.69036040	0.35420081	0.35422703	60067	69778	0
60067	70338	0.00195480	0.05259372	0.47417339	0.05272774	0.46987090	0.68996088	0.68985579	0.35395298	0.35385027	0.68989350	0.69008135	0.35386835	0.35394608	60067	70337	0
60067	70342	0.00079942	0.05284056	0.46864512	0.05251899	0.47211129	0.68988677	0.68996245	0.35390672	0.35372824	0.68977460	0.68977131	0.35372200	0.35391897	60067	70340	0
60067	70345	0.00060865	0.05276253	0.46961573	0.05251649	0.47018803	0.68987871	0.69005464	0.35403631	0.35398569	0.68972538	0.68999162	0.35399308	0.35409506	60067	70343	0
60067	70348	0.00161497	0.05273479	0.47233810	0.05274420	0.46931914	0.68987773	0.68996450	0.35401248	0.35380894	0.68999688	0.69014709	0.35387656	0.35405332	60067	70347	0
60067	70351	0.00029141	0.05251520	0.46895962	0.05289012	0.47293030	0.69010822	0.69006516	0.35401272	0.35420878	0.69015826	0.69017560	0.35419112	0.35423220	60067	70350	0
60067	70910	0.00141531	0.05260200	0.47342126	0.05256868	0.47004956	0.68983623	0.68980616	0.35360137	0.35353752	0.68962834	0.68928560	0.35313998	0.35293669	60067	70909	0
60067	70914	0.00201035	0.05270173	0.47271507	0.05250298	0.47092994	0.68920893	0.68932973	0.35306512	0.35312987	0.68936950	0.68948906	0.35304400	0.35308640	60067	70912	0
60067	70917	0.00116746	0.05277729	0.47221424	0.05271331	0.47474291	0.68929267	0.68974806	0.35312034	0.35322182	0.68960730	0.68942628	0.35319832	0.35313217	60067	70915	0
60067	70920	0.00120408	0.05272948	0.47164053	0.05289532	0.47153070	0.68938462	0.68983713	0.35310103	0.35344303	0.68925248	0.68938914	0.35300530	0.35300776	60067	70919	0
60067	70923	0.00203775	0.05247844	0.47113431	0.05258485	0.46863329	0.68914525	0.68923786	0.35291992	0.35308887	0.68910753	0.68933548	0.35302535	0.35295780	60067	70922	0
60067	71483	0.00152413	0.05239800	0.46988131	0.05264169	0.47142216	0.69024586	0.69048547	0.35435365	0.35434708	0.69054562	0.69082015	0.35446015	0.35453057	60067	71481	0
60067	71486	0.00123808	0.05265855	0.47197242	0.05218417	0.47283056	0.69036813	0.69049730	0.35434774	0.35440361	0.69061234	0.69049204	0.35452063	0.35445628	60067	71484	0
60067	71489	0.00097346	0.05234632	0.47037753	0.05246826	0.47117140	0.69067380	0.69064299	0.35451997	0.35449762	0.69042885	0.69052187	0.35434733	0.35440016	60067	71488	0
60067	71492	0.00239459	0.05240480	0.47444914	0.05249994	0.47018574	0.69033099	0.69064981	0.35448743	0.35449244	0.69039155	0.69056090	0.35447403	0.35442876	60067	71491	0
60067	71496	0.00096949	0.05250105	0.46785340	0.05251704	0.47212871	0.69050823	0.69039779	0.35463451	0.35447584	0.69051973	0.69043304	0.35440238	0.35450740	60067	71494	0
60067	72057	0.00144875	0.05270731	0.47133735	0.05280592	0.46989957	0.68840562	0.68844088	0.35193378	0.35204997	0.68817538	0.68830899	0.35202491	0.35186443	60067	72055	0
60067	72060	0.00178990	0.05263349	0.47255686	0.05271840	0.47153342	0.68812624	0.68796001	0.35181611	0.35144700	0.68836733	0.68823454	0.35194364	0.35177363	60067	72058	0
60067	72063	0.00158613	0.05251685	0.47133323	0.05259292	0.47194454	0.68829445	0.68818499	0.35172597	0.35184882	0.68790808	0.68797759	0.35174372	0.35174175	60067	72062	0
60067	72067	0.00190570	0.05253224	0.47082778	0.05268077	0.46986906	0.68817694	0.68817193	0.35183534	0.35169031	0.68808351	0.68821573	0.35188621	0.35184093	60067	72065	0
60067	72070	0.00097950	0.05262367	0.46908953	0.05267438	0.47186815	0.68777504	0.68776132	0.35156713	0.35162589	0.68762557	0.68787430	0.35166993	0.35170346	60067	72068	0
60067	72629	0.00083300	0.05287035	0.47026164	0.05313053	0.47070115	0.68991774	0.69008496	0.35333070	0.35348280	0.68984724	0.68961626	0.35337581	0.35316151	60067	72628	0
60067	72633	0.00115778	0.05293312	0.47178168	0.05285871	0.47080733	0.68963844	0.68988134	0.35324836	0.35332963	0.68977337	0.68973467	0.35331747	0.35335478	60067	72631	0
60067	72636	0.00065479	0.05290763	0.46939120	0.05297472	0.47090017	0.68955192	0.68979851	0.35320169	0.35330408	0.68968824	0.68972604	0.35328764	0.35323365	60067	72634	0
60067	72639	0.00132443	0.05302535	0.47157296	0.05275765	0.46956404	0.68952636	0.68952135	0.35325576	0.35321944	0.68965307	0.68983993	0.35306939	0.35315830	60067	72637	0
60067	72642	0.00041503	0.05315018	0.46945154	0.05301503	0.47217972	0.68980295	0.68983286	0.35322264	0.35332421	0.68960656	0.68979884	0.35320210	0.35320604	60067	72641	0
