% File initiated 06/12/2022 13:15:12 UTC
% Raw fountain data
%
% File notes: maser 5 MHz RF amplitudes 280 800 1280 1740 2200 2660 1280 microwave leakage pio2 3pio2 5pio2 7pio2 9pio2 11pio2 no water cooling
%
%% fountain_code = ALPHA-CsF1
%% microwave_ref = ALPHA HM1
%% MJD_start = 59919.552225
%% clock_data = False
%% sequence = 10
%% density = LD
%
% Units: V.s, Hz
%
% Shot B MJD days	Shot B MJD seconds	freq error	shot A sum	shot A ratio	shot B sum	shot B ratio	shot A F=3 bg 1	shot A F=3 bg 2	shot A F=4 bg 1	shot A F=4 bg 2	shot B F=3 bg 1	shot B F=3 bg 2	shot B F=4 bg 1	shot B F=4 bg 2	Shot A MJD days	Shot A MJD seconds	Shot order (0=LF->HF)
59919	48188	0.00044413	0.00628094	0.50999601	0.00625786	0.50982724	0.58675960	0.58599376	0.32010447	0.32014572	0.58664251	0.58600609	0.32008285	0.32019025	59919	48186	0
59919	48191	-0.00251081	0.00628740	0.50967808	0.00623782	0.51080096	0.58656411	0.58595539	0.32001613	0.32013668	0.58654160	0.58578965	0.31996740	0.31999353	59919	48190	0
59919	48195	-0.00683924	0.00623153	0.50938140	0.00623276	0.51102620	0.58666067	0.58596755	0.31993684	0.32009526	0.58672106	0.58587535	0.31998589	0.32000783	59919	48193	0
59919	48198	0.00759868	0.00623097	0.51295739	0.00627924	0.50747098	0.58667644	0.58593780	0.32002673	0.32000068	0.58675598	0.58592630	0.32001013	0.32015484	59919	48196	0
59919	48201	-0.00348741	0.00625522	0.50950009	0.00623480	0.51371280	0.58664974	0.58595383	0.31993544	0.31996716	0.58662394	0.58583361	0.31986559	0.31997340	59919	48199	0
59919	48204	0.00358081	0.00631224	0.51088842	0.00622194	0.50820249	0.58664744	0.58580123	0.31985023	0.31996872	0.58653757	0.58582095	0.31988901	0.31996453	59919	48203	0
59919	48208	0.00026465	0.00623716	0.51011308	0.00628029	0.51137322	0.58652188	0.58578505	0.31984012	0.31993560	0.58668770	0.58584010	0.31990364	0.31991457	59919	48206	0
59919	48211	0.00063262	0.00624858	0.51031946	0.00626402	0.51017963	0.58661884	0.58580756	0.31981941	0.31988153	0.58641308	0.58581167	0.31977857	0.31988918	59919	48209	0
59919	48214	-0.00365782	0.00628802	0.50876107	0.00625765	0.51039144	0.58637767	0.58566532	0.31975137	0.31981760	0.58639402	0.58575637	0.31977315	0.31984850	59919	48212	0
59919	48217	0.00417958	0.00622464	0.51141234	0.00626735	0.50843412	0.58637323	0.58564289	0.31973741	0.31976534	0.58644184	0.58562982	0.31968736	0.31976904	59919	48216	0
59919	48221	-0.00058940	0.00624613	0.50921686	0.00623219	0.51102907	0.58633305	0.58568710	0.31968038	0.31982747	0.58638358	0.58578653	0.31972007	0.31991186	59919	48219	0
59919	48224	-0.00114035	0.00625632	0.51022263	0.00620103	0.51043199	0.58639024	0.58556647	0.31969911	0.31976395	0.58634299	0.58550295	0.31963913	0.31977751	59919	48222	0
59919	48227	0.00690748	0.00622503	0.51225564	0.00624823	0.50919746	0.58633560	0.58559597	0.31961489	0.31970018	0.58625589	0.58552563	0.31958391	0.31964143	59919	48226	0
59919	48230	-0.00316485	0.00625115	0.50844810	0.00623125	0.51227558	0.58630371	0.58553229	0.31952647	0.31969131	0.58633740	0.58552834	0.31958941	0.31961604	59919	48229	0
59919	48234	0.00553613	0.00630622	0.51155710	0.00629273	0.50825073	0.58624003	0.58558759	0.31953288	0.31953814	0.58623929	0.58550155	0.31942589	0.31953403	59919	48232	0
59919	48237	-0.00293326	0.00627251	0.50893207	0.00624876	0.51215044	0.58623502	0.58548660	0.31943962	0.31956747	0.58615046	0.58545159	0.31935580	0.31949656	59919	48235	0
59919	48240	0.00407661	0.00635605	0.51135375	0.00623278	0.50869000	0.58622031	0.58545751	0.31937445	0.31949040	0.58620355	0.58551298	0.31941398	0.31941883	59919	48239	0
59919	48243	-0.00506313	0.00620282	0.50895480	0.00622470	0.51242790	0.58623880	0.58546400	0.31934200	0.31948875	0.58617511	0.58546926	0.31934216	0.31939368	59919	48242	0
59919	48247	-0.00075030	0.00626866	0.51086318	0.00625249	0.50922431	0.58603296	0.58541067	0.31922194	0.31938390	0.58603813	0.58539679	0.31924520	0.31932490	59919	48245	0
59919	48250	0.00018004	0.00625372	0.51071305	0.00627201	0.51035952	0.58603082	0.58524863	0.31917445	0.31922523	0.58602408	0.58530549	0.31921085	0.31926533	59919	48248	0
59919	48253	0.00246096	0.00628809	0.51035603	0.00628850	0.50948928	0.58598135	0.58523302	0.31912383	0.31917839	0.58608604	0.58525085	0.31908127	0.31917223	59919	48252	0
59919	48257	0.00242639	0.00623979	0.51199881	0.00621765	0.51201195	0.58601710	0.58516424	0.31906064	0.31912580	0.58596295	0.58521346	0.31908907	0.31914782	59919	48255	0
59919	48260	-0.00195105	0.00620265	0.50960949	0.00626911	0.51127292	0.58593049	0.58529604	0.31903714	0.31915226	0.58596443	0.58521231	0.31900279	0.31906754	59919	48258	0
59919	48263	0.00098380	0.00625149	0.51094663	0.00624870	0.50983139	0.58584462	0.58519514	0.31898759	0.31901298	0.58587790	0.58511699	0.31901421	0.31907806	59919	48261	0
59919	48266	0.00207711	0.00623614	0.51170462	0.00621409	0.51128916	0.58596960	0.58519686	0.31904075	0.31904733	0.58591307	0.58513170	0.31901865	0.31905924	59919	48265	0
59919	48270	-0.00622878	0.00626083	0.50846208	0.00622829	0.51161831	0.58596262	0.58516153	0.31895275	0.31904988	0.58595350	0.58514337	0.31883935	0.31897576	59919	48268	0
59919	48273	0.00766129	0.00627692	0.51288034	0.00628744	0.50760212	0.58597264	0.58523614	0.31892037	0.31897896	0.58598686	0.58514435	0.31901972	0.31903402	59919	48271	0
59919	48276	0.00020110	0.00626264	0.50900545	0.00623421	0.51184032	0.58594282	0.58525997	0.31898734	0.31919187	0.58583591	0.58517804	0.31897765	0.31909211	59919	48274	0
59919	48279	-0.00126632	0.00618742	0.51018400	0.00624351	0.51074162	0.58590543	0.58517887	0.31897724	0.31908956	0.58596311	0.58512636	0.31898784	0.31900263	59919	48278	0
59919	48283	-0.00385164	0.00625772	0.51047536	0.00620196	0.51145778	0.58588916	0.58518199	0.31895694	0.31902900	0.58580986	0.58515002	0.31889671	0.31900978	59919	48281	0
59919	48988	0.00405816	0.00634438	0.51105369	0.00631752	0.50804797	0.58650125	0.58570074	0.31940749	0.31944151	0.58649271	0.58579170	0.31941702	0.31943222	59919	48987	0
59919	48992	0.00145717	0.00625492	0.50972361	0.00629776	0.51071199	0.58658162	0.58591997	0.31942203	0.31948851	0.58661227	0.58588406	0.31956180	0.31958136	59919	48990	0
59919	48995	-0.00119820	0.00620928	0.50944678	0.00628293	0.51045582	0.58657521	0.58583336	0.31939261	0.31946221	0.58655236	0.58576459	0.31937273	0.31947166	59919	48993	0
59919	48998	-0.00130464	0.00629707	0.51016797	0.00632444	0.51020842	0.58671087	0.58599697	0.31941858	0.31956230	0.58664924	0.58584306	0.31938620	0.31949541	59919	48997	0
59919	49002	0.00052442	0.00630263	0.51018820	0.00622326	0.50949316	0.58662772	0.58584117	0.31947396	0.31948456	0.58667899	0.58595342	0.31944060	0.31955260	59919	49000	0
59919	49005	0.00049762	0.00626172	0.50992065	0.00628079	0.50993083	0.58659707	0.58595670	0.31945498	0.31958227	0.58657003	0.58590526	0.31941817	0.31954332	59919	49003	0
59919	49008	-0.00413354	0.00621277	0.50904495	0.00629615	0.51080478	0.58650668	0.58572112	0.31941201	0.31949130	0.58656921	0.58597108	0.31946369	0.31952754	59919	49006	0
59919	49011	-0.00158112	0.00634254	0.51017980	0.00629530	0.50920988	0.58648359	0.58591151	0.31942737	0.31949977	0.58658827	0.58581109	0.31944750	0.31954241	59919	49010	0
59919	49015	-0.00134960	0.00631418	0.51008497	0.00629725	0.50999700	0.58656847	0.58578324	0.31951357	0.31956928	0.58642828	0.58582482	0.31949122	0.31953140	59919	49013	0
59919	49018	-0.00060475	0.00622794	0.51047215	0.00628062	0.51018911	0.58680217	0.58609960	0.31960749	0.31969123	0.58666946	0.58599105	0.31954973	0.31956887	59919	49016	0
59919	49021	-0.00017572	0.00626793	0.50942576	0.00629859	0.50926273	0.58671917	0.58585588	0.31957158	0.31963272	0.58658063	0.58580855	0.31948678	0.31964792	59919	49019	0
59919	49024	0.00187109	0.00620862	0.51005315	0.00626273	0.50927536	0.58665574	0.58580682	0.31955433	0.31955252	0.58684785	0.58588932	0.31961045	0.31960051	59919	49023	0
59919	49028	0.00255436	0.00633512	0.50973541	0.00628810	0.50947576	0.58662993	0.58585637	0.31949336	0.31955236	0.58662147	0.58594117	0.31945252	0.31958350	59919	49026	0
59919	49031	0.00222015	0.00629467	0.51066582	0.00635201	0.51079282	0.58669156	0.58597946	0.31947027	0.31953206	0.58678409	0.58606993	0.31960190	0.31960108	59919	49029	0
59919	49034	-0.00604756	0.00621594	0.50965715	0.00631135	0.51279888	0.58689198	0.58611135	0.31959106	0.31962483	0.58685886	0.58609270	0.31955211	0.31959237	59919	49033	0
59919	49037	0.00389238	0.00626162	0.51151055	0.00630101	0.50773337	0.58676880	0.58604956	0.31961752	0.31960651	0.58686914	0.58611003	0.31957742	0.31965006	59919	49036	0
59919	49041	-0.00278310	0.00631897	0.50984170	0.00631067	0.51237839	0.58691589	0.58609023	0.31954422	0.31965803	0.58683857	0.58613904	0.31955630	0.31960864	59919	49039	0
59919	49044	0.00027048	0.00623916	0.51090638	0.00630698	0.50974602	0.58681737	0.58600765	0.31956895	0.31967594	0.58670413	0.58599869	0.31956361	0.31963214	59919	49042	0
59919	49047	0.00075148	0.00635670	0.50938591	0.00633224	0.50920313	0.58679198	0.58602967	0.31957125	0.31967964	0.58667932	0.58599064	0.31957323	0.31961431	59919	49046	0
59919	49050	0.00114783	0.00629985	0.51016949	0.00635305	0.51001888	0.58683076	0.58607371	0.31960503	0.31962606	0.58694071	0.58611291	0.31965121	0.31963288	59919	49049	0
59919	49054	-0.00145949	0.00623551	0.50885146	0.00625183	0.50984224	0.58687308	0.58605786	0.31964652	0.31963559	0.58694358	0.58618489	0.31966994	0.31974965	59919	49052	0
59919	49057	-0.00041691	0.00628727	0.50938815	0.00630365	0.50899197	0.58690315	0.58625153	0.31965630	0.31977225	0.58692370	0.58613280	0.31963469	0.31966797	59919	49055	0
59919	49060	0.00780539	0.00635860	0.51216670	0.00632006	0.50904222	0.58688935	0.58613148	0.31955293	0.31969106	0.58685549	0.58610001	0.31955441	0.31969533	59919	49059	0
59919	49064	-0.00770321	0.00632972	0.50813189	0.00627264	0.51402516	0.58688992	0.58616049	0.31957980	0.31966740	0.58680685	0.58606492	0.31951949	0.31956821	59919	49062	0
59919	49067	0.00363354	0.00636757	0.51223835	0.00630633	0.50793038	0.58665409	0.58591151	0.31945465	0.31957955	0.58671942	0.58592235	0.31947791	0.31958637	59919	49065	0
59919	49070	-0.00242260	0.00633381	0.50838792	0.00627441	0.51068925	0.58670077	0.58599869	0.31946328	0.31952631	0.58683257	0.58601463	0.31952129	0.31962812	59919	49068	0
59919	49073	-0.00092835	0.00624050	0.51063831	0.00628165	0.51007049	0.58680611	0.58608604	0.31953420	0.31961694	0.58677768	0.58611570	0.31948226	0.31963724	59919	49072	0
59919	49077	0.00259725	0.00637207	0.51069333	0.00633351	0.50935360	0.58677275	0.58600650	0.31952787	0.31963001	0.58679543	0.58598916	0.31957479	0.31955104	59919	49075	0
59919	49080	-0.00204537	0.00625549	0.50815588	0.00628942	0.50992008	0.58686659	0.58606591	0.31956090	0.31968202	0.58694399	0.58619541	0.31970610	0.31970396	59919	49078	0
59919	49083	0.00024591	0.00625828	0.51207603	0.00632847	0.51120535	0.58703701	0.58629517	0.31965638	0.31978104	0.58693298	0.58615285	0.31959172	0.31965154	59919	49082	0
59919	49789	0.00362926	0.00624450	0.51111890	0.00633929	0.50983322	0.58731623	0.58658696	0.31927790	0.31931496	0.58722338	0.58658737	0.31920091	0.31935720	59919	49787	0
59919	49792	-0.00018191	0.00635462	0.50908666	0.00625558	0.51053490	0.58738945	0.58659978	0.31927856	0.31939861	0.58716651	0.58637520	0.31911948	0.31921882	59919	49791	0
59919	49796	0.00206059	0.00627872	0.51148365	0.00636662	0.51063150	0.58727794	0.58648556	0.31928727	0.31932671	0.58721138	0.58648367	0.31921085	0.31932006	59919	49794	0
59919	49799	-0.00077898	0.00631932	0.51131311	0.00623762	0.51239215	0.58727416	0.58638243	0.31922260	0.31925999	0.58724260	0.58657340	0.31918636	0.31927642	59919	49797	0
59919	49802	0.00485747	0.00629571	0.51090812	0.00630172	0.50876627	0.58730826	0.58638449	0.31923410	0.31927141	0.58731204	0.58645039	0.31927609	0.31933920	59919	49800	0
59919	49805	0.00064504	0.00635560	0.50843001	0.00632457	0.51003074	0.58732313	0.58660158	0.31925563	0.31935621	0.58725000	0.58646452	0.31925095	0.31928439	59919	49804	0
59919	49809	-0.00088225	0.00635431	0.51036449	0.00629981	0.51094486	0.58726709	0.58644020	0.31922720	0.31922293	0.58725493	0.58640922	0.31917511	0.31920789	59919	49807	0
59919	49812	0.00041261	0.00627580	0.51135518	0.00631755	0.51086313	0.58732823	0.58641711	0.31920288	0.31926155	0.58732001	0.58646921	0.31922646	0.31930543	59919	49810	0
59919	49815	-0.00214653	0.00631216	0.50929176	0.00631951	0.51026424	0.58730481	0.58650569	0.31928135	0.31926919	0.58721951	0.58653996	0.31920313	0.31929647	59919	49813	0
59919	49818	0.00158510	0.00630322	0.51127527	0.00635668	0.50985725	0.58726093	0.58643650	0.31922696	0.31928908	0.58722839	0.58652853	0.31916097	0.31925736	59919	49817	0
59919	49822	0.00254381	0.00633533	0.51107493	0.00627662	0.51071062	0.58720637	0.58655820	0.31916270	0.31922843	0.58740284	0.58674736	0.31939220	0.31942039	59919	49820	0
59919	49825	0.00241729	0.00633768	0.51079103	0.00627560	0.51083911	0.58725197	0.58643198	0.31923649	0.31926763	0.58732847	0.58652664	0.31927133	0.31932786	59919	49823	0
59919	49828	0.00015659	0.00627825	0.51048954	0.00632606	0.51134860	0.58725526	0.58647052	0.31918562	0.31927601	0.58712042	0.58630256	0.31916541	0.31911816	59919	49827	0
59919	49831	0.00002333	0.00631534	0.51093980	0.00627936	0.51099044	0.58717309	0.58636197	0.31915530	0.31920871	0.58719314	0.58637290	0.31918324	0.31921175	59919	49830	0
59919	49835	-0.00515753	0.00631073	0.50896574	0.00627589	0.51093446	0.58710562	0.58647866	0.31914487	0.31925596	0.58734203	0.58647233	0.31924577	0.31924281	59919	49833	0
59919	49838	0.00548216	0.00622255	0.51355121	0.00623299	0.50950813	0.58731245	0.58649838	0.31921644	0.31927577	0.58715213	0.58640832	0.31915136	0.31920050	59919	49836	0
59919	49841	-0.00589341	0.00623630	0.50912334	0.00624408	0.51344606	0.58717457	0.58634743	0.31911479	0.31916179	0.58724507	0.58640273	0.31920691	0.31924470	59919	49840	0
59919	49844	-0.00046196	0.00630274	0.51196659	0.00626780	0.50990265	0.58717637	0.58639936	0.31909893	0.31913772	0.58718089	0.58643075	0.31912145	0.31920954	59919	49843	0
59919	49848	0.00051607	0.00629190	0.51104036	0.00628618	0.51066871	0.58711614	0.58632984	0.31905965	0.31909154	0.58714614	0.58631563	0.31911685	0.31919154	59919	49846	0
59919	49851	0.00056709	0.00630380	0.51047596	0.00629270	0.51045657	0.58710875	0.58631891	0.31911742	0.31914626	0.58708755	0.58627545	0.31907732	0.31908365	59919	49849	0
59919	49854	-0.00221088	0.00624382	0.51047236	0.00628522	0.51152799	0.58701984	0.58631119	0.31903960	0.31914281	0.58707958	0.58629122	0.31903147	0.31908809	59919	49853	0
59919	49858	0.00299790	0.00624679	0.51116430	0.00632669	0.50918496	0.58711754	0.58632647	0.31910929	0.31910164	0.58714400	0.58644751	0.31908159	0.31913312	59919	49856	0
59919	49861	-0.00104454	0.00628531	0.51089793	0.00624739	0.51243406	0.58711047	0.58631752	0.31899581	0.31905062	0.58712074	0.58642409	0.31908784	0.31916746	59919	49859	0
59919	49864	-0.00028523	0.00635483	0.51083431	0.00625193	0.51054578	0.58715263	0.58645294	0.31899310	0.31908348	0.58721187	0.58641785	0.31909441	0.31914873	59919	49862	0
59919	49867	0.00449295	0.00629434	0.51217733	0.00626170	0.51036162	0.58709700	0.58633083	0.31896927	0.31905694	0.58717695	0.58641966	0.31897272	0.31911060	59919	49866	0
59919	49871	0.00082364	0.00633352	0.51070418	0.00626131	0.51209852	0.58698344	0.58633568	0.31890657	0.31894889	0.58695920	0.58626805	0.31892949	0.31911027	59919	49869	0
59919	49874	0.00288726	0.00631086	0.51195692	0.00625707	0.51117274	0.58695591	0.58617199	0.31889811	0.31884905	0.58687144	0.58618966	0.31885529	0.31893853	59919	49872	0
59919	49877	-0.00133638	0.00626653	0.51034655	0.00632787	0.51195153	0.58698155	0.58614800	0.31891322	0.31893631	0.58690693	0.58615802	0.31889737	0.31893500	59919	49875	0
59919	49880	0.00157525	0.00622118	0.51134233	0.00626378	0.51023591	0.58693356	0.58615580	0.31891183	0.31884938	0.58687858	0.58620338	0.31881758	0.31888463	59919	49879	0
59919	49884	0.00024548	0.00627740	0.51107451	0.00625382	0.51157983	0.58688228	0.58621308	0.31881199	0.31887995	0.58688754	0.58626600	0.31882925	0.31891438	59919	49882	0
59919	50589	0.00205933	0.00629623	0.51183828	0.00629869	0.51114902	0.58742215	0.58658515	0.31928234	0.31938185	0.58730859	0.58662040	0.31919976	0.31940182	59919	50588	0
59919	50593	0.00321946	0.00632692	0.51166552	0.00631128	0.51122467	0.58737548	0.58676182	0.31932022	0.31936533	0.58743982	0.58668556	0.31933575	0.31939261	59919	50591	0
59919	50596	0.00377965	0.00634787	0.51041954	0.00639170	0.51020667	0.58744261	0.58673380	0.31935613	0.31935531	0.58751993	0.58665656	0.31933246	0.31941570	59919	50594	0
59919	50599	-0.00331585	0.00634666	0.50900795	0.00636819	0.51170424	0.58746126	0.58663864	0.31936262	0.31936673	0.58751911	0.58665820	0.31928012	0.31936098	59919	50598	0
59919	50603	-0.00017603	0.00635352	0.51218911	0.00634854	0.51099598	0.58760580	0.58675623	0.31944726	0.31940634	0.58747556	0.58669707	0.31924914	0.31932581	59919	50601	0
59919	50606	0.00023249	0.00634422	0.51078586	0.00631813	0.51063063	0.58745724	0.58660052	0.31920986	0.31926796	0.58734203	0.58661868	0.31928448	0.31932918	59919	50604	0
59919	50609	0.00245353	0.00631980	0.51212673	0.00629410	0.51128273	0.58729388	0.58662254	0.31921340	0.31934569	0.58739701	0.58660701	0.31921668	0.31923254	59919	50607	0
59919	50612	-0.00300036	0.00634263	0.51069994	0.00632468	0.51277242	0.58735107	0.58642237	0.31920477	0.31917864	0.58746603	0.58680997	0.31928259	0.31933748	59919	50611	0
59919	50616	0.00162955	0.00635558	0.51271499	0.00629527	0.51095562	0.58740029	0.58665072	0.31911726	0.31917905	0.58728574	0.58648753	0.31907486	0.31916368	59919	50614	0
59919	50619	0.00206157	0.00629193	0.51129707	0.00635165	0.51113290	0.58734187	0.58659780	0.31913895	0.31925292	0.58727564	0.58646124	0.31905209	0.31908217	59919	50617	0
59919	50622	-0.00355285	0.00633444	0.50992819	0.00631055	0.51206167	0.58725214	0.58660487	0.31910649	0.31924027	0.58735477	0.58653240	0.31904519	0.31911849	59919	50620	0
59919	50625	0.00618537	0.00628980	0.51234212	0.00634491	0.50864159	0.58731993	0.58651785	0.31913755	0.31916426	0.58727728	0.58655524	0.31906072	0.31920986	59919	50624	0
59919	50629	-0.00359990	0.00628476	0.50865762	0.00631400	0.51237603	0.58730678	0.58659707	0.31912523	0.31929253	0.58727695	0.58656814	0.31908176	0.31916196	59919	50627	0
59919	50632	-0.00115371	0.00634628	0.51079168	0.00632322	0.50986212	0.58715000	0.58645376	0.31905702	0.31910222	0.58725033	0.58645902	0.31899121	0.31909696	59919	50630	0
59919	50635	-0.00378749	0.00635614	0.51009778	0.00633780	0.51109862	0.58716586	0.58651908	0.31900969	0.31915333	0.58712798	0.58644595	0.31890953	0.31902021	59919	50634	0
59919	50638	0.00168662	0.00639245	0.51193876	0.00629997	0.50985860	0.58720037	0.58653281	0.31901512	0.31910616	0.58722872	0.58642442	0.31901914	0.31903057	59919	50637	0
59919	50642	0.00113825	0.00631455	0.51118295	0.00631171	0.51139133	0.58714194	0.58646715	0.31896549	0.31903336	0.58723348	0.58648005	0.31892917	0.31906253	59919	50640	0
59919	50645	-0.00005068	0.00631940	0.51042253	0.00636228	0.51087433	0.58730095	0.58643971	0.31897485	0.31901931	0.58729889	0.58664021	0.31901167	0.31904141	59919	50643	0
59919	50648	-0.00425669	0.00633222	0.51041673	0.00632494	0.51201502	0.58738797	0.58663716	0.31904133	0.31916713	0.58740235	0.58662024	0.31905357	0.31916130	59919	50647	0
59919	50652	0.00264392	0.00631589	0.51304027	0.00625728	0.51041805	0.58734885	0.58646575	0.31903402	0.31908077	0.58723735	0.58650240	0.31898841	0.31908176	59919	50650	0
59919	50655	0.00055630	0.00631500	0.51090342	0.00631679	0.51169672	0.58722970	0.58650339	0.31898537	0.31907707	0.58713759	0.58641415	0.31895185	0.31896877	59919	50653	0
59919	50658	-0.00438560	0.00633459	0.50986310	0.00635678	0.51174102	0.58714375	0.58637249	0.31896047	0.31901323	0.58721647	0.58640832	0.31896573	0.31897855	59919	50656	0
59919	50661	-0.00250033	0.00635420	0.51116774	0.00635686	0.51045134	0.58718492	0.58641645	0.31889663	0.31897132	0.58714367	0.58629155	0.31889737	0.31894100	59919	50660	0
59919	50665	0.00264831	0.00630394	0.51161185	0.00631241	0.50965536	0.58720374	0.58650183	0.31894108	0.31909532	0.58721237	0.58643354	0.31891462	0.31902596	59919	50663	0
59919	50668	-0.00306902	0.00630341	0.51031235	0.00630670	0.51248493	0.58719815	0.58641900	0.31890032	0.31898439	0.58721458	0.58633058	0.31884823	0.31893771	59919	50666	0
59919	50671	0.00064652	0.00633422	0.51187366	0.00638509	0.51046175	0.58723274	0.58650405	0.31895406	0.31899014	0.58741130	0.58632779	0.31896565	0.31888257	59919	50669	0
59919	50674	0.00453063	0.00628860	0.51218688	0.00638784	0.51071091	0.58722625	0.58650413	0.31882834	0.31899729	0.58717794	0.58637372	0.31880295	0.31888405	59919	50673	0
59919	50678	-0.00087267	0.00638135	0.51047407	0.00626385	0.51252732	0.58724211	0.58650306	0.31881150	0.31887871	0.58717103	0.58649049	0.31884880	0.31894807	59919	50676	0
59919	50681	0.00135371	0.00629106	0.51192767	0.00631087	0.51108165	0.58712370	0.58639903	0.31879794	0.31877641	0.58719396	0.58636945	0.31877797	0.31887995	59919	50679	0
59919	50684	-0.00238856	0.00628664	0.51115626	0.00632691	0.51257832	0.58713981	0.58647307	0.31878241	0.31886811	0.58723283	0.58640314	0.31883549	0.31886910	59919	50683	0
59919	51390	-0.00127433	0.00641228	0.51062756	0.00630325	0.51020415	0.58810434	0.58741894	0.31921512	0.31923599	0.58831872	0.58742116	0.31918587	0.31932877	59919	51388	0
59919	51393	0.00298661	0.00632566	0.51190114	0.00631659	0.51028199	0.58829629	0.58755223	0.31930346	0.31935457	0.58819604	0.58751772	0.31925292	0.31938448	59919	51392	0
59919	51396	-0.00001613	0.00627174	0.51180824	0.00626876	0.51294928	0.58832037	0.58749586	0.31921521	0.31928538	0.58820179	0.58736841	0.31917626	0.31922293	59919	51395	0
59919	51400	-0.00201290	0.00633841	0.51105010	0.00634322	0.51180887	0.58812891	0.58743579	0.31922794	0.31928152	0.58814871	0.58734450	0.31915037	0.31917897	59919	51398	0
59919	51403	-0.00155574	0.00631722	0.51164519	0.00638910	0.51147147	0.58818298	0.58736693	0.31924881	0.31931003	0.58803761	0.58758715	0.31918480	0.31928998	59919	51401	0
59919	51406	0.00043876	0.00633069	0.51162041	0.00636527	0.51086250	0.58821880	0.58741360	0.31932679	0.31936911	0.58829292	0.58743259	0.31918636	0.31928982	59919	51405	0
59919	51410	-0.00009879	0.00634695	0.51076516	0.00635731	0.51096943	0.58828249	0.58738657	0.31919203	0.31929047	0.58821231	0.58740645	0.31926196	0.31932343	59919	51408	0
59919	51413	0.00360448	0.00633295	0.51280246	0.00635485	0.51139521	0.58810319	0.58748156	0.31916073	0.31923452	0.58810631	0.58739364	0.31919992	0.31928834	59919	51411	0
59919	51416	-0.00371188	0.00631338	0.51064436	0.00634063	0.51342457	0.58802874	0.58728344	0.31912893	0.31923756	0.58806720	0.58739922	0.31909466	0.31925646	59919	51414	0
59919	51419	0.00203571	0.00629638	0.51274135	0.00626599	0.51055727	0.58812151	0.58732650	0.31931102	0.31930954	0.58815915	0.58750169	0.31931965	0.31943288	59919	51418	0
59919	51423	-0.00289270	0.00630220	0.51033910	0.00630627	0.51221189	0.58812800	0.58738098	0.31933501	0.31934988	0.58818725	0.58746126	0.31928497	0.31938900	59919	51421	0
59919	51426	-0.00011098	0.00634779	0.51212348	0.00627233	0.51106643	0.58810721	0.58728558	0.31923057	0.31930559	0.58810598	0.58730670	0.31917700	0.31935720	59919	51424	0
59919	51429	-0.00139128	0.00631114	0.51222226	0.00636645	0.51270877	0.58814846	0.58737104	0.31929212	0.31934816	0.58813836	0.58746126	0.31928061	0.31937552	59919	51428	0
59919	51432	0.00235984	0.00633244	0.51291587	0.00629402	0.51149045	0.58822644	0.58745148	0.31931940	0.31934824	0.58818273	0.58741056	0.31931389	0.31937150	59919	51431	0
59919	51436	-0.00721175	0.00630417	0.50900897	0.00623929	0.51264617	0.58820146	0.58741500	0.31924988	0.31941266	0.58820902	0.58743924	0.31933928	0.31938234	59919	51434	0
59919	51439	0.00062811	0.00630372	0.51339498	0.00634224	0.51041584	0.58825455	0.58747104	0.31931447	0.31936993	0.58817887	0.58744976	0.31928637	0.31934339	59919	51437	0
59919	51442	0.00483771	0.00635095	0.51276203	0.00636343	0.51116238	0.58825364	0.58736447	0.31931143	0.31928341	0.58816597	0.58746726	0.31924224	0.31936443	59919	51441	0
59919	51445	-0.00163703	0.00634744	0.51029544	0.00634411	0.51275584	0.58824107	0.58755050	0.31933098	0.31936172	0.58817172	0.58736997	0.31925678	0.31934824	59919	51444	0
59919	51449	-0.00009468	0.00632513	0.51156801	0.00631461	0.51098192	0.58815791	0.58739068	0.31927642	0.31939187	0.58820122	0.58755880	0.31937158	0.31948908	59919	51447	0
59919	51452	-0.00440697	0.00633295	0.51131447	0.00630585	0.51295314	0.58839383	0.58758559	0.31948243	0.31949599	0.58840467	0.58767820	0.31939385	0.31943814	59919	51450	0
59919	51455	0.00234539	0.00630144	0.51256996	0.00634160	0.51000406	0.58837468	0.58760391	0.31942803	0.31955613	0.58824888	0.58739659	0.31931882	0.31937092	59919	51454	0
59919	51459	0.00334137	0.00639006	0.51251958	0.00631773	0.51214111	0.58835208	0.58753629	0.31932679	0.31943994	0.58839202	0.58769915	0.31940831	0.31957306	59919	51457	0
59919	51462	0.00304652	0.00638265	0.51209820	0.00630981	0.51221024	0.58844666	0.58776053	0.31948785	0.31954915	0.58846786	0.58776760	0.31953263	0.31960560	59919	51460	0
59919	51465	-0.00229578	0.00636208	0.51129883	0.00639612	0.51332890	0.58847904	0.58774648	0.31951604	0.31955638	0.58849383	0.58776760	0.31945243	0.31955844	59919	51463	0
59919	51468	0.00215095	0.00635973	0.51253718	0.00636367	0.51084742	0.58861397	0.58768797	0.31955975	0.31949705	0.58843647	0.58766078	0.31944570	0.31947922	59919	51467	0
59919	51472	-0.00230890	0.00637751	0.51090736	0.00630245	0.51260210	0.58837378	0.58763974	0.31943107	0.31950576	0.58850517	0.58775404	0.31949837	0.31962310	59919	51470	0
59919	51475	0.00046355	0.00636188	0.51273520	0.00636868	0.51168167	0.58850164	0.58775700	0.31947232	0.31957380	0.58852243	0.58768321	0.31955745	0.31945441	59919	51473	0
59919	51478	-0.00342862	0.00636200	0.51045530	0.00640530	0.51193432	0.58842292	0.58760432	0.31951258	0.31955819	0.58846507	0.58758657	0.31944701	0.31946796	59919	51476	0
59919	51481	-0.00431004	0.00633757	0.51138246	0.00636595	0.51171739	0.58861487	0.58775536	0.31956871	0.31960544	0.58843097	0.58762536	0.31950124	0.31953609	59919	51480	0
59919	51485	0.00169060	0.00635660	0.51234452	0.00631051	0.51006428	0.58826737	0.58753579	0.31937421	0.31950174	0.58841026	0.58763933	0.31950848	0.31957019	59919	51483	0
59919	52190	0.00091725	0.00633042	0.51188442	0.00642475	0.51217829	0.58890099	0.58815553	0.31955893	0.31955753	0.58890592	0.58810549	0.31954422	0.31955433	59919	52189	0
59919	52194	0.00213020	0.00634037	0.51158168	0.00636553	0.51112076	0.58891069	0.58808075	0.31953543	0.31955178	0.58891266	0.58803490	0.31953609	0.31952787	59919	52192	0
59919	52197	0.00207771	0.00638583	0.51132628	0.00634680	0.51134622	0.58891611	0.58817903	0.31948571	0.31956624	0.58888628	0.58813228	0.31945967	0.31958506	59919	52195	0
59919	52200	-0.00161346	0.00634185	0.51198583	0.00639762	0.51338847	0.58915309	0.58817344	0.31966370	0.31956994	0.58895210	0.58821108	0.31956115	0.31964143	59919	52199	0
59919	52204	0.00232232	0.00635164	0.51205351	0.00639465	0.51055792	0.58894725	0.58804567	0.31960108	0.31961801	0.58883879	0.58810039	0.31950067	0.31964965	59919	52202	0
59919	52207	0.00207042	0.00637924	0.51128080	0.00635113	0.51137652	0.58880616	0.58812784	0.31954299	0.31959928	0.58887297	0.58809275	0.31951825	0.31965318	59919	52205	0
59919	52210	-0.00241630	0.00633782	0.51110974	0.00633986	0.51281469	0.58892433	0.58810993	0.31952269	0.31959936	0.58901636	0.58812932	0.31968317	0.31963297	59919	52208	0
59919	52213	0.00078067	0.00634796	0.51180342	0.00633501	0.51058857	0.58893690	0.58813901	0.31968120	0.31964176	0.58894635	0.58811954	0.31967216	0.31959648	59919	52212	0
59919	52217	0.00062339	0.00636771	0.51283503	0.00636458	0.51289480	0.58878151	0.58808741	0.31954208	0.31956583	0.58890009	0.58813507	0.31951842	0.31960273	59919	52215	0
59919	52220	0.00174841	0.00633532	0.51200311	0.00632055	0.51157561	0.58888579	0.58797073	0.31955893	0.31956435	0.58888160	0.58808790	0.31949286	0.31958761	59919	52218	0
59919	52223	0.00333442	0.00637929	0.51140798	0.00636795	0.51080529	0.58891562	0.58813737	0.31956107	0.31961661	0.58893279	0.58815085	0.31960289	0.31965926	59919	52221	0
59919	52226	-0.00201100	0.00636290	0.51104992	0.00635342	0.51308119	0.58890592	0.58819810	0.31952540	0.31963806	0.58894955	0.58820796	0.31959837	0.31960741	59919	52225	0
59919	52230	0.00121581	0.00633246	0.51215516	0.00640024	0.51092897	0.58898300	0.58823474	0.31963716	0.31963822	0.58905301	0.58826622	0.31962894	0.31970577	59919	52228	0
59919	52233	-0.00225611	0.00635962	0.51059125	0.00641447	0.51191059	0.58899327	0.58816868	0.31960018	0.31962886	0.58892055	0.58813688	0.31955055	0.31959821	59919	52231	0
59919	52236	0.00858780	0.00634263	0.51372116	0.00642040	0.50960047	0.58897675	0.58817747	0.31953485	0.31969780	0.58897848	0.58813614	0.31963765	0.31963716	59919	52235	0
59919	52239	-0.00177417	0.00640168	0.50993558	0.00642739	0.51387313	0.58895835	0.58816564	0.31959591	0.31966929	0.58897503	0.58818988	0.31960018	0.31963880	59919	52238	0
59919	52243	-0.00133401	0.00637172	0.51124356	0.00638499	0.51107630	0.58906344	0.58832226	0.31968342	0.31976847	0.58912647	0.58835085	0.31974628	0.31981555	59919	52241	0
59919	52246	0.00042366	0.00637123	0.51240260	0.00636582	0.51173469	0.58905934	0.58827657	0.31969747	0.31980544	0.58919533	0.58837887	0.31977701	0.31987669	59919	52244	0
59919	52249	-0.00229226	0.00638798	0.51075108	0.00634048	0.51178313	0.58913132	0.58845644	0.31985417	0.31994053	0.58910954	0.58837468	0.31983125	0.31989838	59919	52248	0
59919	52253	0.00015710	0.00632126	0.51192867	0.00633935	0.51099792	0.58917791	0.58845620	0.31986683	0.31993848	0.58916336	0.58845998	0.31986978	0.31998565	59919	52251	0
59919	52256	0.00090720	0.00637930	0.51159730	0.00638096	0.51131226	0.58914652	0.58847690	0.31989797	0.31994990	0.58930914	0.58852621	0.31995352	0.31997809	59919	52254	0
59919	52259	0.00120941	0.00640133	0.51090811	0.00632418	0.51079326	0.58917010	0.58842686	0.31985770	0.31987882	0.58920404	0.58849736	0.31983749	0.31998893	59919	52257	0
59919	52262	0.00045959	0.00635651	0.51163655	0.00633969	0.51192148	0.58922039	0.58846573	0.31989255	0.31993905	0.58926534	0.58850805	0.31991103	0.31996387	59919	52261	0
59919	52266	0.00324772	0.00631794	0.51222003	0.00638289	0.51116054	0.58912721	0.58842670	0.31985532	0.31985598	0.58930240	0.58841856	0.31988014	0.31986814	59919	52264	0
59919	52269	0.00054350	0.00636661	0.51111060	0.00634658	0.51213821	0.58926435	0.58847789	0.31988951	0.32004670	0.58921595	0.58842472	0.31998663	0.32001194	59919	52267	0
59919	52272	0.00105726	0.00631417	0.51257975	0.00637336	0.51238452	0.58917840	0.58846244	0.31989674	0.31991991	0.58922097	0.58844749	0.31991153	0.31995146	59919	52270	0
59919	52275	0.00336257	0.00635253	0.51182055	0.00633994	0.51094453	0.58911595	0.58835488	0.31983330	0.31990766	0.58906016	0.58845841	0.31982763	0.32000750	59919	52274	0
59919	52279	0.00234168	0.00633919	0.51050536	0.00638242	0.51089330	0.58926066	0.58838651	0.31985277	0.32001613	0.58919032	0.58849925	0.31990717	0.32000545	59919	52277	0
59919	52282	0.00464487	0.00640162	0.51239199	0.00634200	0.51151677	0.58932532	0.58852103	0.31992681	0.32001810	0.58936008	0.58844025	0.31999559	0.31999526	59919	52280	0
59919	52285	0.00065057	0.00637767	0.51040874	0.00635269	0.51192657	0.58915498	0.58837353	0.31994694	0.31999296	0.58916139	0.58841577	0.31998433	0.32008113	59919	52284	0
59919	52991	-0.00367345	0.00633797	0.50948548	0.00634140	0.51112860	0.58872523	0.58804978	0.31954603	0.31962031	0.58881833	0.58805241	0.31949829	0.31963280	59919	52989	0
59919	52994	0.00235543	0.00631985	0.51167415	0.00637362	0.50938318	0.58876837	0.58798116	0.31952343	0.31955342	0.58892655	0.58815035	0.31959188	0.31962475	59919	52993	0
59919	52997	-0.00121154	0.00629564	0.51019899	0.00632132	0.51155444	0.58892474	0.58816482	0.31958399	0.31963748	0.58880041	0.58800959	0.31952926	0.31954841	59919	52996	0
59919	53001	0.00205743	0.00629744	0.51162201	0.00631121	0.51037980	0.58886656	0.58803194	0.31951554	0.31958013	0.58892104	0.58813359	0.31962639	0.31970462	59919	52999	0
59919	53004	-0.00336013	0.00639573	0.51016709	0.00635020	0.51222577	0.58884405	0.58806999	0.31953732	0.31961398	0.58883936	0.58804953	0.31956082	0.31959254	59919	53002	0
59919	53007	-0.00039995	0.00641761	0.51244151	0.00634117	0.51131665	0.58908423	0.58835011	0.31972993	0.31983716	0.58887864	0.58804082	0.31952368	0.31961941	59919	53006	0
59919	53011	-0.00129785	0.00630496	0.51106780	0.00631144	0.51140900	0.58887922	0.58816580	0.31959237	0.31958013	0.58899680	0.58812677	0.31959336	0.31964324	59919	53009	0
59919	53014	0.00072597	0.00641559	0.51102117	0.00628963	0.51025212	0.58897667	0.58818996	0.31965178	0.31968202	0.58885826	0.58812472	0.31955137	0.31968112	59919	53012	0
59919	53017	0.00076224	0.00639365	0.51188641	0.00634930	0.51187263	0.58885259	0.58819136	0.31954627	0.31962343	0.58897651	0.58813918	0.31958539	0.31959673	59919	53015	0
59919	53020	-0.00216333	0.00636882	0.51007871	0.00636805	0.51119042	0.58890420	0.58804690	0.31957865	0.31965786	0.58873353	0.58801189	0.31945465	0.31949648	59919	53019	0
59919	53024	0.00660999	0.00631712	0.51285640	0.00634575	0.50952254	0.58874560	0.58805125	0.31949459	0.31951127	0.58875711	0.58791008	0.31949927	0.31950659	59919	53022	0
59919	53027	-0.00153011	0.00631818	0.50902228	0.00638207	0.51211552	0.58871635	0.58795552	0.31938152	0.31947355	0.58877897	0.58796637	0.31938431	0.31944964	59919	53025	0
59919	53030	-0.00213971	0.00635898	0.51044423	0.00631906	0.51067588	0.58876943	0.58797295	0.31940157	0.31949656	0.58875489	0.58799530	0.31945704	0.31952631	59919	53028	0
59919	53033	0.00120712	0.00633157	0.51247872	0.00636292	0.51120693	0.58884158	0.58808478	0.31944323	0.31944274	0.58894988	0.58814419	0.31948752	0.31948177	59919	53032	0
59919	53037	0.00161254	0.00632837	0.51097285	0.00639585	0.51081879	0.58880649	0.58801674	0.31936763	0.31948202	0.58875629	0.58808478	0.31936081	0.31950535	59919	53035	0
59919	53040	0.00055883	0.00637192	0.51135359	0.00631663	0.51175400	0.58892786	0.58814797	0.31955104	0.31951957	0.58878192	0.58802858	0.31945621	0.31953789	59919	53038	0
59919	53043	0.00154711	0.00634876	0.51095702	0.00638879	0.51058148	0.58886755	0.58808495	0.31944011	0.31954578	0.58885810	0.58813433	0.31949672	0.31953814	59919	53042	0
59919	53046	0.00193330	0.00631380	0.51157418	0.00633607	0.51142743	0.58884552	0.58818610	0.31949500	0.31959254	0.58889614	0.58814814	0.31950174	0.31953140	59919	53045	0
59919	53050	-0.00028346	0.00632279	0.51174877	0.00633338	0.51259114	0.58889672	0.58807278	0.31946607	0.31957906	0.58896632	0.58820730	0.31951645	0.31961316	59919	53048	0
59919	53053	-0.00071352	0.00634640	0.51140598	0.00634156	0.51156941	0.58890411	0.58815832	0.31955186	0.31959845	0.58888390	0.58810442	0.31948571	0.31958958	59919	53051	0
59919	53056	0.00060439	0.00637745	0.51130278	0.00632289	0.51080197	0.58891973	0.58819752	0.31954981	0.31961333	0.58883451	0.58817501	0.31956320	0.31965400	59919	53055	0
59919	53059	-0.00151808	0.00640955	0.51082976	0.00637910	0.51163630	0.58893632	0.58816227	0.31958563	0.31955186	0.58888226	0.58812233	0.31951028	0.31954545	59919	53058	0
59919	53063	0.00166565	0.00632410	0.51123960	0.00637171	0.51002978	0.58898144	0.58823129	0.31958925	0.31968901	0.58905547	0.58818988	0.31956756	0.31960618	59919	53061	0
59919	53066	-0.00198460	0.00639969	0.51057938	0.00633329	0.51196647	0.58906369	0.58829029	0.31963905	0.31968761	0.58896706	0.58828470	0.31957043	0.31964825	59919	53064	0
59919	53069	0.00244446	0.00630973	0.51140559	0.00636041	0.50972255	0.58905638	0.58821001	0.31959656	0.31967808	0.58901233	0.58827205	0.31964077	0.31973387	59919	53068	0
59919	53073	-0.00012850	0.00632235	0.51086398	0.00636061	0.51184170	0.58901677	0.58819719	0.31968030	0.31966312	0.58897585	0.58818971	0.31963140	0.31966205	59919	53071	0
59919	53076	-0.00222588	0.00633818	0.51033409	0.00636656	0.51113109	0.58895563	0.58819530	0.31956715	0.31964159	0.58900436	0.58824321	0.31950741	0.31966000	59919	53074	0
59919	53079	0.00446588	0.00630626	0.51203262	0.00632334	0.50948975	0.58891044	0.58822965	0.31961439	0.31963239	0.58903123	0.58822414	0.31960305	0.31968753	59919	53077	0
59919	53082	-0.00219935	0.00634748	0.50936771	0.00634741	0.51190049	0.58900305	0.58816547	0.31953378	0.31960651	0.58902630	0.58832998	0.31962606	0.31970980	59919	53081	0
59919	53086	0.00469201	0.00639805	0.51224580	0.00631628	0.50962708	0.58907117	0.58830171	0.31960675	0.31970207	0.58900748	0.58828199	0.31959788	0.31968251	59919	53084	0
59919	53791	0.00025617	0.00633950	0.51105338	0.00628348	0.51273900	0.58817221	0.58735699	0.31888184	0.31894741	0.58824263	0.58751435	0.31898652	0.31904133	59919	53790	0
59919	53795	-0.00292960	0.00637399	0.51078474	0.00629641	0.51199533	0.58828791	0.58746964	0.31895817	0.31899236	0.58827854	0.58739347	0.31896524	0.31900682	59919	53793	0
59919	53798	0.00302412	0.00629677	0.51186180	0.00630060	0.50959939	0.58819382	0.58744836	0.31892736	0.31896483	0.58819768	0.58738410	0.31884289	0.31891742	59919	53796	0
59919	53801	0.00108484	0.00630843	0.51093875	0.00633718	0.51167568	0.58815487	0.58724663	0.31880147	0.31884732	0.58814542	0.58742141	0.31881002	0.31887469	59919	53800	0
59919	53804	-0.00156878	0.00631959	0.51087549	0.00639377	0.51188386	0.58808815	0.58726693	0.31882530	0.31883385	0.58829210	0.58746504	0.31878249	0.31885612	59919	53803	0
59919	53808	0.00085475	0.00633078	0.51244731	0.00638719	0.51152637	0.58825635	0.58751870	0.31876030	0.31891429	0.58843647	0.58757860	0.31898455	0.31902818	59919	53806	0
59919	53811	0.00176778	0.00632730	0.51150430	0.00635908	0.51115735	0.58826441	0.58754631	0.31886852	0.31891742	0.58824099	0.58756603	0.31885381	0.31889359	59919	53809	0
59919	53814	0.00057293	0.00632442	0.51126736	0.00636546	0.51172140	0.58844568	0.58755346	0.31890369	0.31893015	0.58829309	0.58746611	0.31877362	0.31882004	59919	53813	0
59919	53818	-0.00271008	0.00634024	0.51058657	0.00630969	0.51183411	0.58825570	0.58753103	0.31878479	0.31884576	0.58831618	0.58753645	0.31879942	0.31886515	59919	53816	0
59919	53821	0.00211887	0.00633414	0.51207461	0.00637242	0.51023961	0.58810360	0.58750021	0.31876540	0.31880969	0.58820861	0.58748057	0.31881207	0.31877526	59919	53819	0
59919	53824	0.00290591	0.00637819	0.51039938	0.00632022	0.51010031	0.58813762	0.58739249	0.31876581	0.31885677	0.58801469	0.58731286	0.31865184	0.31884100	59919	53822	0
59919	53827	0.00218208	0.00631222	0.51130476	0.00632464	0.51157981	0.58799316	0.58728057	0.31872103	0.31882785	0.58807089	0.58729511	0.31881256	0.31879284	59919	53826	0
59919	53831	-0.00160477	0.00629531	0.50979828	0.00633754	0.51123729	0.58819793	0.58728007	0.31882300	0.31885677	0.58805216	0.58749323	0.31879810	0.31891470	59919	53829	0
59919	53834	-0.00004240	0.00631370	0.51119018	0.00631833	0.51059648	0.58831396	0.58764574	0.31889605	0.31895710	0.58831503	0.58761114	0.31887395	0.31898808	59919	53832	0
59919	53837	0.00549632	0.00633567	0.51144891	0.00640513	0.50934419	0.58830862	0.58748920	0.31885743	0.31891125	0.58824814	0.58749931	0.31887239	0.31902670	59919	53835	0
59919	53840	-0.00071113	0.00637550	0.51006480	0.00629814	0.51242363	0.58824691	0.58745863	0.31888997	0.31889055	0.58809850	0.58749906	0.31880262	0.31889564	59919	53839	0
59919	53844	0.00071294	0.00638260	0.51166237	0.00633319	0.51112122	0.58827098	0.58750662	0.31884100	0.31895415	0.58843270	0.58758206	0.31895604	0.31901660	59919	53842	0
59919	53847	-0.00064022	0.00629379	0.51066888	0.00639207	0.51118307	0.58835439	0.58754598	0.31895456	0.31898019	0.58821428	0.58741336	0.31886704	0.31892760	59919	53845	0
59919	53850	-0.00081726	0.00636647	0.51107781	0.00637478	0.51114509	0.58819333	0.58746932	0.31883278	0.31898964	0.58820163	0.58741516	0.31885710	0.31899334	59919	53849	0
59919	53853	0.00118287	0.00632778	0.51156134	0.00627749	0.51080129	0.58820105	0.58738451	0.31886647	0.31886409	0.58824921	0.58746504	0.31894856	0.31896236	59919	53852	0
59919	53857	0.00386667	0.00637175	0.51150891	0.00636000	0.51048906	0.58833261	0.58747474	0.31899195	0.31891848	0.58835439	0.58763612	0.31902169	0.31915538	59919	53855	0
59919	53860	0.00264790	0.00637270	0.51048571	0.00641745	0.51094884	0.58845258	0.58759381	0.31896532	0.31904790	0.58840172	0.58760095	0.31897765	0.31902991	59919	53858	0
59919	53863	-0.00306836	0.00639295	0.50990134	0.00632328	0.51207352	0.58826498	0.58754483	0.31891101	0.31903821	0.58828462	0.58748583	0.31892843	0.31903361	59919	53862	0
59919	53867	0.00401754	0.00630900	0.51249757	0.00626020	0.50980493	0.58831503	0.58754804	0.31893804	0.31901594	0.58828421	0.58762700	0.31901635	0.31905826	59919	53865	0
59919	53870	-0.00694199	0.00634241	0.50882923	0.00635540	0.51299385	0.58831059	0.58762799	0.31904831	0.31910378	0.58852054	0.58765067	0.31899581	0.31904511	59919	53868	0
59919	53873	0.00580995	0.00639144	0.51383237	0.00635513	0.50898663	0.58838561	0.58752881	0.31896746	0.31903180	0.58828249	0.58749052	0.31893171	0.31894264	59919	53871	0
59919	53876	0.00505340	0.00633496	0.51183335	0.00628504	0.51212084	0.58853311	0.58768280	0.31906245	0.31903533	0.58843705	0.58762158	0.31904840	0.31914068	59919	53875	0
59919	53880	-0.00010071	0.00633062	0.50991601	0.00629179	0.51187457	0.58832037	0.58743086	0.31894831	0.31899819	0.58814814	0.58760334	0.31890156	0.31913353	59919	53878	0
59919	53883	0.00289060	0.00629905	0.51154493	0.00629208	0.51040824	0.58810031	0.58739125	0.31889704	0.31898176	0.58801157	0.58730736	0.31886031	0.31893295	59919	53881	0
59919	53886	0.00138743	0.00630342	0.50998826	0.00632492	0.51055946	0.58812020	0.58742692	0.31890517	0.31896959	0.58828117	0.58739281	0.31894650	0.31898192	59919	53884	0
59919	54592	0.00162938	0.00637556	0.51042686	0.00634752	0.51033492	0.58948959	0.58861857	0.32115150	0.32119340	0.58937734	0.58860945	0.32110400	0.32108592	59919	54590	0
59919	54595	-0.00047806	0.00626821	0.51002418	0.00626784	0.51082501	0.58926633	0.58844305	0.32108855	0.32118864	0.58926024	0.58844321	0.32097474	0.32102298	59919	54594	0
59919	54598	0.00019579	0.00625884	0.51088468	0.00626521	0.51062862	0.58914455	0.58838372	0.32090646	0.32100400	0.58917972	0.58854018	0.32098206	0.32107779	59919	54597	0
59919	54602	-0.00107657	0.00627357	0.51086933	0.00627478	0.51135283	0.58908842	0.58841355	0.32093021	0.32108896	0.58911283	0.58840632	0.32095519	0.32107656	59919	54600	0
59919	54605	0.00145542	0.00627456	0.51159786	0.00627865	0.51063570	0.58911875	0.58827961	0.32094105	0.32094442	0.58919952	0.58830812	0.32094755	0.32098526	59919	54603	0
59919	54608	0.00356287	0.00633412	0.51146442	0.00626824	0.51066359	0.58927972	0.58835348	0.32101320	0.32102265	0.58917372	0.58838052	0.32099249	0.32099110	59919	54607	0
59919	54611	-0.00298182	0.00633941	0.50984186	0.00629284	0.51232884	0.58904191	0.58841018	0.32082807	0.32092774	0.58914299	0.58846055	0.32090843	0.32089496	59919	54610	0
59919	54615	-0.00261381	0.00630223	0.51125852	0.00628395	0.51111867	0.58898177	0.58819086	0.32077712	0.32085625	0.58900814	0.58809883	0.32083218	0.32079364	59919	54613	0
59919	54618	-0.00039035	0.00624824	0.51132451	0.00624704	0.51047959	0.58887174	0.58809678	0.32076373	0.32081632	0.58878365	0.58809957	0.32062404	0.32076858	59919	54616	0
59919	54621	0.00004725	0.00622575	0.51183608	0.00628573	0.51166979	0.58875029	0.58802529	0.32064795	0.32071262	0.58881241	0.58809193	0.32069175	0.32068230	59919	54620	0
59919	54625	0.00331282	0.00622446	0.51181186	0.00630872	0.51057094	0.58887880	0.58804353	0.32070210	0.32073875	0.58898497	0.58813647	0.32068501	0.32074910	59919	54623	0
59919	54628	-0.00431206	0.00622146	0.50972730	0.00624336	0.51262475	0.58874692	0.58796185	0.32060974	0.32072930	0.58880699	0.58795585	0.32059076	0.32063759	59919	54626	0
59919	54631	0.00208336	0.00624717	0.51275806	0.00624242	0.51032781	0.58874084	0.58809439	0.32058377	0.32068657	0.58849810	0.58770704	0.32052905	0.32052157	59919	54629	0
59919	54634	-0.00257431	0.00626477	0.51106011	0.00624684	0.51283002	0.58858332	0.58771361	0.32043315	0.32047243	0.58860074	0.58782035	0.32038410	0.32044005	59919	54633	0
59919	54638	0.00248086	0.00620053	0.51351373	0.00619935	0.51159276	0.58845061	0.58769028	0.32035723	0.32039683	0.58834091	0.58753185	0.32028590	0.32034999	59919	54636	0
59919	54641	0.00183729	0.00622002	0.51135633	0.00627207	0.51160089	0.58843919	0.58768658	0.32035279	0.32040078	0.58830155	0.58755946	0.32029510	0.32036577	59919	54639	0
59919	54644	0.00330223	0.00620351	0.51248703	0.00626803	0.51193035	0.58850098	0.58767696	0.32036972	0.32035608	0.58846104	0.58760810	0.32018795	0.32031663	59919	54643	0
59919	54647	-0.00103475	0.00623940	0.51063307	0.00622121	0.51228113	0.58830106	0.58749273	0.32023890	0.32020052	0.58807615	0.58730382	0.32003437	0.32006248	59919	54646	0
59919	54651	0.00213239	0.00621695	0.51244392	0.00623373	0.51124041	0.58812661	0.58738451	0.31999222	0.32009534	0.58815101	0.58725740	0.31999616	0.32001194	59919	54649	0
59919	54654	0.00211255	0.00624541	0.51176410	0.00623526	0.51177164	0.58786497	0.58725838	0.31995483	0.31999460	0.58818421	0.58732289	0.31999633	0.32007045	59919	54652	0
59919	54657	-0.00608643	0.00623749	0.51099203	0.00620568	0.51410764	0.58814657	0.58737030	0.31993823	0.31999304	0.58804164	0.58739512	0.31991177	0.31997225	59919	54656	0
59919	54660	-0.00109479	0.00625003	0.51292104	0.00624238	0.51102422	0.58796547	0.58721154	0.31985277	0.31986978	0.58782405	0.58718213	0.31973601	0.31981514	59919	54659	0
59919	54664	0.00320043	0.00626513	0.51253656	0.00626351	0.51090437	0.58770137	0.58705115	0.31965400	0.31967947	0.58766694	0.58690578	0.31949459	0.31965474	59919	54662	0
59919	54667	-0.00036363	0.00621966	0.51083990	0.00626270	0.51219424	0.58758140	0.58686240	0.31945260	0.31954348	0.58764393	0.58686092	0.31937445	0.31941118	59919	54665	0
59919	54670	-0.00011211	0.00623036	0.51116155	0.00623056	0.51106597	0.58749627	0.58668450	0.31939549	0.31947988	0.58765412	0.58686174	0.31942696	0.31944405	59919	54669	0
59919	54674	-0.00280171	0.00623638	0.51154263	0.00628146	0.51256468	0.58745140	0.58686470	0.31940732	0.31950371	0.58761599	0.58664612	0.31943731	0.31934808	59919	54672	0
59919	54677	-0.00289048	0.00623994	0.51154105	0.00622531	0.51157478	0.58741122	0.58667948	0.31934191	0.31942195	0.58746315	0.58669846	0.31932343	0.31934931	59919	54675	0
59919	54680	0.00039418	0.00621832	0.51201408	0.00623630	0.51076591	0.58737531	0.58673191	0.31928448	0.31929573	0.58732100	0.58668737	0.31915448	0.31926180	59919	54678	0
59919	54683	0.00310950	0.00625330	0.51230377	0.00628452	0.51127195	0.58724351	0.58644924	0.31912958	0.31921907	0.58723299	0.58634357	0.31905678	0.31900616	59919	54682	0
59919	54687	0.00179372	0.00623823	0.51178870	0.00625509	0.51228870	0.58708262	0.58635556	0.31893853	0.31905694	0.58710193	0.58628999	0.31897600	0.31903689	59919	54685	0
59919	55392	-0.00311444	0.00625498	0.51072403	0.00627722	0.51258913	0.58794821	0.58712411	0.32059010	0.32075206	0.58790491	0.58707917	0.32060029	0.32066019	59919	55391	0
59919	55396	0.00243518	0.00628284	0.51274868	0.00625861	0.51063983	0.58790507	0.58720201	0.32061746	0.32069421	0.58785856	0.58710193	0.32054515	0.32058558	59919	55394	0
59919	55399	-0.00291653	0.00629927	0.51040052	0.00635664	0.51243417	0.58784287	0.58722954	0.32055156	0.32064688	0.58774278	0.58704613	0.32044926	0.32058312	59919	55397	0
59919	55402	0.00129925	0.00627095	0.51253855	0.00629392	0.51093656	0.58778132	0.58696322	0.32049199	0.32056298	0.58779036	0.58701376	0.32051335	0.32057901	59919	55401	0
59919	55405	0.00227916	0.00629866	0.51237251	0.00629936	0.51200015	0.58786941	0.58709207	0.32059330	0.32052568	0.58799727	0.58710447	0.32059873	0.32058155	59919	55404	0
59919	55409	-0.00133125	0.00627907	0.51161702	0.00633463	0.51298897	0.58779332	0.58711540	0.32047440	0.32058698	0.58787270	0.58711056	0.32049059	0.32050891	59919	55407	0
59919	55412	-0.00242721	0.00633915	0.51229451	0.00632849	0.51271098	0.58802784	0.58727095	0.32061081	0.32064425	0.58783670	0.58717769	0.32048352	0.32053307	59919	55410	0
59919	55415	0.00235753	0.00627155	0.51312591	0.00624270	0.51130771	0.58798297	0.58716010	0.32054721	0.32059166	0.58790918	0.58711039	0.32051278	0.32056364	59919	55414	0
59919	55418	-0.00386572	0.00636479	0.50945636	0.00625639	0.51182120	0.58778403	0.58697694	0.32051097	0.32051376	0.58773029	0.58704950	0.32045369	0.32053710	59919	55417	0
59919	55422	-0.00113118	0.00629880	0.51303469	0.00629409	0.51199556	0.58777968	0.58703997	0.32046873	0.32050670	0.58805512	0.58706659	0.32050300	0.32050604	59919	55420	0
59919	55425	0.00070049	0.00627741	0.51255811	0.00632599	0.51186207	0.58778165	0.58708180	0.32036125	0.32042863	0.58780803	0.58710973	0.32041146	0.32044268	59919	55423	0
59919	55428	0.00400793	0.00625161	0.51262229	0.00632290	0.51136546	0.58782660	0.58714753	0.32037374	0.32046175	0.58775338	0.58702649	0.32034704	0.32036059	59919	55427	0
59919	55432	-0.00017479	0.00624792	0.51082768	0.00634498	0.51241712	0.58778453	0.58695385	0.32036191	0.32036470	0.58765864	0.58696084	0.32023052	0.32029445	59919	55430	0
59919	55435	0.00238480	0.00633485	0.51291588	0.00637438	0.51194323	0.58765963	0.58703956	0.32021030	0.32032732	0.58781246	0.58691556	0.32023857	0.32024942	59919	55433	0
59919	55438	0.00200198	0.00632918	0.51280826	0.00627422	0.51295374	0.58762602	0.58696569	0.32022953	0.32022214	0.58763892	0.58695073	0.32013914	0.32025295	59919	55436	0
59919	55441	0.00091896	0.00626613	0.51169740	0.00626027	0.51210894	0.58766431	0.58683955	0.32011893	0.32014399	0.58745502	0.58680225	0.32004341	0.32010775	59919	55440	0
59919	55445	-0.00372489	0.00632991	0.51102158	0.00632710	0.51278624	0.58743793	0.58674637	0.31999526	0.32005705	0.58754081	0.58685180	0.32005475	0.32004243	59919	55443	0
59919	55448	-0.00069021	0.00631027	0.51142597	0.00625009	0.51027279	0.58751525	0.58678474	0.32002484	0.32014054	0.58749684	0.58670003	0.32004744	0.32005960	59919	55446	0
59919	55451	-0.00224886	0.00633993	0.51123980	0.00629467	0.51183208	0.58755412	0.58678573	0.32003035	0.32016116	0.58751895	0.58682427	0.32004982	0.32010323	59919	55449	0
59919	55454	-0.00148260	0.00634857	0.51202103	0.00631156	0.51172985	0.58749504	0.58672369	0.32003396	0.32003552	0.58741590	0.58675319	0.32003478	0.32002747	59919	55453	0
59919	55458	0.00104286	0.00634229	0.51192592	0.00631360	0.51096624	0.58752141	0.58690537	0.32008466	0.32012715	0.58751278	0.58684777	0.31997603	0.32008466	59919	55456	0
59919	55461	-0.00571291	0.00631441	0.51080685	0.00630584	0.51337404	0.58748854	0.58668655	0.31998639	0.31999518	0.58750942	0.58674243	0.32001293	0.32006494	59919	55459	0
59919	55464	-0.00364523	0.00633779	0.51195565	0.00626291	0.51116993	0.58744918	0.58675056	0.32005763	0.32002722	0.58748600	0.58677760	0.31996428	0.32005623	59919	55463	0
59919	55467	0.00149645	0.00635070	0.51242587	0.00635199	0.51047203	0.58762922	0.58684342	0.32002920	0.32002665	0.58751895	0.58662131	0.31988236	0.32002320	59919	55466	0
59919	55471	-0.00192519	0.00635730	0.51103588	0.00633377	0.51233610	0.58756250	0.58668359	0.31992804	0.31999838	0.58749709	0.58676691	0.31986518	0.32005056	59919	55469	0
59919	55474	-0.00136529	0.00635620	0.51208416	0.00632102	0.51187140	0.58743924	0.58667455	0.31986148	0.31991785	0.58744959	0.58668006	0.31989633	0.31986050	59919	55472	0
59919	55477	0.00040722	0.00628102	0.51173951	0.00629918	0.51106595	0.58736742	0.58672977	0.31987932	0.32003109	0.58743283	0.58676305	0.31983207	0.31996781	59919	55476	0
59919	55481	-0.00143225	0.00623814	0.51125722	0.00629309	0.51195622	0.58730062	0.58663823	0.31980742	0.31995376	0.58731722	0.58654669	0.31975343	0.31976559	59919	55479	0
59919	55484	0.00404343	0.00629911	0.51257303	0.00631169	0.51049227	0.58731796	0.58669255	0.31983708	0.31989945	0.58742051	0.58675163	0.31982952	0.31984571	59919	55482	0
59919	55487	0.00095369	0.00628389	0.51024682	0.00634299	0.51142093	0.58748501	0.58668515	0.31980495	0.31991490	0.58736800	0.58665319	0.31969969	0.31986510	59919	55485	0
59919	56193	0.00106770	0.00628380	0.51055271	0.00627092	0.51050939	0.58827032	0.58744606	0.32062305	0.32071648	0.58831355	0.58748230	0.32067235	0.32074171	59919	56191	0
59919	56196	-0.00607955	0.00629887	0.50999364	0.00625418	0.51270960	0.58822497	0.58745625	0.32073332	0.32070465	0.58824370	0.58740563	0.32064548	0.32067523	59919	56194	0
59919	56199	0.00387098	0.00633169	0.51289767	0.00625795	0.50911647	0.58818330	0.58741993	0.32067022	0.32069832	0.58822472	0.58747696	0.32069479	0.32074927	59919	56198	0
59919	56203	-0.00411914	0.00633931	0.50962243	0.00634503	0.51265868	0.58813359	0.58745001	0.32062239	0.32070473	0.58817205	0.58746307	0.32064926	0.32063792	59919	56201	0
59919	56206	0.00191353	0.00628304	0.51314193	0.00631518	0.51084952	0.58830327	0.58727186	0.32067893	0.32067055	0.58812891	0.58736874	0.32059659	0.32058081	59919	56204	0
59919	56209	-0.00451536	0.00632278	0.51042449	0.00624693	0.51286746	0.58799538	0.58731508	0.32052140	0.32057301	0.58808149	0.58729741	0.32051368	0.32051951	59919	56208	0
59919	56212	-0.00261316	0.00631842	0.51140525	0.00630504	0.51068242	0.58796119	0.58723011	0.32048484	0.32049733	0.58796645	0.58718755	0.32040250	0.32045361	59919	56211	0
59919	56216	0.00167334	0.00626749	0.51151444	0.00632218	0.50988557	0.58798560	0.58714679	0.32041376	0.32046602	0.58788469	0.58723225	0.32037752	0.32040883	59919	56214	0
59919	56219	0.00018848	0.00634966	0.51027424	0.00626838	0.51083849	0.58783629	0.58709856	0.32030266	0.32041935	0.58787952	0.58712165	0.32035558	0.32044260	59919	56217	0
59919	56222	0.00106828	0.00631953	0.51223464	0.00632320	0.51190032	0.58791756	0.58709059	0.32029872	0.32041212	0.58781970	0.58718451	0.32029042	0.32040521	59919	56221	0
59919	56225	0.00186530	0.00633643	0.51112955	0.00631043	0.51082668	0.58784722	0.58703142	0.32031992	0.32033216	0.58774689	0.58707506	0.32031351	0.32035698	59919	56224	0
59919	56229	-0.00395838	0.00629135	0.51112048	0.00628423	0.51333347	0.58777787	0.58700258	0.32022542	0.32026528	0.58793843	0.58714293	0.32030965	0.32034268	59919	56227	0
59919	56232	-0.00039181	0.00630647	0.51215496	0.00631876	0.51079966	0.58785314	0.58704268	0.32024071	0.32028590	0.58790178	0.58706939	0.32030743	0.32022329	59919	56230	0
59919	56235	-0.00098164	0.00631725	0.51124269	0.00631889	0.51146682	0.58781501	0.58699190	0.32024309	0.32025648	0.58772471	0.58692731	0.32021195	0.32020455	59919	56234	0
59919	56239	0.00353339	0.00630207	0.51254834	0.00634110	0.51083263	0.58772471	0.58704211	0.32023931	0.32034424	0.58773481	0.58700644	0.32019970	0.32021047	59919	56237	0
59919	56242	0.00096780	0.00625827	0.51051592	0.00631969	0.51149085	0.58762002	0.58685607	0.32013544	0.32022378	0.58772010	0.58684728	0.32018582	0.32022813	59919	56240	0
59919	56245	0.00207194	0.00625751	0.51165021	0.00633222	0.51123063	0.58771295	0.58692403	0.32010907	0.32018089	0.58763276	0.58698376	0.32013232	0.32016001	59919	56243	0
59919	56248	0.00237549	0.00634390	0.51065428	0.00633583	0.51053894	0.58761829	0.58694498	0.32009732	0.32016092	0.58757959	0.58682928	0.32010775	0.32015804	59919	56247	0
59919	56252	-0.00416129	0.00631218	0.51004286	0.00626042	0.51252684	0.58767318	0.58687620	0.32013931	0.32016149	0.58751952	0.58677488	0.31996872	0.31999066	59919	56250	0
59919	56255	0.00163527	0.00630671	0.51191345	0.00633580	0.50971076	0.58761139	0.58676322	0.32004933	0.32003347	0.58757548	0.58684703	0.31992476	0.32002509	59919	56253	0
59919	56258	-0.00187151	0.00634854	0.51023489	0.00632827	0.51156747	0.58747688	0.58668063	0.31990972	0.31992722	0.58743982	0.58677119	0.31992870	0.31999814	59919	56256	0
59919	56261	0.00661660	0.00631292	0.51245337	0.00639521	0.50922789	0.58747655	0.58664333	0.31998721	0.31989969	0.58777286	0.58672098	0.32017686	0.32003741	59919	56260	0
59919	56265	-0.00299533	0.00638665	0.50948961	0.00633058	0.51314214	0.58737876	0.58659000	0.31980610	0.31988614	0.58735666	0.58662016	0.31987858	0.31986263	59919	56263	0
59919	56268	0.00096470	0.00631007	0.51085856	0.00634747	0.50935374	0.58715353	0.58635491	0.31954332	0.31965786	0.58728648	0.58646378	0.31961193	0.31964578	59919	56266	0
59919	56271	0.00084698	0.00632844	0.51128487	0.00633014	0.51132960	0.58717670	0.58640823	0.31961776	0.31968843	0.58729577	0.58647816	0.31956222	0.31966690	59919	56270	0
59919	56274	0.00297946	0.00631051	0.51221488	0.00629230	0.51140454	0.58736216	0.58648696	0.31967594	0.31968095	0.58719930	0.58645565	0.31953132	0.31962664	59919	56273	0
59919	56278	-0.00074654	0.00629733	0.51116263	0.00630682	0.51257851	0.58734811	0.58664867	0.31962582	0.31973675	0.58735140	0.58657258	0.31958613	0.31970996	59919	56276	0
59919	56281	0.00266481	0.00629620	0.51213929	0.00634293	0.51084298	0.58741648	0.58669575	0.31964044	0.31968942	0.58730588	0.58658753	0.31962499	0.31963453	59919	56279	0
59919	56284	0.00270278	0.00627814	0.51204149	0.00631096	0.51202705	0.58740572	0.58661613	0.31968046	0.31967553	0.58721951	0.58647200	0.31955309	0.31966271	59919	56283	0
59919	56287	-0.00053201	0.00631112	0.51079998	0.00633319	0.51202920	0.58730547	0.58647751	0.31967561	0.31964850	0.58714548	0.58647742	0.31952894	0.31956090	59919	56286	0
59919	56993	-0.00343968	0.00634169	0.50966650	0.00633534	0.51077141	0.58843450	0.58765396	0.32101739	0.32102002	0.58833327	0.58757803	0.32091024	0.32092347	59919	56992	0
59919	56997	0.00421909	0.00637758	0.51083922	0.00633198	0.50792888	0.58836556	0.58752971	0.32096866	0.32096143	0.58834592	0.58766184	0.32095469	0.32101460	59919	56995	0
59919	57000	-0.00220960	0.00637196	0.50906684	0.00631917	0.51150974	0.58837600	0.58753505	0.32087219	0.32097359	0.58846022	0.58776908	0.32105642	0.32108329	59919	56998	0
59919	57003	0.00174329	0.00632075	0.51068499	0.00638020	0.50918289	0.58836178	0.58770383	0.32097926	0.32102446	0.58842776	0.58763982	0.32091887	0.32099019	59919	57002	0
59919	57006	0.00026770	0.00635109	0.50862180	0.00635432	0.50918253	0.58834625	0.58753136	0.32095018	0.32105577	0.58839695	0.58762643	0.32109833	0.32108510	59919	57005	0
59919	57010	0.00166104	0.00639059	0.51104346	0.00632383	0.51051399	0.58834075	0.58756685	0.32096998	0.32104804	0.58836211	0.58757704	0.32101205	0.32100876	59919	57008	0
59919	57013	0.00125665	0.00630201	0.50978943	0.00633238	0.50994310	0.58842448	0.58763990	0.32110926	0.32110926	0.58835660	0.58765042	0.32101764	0.32101986	59919	57011	0
59919	57016	-0.00353627	0.00637230	0.50845513	0.00642875	0.51027643	0.58835751	0.58754886	0.32099857	0.32104755	0.58842472	0.58762602	0.32103153	0.32107984	59919	57015	0
59919	57019	-0.00012629	0.00632512	0.51071554	0.00643576	0.50941975	0.58842842	0.58764615	0.32108165	0.32112364	0.58847888	0.58769217	0.32106127	0.32106316	59919	57018	0
59919	57023	0.00026640	0.00638278	0.50976004	0.00637125	0.50961082	0.58854437	0.58770687	0.32106702	0.32112043	0.58853409	0.58772914	0.32117722	0.32122578	59919	57021	0
59919	57026	0.00125031	0.00633746	0.50973700	0.00637183	0.50936311	0.58857888	0.58773029	0.32119973	0.32120031	0.58853631	0.58783235	0.32119242	0.32124591	59919	57024	0
59919	57029	-0.00139616	0.00634883	0.50932067	0.00632305	0.51032633	0.58856557	0.58771131	0.32114640	0.32122619	0.58857551	0.58787927	0.32128182	0.32129678	59919	57028	0
59919	57033	0.00273622	0.00635831	0.51060507	0.00640513	0.50903477	0.58841306	0.58764574	0.32112619	0.32120811	0.58844206	0.58771123	0.32109184	0.32107368	59919	57031	0
59919	57036	0.00219600	0.00638792	0.50885251	0.00633386	0.50905780	0.58835061	0.58760473	0.32101419	0.32107278	0.58831010	0.58755749	0.32100589	0.32114213	59919	57034	0
59919	57039	-0.00088241	0.00636660	0.50917049	0.00640161	0.51034028	0.58831774	0.58767269	0.32107245	0.32125207	0.58831281	0.58760786	0.32102438	0.32115404	59919	57037	0
59919	57042	-0.00182428	0.00631483	0.50998921	0.00641945	0.51034712	0.58828692	0.58752815	0.32102733	0.32105848	0.58831330	0.58750276	0.32107540	0.32099537	59919	57041	0
59919	57046	-0.00566567	0.00630684	0.50874249	0.00643186	0.51020222	0.58821231	0.58742470	0.32094278	0.32109373	0.58826013	0.58755979	0.32096242	0.32102388	59919	57044	0
59919	57049	-0.00013306	0.00632430	0.51129668	0.00637604	0.50919429	0.58817747	0.58746652	0.32086792	0.32095757	0.58832382	0.58750999	0.32098641	0.32101320	59919	57047	0
59919	57052	0.00227853	0.00639640	0.51077830	0.00639502	0.50986189	0.58836326	0.58754491	0.32099882	0.32101501	0.58820853	0.58752749	0.32096973	0.32102397	59919	57050	0
59919	57055	-0.00023558	0.00637259	0.50922171	0.00631291	0.51017707	0.58816901	0.58745748	0.32091690	0.32104525	0.58829358	0.58749849	0.32101106	0.32104106	59919	57054	0
59919	57059	-0.00140099	0.00638920	0.50929342	0.00641322	0.50973627	0.58823902	0.58739010	0.32094023	0.32095272	0.58838479	0.58751410	0.32111222	0.32106324	59919	57057	0
59919	57062	0.00758075	0.00645427	0.51151709	0.00636771	0.50810402	0.58839243	0.58740309	0.32101000	0.32096423	0.58820886	0.58732535	0.32089833	0.32091418	59919	57060	0
59919	57065	-0.00287932	0.00636596	0.50831175	0.00632078	0.51228657	0.58816071	0.58745584	0.32086390	0.32085173	0.58816178	0.58741574	0.32079446	0.32087080	59919	57064	0
59919	57068	0.00068322	0.00640083	0.51047403	0.00639175	0.50912027	0.58813573	0.58741771	0.32079824	0.32086998	0.58805528	0.58735682	0.32070703	0.32081771	59919	57067	0
59919	57072	-0.00108331	0.00639876	0.50988001	0.00637078	0.51055129	0.58808733	0.58737145	0.32081344	0.32084656	0.58810738	0.58737145	0.32072576	0.32073826	59919	57070	0
59919	57075	0.00348192	0.00634116	0.50990160	0.00633948	0.50816681	0.58800203	0.58718895	0.32069117	0.32074598	0.58797705	0.58715435	0.32074245	0.32076504	59919	57073	0
59919	57078	-0.00328798	0.00634019	0.50879941	0.00641119	0.51137197	0.58792660	0.58728911	0.32061171	0.32073020	0.58799645	0.58718870	0.32068246	0.32073612	59919	57077	0
59919	57082	0.00346840	0.00635152	0.51174816	0.00637328	0.50918074	0.58796111	0.58711902	0.32060226	0.32064721	0.58787705	0.58723332	0.32058016	0.32063907	59919	57080	0
59919	57085	-0.00092218	0.00637554	0.50944248	0.00640667	0.51111090	0.58795857	0.58718163	0.32062790	0.32064105	0.58787919	0.58699527	0.32057120	0.32053414	59919	57083	0
59919	57088	-0.00182299	0.00633400	0.50974674	0.00634014	0.51008905	0.58794681	0.58703299	0.32061122	0.32058566	0.58781830	0.58705608	0.32050382	0.32048681	59919	57086	0
59919	57794	0.00162870	0.00643244	0.51076542	0.00645344	0.50945378	0.58805471	0.58733883	0.32142866	0.32139752	0.58801436	0.58724984	0.32135216	0.32146909	59919	57792	0
59919	57797	0.00069799	0.00648026	0.50861606	0.00650416	0.50896973	0.58792381	0.58715000	0.32132077	0.32136112	0.58800853	0.58719462	0.32135898	0.32144871	59919	57796	0
59919	57800	-0.00383882	0.00648314	0.50857268	0.00646672	0.51029666	0.58802578	0.58738558	0.32148445	0.32152086	0.58792019	0.58725616	0.32141543	0.32147624	59919	57799	0
59919	57804	0.00173547	0.00652673	0.51105533	0.00648689	0.50893710	0.58808552	0.58727876	0.32146243	0.32153154	0.58811009	0.58741073	0.32155471	0.32159810	59919	57802	0
59919	57807	0.00010939	0.00653896	0.51006351	0.00649610	0.51068142	0.58816802	0.58744269	0.32152242	0.32158265	0.58812693	0.58743242	0.32154691	0.32154502	59919	57805	0
59919	57810	0.00018893	0.00646592	0.50841938	0.00647707	0.50838915	0.58814896	0.58735962	0.32158290	0.32163590	0.58816210	0.58748304	0.32157082	0.32160492	59919	57809	0
59919	57813	0.00119365	0.00650812	0.51025439	0.00653940	0.50987260	0.58823359	0.58747844	0.32158627	0.32165085	0.58817706	0.58744976	0.32145101	0.32154469	59919	57812	0
59919	57817	0.00005626	0.00649228	0.51059051	0.00644510	0.51102272	0.58822045	0.58745650	0.32141444	0.32149243	0.58820976	0.58742083	0.32149612	0.32151593	59919	57815	0
59919	57820	0.00193974	0.00655060	0.50993048	0.00648048	0.50921476	0.58810771	0.58736751	0.32148256	0.32144698	0.58803803	0.58738780	0.32145915	0.32148733	59919	57818	0
59919	57823	-0.00190610	0.00652859	0.50937140	0.00650302	0.51083282	0.58813302	0.58734852	0.32147607	0.32153861	0.58815315	0.58735912	0.32143195	0.32154189	59919	57822	0
59919	57827	0.00289660	0.00648488	0.51079748	0.00645089	0.50897246	0.58808059	0.58735748	0.32144945	0.32154198	0.58806917	0.58739290	0.32146358	0.32158585	59919	57825	0
59919	57830	-0.00070206	0.00646309	0.50950552	0.00641247	0.51087301	0.58800828	0.58728805	0.32144066	0.32154025	0.58806325	0.58727276	0.32139817	0.32146391	59919	57828	0
59919	57833	0.00123183	0.00642716	0.51002021	0.00644025	0.50928533	0.58824773	0.58740588	0.32148528	0.32156876	0.58816243	0.58747622	0.32154707	0.32154641	59919	57831	0
59919	57836	0.00223442	0.00647742	0.51095301	0.00644176	0.51057203	0.58847436	0.58750777	0.32167838	0.32163959	0.58838126	0.58768674	0.32163992	0.32179186	59919	57835	0
59919	57840	-0.00075445	0.00641970	0.50958897	0.00643340	0.51072474	0.58823507	0.58752840	0.32150237	0.32153926	0.58825529	0.58742289	0.32154165	0.32151149	59919	57838	0
59919	57843	0.00392875	0.00647155	0.51044743	0.00646489	0.50866781	0.58828339	0.58745091	0.32157953	0.32158298	0.58837427	0.58757022	0.32166203	0.32167082	59919	57841	0
59919	57846	-0.00098168	0.00642993	0.50880567	0.00640073	0.51067163	0.58820385	0.58754491	0.32151626	0.32163828	0.58821897	0.58749709	0.32153852	0.32167887	59919	57844	0
59919	57849	0.00132476	0.00650191	0.51042494	0.00647687	0.50954849	0.58828766	0.58743012	0.32158889	0.32161199	0.58825701	0.58757458	0.32159325	0.32166186	59919	57848	0
59919	57853	0.00162123	0.00645224	0.51004239	0.00647711	0.50992974	0.58822373	0.58749364	0.32153211	0.32154362	0.58824699	0.58764549	0.32151576	0.32166392	59919	57851	0
59919	57856	0.00071791	0.00647568	0.50952663	0.00652404	0.50986990	0.58818076	0.58751772	0.32153458	0.32162768	0.58822291	0.58741122	0.32151083	0.32149785	59919	57854	0
59919	57859	-0.00080586	0.00650400	0.50865434	0.00646083	0.50923337	0.58826202	0.58743185	0.32152480	0.32151584	0.58822694	0.58742420	0.32154543	0.32165397	59919	57858	0
59919	57862	0.00055002	0.00647438	0.51126986	0.00640589	0.51075463	0.58816613	0.58734803	0.32148396	0.32150031	0.58820755	0.58743957	0.32144690	0.32156868	59919	57861	0
59919	57866	0.00204118	0.00647037	0.51053849	0.00644448	0.50997185	0.58819243	0.58746365	0.32142850	0.32155052	0.58830418	0.58747786	0.32156227	0.32150828	59919	57864	0
59919	57869	-0.00059424	0.00643369	0.51002435	0.00650397	0.51102580	0.58820902	0.58742215	0.32141428	0.32148445	0.58822702	0.58746496	0.32147846	0.32148544	59919	57867	0
59919	57872	-0.00243931	0.00643295	0.50977411	0.00645939	0.51047524	0.58808840	0.58739134	0.32142817	0.32156227	0.58843508	0.58755880	0.32171897	0.32157599	59919	57871	0
59919	57875	0.00239705	0.00644935	0.51054430	0.00648676	0.50870648	0.58823129	0.58749882	0.32152899	0.32156063	0.58829473	0.58752511	0.32157147	0.32163417	59919	57874	0
59919	57879	0.00088199	0.00652985	0.50992655	0.00650411	0.51050227	0.58819851	0.58749397	0.32147320	0.32152792	0.58842998	0.58765995	0.32160270	0.32167255	59919	57877	0
59919	57882	0.00287911	0.00648919	0.51001788	0.00645574	0.50925898	0.58834190	0.58751632	0.32157156	0.32162686	0.58817114	0.58738994	0.32156087	0.32153935	59919	57880	0
59919	57885	0.00270902	0.00646157	0.50896501	0.00649321	0.50902964	0.58819415	0.58746414	0.32149448	0.32162842	0.58822644	0.58738747	0.32152571	0.32159218	59919	57884	0
59919	57889	0.00068760	0.00647157	0.51025338	0.00641956	0.51102152	0.58824567	0.58753160	0.32153187	0.32157041	0.58819563	0.58746644	0.32156605	0.32163910	59919	57887	0
59919	58594	-0.00018523	0.00646423	0.51004104	0.00648537	0.51037272	0.58653667	0.58568940	0.31971555	0.31966288	0.58655557	0.58566557	0.31961998	0.31967274	59919	58593	0
59919	58598	-0.00127011	0.00649004	0.50971397	0.00644573	0.51012622	0.58641752	0.58569227	0.31961333	0.31969410	0.58658195	0.58582942	0.31977307	0.31979936	59919	58596	0
59919	58601	0.00014029	0.00647809	0.51035165	0.00645391	0.50981570	0.58647808	0.58575021	0.31970421	0.31977709	0.58634841	0.58561314	0.31961324	0.31961702	59919	58599	0
59919	58604	0.00116726	0.00640553	0.51058051	0.00644925	0.51019026	0.58645499	0.58564634	0.31971744	0.31974184	0.58641136	0.58572292	0.31964036	0.31970692	59919	58603	0
59919	58607	0.00164557	0.00648032	0.51017310	0.00649030	0.50999134	0.58638695	0.58567592	0.31962647	0.31964595	0.58645770	0.58575300	0.31960659	0.31971169	59919	58606	0
59919	58611	-0.00105840	0.00642760	0.51063342	0.00645879	0.51166093	0.58643593	0.58572260	0.31965129	0.31967800	0.58657767	0.58575752	0.31966953	0.31970626	59919	58609	0
59919	58614	-0.00230902	0.00650646	0.51013627	0.00650174	0.51061150	0.58663823	0.58581208	0.31973576	0.31974003	0.58664489	0.58579844	0.31972738	0.31984447	59919	58612	0
59919	58617	-0.00087267	0.00649508	0.50970541	0.00653260	0.50915960	0.58667513	0.58591036	0.31976378	0.31991818	0.58660183	0.58585456	0.31977923	0.31976271	59919	58616	0
59919	58621	-0.00282327	0.00651493	0.50930351	0.00648493	0.51004474	0.58651506	0.58576845	0.31972467	0.31978572	0.58655195	0.58590403	0.31976551	0.31978802	59919	58619	0
59919	58624	0.00363723	0.00644441	0.51243159	0.00644158	0.50997660	0.58664850	0.58583098	0.31970265	0.31978063	0.58651884	0.58582736	0.31973280	0.31980610	59919	58622	0
59919	58627	0.00241909	0.00645919	0.51000920	0.00645741	0.51047209	0.58649016	0.58576360	0.31972179	0.31984538	0.58652911	0.58580099	0.31970413	0.31983560	59919	58625	0
59919	58630	-0.00503916	0.00646800	0.50823880	0.00648147	0.51107294	0.58664218	0.58591890	0.31981259	0.31991646	0.58671630	0.58585407	0.31989986	0.31990832	59919	58629	0
59919	58634	0.00170474	0.00649682	0.51206116	0.00648450	0.50949848	0.58663125	0.58584207	0.31982245	0.31987726	0.58660257	0.58585736	0.31976206	0.31982163	59919	58632	0
59919	58637	-0.00408352	0.00640932	0.50930578	0.00645144	0.51150532	0.58669419	0.58590452	0.31991818	0.31990849	0.58661703	0.58574265	0.31976674	0.31979821	59919	58635	0
59919	58640	0.00179631	0.00642602	0.51190939	0.00648064	0.50967505	0.58654538	0.58578192	0.31984916	0.31981456	0.58642229	0.58582013	0.31970750	0.31980848	59919	58638	0
59919	58643	-0.00110474	0.00643687	0.51017538	0.00643005	0.51127778	0.58655746	0.58565078	0.31975039	0.31977882	0.58653823	0.58577519	0.31973116	0.31985409	59919	58642	0
59919	58647	-0.00368445	0.00640831	0.51084880	0.00645909	0.51182908	0.58651021	0.58579548	0.31975318	0.31981925	0.58672838	0.58595933	0.31979057	0.31992919	59919	58645	0
59919	58650	0.00293898	0.00645360	0.51038304	0.00647985	0.50786614	0.58664735	0.58595440	0.31983527	0.31996551	0.58654579	0.58591332	0.31987562	0.31997159	59919	58648	0
59919	58653	0.00158938	0.00646863	0.51002812	0.00642847	0.51054097	0.58662213	0.58590863	0.31986962	0.31984719	0.58664686	0.58589113	0.31976756	0.31990799	59919	58652	0
59919	58656	0.00580898	0.00642609	0.51060241	0.00645910	0.50899896	0.58667480	0.58587108	0.31986190	0.31993232	0.58658688	0.58582917	0.31984341	0.31987907	59919	58655	0
59919	58660	0.00151039	0.00644820	0.50931899	0.00647940	0.51095245	0.58657833	0.58581126	0.31984226	0.31982303	0.58646140	0.58571430	0.31975170	0.31985516	59919	58658	0
59919	58663	0.00263805	0.00648051	0.51034854	0.00640526	0.50992003	0.58652467	0.58573131	0.31981539	0.31981530	0.58641267	0.58566639	0.31967200	0.31979378	59919	58661	0
59919	58666	-0.00133404	0.00641126	0.50977898	0.00646479	0.51128837	0.58641826	0.58579729	0.31962056	0.31974119	0.58648572	0.58568973	0.31962680	0.31974718	59919	58665	0
59919	58669	-0.00356213	0.00648424	0.51012184	0.00644968	0.51096852	0.58640380	0.58567387	0.31968153	0.31968268	0.58646658	0.58572785	0.31967553	0.31975630	59919	58668	0
59919	58673	0.00362005	0.00645294	0.51177693	0.00647589	0.50904770	0.58647134	0.58567872	0.31961908	0.31971653	0.58646773	0.58572358	0.31977307	0.31978852	59919	58671	0
59919	58676	-0.00201477	0.00646957	0.50956866	0.00645256	0.51170989	0.58653642	0.58575382	0.31967191	0.31978802	0.58632442	0.58561199	0.31965269	0.31969936	59919	58674	0
59919	58679	0.00176608	0.00645486	0.51138950	0.00650373	0.50995278	0.58636740	0.58567494	0.31956156	0.31966945	0.58626312	0.58556433	0.31955096	0.31953288	59919	58678	0
59919	58683	-0.00557813	0.00647166	0.50879739	0.00648232	0.51158819	0.58653051	0.58565702	0.31963494	0.31963140	0.58637167	0.58567847	0.31953945	0.31959648	59919	58681	0
59919	58686	0.00171263	0.00650455	0.51193262	0.00643734	0.50916213	0.58644858	0.58571002	0.31968572	0.31961612	0.58636961	0.58574051	0.31953009	0.31954011	59919	58684	0
59919	58689	0.00232354	0.00648212	0.51027550	0.00648336	0.51004335	0.58629451	0.58554404	0.31939795	0.31944340	0.58627273	0.58554387	0.31940034	0.31941891	59919	58687	0
59919	59395	-0.00141081	0.00642903	0.50862387	0.00647481	0.51004292	0.58707481	0.58632516	0.32081369	0.32093423	0.58700184	0.58621957	0.32080243	0.32073259	59919	59393	0
59919	59398	-0.00175131	0.00642737	0.51066167	0.00642691	0.51079106	0.58709207	0.58634809	0.32084804	0.32081385	0.58711762	0.58630659	0.32085749	0.32089931	59919	59397	0
59919	59401	0.00311390	0.00644075	0.51136927	0.00640615	0.50952049	0.58696002	0.58631341	0.32078213	0.32084984	0.58697571	0.58629015	0.32077022	0.32084253	59919	59400	0
59919	59405	-0.00144931	0.00642505	0.51009461	0.00647531	0.51182863	0.58705090	0.58636016	0.32081582	0.32088263	0.58712954	0.58644603	0.32087450	0.32091714	59919	59403	0
59919	59408	-0.00082389	0.00645373	0.51106707	0.00643844	0.51082941	0.58700513	0.58626148	0.32080679	0.32083546	0.58703652	0.58635376	0.32088370	0.32093045	59919	59406	0
59919	59411	-0.00057562	0.00643086	0.51018797	0.00643479	0.51009363	0.58709034	0.58656872	0.32090720	0.32100581	0.58710924	0.58638934	0.32085634	0.32094566	59919	59410	0
59919	59415	0.00174221	0.00647193	0.51103747	0.00647509	0.51015669	0.58712165	0.58636592	0.32085387	0.32097483	0.58714441	0.58637027	0.32083152	0.32088690	59919	59413	0
59919	59418	-0.00346852	0.00646879	0.50843571	0.00644277	0.51041579	0.58717752	0.58641686	0.32088904	0.32107204	0.58720382	0.58647948	0.32092240	0.32101797	59919	59416	0
59919	59421	0.00191841	0.00647943	0.51105640	0.00643577	0.50900937	0.58732420	0.58661736	0.32099258	0.32114303	0.58720916	0.58634324	0.32095938	0.32100876	59919	59419	0
59919	59424	0.00056335	0.00645167	0.51088134	0.00646487	0.51139626	0.58712576	0.58642549	0.32096193	0.32101033	0.58718960	0.58637906	0.32094426	0.32099438	59919	59423	0
59919	59428	0.00077402	0.00645486	0.51021729	0.00644861	0.51013724	0.58705336	0.58631735	0.32082380	0.32090621	0.58696141	0.58629311	0.32072215	0.32085576	59919	59426	0
59919	59431	0.00651825	0.00637353	0.51140486	0.00642403	0.50922206	0.58695048	0.58628539	0.32077720	0.32080095	0.58695747	0.58628547	0.32081582	0.32085379	59919	59429	0
59919	59434	-0.00065925	0.00636764	0.50955794	0.00646599	0.51228539	0.58702699	0.58625063	0.32075962	0.32080621	0.58691417	0.58619779	0.32066225	0.32072355	59919	59432	0
59919	59437	-0.00212501	0.00644865	0.50998681	0.00641381	0.51054380	0.58699519	0.58620018	0.32069232	0.32083645	0.58695796	0.58621111	0.32072634	0.32080761	59919	59436	0
59919	59441	0.00262726	0.00641442	0.51240312	0.00645961	0.51059726	0.58711614	0.58624365	0.32071919	0.32075855	0.58695377	0.58614430	0.32062428	0.32069183	59919	59439	0
59919	59444	-0.00226474	0.00638866	0.50963093	0.00634983	0.51148989	0.58697777	0.58616320	0.32071525	0.32078337	0.58708180	0.58623272	0.32069125	0.32078822	59919	59442	0
59919	59447	0.00131781	0.00637830	0.51100444	0.00644692	0.50964307	0.58696150	0.58616657	0.32066849	0.32070761	0.58701737	0.58637857	0.32069561	0.32085970	59919	59446	0
59919	59450	-0.00460693	0.00645106	0.50859493	0.00642688	0.51084634	0.58706733	0.58628991	0.32074236	0.32078287	0.58702781	0.58633477	0.32065222	0.32068419	59919	59449	0
59919	59454	0.00462194	0.00644182	0.51236108	0.00644673	0.50885411	0.58692304	0.58627577	0.32062420	0.32071212	0.58695698	0.58607560	0.32060243	0.32061985	59919	59452	0
59919	59457	-0.00272984	0.00639656	0.50923236	0.00640072	0.51202604	0.58685574	0.58616287	0.32052675	0.32066438	0.58690726	0.58625014	0.32059478	0.32065247	59919	59455	0
59919	59460	0.00189867	0.00647527	0.51174876	0.00649896	0.50998992	0.58696577	0.58651144	0.32056734	0.32073300	0.58696150	0.58617544	0.32053094	0.32060374	59919	59459	0
59919	59463	-0.00163855	0.00638842	0.50968480	0.00643357	0.51102895	0.58680512	0.58610971	0.32051779	0.32051467	0.58682024	0.58592901	0.32042420	0.32047481	59919	59462	0
59919	59467	-0.00150836	0.00639223	0.51079277	0.00637425	0.51074330	0.58685352	0.58610264	0.32048303	0.32054622	0.58684415	0.58613600	0.32047374	0.32055312	59919	59465	0
59919	59470	0.00198325	0.00652072	0.51154288	0.00648025	0.51021607	0.58699272	0.58622294	0.32050727	0.32053546	0.58690480	0.58617553	0.32049445	0.32055887	59919	59468	0
59919	59473	-0.00105629	0.00646510	0.50992886	0.00647730	0.51108389	0.58691836	0.58619500	0.32045107	0.32059183	0.58691121	0.58612844	0.32044572	0.32049782	59919	59472	0
59919	59477	0.00015724	0.00649579	0.51093620	0.00643989	0.51047506	0.58685106	0.58608818	0.32044737	0.32046199	0.58681696	0.58607248	0.32042682	0.32047711	59919	59475	0
59919	59480	0.00076371	0.00644883	0.51103903	0.00646789	0.51080857	0.58687965	0.58600403	0.32047621	0.32043406	0.58681079	0.58619023	0.32043915	0.32054548	59919	59478	0
59919	59483	0.00027502	0.00644062	0.51017661	0.00642273	0.51036231	0.58690348	0.58598990	0.32043784	0.32035024	0.58676905	0.58605465	0.32033652	0.32047292	59919	59481	0
59919	59486	0.00217706	0.00646528	0.51077404	0.00643608	0.51005126	0.58671432	0.58590280	0.32037933	0.32039560	0.58674218	0.58597963	0.32040809	0.32048434	59919	59485	0
59919	59490	0.00130588	0.00639081	0.51053108	0.00647624	0.51086213	0.58682641	0.58593632	0.32041064	0.32038788	0.58680438	0.58595818	0.32040447	0.32043775	59919	59488	0
