% File initiated 12/05/2023 11:54:35 UTC
% Raw fountain data
%
% File notes: 1300 ms sequence 370 mV RF
%
%% fountain_code = ALPHA-CsF1
%% microwave_ref = ALPHA HM1
%% MJD_start = 60076.496239
%% clock_data = True
%% sequence = 1
%% density = HD
%
% Units: V.s, Hz
%
% Shot B MJD days	Shot B MJD seconds	freq error	shot A sum	shot A ratio	shot B sum	shot B ratio	shot A F=3 bg 1	shot A F=3 bg 2	shot A F=4 bg 1	shot A F=4 bg 2	shot B F=3 bg 1	shot B F=3 bg 2	shot B F=4 bg 1	shot B F=4 bg 2	Shot A MJD days	Shot A MJD seconds	Shot order (0=LF->HF)
60076	42888	0.00100411	0.04636760	0.47959023	0.04617811	0.48048162	0.69103026	0.69136224	0.35368478	0.35363219	0.69107390	0.69130184	0.35368280	0.35374994	60076	42887	0
60076	42891	0.00094227	0.04618149	0.48133217	0.04613202	0.48151771	0.69094415	0.69130242	0.35364624	0.35392825	0.69131326	0.69123619	0.35402069	0.35393433	60076	42890	0
60076	42894	0.00171126	0.04594056	0.48336015	0.04573407	0.48105317	0.69114153	0.69125558	0.35374000	0.35372085	0.69108737	0.69132206	0.35380105	0.35382833	60076	42892	0
60076	42896	0.00208049	0.04575615	0.48192924	0.04577739	0.48082156	0.69087677	0.69126380	0.35377459	0.35378059	0.69104801	0.69143258	0.35383178	0.35391034	60076	42895	0
60076	42899	0.00161156	0.04567532	0.48147726	0.04584326	0.48288404	0.69189274	0.69249481	0.35442539	0.35456475	0.69139166	0.69134400	0.35410048	0.35387377	60076	42898	0
60076	42982	0.00046508	0.04599263	0.47982515	0.04602880	0.48326459	0.69099312	0.69113553	0.35386564	0.35391264	0.69120726	0.69145616	0.35407534	0.35421462	60076	42981	0
60076	42985	0.00138367	0.04603443	0.48016773	0.04614012	0.47741196	0.69121236	0.69142954	0.35409259	0.35408068	0.69114079	0.69143562	0.35411190	0.35413803	60076	42984	0
60076	42988	0.00146921	0.04537464	0.47962567	0.04551666	0.47936906	0.69124958	0.69136815	0.35404732	0.35411018	0.69121186	0.69135788	0.35413228	0.35408881	60076	42986	0
60076	42990	0.00246205	0.04599579	0.48260411	0.04625128	0.47962560	0.69101169	0.69119633	0.35400615	0.35407788	0.69095187	0.69098474	0.35393655	0.35397254	60076	42989	0
60076	42993	0.00142483	0.04599223	0.48041428	0.04600499	0.48352592	0.69116018	0.69139059	0.35408733	0.35404748	0.69141450	0.69166627	0.35419062	0.35430895	60076	42992	0
60076	43076	0.00122285	0.04628980	0.48054959	0.04594453	0.48115555	0.69194524	0.69215232	0.35480551	0.35490248	0.69224279	0.69220704	0.35493526	0.35490067	60076	43075	0
60076	43079	0.00154981	0.04620981	0.48305498	0.04624237	0.48207408	0.69265151	0.69226604	0.35510684	0.35497643	0.69272629	0.69263910	0.35525450	0.35512812	60076	43078	0
60076	43082	0.00163676	0.04611679	0.48131550	0.04625465	0.48105465	0.69219685	0.69249136	0.35501678	0.35511267	0.69231929	0.69248339	0.35505433	0.35494479	60076	43080	0
60076	43084	0.00166457	0.04618519	0.48177761	0.04615362	0.48169418	0.69226596	0.69231954	0.35513584	0.35513617	0.69219422	0.69222603	0.35499484	0.35495318	60076	43083	0
60076	43087	0.00068344	0.04622504	0.48009240	0.04619426	0.48303579	0.69231321	0.69234698	0.35509714	0.35501316	0.69232882	0.69231091	0.35499106	0.35487733	60076	43086	0
60076	43170	0.00184588	0.04582493	0.48454888	0.04590003	0.48106156	0.68953269	0.68945232	0.35257850	0.35246461	0.68940056	0.68966285	0.35237373	0.35247727	60076	43169	0
60076	43173	0.00242216	0.04584895	0.48319059	0.04605114	0.48146176	0.68996918	0.68986343	0.35263602	0.35263734	0.68990106	0.69014807	0.35270307	0.35268434	60076	43172	0
60076	43176	0.00219178	0.04613382	0.48026289	0.04613543	0.48095404	0.68993180	0.69021529	0.35266642	0.35282691	0.69013616	0.69036706	0.35284391	0.35287760	60076	43174	0
60076	43178	0.00176994	0.04596318	0.48034980	0.04614549	0.48161531	0.69026237	0.69029294	0.35290941	0.35284507	0.69025785	0.69012120	0.35294893	0.35277103	60076	43177	0
60076	43181	0.00065457	0.04607357	0.47911681	0.04561345	0.48246291	0.69005694	0.69024010	0.35289864	0.35286438	0.69005883	0.69003172	0.35293710	0.35273676	60076	43180	0
60076	43264	0.00149528	0.04597584	0.48297979	0.04623776	0.48045768	0.69033230	0.69048801	0.35322314	0.35342076	0.69048004	0.69020970	0.35342930	0.35326266	60076	43263	0
60076	43267	0.00228017	0.04609703	0.48300354	0.04567211	0.48064885	0.69012638	0.69041628	0.35327786	0.35319397	0.69036196	0.69042096	0.35338017	0.35329117	60076	43266	0
60076	43270	0.00158933	0.04557295	0.48145055	0.04617641	0.48352309	0.69022679	0.69044857	0.35333579	0.35332199	0.69015629	0.69057060	0.35332659	0.35347869	60076	43268	0
60076	43272	0.00162858	0.04595515	0.48078327	0.04606337	0.48066551	0.69042671	0.69033682	0.35338641	0.35327301	0.69027281	0.69040921	0.35331689	0.35318895	60076	43271	0
60076	43275	0.00137094	0.04616492	0.48083140	0.04597766	0.48160432	0.69044233	0.69047479	0.35328197	0.35341501	0.69055696	0.69035194	0.35341961	0.35319594	60076	43274	0
60076	43358	0.00177245	0.04563737	0.48269141	0.04572212	0.48148688	0.68916070	0.68951601	0.35246231	0.35254087	0.68939546	0.68941822	0.35247480	0.35254161	60076	43357	0
60076	43361	0.00134172	0.04603904	0.48196207	0.04564402	0.48325424	0.68943219	0.68940541	0.35254366	0.35252953	0.68910992	0.68931666	0.35239329	0.35243084	60076	43360	0
60076	43364	0.00173775	0.04591318	0.48260549	0.04583774	0.48141741	0.68913054	0.68930811	0.35227233	0.35235368	0.68915158	0.68925709	0.35240668	0.35230857	60076	43362	0
60076	43366	0.00168073	0.04587631	0.48161294	0.04568897	0.48178401	0.68905166	0.68913851	0.35218153	0.35230495	0.68888518	0.68895552	0.35219353	0.35221744	60076	43365	0
60076	43369	0.00245794	0.04606368	0.48438676	0.04564995	0.48205511	0.68883974	0.68880342	0.35223050	0.35206312	0.68885814	0.68888797	0.35218498	0.35217939	60076	43368	0
60076	43452	0.00229449	0.04612702	0.48184552	0.04600692	0.48233588	0.68886233	0.68921789	0.35294055	0.35292305	0.68956630	0.68974518	0.35321040	0.35322207	60076	43451	0
60076	43455	0.00194117	0.04597355	0.48030580	0.04571102	0.48136575	0.68985998	0.68982021	0.35345634	0.35343325	0.68940532	0.68958930	0.35318673	0.35327047	60076	43454	0
60076	43458	0.00202684	0.04581198	0.48136449	0.04561519	0.48110748	0.68958725	0.68976638	0.35337294	0.35319306	0.68952973	0.68959292	0.35332708	0.35326217	60076	43456	0
60076	43460	0.00117997	0.04565699	0.47931037	0.04579028	0.48185098	0.68938757	0.68963705	0.35330638	0.35329676	0.68942414	0.68955833	0.35328871	0.35327301	60076	43459	0
60076	43463	0.00239165	0.04524721	0.48378656	0.04513118	0.48015152	0.68980024	0.68976014	0.35340293	0.35325666	0.68935199	0.68957205	0.35325929	0.35331854	60076	43462	0
60076	43546	0.00178674	0.04630654	0.47892400	0.04653438	0.48073873	0.68990123	0.69005029	0.35318041	0.35324992	0.68999301	0.69018012	0.35324590	0.35326661	60076	43545	0
60076	43549	0.00110350	0.04655893	0.47909543	0.04632716	0.48114514	0.68984059	0.68998143	0.35315806	0.35314557	0.68992029	0.69002416	0.35319659	0.35327195	60076	43548	0
60076	43552	0.00109069	0.04659701	0.48207494	0.04624167	0.48211337	0.68996475	0.68991027	0.35329775	0.35315198	0.68999646	0.69014215	0.35309881	0.35326209	60076	43550	0
60076	43554	0.00186786	0.04671295	0.48198595	0.04670730	0.47965443	0.68985686	0.69009712	0.35318731	0.35324590	0.68975398	0.68996319	0.35309774	0.35316258	60076	43553	0
60076	43557	0.00121854	0.04662776	0.47978493	0.04677469	0.48173289	0.68995332	0.68993936	0.35319783	0.35324746	0.68973869	0.69013131	0.35319101	0.35310349	60076	43556	0
60076	43640	0.00154406	0.04593070	0.48037698	0.04595431	0.47940042	0.69031710	0.69060683	0.35410467	0.35421544	0.69022630	0.69039541	0.35418241	0.35424494	60076	43639	0
60076	43643	0.00165625	0.04597188	0.48215740	0.04599500	0.48182081	0.69060667	0.69049442	0.35446113	0.35438422	0.69033181	0.69056337	0.35425176	0.35440863	60076	43642	0
60076	43646	0.00154081	0.04630358	0.47942043	0.04604846	0.47976677	0.69026163	0.69070404	0.35413795	0.35425217	0.69052228	0.69069238	0.35424806	0.35426450	60076	43644	0
60076	43648	0.00168485	0.04617668	0.48014437	0.04628609	0.47971226	0.69032647	0.69021997	0.35420164	0.35420525	0.69010140	0.69031209	0.35400048	0.35414658	60076	43647	0
60076	43651	0.00114183	0.04608020	0.47718372	0.04613653	0.47881278	0.69008151	0.69012515	0.35410032	0.35400541	0.68997773	0.68998693	0.35399580	0.35408002	60076	43650	0
60076	43734	0.00162075	0.04584656	0.48053515	0.04586515	0.47909837	0.68873209	0.68878394	0.35287859	0.35278607	0.68836495	0.68875896	0.35275213	0.35290530	60076	43733	0
60076	43737	0.00147690	0.04585537	0.48090721	0.04600460	0.48133877	0.68844901	0.68883341	0.35276692	0.35295994	0.68897047	0.68903695	0.35297687	0.35300062	60076	43736	0
60076	43740	0.00161060	0.04611479	0.48101301	0.04616723	0.48061190	0.68902750	0.68934098	0.35310875	0.35314146	0.68935824	0.68939998	0.35306644	0.35309602	60076	43738	0
60076	43742	0.00090210	0.04609214	0.47904478	0.04621380	0.48117030	0.68918708	0.68928387	0.35318484	0.35319076	0.68912068	0.68948856	0.35314935	0.35314565	60076	43741	0
60076	43745	0.00213230	0.04630155	0.48287996	0.04613472	0.47918934	0.68914385	0.68919250	0.35323653	0.35312749	0.68913243	0.68924681	0.35318287	0.35302568	60076	43744	0
60076	43828	0.00106322	0.04596878	0.47956135	0.04589623	0.48276858	0.68969802	0.68974749	0.35357393	0.35362093	0.68965940	0.68958569	0.35352183	0.35352750	60076	43827	0
60076	43831	0.00174733	0.04588543	0.48277674	0.04615797	0.48072443	0.68973721	0.68989901	0.35361238	0.35356324	0.68975028	0.68991290	0.35360228	0.35364788	60076	43830	0
60076	43834	0.00256956	0.04604310	0.48118109	0.04589861	0.47871438	0.68989334	0.68986778	0.35369801	0.35372192	0.68965496	0.68974601	0.35372282	0.35355075	60076	43832	0
60076	43836	0.00191633	0.04629250	0.47926314	0.04603660	0.48122284	0.68968947	0.68994954	0.35361945	0.35353301	0.68976885	0.68990032	0.35358083	0.35367508	60076	43835	0
60076	43839	0.00092021	0.04600402	0.47991245	0.04595830	0.48290081	0.68967082	0.68968980	0.35353342	0.35356719	0.68963253	0.68985160	0.35347770	0.35359126	60076	43838	0
60076	43922	0.00133278	0.04579774	0.48284453	0.04559968	0.48160681	0.69032022	0.69025103	0.35448759	0.35439934	0.68996302	0.69027913	0.35427896	0.35440772	60076	43921	0
60076	43925	0.00218934	0.04573029	0.48365437	0.04558604	0.48108469	0.69015629	0.69035695	0.35446138	0.35444741	0.69034101	0.69042877	0.35456574	0.35437987	60076	43924	0
60076	43928	0.00237767	0.04580786	0.48293033	0.04580708	0.48236537	0.69049730	0.69044167	0.35457716	0.35450304	0.69033978	0.69033148	0.35449425	0.35460378	60076	43926	0
60076	43930	0.00125407	0.04556840	0.48008861	0.04568088	0.48345940	0.69067824	0.69058736	0.35471110	0.35473813	0.69020773	0.69016689	0.35434880	0.35437641	60076	43929	0
60076	43933	0.00084336	0.04569099	0.48196494	0.04589283	0.48319707	0.69016516	0.69020009	0.35444486	0.35443262	0.68991569	0.69019507	0.35451668	0.35445653	60076	43932	0
60076	44016	0.00100193	0.04609982	0.48245200	0.04637067	0.48197628	0.68842477	0.68858739	0.35260627	0.35254678	0.68837234	0.68831992	0.35260266	0.35261778	60076	44015	0
60076	44019	0.00199467	0.04612755	0.48300071	0.04602802	0.48002250	0.68813931	0.68855288	0.35273635	0.35271860	0.68862116	0.68856750	0.35259847	0.35264876	60076	44018	0
60076	44022	0.00093163	0.04588099	0.47795629	0.04587089	0.48114540	0.68840201	0.68847711	0.35271474	0.35268549	0.68840316	0.68854515	0.35277201	0.35261219	60076	44020	0
60076	44024	0.00157699	0.04590048	0.48315314	0.04525247	0.48121706	0.68828089	0.68837982	0.35265344	0.35259863	0.68828105	0.68836585	0.35268730	0.35256174	60076	44023	0
60076	44027	0.00073802	0.04574138	0.47929278	0.04567021	0.48180971	0.68797250	0.68802410	0.35240742	0.35214998	0.68810545	0.68817382	0.35251490	0.35258614	60076	44026	0
60076	44110	0.00201560	0.04627919	0.48273656	0.04621782	0.47890381	0.68845246	0.68850300	0.35281006	0.35283085	0.68856076	0.68877252	0.35297087	0.35290867	60076	44109	0
60076	44113	0.00088603	0.04640521	0.47876440	0.04585738	0.48215313	0.68862560	0.68874779	0.35276750	0.35283364	0.68856882	0.68860473	0.35285550	0.35286659	60076	44112	0
60076	44116	0.00153434	0.04649430	0.48162648	0.04620395	0.47968153	0.68864047	0.68875707	0.35278541	0.35282633	0.68848936	0.68864663	0.35286832	0.35279938	60076	44114	0
60076	44118	0.00198547	0.04645967	0.48166241	0.04666043	0.48030905	0.68865362	0.68880235	0.35286002	0.35286889	0.68835320	0.68849273	0.35270414	0.35271671	60076	44117	0
60076	44121	0.00112107	0.04661360	0.47962570	0.04625545	0.48221889	0.68828039	0.68841212	0.35271236	0.35271688	0.68818598	0.68843964	0.35255714	0.35274243	60076	44120	0
60076	44204	0.00130627	0.04614140	0.48017189	0.04617132	0.47961630	0.68806256	0.68806133	0.35249641	0.35232229	0.68812386	0.68834260	0.35244078	0.35255705	60076	44203	0
60076	44207	0.00243194	0.04630522	0.48371560	0.04622465	0.48033858	0.68809280	0.68832181	0.35237685	0.35265632	0.68821811	0.68815853	0.35243577	0.35241851	60076	44206	0
60076	44210	0.00093226	0.04635938	0.47893696	0.04640408	0.48343602	0.68817045	0.68846199	0.35249058	0.35244620	0.68800471	0.68813150	0.35238712	0.35259880	60076	44208	0
60076	44212	0.00235605	0.04630626	0.48245301	0.04631770	0.47818162	0.68793618	0.68782656	0.35238277	0.35239312	0.68810512	0.68837465	0.35254095	0.35255944	60076	44211	0
60076	44215	0.00207677	0.04626658	0.47793490	0.04626136	0.47877276	0.68809995	0.68834490	0.35241169	0.35262402	0.68811852	0.68825205	0.35243010	0.35250849	60076	44214	0
60076	44298	0.00118731	0.04598447	0.47859262	0.04610729	0.48126100	0.68818475	0.68850711	0.35268836	0.35283898	0.68832904	0.68831524	0.35292740	0.35285443	60076	44297	0
60076	44301	0.00198063	0.04621139	0.48184403	0.04606013	0.47946405	0.68844112	0.68857449	0.35284843	0.35302272	0.68858722	0.68864770	0.35279543	0.35290020	60076	44300	0
60076	44304	0.00127501	0.04621886	0.48097374	0.04600844	0.48309062	0.68862823	0.68856783	0.35292017	0.35282723	0.68871927	0.68898041	0.35298492	0.35308517	60076	44302	0
60076	44306	0.00125120	0.04610042	0.48066825	0.04589230	0.48073966	0.68877457	0.68900490	0.35301910	0.35314220	0.68879849	0.68907853	0.35308073	0.35309100	60076	44305	0
60076	44309	0.00244296	0.04633727	0.48163870	0.04643959	0.47806343	0.68879528	0.68853217	0.35298369	0.35296356	0.68877589	0.68910137	0.35317605	0.35319101	60076	44308	0
60076	44392	0.00210697	0.04600386	0.48005953	0.04585964	0.48106749	0.69007067	0.69030987	0.35474857	0.35478201	0.69017757	0.69034643	0.35482597	0.35481833	60076	44391	0
60076	44395	0.00028275	0.04576505	0.47930733	0.04582080	0.48477998	0.69033255	0.69041874	0.35490371	0.35498711	0.69031554	0.69029746	0.35495088	0.35493239	60076	44394	0
60076	44398	0.00080002	0.04570341	0.48178930	0.04590151	0.48023751	0.69023468	0.69033953	0.35487462	0.35496394	0.69035177	0.69060774	0.35487988	0.35493461	60076	44396	0
60076	44400	0.00086442	0.04598868	0.48209116	0.04593606	0.48189795	0.69043633	0.69086362	0.35500075	0.35512302	0.69032030	0.69024775	0.35488538	0.35480765	60076	44399	0
60076	44403	0.00158491	0.04623326	0.48103024	0.04594317	0.47886877	0.69033057	0.69059328	0.35479837	0.35489935	0.69038136	0.69037511	0.35487856	0.35475399	60076	44402	0
60076	44486	0.00216790	0.04576725	0.48250062	0.04578474	0.48075166	0.68924287	0.68948675	0.35355881	0.35359061	0.68928494	0.68928453	0.35375027	0.35372216	60076	44485	0
60076	44489	0.00163097	0.04611483	0.48206780	0.04543505	0.48367859	0.68908165	0.68912241	0.35352430	0.35360129	0.68914024	0.68929078	0.35365634	0.35356481	60076	44487	0
60076	44491	0.00221273	0.04586196	0.48095726	0.04573976	0.47921196	0.68925002	0.68937517	0.35363597	0.35361559	0.68906176	0.68913095	0.35351624	0.35354870	60076	44490	0
60076	44494	0.00262620	0.04595669	0.48169691	0.04583043	0.48045651	0.68912561	0.68931576	0.35368708	0.35360721	0.68904426	0.68926925	0.35345790	0.35353399	60076	44493	0
60076	44497	0.00228941	0.04591192	0.48109310	0.04591147	0.48210346	0.68899611	0.68914443	0.35358255	0.35350055	0.68922709	0.68937591	0.35380647	0.35348945	60076	44495	0
60076	44580	0.00131326	0.04601352	0.47947896	0.04581315	0.48240742	0.68935676	0.68932184	0.35414905	0.35404337	0.68923794	0.68931239	0.35404124	0.35409826	60076	44579	0
60076	44583	0.00179836	0.04556595	0.48142332	0.04528036	0.47996804	0.68932644	0.68940491	0.35406942	0.35394460	0.68968758	0.68965438	0.35417156	0.35405710	60076	44581	0
60076	44585	0.00156826	0.04554757	0.48052533	0.04563393	0.48121561	0.68940746	0.68965241	0.35409383	0.35427921	0.68922200	0.68990583	0.35405052	0.35443607	60076	44584	0
60076	44588	0.00141741	0.04558761	0.48087842	0.04544273	0.48133096	0.68974864	0.68949571	0.35432785	0.35418783	0.68952340	0.68991051	0.35420131	0.35439474	60076	44587	0
60076	44591	0.00087237	0.04562293	0.48032764	0.04538300	0.48196277	0.68925684	0.68931099	0.35402168	0.35400319	0.68907623	0.68916859	0.35414888	0.35399423	60076	44589	0
60076	44674	0.00086448	0.04606837	0.48140506	0.04639979	0.48142871	0.68850201	0.68855288	0.35282847	0.35285246	0.68819847	0.68835920	0.35273233	0.35274210	60076	44673	0
60076	44677	0.00213434	0.04611741	0.48355147	0.04620891	0.47974189	0.68820250	0.68853422	0.35277399	0.35290308	0.68862872	0.68877983	0.35299758	0.35294605	60076	44675	0
60076	44679	0.00107493	0.04629333	0.47972168	0.04641091	0.48289990	0.68874425	0.68878279	0.35312872	0.35296857	0.68874729	0.68864466	0.35294079	0.35299010	60076	44678	0
60076	44682	0.00212408	0.04620604	0.48395865	0.04606633	0.48081120	0.68861787	0.68864129	0.35306734	0.35289503	0.68843200	0.68872848	0.35288656	0.35303768	60076	44681	0
60076	44685	0.00114615	0.04626608	0.47940599	0.04617402	0.48233979	0.68861500	0.68874820	0.35308106	0.35306767	0.68869824	0.68870711	0.35308953	0.35303307	60076	44683	0
60076	44768	0.00130107	0.04599194	0.48119878	0.04591599	0.48073402	0.68875699	0.68881640	0.35356637	0.35360942	0.68897672	0.68883218	0.35377073	0.35364435	60076	44767	0
60076	44771	0.00177713	0.04609397	0.48073839	0.04604720	0.47931021	0.68886307	0.68890169	0.35375134	0.35362101	0.68873645	0.68867350	0.35360187	0.35358839	60076	44769	0
60076	44773	0.00133271	0.04591027	0.48034216	0.04593836	0.48167541	0.68905708	0.68893440	0.35373178	0.35348666	0.68867013	0.68892109	0.35356357	0.35345905	60076	44772	0
60076	44776	0.00195316	0.04598136	0.48178783	0.04601752	0.47992648	0.68869511	0.68902553	0.35353153	0.35349512	0.68861179	0.68855304	0.35348288	0.35327080	60076	44775	0
60076	44779	0.00212027	0.04599039	0.48104628	0.04595907	0.48054493	0.68843718	0.68877597	0.35316693	0.35342322	0.68866553	0.68898740	0.35325198	0.35354730	60076	44777	0
60076	44862	0.00153949	0.04593995	0.48099120	0.04570990	0.48273354	0.68753469	0.68768038	0.35218613	0.35215712	0.68768145	0.68768432	0.35226945	0.35226839	60076	44861	0
60076	44865	0.00112766	0.04597766	0.48045436	0.04625784	0.48168984	0.68771111	0.68798860	0.35233067	0.35240808	0.68781309	0.68779386	0.35233716	0.35222377	60076	44863	0
60076	44867	0.00173204	0.04633635	0.48034739	0.04650994	0.47853427	0.68770191	0.68800142	0.35233601	0.35224423	0.68776814	0.68810323	0.35215359	0.35235812	60076	44866	0
60076	44870	0.00170388	0.04613378	0.48002459	0.04632036	0.48010906	0.68778967	0.68787332	0.35226518	0.35215836	0.68774521	0.68784776	0.35219008	0.35232188	60076	44869	0
60076	44873	0.00222433	0.04625018	0.48197164	0.04614680	0.48041029	0.68778342	0.68811564	0.35219386	0.35236444	0.68788162	0.68781374	0.35232508	0.35214932	60076	44871	0
60076	44956	0.00150956	0.04540435	0.48234812	0.04522860	0.48449244	0.68765293	0.68749179	0.35232418	0.35245360	0.68705941	0.68747544	0.35216132	0.35227027	60076	44955	0
60076	44959	0.00230956	0.04532713	0.48317597	0.04539527	0.48077597	0.68754315	0.68799025	0.35245648	0.35237981	0.68769122	0.68780889	0.35242517	0.35250783	60076	44957	0
60076	44961	0.00187919	0.04534198	0.47888816	0.04550960	0.48017927	0.68766559	0.68779008	0.35247768	0.35249230	0.68764233	0.68780889	0.35241038	0.35263832	60076	44960	0
60076	44964	0.00151000	0.04540700	0.48062707	0.04523655	0.48173465	0.68789411	0.68782196	0.35265508	0.35255796	0.68775861	0.68793766	0.35246782	0.35268680	60076	44963	0
60076	44967	0.00004096	0.04555821	0.47977735	0.04548928	0.48418447	0.68769920	0.68789107	0.35248220	0.35253059	0.68754011	0.68773108	0.35247611	0.35252673	60076	44965	0
60076	45050	0.00107421	0.04536805	0.48372998	0.04552724	0.48063023	0.68780216	0.68800208	0.35270159	0.35277662	0.68796173	0.68824498	0.35286240	0.35298788	60076	45049	0
60076	45053	0.00199519	0.04545579	0.48298750	0.04546675	0.48022453	0.68835887	0.68837908	0.35298032	0.35299347	0.68814465	0.68830455	0.35304926	0.35299725	60076	45051	0
60076	45055	0.00189261	0.04579246	0.48074712	0.04550164	0.48105488	0.68821408	0.68823865	0.35304951	0.35301483	0.68819346	0.68821006	0.35291877	0.35297933	60076	45054	0
60076	45058	0.00195550	0.04564246	0.48128109	0.04571718	0.48109240	0.68808861	0.68847588	0.35300982	0.35298960	0.68813372	0.68831187	0.35300456	0.35297358	60076	45057	0
60076	45061	0.00241777	0.04556262	0.48107955	0.04559512	0.47969273	0.68827357	0.68838114	0.35285550	0.35300374	0.68816182	0.68843044	0.35296849	0.35301278	60076	45059	0
60076	45144	0.00161388	0.04591298	0.47949810	0.04558080	0.48190977	0.68876381	0.68888156	0.35360786	0.35366086	0.68882314	0.68908025	0.35367270	0.35368971	60076	45143	0
60076	45147	0.00126809	0.04582988	0.48164616	0.04554529	0.48268355	0.68881122	0.68885247	0.35358765	0.35361887	0.68879019	0.68903580	0.35352175	0.35366694	60076	45145	0
60076	45149	0.00155594	0.04569024	0.48194087	0.04559655	0.48107730	0.68858952	0.68867646	0.35363777	0.35364977	0.68850883	0.68831129	0.35344968	0.35346447	60076	45148	0
60076	45152	0.00177068	0.04543765	0.48281523	0.04551608	0.48217102	0.68859133	0.68854260	0.35343226	0.35342018	0.68846298	0.68871475	0.35352462	0.35337474	60076	45151	0
60076	45155	0.00097510	0.04521927	0.47918994	0.04555284	0.48157668	0.68840094	0.68869281	0.35337310	0.35335058	0.68827653	0.68841622	0.35337384	0.35330128	60076	45153	0
60076	45238	0.00217180	0.04616880	0.48183884	0.04616180	0.47824874	0.68836487	0.68843208	0.35268401	0.35263914	0.68833520	0.68848517	0.35264909	0.35266445	60076	45236	0
60076	45240	0.00102333	0.04644798	0.47768795	0.04638039	0.48113337	0.68880851	0.68878427	0.35297103	0.35302987	0.68860045	0.68857062	0.35287687	0.35280086	60076	45239	0
60076	45243	0.00212554	0.04619734	0.48189329	0.04624732	0.47858668	0.68856339	0.68861985	0.35291080	0.35287399	0.68840628	0.68867104	0.35287785	0.35283225	60076	45242	0
60076	45246	0.00138156	0.04624541	0.47993724	0.04610719	0.48216916	0.68833463	0.68853784	0.35277374	0.35286158	0.68848377	0.68866964	0.35283545	0.35302436	60076	45244	0
60076	45248	0.00170657	0.04615527	0.48207362	0.04617992	0.48109858	0.68861450	0.68862354	0.35280850	0.35281680	0.68822518	0.68841310	0.35269839	0.35280135	60076	45247	0
60076	45332	0.00145555	0.04615577	0.48046569	0.04612273	0.48121878	0.68808146	0.68797570	0.35247357	0.35254884	0.68848467	0.68849642	0.35281746	0.35279823	60076	45330	0
60076	45334	0.00202904	0.04616631	0.48262430	0.04624492	0.48090382	0.68848722	0.68868854	0.35282485	0.35288599	0.68841253	0.68844137	0.35283529	0.35284761	60076	45333	0
60076	45337	0.00242947	0.04606869	0.48189612	0.04634990	0.48069483	0.68846010	0.68843134	0.35279691	0.35266092	0.68852173	0.68854926	0.35289889	0.35277629	60076	45336	0
60076	45340	0.00157373	0.04627417	0.47885371	0.04624075	0.48142093	0.68830579	0.68871138	0.35259765	0.35286684	0.68823101	0.68836273	0.35270184	0.35263610	60076	45338	0
60076	45342	0.00230416	0.04616372	0.48229018	0.04635938	0.48009890	0.68826174	0.68828590	0.35260488	0.35259206	0.68834441	0.68864441	0.35268861	0.35276618	60076	45341	0
60076	45426	0.00161678	0.04542813	0.47975276	0.04567742	0.48181488	0.68915191	0.68947048	0.35392077	0.35410287	0.68908535	0.68923120	0.35388708	0.35386621	60076	45424	0
60076	45428	0.00181383	0.04578899	0.48094532	0.04596756	0.48035418	0.68924780	0.68947698	0.35396293	0.35407419	0.68927081	0.68936859	0.35403212	0.35393696	60076	45427	0
60076	45431	0.00114973	0.04597252	0.48034647	0.04613290	0.48233876	0.68946917	0.68965899	0.35409268	0.35406975	0.68938519	0.68967904	0.35402390	0.35413006	60076	45430	0
60076	45434	0.00208299	0.04613578	0.48235732	0.04602376	0.47955755	0.68935413	0.68938872	0.35389398	0.35397961	0.68941781	0.68961470	0.35398700	0.35402497	60076	45432	0
60076	45436	0.00273784	0.04622404	0.48114123	0.04614818	0.47917667	0.68926727	0.68949119	0.35400738	0.35399514	0.68922126	0.68949719	0.35395644	0.35387640	60076	45435	0
60076	45520	0.00071288	0.04522906	0.47995811	0.04572042	0.48603301	0.68897244	0.68924813	0.35387969	0.35391864	0.68902076	0.68925092	0.35393006	0.35397591	60076	45518	0
60076	45522	0.00084067	0.04537749	0.48264168	0.04538198	0.48225830	0.68923515	0.68952891	0.35398446	0.35404650	0.68904377	0.68910408	0.35389629	0.35392636	60076	45521	0
60076	45525	0.00192012	0.04562257	0.48266083	0.04571616	0.47942249	0.68893579	0.68907894	0.35408347	0.35391716	0.68913777	0.68922381	0.35394625	0.35396662	60076	45524	0
60076	45528	0.00164676	0.04562269	0.48109978	0.04558945	0.48191984	0.68930483	0.68918560	0.35399152	0.35393129	0.68928798	0.68921846	0.35398232	0.35385808	60076	45526	0
60076	45530	0.00198620	0.04579021	0.48140128	0.04562818	0.48038296	0.68909036	0.68924188	0.35389209	0.35400114	0.68909044	0.68922594	0.35386260	0.35398462	60076	45529	0
60076	45614	0.00032147	0.04572188	0.47945321	0.04592985	0.48444743	0.68845041	0.68871582	0.35299774	0.35304244	0.68867958	0.68881188	0.35300727	0.35323234	60076	45612	0
60076	45616	0.00169452	0.04585492	0.48467855	0.04565333	0.48055939	0.68869865	0.68876430	0.35313760	0.35316627	0.68868230	0.68873793	0.35326315	0.35332067	60076	45615	0
60076	45619	0.00212967	0.04583116	0.48183841	0.04573769	0.48053294	0.68879495	0.68878624	0.35323867	0.35319922	0.68858246	0.68879997	0.35316332	0.35316208	60076	45618	0
60076	45622	0.00084225	0.04567909	0.47878183	0.04597659	0.48264410	0.68868139	0.68866068	0.35311656	0.35306438	0.68885518	0.68896858	0.35316849	0.35330243	60076	45620	0
60076	45624	0.00175432	0.04579918	0.48323379	0.04582128	0.48049758	0.68899052	0.68902594	0.35339956	0.35322700	0.68878090	0.68872971	0.35333349	0.35323119	60076	45623	0
60076	45708	0.00190463	0.04602025	0.48090680	0.04576106	0.48045587	0.68877285	0.68894097	0.35332856	0.35336340	0.68901419	0.68919496	0.35346094	0.35359751	60076	45706	0
60076	45710	0.00189528	0.04573731	0.48216725	0.04569335	0.48219531	0.68907294	0.68914928	0.35348707	0.35361707	0.68891879	0.68875888	0.35351164	0.35343341	60076	45709	0
60076	45713	0.00289481	0.04574908	0.48426671	0.04568629	0.48126811	0.68893185	0.68909940	0.35351616	0.35362997	0.68905831	0.68921099	0.35366423	0.35347179	60076	45712	0
60076	45716	0.00166128	0.04569276	0.47938469	0.04554511	0.48308527	0.68918091	0.68925939	0.35363703	0.35350811	0.68884080	0.68905001	0.35347072	0.35356242	60076	45714	0
60076	45718	0.00184943	0.04552366	0.48234608	0.04532853	0.48178165	0.68878616	0.68890498	0.35337450	0.35347820	0.68888838	0.68905149	0.35341920	0.35341829	60076	45717	0
60076	45802	0.00168632	0.04604683	0.47984743	0.04594719	0.48033677	0.68874680	0.68893793	0.35327400	0.35332486	0.68898214	0.68908321	0.35337113	0.35356292	60076	45800	0
60076	45804	0.00164057	0.04594298	0.48125290	0.04580308	0.48139014	0.68903350	0.68886825	0.35341953	0.35346160	0.68902002	0.68903785	0.35357376	0.35351789	60076	45803	0
60076	45807	0.00188933	0.04601381	0.48066140	0.04606737	0.47991510	0.68918346	0.68926103	0.35358601	0.35352265	0.68916390	0.68912651	0.35364583	0.35360071	60076	45806	0
60076	45810	0.00167728	0.04587272	0.47970968	0.04587391	0.48034585	0.68922249	0.68917853	0.35365815	0.35373424	0.68931025	0.68935996	0.35372767	0.35381946	60076	45808	0
60076	45812	0.00090951	0.04590481	0.47870225	0.04590293	0.48100554	0.68909200	0.68932028	0.35373926	0.35372348	0.68925717	0.68936120	0.35379973	0.35400007	60076	45811	0
60076	45896	0.00111159	0.04616572	0.48035802	0.04611341	0.47975179	0.68953063	0.68978717	0.35409974	0.35416408	0.68992259	0.68996080	0.35442112	0.35440049	60076	45894	0
60076	45898	0.00227638	0.04619655	0.48170183	0.04629952	0.47820745	0.68966564	0.68993911	0.35438159	0.35425151	0.68975521	0.68982349	0.35425069	0.35430534	60076	45897	0
60076	45901	0.00112321	0.04612191	0.47848192	0.04615258	0.48194142	0.68968142	0.68987444	0.35432341	0.35423122	0.68967378	0.68990616	0.35427641	0.35415767	60076	45900	0
60076	45904	0.00166103	0.04608141	0.48046716	0.04633325	0.47885372	0.68967271	0.68981404	0.35436499	0.35431544	0.68966655	0.68989202	0.35410410	0.35429843	60076	45902	0
60076	45906	0.00171113	0.04620003	0.48051205	0.04624596	0.48036175	0.68960508	0.68961092	0.35420977	0.35415209	0.68955027	0.68971215	0.35403581	0.35414929	60076	45905	0
60076	45990	0.00210345	0.04581077	0.48257773	0.04600475	0.48140077	0.68855542	0.68849100	0.35292781	0.35300826	0.68880235	0.68904549	0.35305830	0.35322453	60076	45988	0
60076	45992	0.00133950	0.04589221	0.47904645	0.04599733	0.48133829	0.68889216	0.68895305	0.35311336	0.35316940	0.68870580	0.68892799	0.35315321	0.35313382	60076	45991	0
60076	45995	0.00073535	0.04587263	0.47988537	0.04605692	0.48169781	0.68862264	0.68882248	0.35308944	0.35317531	0.68905823	0.68913284	0.35328805	0.35325223	60076	45994	0
60076	45998	0.00111039	0.04618409	0.48188660	0.04631211	0.48076148	0.68903547	0.68920918	0.35322338	0.35322503	0.68894672	0.68878772	0.35316997	0.35312757	60076	45996	0
60076	46000	0.00195144	0.04634233	0.48213729	0.04607621	0.47961414	0.68900737	0.68895658	0.35315411	0.35317622	0.68874129	0.68878033	0.35312601	0.35310563	60076	45999	0
60076	46084	0.00237859	0.04569822	0.48149492	0.04583202	0.48021346	0.68954247	0.68947106	0.35377779	0.35390343	0.68970689	0.68954567	0.35403935	0.35390459	60076	46082	0
60076	46086	0.00067512	0.04584619	0.47906170	0.04580938	0.48417211	0.68947977	0.68966392	0.35394715	0.35390672	0.68960574	0.68995406	0.35389300	0.35397961	60076	46085	0
60076	46089	0.00110435	0.04584679	0.48170684	0.04589906	0.48041917	0.68951683	0.68959867	0.35394477	0.35385117	0.68951165	0.68977329	0.35387098	0.35399259	60076	46088	0
60076	46092	0.00145435	0.04563750	0.48161309	0.04555808	0.48056308	0.68937853	0.68954197	0.35385479	0.35384534	0.68948955	0.68998397	0.35392874	0.35407279	60076	46090	0
60076	46094	0.00218051	0.04572386	0.48275613	0.04572449	0.48057764	0.68942997	0.68961716	0.35393285	0.35392127	0.68931518	0.68960122	0.35384641	0.35385758	60076	46093	0
60076	46178	0.00204634	0.04566482	0.48094555	0.04568688	0.48134806	0.68848476	0.68852354	0.35305156	0.35285065	0.68840603	0.68864943	0.35281318	0.35294696	60076	46176	0
60076	46180	0.00109295	0.04551566	0.48000029	0.04561746	0.48286045	0.68850998	0.68862576	0.35294827	0.35302190	0.68864754	0.68874228	0.35299758	0.35300793	60076	46179	0
60076	46183	0.00178649	0.04559602	0.48229863	0.04558611	0.48021802	0.68872404	0.68850448	0.35304244	0.35291130	0.68844203	0.68856126	0.35286035	0.35301730	60076	46182	0
60076	46186	0.00153147	0.04538174	0.48082329	0.04553322	0.48158834	0.68853866	0.68850160	0.35291154	0.35289987	0.68867194	0.68863488	0.35294934	0.35287769	60076	46184	0
60076	46188	0.00143203	0.04559243	0.48146586	0.04541726	0.48176419	0.68845978	0.68866266	0.35301779	0.35291228	0.68859182	0.68855559	0.35311179	0.35290546	60076	46187	0
60076	46272	0.00170902	0.04565702	0.48334897	0.04588149	0.48251801	0.68963927	0.69001890	0.35428718	0.35443040	0.68969588	0.68990468	0.35425480	0.35432621	60076	46270	0
60076	46274	0.00120124	0.04561233	0.47942116	0.04566123	0.48094448	0.68945635	0.68956868	0.35419892	0.35432530	0.68949448	0.68974444	0.35427534	0.35439992	60076	46273	0
60076	46277	0.00261080	0.04536561	0.48186990	0.04546501	0.47764120	0.68947952	0.68969695	0.35425973	0.35416186	0.68940376	0.68943047	0.35424888	0.35422086	60076	46276	0
60076	46280	0.00208076	0.04560238	0.47966270	0.04536332	0.48125281	0.68958273	0.68980870	0.35427978	0.35433442	0.68947172	0.68944033	0.35430517	0.35423270	60076	46278	0
60076	46282	0.00196470	0.04549927	0.48077097	0.04555690	0.48111916	0.68946054	0.68952809	0.35430369	0.35432539	0.68955948	0.68961190	0.35431947	0.35428011	60076	46281	0
60076	46366	0.00209726	0.04613774	0.47954729	0.04607098	0.47914959	0.68836626	0.68870621	0.35282806	0.35292921	0.68850875	0.68879873	0.35301343	0.35305518	60076	46364	0
60076	46368	0.00147253	0.04630156	0.47985398	0.04629583	0.48172819	0.68859158	0.68878476	0.35315107	0.35310884	0.68879725	0.68924805	0.35316849	0.35327014	60076	46367	0
60076	46371	0.00177947	0.04628338	0.47972062	0.04647659	0.47879981	0.68900909	0.68902018	0.35310045	0.35305049	0.68896636	0.68909792	0.35314179	0.35322577	60076	46370	0
60076	46374	0.00190706	0.04625814	0.48047382	0.04614397	0.48009105	0.68888674	0.68905314	0.35302535	0.35316660	0.68924731	0.68916588	0.35332692	0.35321952	60076	46372	0
60076	46376	0.00069059	0.04626640	0.47863067	0.04628099	0.48228008	0.68888534	0.68916366	0.35312420	0.35338337	0.68925207	0.68914188	0.35343021	0.35330975	60076	46375	0
60076	46460	0.00276528	0.04599757	0.48467576	0.04603665	0.47845171	0.69016114	0.69010197	0.35429638	0.35430213	0.69018809	0.69032236	0.35440287	0.35444248	60076	46458	0
60076	46462	0.00116522	0.04626697	0.47771380	0.04606280	0.48251397	0.69025013	0.69036040	0.35447699	0.35447995	0.69004864	0.69020247	0.35441101	0.35440156	60076	46461	0
60076	46465	0.00152142	0.04611741	0.48029197	0.04626464	0.47922337	0.69017083	0.69018168	0.35441692	0.35439490	0.69026402	0.69048119	0.35446122	0.35459039	60076	46464	0
60076	46468	0.00147747	0.04621614	0.47946961	0.04618596	0.47960145	0.69016286	0.69036180	0.35446368	0.35459121	0.69002555	0.69012071	0.35438332	0.35433056	60076	46466	0
60076	46470	0.00178165	0.04596850	0.48222419	0.04602582	0.48131167	0.69003788	0.69009721	0.35431002	0.35437009	0.69022942	0.69002325	0.35450378	0.35438693	60076	46469	0
60076	46554	0.00134138	0.04552122	0.47957730	0.04568511	0.48089811	0.68943236	0.68955676	0.35366292	0.35354821	0.68933301	0.68955561	0.35354295	0.35353563	60076	46552	0
60076	46556	0.00208519	0.04592350	0.48123958	0.04591213	0.47900815	0.68949341	0.68958972	0.35356374	0.35366070	0.68932718	0.68970747	0.35357541	0.35362709	60076	46555	0
60076	46559	0.00209008	0.04590018	0.48109048	0.04590394	0.48107581	0.68945076	0.68960681	0.35344484	0.35361181	0.68972900	0.68985340	0.35365437	0.35372274	60076	46558	0
60076	46562	0.00274254	0.04605581	0.48119966	0.04608564	0.47924227	0.68935093	0.68953672	0.35337729	0.35351222	0.68939949	0.68942283	0.35341279	0.35330901	60076	46560	0
60076	46564	0.00228417	0.04597868	0.48007834	0.04609822	0.48145346	0.68931124	0.68934600	0.35346653	0.35334639	0.68919817	0.68947574	0.35328756	0.35328690	60076	46563	0
60076	46648	0.00132248	0.04576792	0.48074455	0.04556243	0.48362961	0.68844203	0.68858615	0.35283307	0.35288048	0.68849963	0.68874335	0.35284917	0.35299363	60076	46646	0
60076	46650	0.00105223	0.04570137	0.47988065	0.04576584	0.48069139	0.68855879	0.68857309	0.35290694	0.35283603	0.68854219	0.68874647	0.35278220	0.35292584	60076	46649	0
60076	46653	0.00145382	0.04575053	0.48287819	0.04564931	0.48167343	0.68848204	0.68877934	0.35270833	0.35291951	0.68850382	0.68867293	0.35298352	0.35289815	60076	46652	0
60076	46656	0.00208803	0.04568432	0.48239338	0.04576758	0.48049075	0.68843093	0.68867309	0.35288722	0.35279921	0.68845657	0.68891468	0.35289363	0.35301804	60076	46654	0
60076	46658	0.00156271	0.04576276	0.48063457	0.04570726	0.48221054	0.68855764	0.68862190	0.35288369	0.35292863	0.68855682	0.68850481	0.35294729	0.35273939	60076	46657	0
60076	46742	0.00190613	0.04561442	0.48250184	0.04552543	0.48147158	0.68971363	0.68996787	0.35411511	0.35411749	0.68977296	0.68983639	0.35416597	0.35412678	60076	46740	0
60076	46744	0.00168045	0.04558377	0.48148913	0.04555673	0.48216615	0.68969539	0.69013155	0.35424913	0.35422941	0.69003320	0.69004076	0.35426754	0.35431898	60076	46743	0
60076	46747	0.00181546	0.04591437	0.48235915	0.04582130	0.48195415	0.68975455	0.68980994	0.35416088	0.35406934	0.68978027	0.68996130	0.35418430	0.35413853	60076	46746	0
60076	46750	0.00176182	0.04560738	0.48099762	0.04563794	0.48115853	0.68967287	0.69009376	0.35426195	0.35419169	0.68967123	0.68988693	0.35414444	0.35412941	60076	46748	0
60076	46752	0.00205000	0.04544904	0.48330640	0.04556758	0.48244187	0.68973163	0.68987000	0.35414272	0.35425406	0.68952381	0.68984371	0.35421182	0.35430846	60076	46751	0
60076	46836	0.00121670	0.04560732	0.47862077	0.04558346	0.48112065	0.68905766	0.68942135	0.35337047	0.35346760	0.68923424	0.68941485	0.35334442	0.35349167	60076	46834	0
60076	46838	0.00175678	0.04496023	0.48178827	0.04558445	0.48016805	0.68919981	0.68926259	0.35344582	0.35334434	0.68889890	0.68875814	0.35320440	0.35300916	60076	46837	0
60076	46841	0.00210118	0.04554905	0.48183218	0.04542407	0.48079897	0.68902520	0.68907236	0.35333982	0.35337754	0.68847103	0.68898304	0.35312034	0.35323628	60076	46840	0
60076	46844	0.00209395	0.04541328	0.48041125	0.04540475	0.48043294	0.68895108	0.68932143	0.35327145	0.35325855	0.68902512	0.68922200	0.35332988	0.35333908	60076	46842	0
60076	46846	0.00092775	0.04522136	0.48034687	0.04550675	0.48384548	0.68920852	0.68909759	0.35342388	0.35332544	0.68859684	0.68895617	0.35306602	0.35302921	60076	46845	0
60076	46930	0.00185751	0.04586164	0.48235700	0.04581641	0.47956770	0.68908600	0.68917467	0.35323834	0.35316077	0.68907557	0.68918757	0.35332265	0.35321566	60076	46928	0
60076	46932	0.00093871	0.04603936	0.47949494	0.04604156	0.48225136	0.68951617	0.68955019	0.35349562	0.35349323	0.68926884	0.68932800	0.35348395	0.35357541	60076	46931	0
60076	46935	0.00130675	0.04595335	0.48048561	0.04607448	0.47938149	0.68954543	0.68958191	0.35361058	0.35359710	0.68939637	0.68949399	0.35348847	0.35356267	60076	46934	0
60076	46938	0.00086813	0.04592826	0.47950099	0.04584100	0.48081683	0.68951535	0.68971034	0.35369538	0.35355207	0.68931847	0.68942899	0.35363531	0.35355108	60076	46936	0
60076	46940	0.00139681	0.04612138	0.48077079	0.04594542	0.47918475	0.68944707	0.68957303	0.35348329	0.35365437	0.68942882	0.68954863	0.35359956	0.35348222	60076	46939	0
60076	47024	0.00175502	0.04605197	0.48220138	0.04628229	0.48112676	0.68856676	0.68855329	0.35268984	0.35253150	0.68833159	0.68880481	0.35257620	0.35281088	60076	47022	0
60076	47026	0.00119507	0.04601500	0.47815253	0.04611335	0.47983238	0.68885346	0.68905839	0.35288714	0.35288393	0.68894713	0.68912906	0.35302675	0.35286380	60076	47025	0
60076	47029	0.00134281	0.04603527	0.48203656	0.04612334	0.48159333	0.68886537	0.68891739	0.35283824	0.35281343	0.68881804	0.68910540	0.35275385	0.35285353	60076	47028	0
60076	47032	0.00061492	0.04608366	0.47934961	0.04636617	0.48153328	0.68911444	0.68906111	0.35298040	0.35287637	0.68885206	0.68907146	0.35268812	0.35280045	60076	47030	0
60076	47034	0.00055739	0.04623232	0.48219520	0.04617896	0.48236780	0.68878411	0.68899751	0.35276799	0.35290143	0.68862979	0.68879742	0.35274424	0.35277284	60076	47033	0
60076	47118	0.00100762	0.04557440	0.48197708	0.04569676	0.48062638	0.68974732	0.69003583	0.35390023	0.35385947	0.68938462	0.68943967	0.35377344	0.35370269	60076	47116	0
60076	47120	0.00206619	0.04539301	0.48342630	0.04601058	0.48025060	0.68970319	0.68941485	0.35386095	0.35370557	0.68957903	0.68946580	0.35372027	0.35357697	60076	47119	0
60076	47123	0.00111693	0.04592433	0.47926369	0.04581742	0.48211145	0.68959465	0.68970139	0.35381674	0.35376473	0.68927393	0.68979473	0.35363745	0.35387246	60076	47122	0
60076	47126	0.00143666	0.04615184	0.48314839	0.04603548	0.48218922	0.68960064	0.68985094	0.35371912	0.35396769	0.68985275	0.69005209	0.35392217	0.35398733	60076	47124	0
60076	47128	0.00169805	0.04600409	0.48094675	0.04595945	0.48016258	0.68974658	0.68994059	0.35396030	0.35391527	0.68970254	0.68987074	0.35382356	0.35390878	60076	47127	0
60076	47212	0.00084623	0.04533200	0.48068370	0.04559572	0.48323914	0.68859897	0.68870925	0.35284079	0.35280973	0.68878164	0.68890950	0.35299445	0.35292033	60076	47210	0
60076	47214	0.00279272	0.04540005	0.48357819	0.04536164	0.47773873	0.68866414	0.68889717	0.35295328	0.35297227	0.68880095	0.68900383	0.35281770	0.35283972	60076	47213	0
60076	47217	0.00241190	0.04535886	0.48085651	0.04536506	0.48199897	0.68857597	0.68872831	0.35276240	0.35289913	0.68876414	0.68910195	0.35281343	0.35284539	60076	47216	0
60076	47220	0.00253136	0.04523610	0.48152997	0.04553347	0.48117160	0.68860037	0.68887071	0.35286068	0.35290521	0.68864409	0.68907590	0.35279732	0.35304819	60076	47218	0
60076	47222	0.00077045	0.04548992	0.47873048	0.04494107	0.48401320	0.68857169	0.68888362	0.35266051	0.35272583	0.68842436	0.68884006	0.35269288	0.35286528	60076	47221	0
60076	47306	0.00172883	0.04520824	0.48409241	0.04537914	0.48121727	0.68832551	0.68833298	0.35242977	0.35247176	0.68822329	0.68851623	0.35237669	0.35240093	60076	47304	0
60076	47308	0.00279112	0.04541795	0.48233626	0.04515520	0.47914939	0.68816527	0.68843562	0.35244489	0.35246173	0.68805262	0.68837645	0.35238367	0.35235080	60076	47307	0
60076	47311	0.00184975	0.04522468	0.47859520	0.04526070	0.48141931	0.68822279	0.68839437	0.35231128	0.35243010	0.68821901	0.68862675	0.35244029	0.35253544	60076	47310	0
60076	47314	0.00102557	0.04507372	0.47916322	0.04544988	0.48163575	0.68833266	0.68852535	0.35243232	0.35242418	0.68830562	0.68841286	0.35239690	0.35249411	60076	47312	0
60076	47316	0.00073860	0.04542346	0.48052100	0.04514890	0.48138193	0.68821762	0.68843726	0.35236716	0.35245746	0.68815221	0.68828878	0.35240972	0.35244473	60076	47315	0
60076	47400	0.00086490	0.04559208	0.48148068	0.04537772	0.48110176	0.68883809	0.68905979	0.35304482	0.35306890	0.68868747	0.68888887	0.35287095	0.35306824	60076	47398	0
60076	47402	0.00159174	0.04545940	0.48169737	0.04543323	0.47951684	0.68889742	0.68907072	0.35306216	0.35312716	0.68885075	0.68885444	0.35293397	0.35301804	60076	47401	0
60076	47405	0.00071985	0.04521548	0.48025897	0.04527369	0.48287464	0.68886874	0.68901484	0.35301557	0.35301311	0.68867013	0.68876866	0.35297670	0.35283266	60076	47404	0
60076	47408	0.00196412	0.04533869	0.48431942	0.04534977	0.48058661	0.68882963	0.68883209	0.35279494	0.35284671	0.68876784	0.68896891	0.35285829	0.35289042	60076	47406	0
60076	47410	0.00166606	0.04540746	0.48055141	0.04519863	0.48144561	0.68873916	0.68877425	0.35281836	0.35296602	0.68868797	0.68880481	0.35288106	0.35276815	60076	47409	0
60076	47494	0.00196554	0.04600782	0.48035376	0.04601104	0.47945532	0.68915947	0.68895280	0.35305559	0.35291623	0.68921058	0.68925700	0.35308303	0.35319232	60076	47492	0
60076	47496	0.00122559	0.04599698	0.47865457	0.04585045	0.48087441	0.68928502	0.68943039	0.35319996	0.35316364	0.68910868	0.68922775	0.35312708	0.35315477	60076	47495	0
60076	47499	0.00096975	0.04595353	0.48093752	0.04598382	0.48170503	0.68879339	0.68904853	0.35306570	0.35310004	0.68893925	0.68920597	0.35315765	0.35306939	60076	47498	0
60076	47502	0.00106304	0.04595673	0.48078937	0.04593919	0.48050950	0.68903596	0.68919948	0.35315937	0.35317696	0.68931559	0.68944748	0.35321853	0.35329668	60076	47500	0
60076	47504	0.00265469	0.04587769	0.48421761	0.04600022	0.47944266	0.68917072	0.68925076	0.35327901	0.35314935	0.68918182	0.68954370	0.35327712	0.35330761	60076	47503	0
60076	47588	0.00185843	0.04571623	0.48020045	0.04579937	0.48258922	0.68822657	0.68833109	0.35203543	0.35203033	0.68833274	0.68842986	0.35198818	0.35203148	60076	47586	0
60076	47590	0.00246643	0.04573550	0.48123972	0.04576166	0.47941573	0.68841614	0.68843455	0.35201283	0.35194890	0.68842567	0.68845279	0.35210207	0.35196764	60076	47589	0
60076	47593	0.00234370	0.04585146	0.48002260	0.04548630	0.48039078	0.68831376	0.68884261	0.35209163	0.35233601	0.68855846	0.68887844	0.35216814	0.35224645	60076	47592	0
60076	47596	0.00168740	0.04579531	0.47924241	0.04569042	0.48121132	0.68832255	0.68849141	0.35195934	0.35199262	0.68833175	0.68825673	0.35199714	0.35198226	60076	47594	0
60076	47598	0.00130698	0.04590435	0.48012621	0.04586457	0.48126747	0.68811901	0.68839248	0.35187273	0.35206386	0.68821696	0.68837308	0.35190116	0.35194972	60076	47597	0
60076	47682	0.00138857	0.04558794	0.47928112	0.04563961	0.47903635	0.68831655	0.68832074	0.35173526	0.35175637	0.68828171	0.68836421	0.35184652	0.35176993	60076	47680	0
60076	47684	0.00143552	0.04587003	0.47981651	0.04576443	0.47967567	0.68836478	0.68847629	0.35179113	0.35192187	0.68824539	0.68853792	0.35181718	0.35179056	60076	47683	0
60076	47687	0.00093016	0.04578992	0.48232219	0.04584308	0.48383827	0.68831597	0.68849478	0.35175399	0.35181932	0.68844408	0.68850513	0.35198670	0.35200092	60076	47686	0
60076	47690	0.00305924	0.04590049	0.48413228	0.04583531	0.47774504	0.68832526	0.68849379	0.35193510	0.35177034	0.68841548	0.68859667	0.35177388	0.35189459	60076	47688	0
60076	47692	0.00196825	0.04587477	0.47843682	0.04571413	0.48170977	0.68851787	0.68873595	0.35186311	0.35202598	0.68849338	0.68851524	0.35195901	0.35180444	60076	47691	0
60076	47776	0.00181430	0.04508203	0.48166479	0.04491429	0.48212666	0.68825065	0.68833512	0.35205392	0.35205983	0.68825394	0.68819428	0.35215096	0.35194808	60076	47774	0
60076	47778	0.00196605	0.04508259	0.48102751	0.04514367	0.48057225	0.68876208	0.68885970	0.35240142	0.35243355	0.68847136	0.68850324	0.35232467	0.35240578	60076	47777	0
60076	47781	0.00227368	0.04520850	0.48043710	0.04496495	0.47951423	0.68840940	0.68833619	0.35242410	0.35236305	0.68827522	0.68840143	0.35248934	0.35234711	60076	47780	0
60076	47784	0.00082267	0.04499540	0.48001413	0.04508048	0.48436715	0.68838073	0.68849544	0.35244366	0.35247710	0.68830817	0.68853003	0.35246247	0.35254489	60076	47782	0
60076	47786	0.00204883	0.04488900	0.48341353	0.04498740	0.47973506	0.68845747	0.68832510	0.35262780	0.35243979	0.68815180	0.68792007	0.35235713	0.35214398	60076	47785	0
60076	47870	0.00183543	0.04493350	0.48095692	0.04500023	0.48159709	0.68908346	0.68934320	0.35288056	0.35326307	0.68905955	0.68928741	0.35303850	0.35311640	60076	47868	0
60076	47872	0.00211569	0.04530170	0.48260705	0.04503527	0.48176629	0.68932406	0.68934189	0.35314105	0.35304285	0.68903128	0.68938897	0.35310908	0.35323029	60076	47871	0
60076	47875	0.00157554	0.04461335	0.48080229	0.04496011	0.48242275	0.68927886	0.68942398	0.35321870	0.35322609	0.68922980	0.68907927	0.35313842	0.35295230	60076	47874	0
60076	47878	0.00040869	0.04498984	0.48068857	0.04500881	0.48418912	0.68938560	0.68962365	0.35323661	0.35330276	0.68868106	0.68890293	0.35289379	0.35306972	60076	47876	0
60076	47880	0.00203311	0.04493826	0.48466579	0.04512173	0.47979254	0.68959128	0.68965480	0.35370220	0.35345568	0.68933260	0.68924977	0.35325839	0.35304096	60076	47879	0
60076	47964	0.00050016	0.04553607	0.47815102	0.04557657	0.48274985	0.68856027	0.68870169	0.35226050	0.35218588	0.68884886	0.68893834	0.35229443	0.35235343	60076	47962	0
60076	47966	0.00177866	0.04571264	0.48395976	0.04528849	0.48012427	0.68879405	0.68901336	0.35220980	0.35237061	0.68881730	0.68889931	0.35236091	0.35235680	60076	47965	0
60076	47969	0.00081142	0.04547225	0.47906075	0.04525707	0.48196248	0.68880679	0.68894763	0.35234234	0.35237151	0.68885773	0.68906546	0.35244752	0.35227093	60076	47968	0
60076	47972	0.00085045	0.04521030	0.48173030	0.04553446	0.48161320	0.68869544	0.68898518	0.35236691	0.35229583	0.68898313	0.68885699	0.35243035	0.35227636	60076	47970	0
60076	47974	0.00180378	0.04528970	0.48308122	0.04518007	0.48022123	0.68846282	0.68863710	0.35221678	0.35216419	0.68862568	0.68864080	0.35215376	0.35216222	60076	47973	0
60076	48058	0.00127275	0.04547140	0.47904326	0.04559898	0.48063634	0.68985546	0.69013731	0.35282773	0.35298016	0.69013106	0.69020995	0.35314450	0.35318427	60076	48056	0
60076	48060	0.00150365	0.04558455	0.48039198	0.04578380	0.47969928	0.69046131	0.69074275	0.35332823	0.35344779	0.69010214	0.69002572	0.35309511	0.35307235	60076	48059	0
60076	48063	0.00112565	0.04572014	0.47894901	0.04568056	0.48008303	0.69019852	0.69041233	0.35340235	0.35318164	0.68989901	0.69020378	0.35312511	0.35314885	60076	48062	0
60076	48066	0.00158790	0.04558111	0.48140447	0.04560061	0.48001772	0.69005653	0.69021151	0.35308312	0.35315650	0.69001495	0.69013714	0.35319766	0.35316184	60076	48064	0
60076	48068	0.00104667	0.04510184	0.47919177	0.04554319	0.48081546	0.69016212	0.69002629	0.35317055	0.35298393	0.69004100	0.68976959	0.35310645	0.35297522	60076	48067	0
60076	48152	0.00221578	0.04565209	0.48190684	0.04557517	0.47839950	0.68919373	0.68967189	0.35250290	0.35261383	0.68969013	0.68974814	0.35274761	0.35279593	60076	48150	0
60076	48154	0.00158105	0.04561777	0.47869368	0.04556789	0.48059788	0.68957156	0.68986269	0.35271597	0.35273611	0.68977887	0.68986787	0.35272682	0.35284778	60076	48153	0
60076	48157	0.00151667	0.04520668	0.48148472	0.04565911	0.48167786	0.68963672	0.68979079	0.35277818	0.35279617	0.68976228	0.68984338	0.35295361	0.35263766	60076	48156	0
60076	48160	0.00174035	0.04558340	0.48058400	0.04580694	0.47991296	0.68970492	0.68983976	0.35261622	0.35276388	0.68977600	0.68975932	0.35265960	0.35282502	60076	48158	0
60076	48162	0.00189497	0.04593280	0.48260781	0.04573950	0.48214396	0.68967838	0.69001216	0.35273668	0.35280825	0.68977444	0.68987814	0.35274260	0.35281400	60076	48161	0
60076	48246	0.00127388	0.04510633	0.47988562	0.04494604	0.48174888	0.69102509	0.69097809	0.35428948	0.35412201	0.69066041	0.69086469	0.35420887	0.35418824	60076	48244	0
60076	48248	0.00200043	0.04497041	0.48242378	0.04514822	0.48024412	0.69056616	0.69063584	0.35420394	0.35420057	0.69063034	0.69106289	0.35402225	0.35436959	60076	48247	0
60076	48251	0.00158940	0.04522728	0.48093051	0.04516340	0.48216360	0.69108195	0.69092295	0.35433944	0.35416252	0.69078301	0.69081695	0.35410788	0.35419498	60076	48250	0
60076	48254	0.00188624	0.04549804	0.48040172	0.04561590	0.47951121	0.69105812	0.69118902	0.35435727	0.35432111	0.69099920	0.69118606	0.35432645	0.35440485	60076	48252	0
60076	48256	0.00165596	0.04563754	0.48018993	0.04570803	0.48088076	0.69104440	0.69123052	0.35436105	0.35438989	0.69104695	0.69117070	0.35440485	0.35438488	60076	48255	0
60076	48340	0.00215901	0.04499172	0.48275018	0.04491512	0.48124104	0.68986433	0.69002161	0.35338132	0.35336307	0.69030839	0.69028554	0.35354106	0.35357384	60076	48338	0
60076	48342	0.00214591	0.04512561	0.48130323	0.04505551	0.48134253	0.68986622	0.69012301	0.35336201	0.35351427	0.69021332	0.69035473	0.35354960	0.35351164	60076	48341	0
60076	48345	0.00094771	0.04480760	0.48046695	0.04488262	0.48406155	0.68973565	0.68991281	0.35331262	0.35333464	0.68985899	0.69008184	0.35324401	0.35341879	60076	48344	0
60076	48348	0.00160533	0.04519382	0.48263499	0.04499502	0.48066212	0.68954263	0.68960204	0.35317293	0.35321664	0.68968356	0.68994157	0.35316578	0.35323538	60076	48346	0
60076	48350	0.00141925	0.04449165	0.48169332	0.04544359	0.48225158	0.68976589	0.69000912	0.35318279	0.35315255	0.68952094	0.68962883	0.35296882	0.35298870	60076	48349	0
60076	48434	0.00174275	0.04550382	0.48135360	0.04567966	0.48038308	0.69015374	0.69040083	0.35314351	0.35323711	0.69033378	0.69022548	0.35335494	0.35304154	60076	48432	0
60076	48436	0.00173647	0.04545696	0.48133138	0.04534247	0.48135024	0.69021874	0.69050683	0.35313439	0.35331254	0.69012276	0.69037873	0.35325691	0.35329085	60076	48435	0
60076	48439	0.00183475	0.04532652	0.48092853	0.04518079	0.48063367	0.69024364	0.69020526	0.35334360	0.35326948	0.69027281	0.69044134	0.35314236	0.35330744	60076	48438	0
60076	48442	0.00114424	0.04500639	0.47955884	0.04519397	0.48163038	0.69010756	0.69025243	0.35318534	0.35322314	0.69045063	0.69047791	0.35344903	0.35323596	60076	48440	0
60076	48444	0.00173644	0.04515655	0.48169359	0.04530542	0.47991699	0.69024807	0.69045827	0.35329175	0.35337787	0.69031899	0.69054652	0.35330177	0.35328583	60076	48443	0
60076	48528	0.00123860	0.04559040	0.48137917	0.04572517	0.48287269	0.69005957	0.69045868	0.35285000	0.35294926	0.69029121	0.69026032	0.35285920	0.35289626	60076	48526	0
60076	48530	0.00143009	0.04521086	0.48169751	0.04563546	0.48112304	0.68996943	0.69025925	0.35285468	0.35288821	0.69002161	0.69037396	0.35270315	0.35273824	60076	48529	0
60076	48533	0.00229630	0.04574650	0.48036120	0.04543111	0.47776256	0.69024939	0.69024347	0.35285345	0.35282592	0.69003229	0.69008726	0.35276125	0.35275287	60076	48532	0
60076	48536	0.00175626	0.04564666	0.48027000	0.04538819	0.48189014	0.68990032	0.69021627	0.35270989	0.35268754	0.69007897	0.68999088	0.35274753	0.35269305	60076	48534	0
60076	48538	0.00138699	0.04546372	0.47865395	0.04540032	0.47976176	0.68975981	0.69011726	0.35261581	0.35263807	0.69004108	0.69011307	0.35266059	0.35270389	60076	48537	0
60076	48622	0.00217442	0.04548009	0.48247219	0.04553458	0.48010991	0.68972785	0.68975069	0.35291031	0.35282929	0.69020411	0.69021241	0.35321697	0.35314409	60076	48620	0
60076	48624	0.00187781	0.04546485	0.48021539	0.04553649	0.48110521	0.68938199	0.68977205	0.35280332	0.35309380	0.68983639	0.68995513	0.35322231	0.35317548	60076	48623	0
60076	48627	0.00065344	0.04560963	0.48037177	0.04547093	0.48404487	0.69006804	0.69019787	0.35313529	0.35319536	0.69003492	0.69033657	0.35320572	0.35306290	60076	48626	0
60076	48630	0.00135728	0.04551683	0.48335978	0.04545891	0.48124827	0.68995973	0.69008850	0.35314146	0.35321615	0.68996795	0.69031110	0.35312165	0.35296126	60076	48628	0
60076	48632	0.00111496	0.04507596	0.48111788	0.04539004	0.48184482	0.69007354	0.69011323	0.35328090	0.35323448	0.68992054	0.69034282	0.35311714	0.35312165	60076	48631	0
60076	48716	0.00212869	0.04523615	0.48348926	0.04502669	0.48044808	0.68897277	0.68930770	0.35193395	0.35209418	0.68914320	0.68935660	0.35213634	0.35210971	60076	48714	0
60076	48718	0.00162420	0.04515596	0.48057502	0.04500549	0.48208849	0.68919324	0.68939785	0.35219747	0.35214932	0.68927056	0.68944789	0.35210026	0.35208235	60076	48717	0
60076	48721	0.00204795	0.04508316	0.48165865	0.04509368	0.48038740	0.68915380	0.68942661	0.35211341	0.35209418	0.68894952	0.68926078	0.35210610	0.35215187	60076	48720	0
60076	48724	0.00240120	0.04492156	0.48282154	0.04511024	0.48176180	0.68901887	0.68913564	0.35207610	0.35219238	0.68923219	0.68947032	0.35231646	0.35230881	60076	48722	0
60076	48726	0.00071751	0.04487135	0.47935393	0.04522069	0.48440501	0.68929727	0.68927105	0.35215326	0.35204439	0.68908025	0.68923810	0.35196098	0.35202705	60076	48725	0
60076	48810	0.00134400	0.04452069	0.48278817	0.04468974	0.48090869	0.69009285	0.69015826	0.35339208	0.35314425	0.69029803	0.69016278	0.35369053	0.35334984	60076	48808	0
60076	48812	0.00198268	0.04467161	0.48162392	0.04467438	0.47970788	0.69012547	0.69032721	0.35338863	0.35335938	0.69009293	0.69023312	0.35338896	0.35333160	60076	48811	0
60076	48815	0.00186026	0.04462970	0.48232863	0.04471599	0.48269589	0.69023731	0.69028070	0.35333160	0.35326718	0.69017535	0.69037996	0.35344171	0.35343703	60076	48814	0
60076	48818	0.00241773	0.04471347	0.48092077	0.04476441	0.47924836	0.69014084	0.69016549	0.35329808	0.35329421	0.69017469	0.69031233	0.35330005	0.35327868	60076	48816	0
60076	48820	0.00158058	0.04495935	0.48146383	0.04448826	0.48397527	0.69004897	0.69020230	0.35333275	0.35319964	0.69014659	0.69030042	0.35314179	0.35327482	60076	48819	0
60076	48904	0.00211681	0.04531421	0.48271960	0.04525705	0.48111093	0.68957049	0.68954797	0.35278294	0.35286364	0.69016960	0.69024158	0.35300867	0.35296898	60076	48902	0
60076	48906	0.00240551	0.04532585	0.47994192	0.04535481	0.47907581	0.68976482	0.69012252	0.35304836	0.35301039	0.69011931	0.69021595	0.35312141	0.35314680	60076	48905	0
60076	48909	0.00204625	0.04535000	0.48100762	0.04515834	0.48208539	0.69006138	0.69009589	0.35302551	0.35319848	0.68999277	0.69008242	0.35297350	0.35301869	60076	48908	0
60076	48912	0.00205362	0.04521417	0.48112086	0.04500174	0.48109875	0.68996590	0.69012227	0.35305329	0.35303151	0.68996401	0.69022959	0.35311820	0.35313373	60076	48910	0
60076	48914	0.00015819	0.04510838	0.47922356	0.04489059	0.48490984	0.68983524	0.69012556	0.35310621	0.35315937	0.68979227	0.69014224	0.35296693	0.35301516	60076	48913	0
60076	48998	0.00135198	0.04552473	0.48253375	0.04542969	0.47895239	0.68862190	0.68870917	0.35125118	0.35124362	0.68883283	0.68884269	0.35134511	0.35132867	60076	48996	0
60076	49000	0.00158842	0.04546872	0.48142447	0.04543201	0.48071515	0.68880366	0.68882314	0.35144338	0.35141331	0.68858607	0.68875641	0.35138282	0.35140419	60076	48999	0
60076	49003	0.00196455	0.04544204	0.48141621	0.04504089	0.48028782	0.68886011	0.68895322	0.35139868	0.35141503	0.68885732	0.68886513	0.35155045	0.35134683	60076	49002	0
60076	49006	0.00217337	0.04504805	0.48216039	0.04566154	0.48153394	0.68875428	0.68904171	0.35127148	0.35152235	0.68883908	0.68891755	0.35149663	0.35142128	60076	49004	0
60076	49008	0.00259006	0.04561493	0.48108240	0.04562958	0.47983232	0.68892865	0.68902339	0.35144388	0.35145448	0.68855978	0.68888115	0.35137247	0.35140337	60076	49007	0
60076	49092	0.00217537	0.04532357	0.48136542	0.04511744	0.48260949	0.68913399	0.68909299	0.35169318	0.35145176	0.68919373	0.68924024	0.35166418	0.35167954	60076	49090	0
60076	49094	0.00153580	0.04508857	0.47952305	0.04512420	0.48144177	0.68903284	0.68921764	0.35159236	0.35152219	0.68894459	0.68923794	0.35162441	0.35160189	60076	49093	0
60076	49097	0.00102573	0.04519134	0.48039462	0.04517091	0.48192480	0.68876422	0.68878337	0.35150731	0.35147617	0.68893719	0.68932003	0.35155916	0.35167289	60076	49096	0
60076	49100	0.00191731	0.04528601	0.48161466	0.04547006	0.47893993	0.68890523	0.68916251	0.35169499	0.35166336	0.68925437	0.68917606	0.35171816	0.35183452	60076	49098	0
60076	49102	0.00045278	0.04537019	0.47911239	0.04531437	0.48350598	0.68912840	0.68924057	0.35155883	0.35165234	0.68923704	0.68933835	0.35168390	0.35175243	60076	49101	0
60076	49186	0.00207469	0.04505027	0.48489398	0.04487871	0.48002826	0.69041669	0.69028554	0.35326217	0.35324039	0.69074192	0.69086847	0.35354985	0.35354229	60076	49184	0
60076	49188	0.00281987	0.04486354	0.48045237	0.04491628	0.47821684	0.69105911	0.69113281	0.35371608	0.35365117	0.69085697	0.69098458	0.35357828	0.35368856	60076	49187	0
60076	49191	0.00131822	0.04517413	0.48030962	0.04494214	0.48481456	0.69098458	0.69108828	0.35354550	0.35360104	0.69084070	0.69093404	0.35353309	0.35366736	60076	49190	0
60076	49194	0.00157886	0.04493597	0.48054459	0.04508579	0.47976266	0.69083223	0.69105073	0.35376810	0.35359784	0.69096880	0.69087356	0.35362569	0.35363325	60076	49192	0
60076	49196	0.00220580	0.04516665	0.48296879	0.04471775	0.48108797	0.69075343	0.69092960	0.35353711	0.35359455	0.69066559	0.69085162	0.35353637	0.35353120	60076	49195	0
60076	49280	0.00112407	0.04476500	0.48127395	0.04464138	0.48451916	0.69090561	0.69125122	0.35381962	0.35378823	0.69083083	0.69094070	0.35369299	0.35369143	60076	49278	0
60076	49282	0.00145848	0.04491973	0.48275660	0.04458621	0.48175334	0.69080396	0.69116609	0.35368223	0.35381592	0.69115969	0.69127801	0.35384501	0.35396597	60076	49281	0
60076	49285	0.00189450	0.04472394	0.48260391	0.04471584	0.48129585	0.69130899	0.69123002	0.35398363	0.35391576	0.69119264	0.69108088	0.35395118	0.35396605	60076	49284	0
60076	49288	0.00160410	0.04451559	0.47977670	0.04495058	0.48064791	0.69114424	0.69147785	0.35404239	0.35404337	0.69134005	0.69137736	0.35398511	0.35385232	60076	49286	0
60076	49290	0.00202137	0.04483015	0.48203786	0.04467009	0.48078606	0.69097932	0.69129371	0.35383252	0.35375955	0.69103626	0.69131721	0.35385857	0.35392718	60076	49289	0
60076	49374	0.00174254	0.04557383	0.48114872	0.04551865	0.48198523	0.69109576	0.69100964	0.35311681	0.35303225	0.69080175	0.69092829	0.35313949	0.35297958	60076	49372	0
60076	49376	0.00101444	0.04537012	0.47958528	0.04533696	0.48176956	0.69085409	0.69099748	0.35279510	0.35307120	0.69068580	0.69063091	0.35290053	0.35289807	60076	49375	0
60076	49379	0.00105270	0.04528006	0.48053135	0.04551241	0.48041658	0.69095541	0.69092977	0.35299601	0.35299831	0.69075088	0.69086066	0.35303143	0.35305411	60076	49378	0
60076	49382	0.00209828	0.04554074	0.48195643	0.04525026	0.47881969	0.69040667	0.69049779	0.35275870	0.35283833	0.69076296	0.69078474	0.35280431	0.35282378	60076	49380	0
60076	49384	0.00143819	0.04533089	0.48001499	0.04515603	0.48199527	0.69039097	0.69053370	0.35268836	0.35282715	0.69043411	0.69031373	0.35282058	0.35263725	60076	49383	0
60076	49468	0.00178576	0.04552700	0.48087256	0.04549255	0.47982984	0.69057002	0.69091153	0.35294162	0.35301409	0.69092895	0.69091161	0.35298903	0.35302182	60076	49466	0
60076	49470	0.00225255	0.04574946	0.48018013	0.04550250	0.47877977	0.69091728	0.69097718	0.35317367	0.35299388	0.69087981	0.69116757	0.35317909	0.35325412	60076	49469	0
60076	49473	0.00242013	0.04554705	0.47988154	0.04562767	0.47937880	0.69082508	0.69103544	0.35314253	0.35313546	0.69089287	0.69101868	0.35303168	0.35298451	60076	49472	0
60076	49476	0.00155844	0.04562773	0.47991017	0.04545803	0.48249525	0.69104678	0.69110611	0.35308172	0.35301401	0.69084349	0.69091596	0.35297416	0.35293167	60076	49474	0
60076	49478	0.00104669	0.04549596	0.47951384	0.04510952	0.48104908	0.69065655	0.69085984	0.35299988	0.35287662	0.69060610	0.69081678	0.35292379	0.35275772	60076	49477	0
