% File initiated 13/01/2023 17:30:28 UTC
% Raw fountain data
%
% File notes: maser 5 MHz no water cooling 200 mV 230mV 260 mV
%
%% fountain_code = ALPHA-CsF1
%% microwave_ref = ALPHA HM1
%% MJD_start = 59957.729492
%% clock_data = False
%% sequence = 3
%% density = HD
%
% Units: V.s, Hz
%
% Shot B MJD days	Shot B MJD seconds	freq error	shot A sum	shot A ratio	shot B sum	shot B ratio	shot A F=3 bg 1	shot A F=3 bg 2	shot A F=4 bg 1	shot A F=4 bg 2	shot B F=3 bg 1	shot B F=3 bg 2	shot B F=4 bg 1	shot B F=4 bg 2	Shot A MJD days	Shot A MJD seconds	Shot order (0=LF->HF)
59957	63145	0.00064288	0.04268358	0.48394924	0.04305258	0.48202060	0.57816906	0.57811392	0.31271880	0.31257410	0.57811778	0.57832699	0.31272571	0.31260039	59957	63143	0
59957	63148	0.00001415	0.04289492	0.48057621	0.04295933	0.48246241	0.57828172	0.57830571	0.31267090	0.31265118	0.57797316	0.57821450	0.31297345	0.31265529	59957	63146	0
59957	63151	-0.00005677	0.04287980	0.48124387	0.04281253	0.48145662	0.57803545	0.57821787	0.31290344	0.31257566	0.57809584	0.57818525	0.31286441	0.31254493	59957	63150	0
59957	63155	0.00081800	0.04274309	0.48314566	0.04272954	0.48052134	0.57794909	0.57806593	0.31290533	0.31252759	0.57795434	0.57816840	0.31288233	0.31255561	59957	63153	0
59957	63158	0.00063702	0.04294978	0.48304456	0.04302384	0.48358751	0.57803931	0.57823751	0.31287205	0.31264025	0.57819453	0.57828903	0.31281486	0.31257804	59957	63156	0
59957	63488	0.00095371	0.04296895	0.48247482	0.04290286	0.48152477	0.57774407	0.57801499	0.31291215	0.31264649	0.57768753	0.57780915	0.31283335	0.31245298	59957	63487	0
59957	63491	0.00008776	0.04278503	0.47888339	0.04286799	0.48148122	0.57778236	0.57787710	0.31262718	0.31249472	0.57781663	0.57797308	0.31262192	0.31243745	59957	63490	0
59957	63495	-0.00008786	0.04286041	0.48124608	0.04290607	0.48177294	0.57770060	0.57780044	0.31258388	0.31241617	0.57793610	0.57803750	0.31278298	0.31256473	59957	63493	0
59957	63498	0.00060036	0.04292667	0.48277100	0.04288553	0.48070635	0.57790595	0.57801770	0.31260171	0.31255134	0.57788203	0.57780529	0.31261642	0.31248651	59957	63496	0
59957	63501	0.00113801	0.04277305	0.48239840	0.04281461	0.48078544	0.57767003	0.57790447	0.31275315	0.31251091	0.57782016	0.57784999	0.31251584	0.31251370	59957	63500	0
59957	63832	-0.00054721	0.04265272	0.47969384	0.04290027	0.48474951	0.57757315	0.57774464	0.31212881	0.31199808	0.57764669	0.57786872	0.31223227	0.31207762	59957	63830	0
59957	63835	0.00140256	0.04275491	0.48539420	0.04277712	0.47954490	0.57761185	0.57772451	0.31231666	0.31197277	0.57770750	0.57770085	0.31219110	0.31196225	59957	63833	0
59957	63838	0.00078752	0.04268104	0.48232627	0.04272621	0.48417138	0.57775533	0.57785147	0.31205321	0.31195494	0.57762196	0.57776897	0.31237204	0.31199044	59957	63837	0
59957	63841	0.00078524	0.04269932	0.48238325	0.04276238	0.48239009	0.57776395	0.57767052	0.31212577	0.31195954	0.57771744	0.57775993	0.31222865	0.31202421	59957	63840	0
59957	63845	-0.00046638	0.04266616	0.47967085	0.04277521	0.48342569	0.57767266	0.57785171	0.31206324	0.31197351	0.57747734	0.57768548	0.31220835	0.31193957	59957	63843	0
59957	64175	0.00010564	0.04276974	0.48236169	0.04276025	0.48064563	0.57742122	0.57754086	0.31202758	0.31169355	0.57747381	0.57747077	0.31173726	0.31168369	59957	64173	0
59957	64178	0.00141028	0.04275892	0.48415613	0.04271013	0.48024221	0.57717634	0.57748038	0.31201344	0.31168903	0.57738892	0.57742672	0.31177153	0.31169667	59957	64177	0
59957	64182	0.00024629	0.04281953	0.47926260	0.04278278	0.48275458	0.57728999	0.57757636	0.31171763	0.31182971	0.57728267	0.57744792	0.31201098	0.31167646	59957	64180	0
59957	64185	0.00002189	0.04277730	0.48204951	0.04266805	0.48272269	0.57727298	0.57748054	0.31201476	0.31161820	0.57736920	0.57756132	0.31204146	0.31176676	59957	64183	0
59957	64188	0.00030924	0.04264040	0.48212966	0.04263750	0.48126764	0.57742105	0.57760520	0.31199742	0.31178961	0.57743395	0.57754078	0.31192281	0.31171968	59957	64187	0
59957	64519	0.00066419	0.04281880	0.48197805	0.04269615	0.48091319	0.57702047	0.57712795	0.31202174	0.31163332	0.57721817	0.57720938	0.31171163	0.31164926	59957	64517	0
59957	64522	0.00044966	0.04272342	0.48132570	0.04282028	0.48196927	0.57714989	0.57722672	0.31196529	0.31170423	0.57706681	0.57719245	0.31206003	0.31164515	59957	64520	0
59957	64525	0.00075929	0.04281833	0.48280267	0.04281648	0.48187379	0.57706024	0.57723789	0.31208452	0.31172313	0.57719533	0.57733148	0.31182133	0.31177276	59957	64523	0
59957	64528	0.00036287	0.04280691	0.47998839	0.04267249	0.48117767	0.57723460	0.57732836	0.31204993	0.31175123	0.57725646	0.57745926	0.31195239	0.31179248	59957	64527	0
59957	64532	-0.00016387	0.04268568	0.48088445	0.04252529	0.48246466	0.57715284	0.57731678	0.31200975	0.31173883	0.57709237	0.57739402	0.31210991	0.31182938	59957	64530	0
59957	64862	-0.00001443	0.04260859	0.48319251	0.04263472	0.48274418	0.57745318	0.57769288	0.31220663	0.31189471	0.57751243	0.57774522	0.31216817	0.31193801	59957	64860	0
59957	64865	0.00109484	0.04263628	0.48331552	0.04255219	0.47998771	0.57756888	0.57772246	0.31211213	0.31202947	0.57757101	0.57761095	0.31203547	0.31200958	59957	64864	0
59957	64869	0.00011299	0.04275053	0.47936633	0.04274021	0.48231190	0.57740026	0.57758392	0.31228214	0.31187079	0.57745926	0.57757940	0.31192084	0.31193431	59957	64867	0
59957	64872	0.00132036	0.04268958	0.48286499	0.04266002	0.47924289	0.57737175	0.57760577	0.31230754	0.31194286	0.57757143	0.57754267	0.31221789	0.31197564	59957	64870	0
59957	64875	0.00086174	0.04263402	0.48120532	0.04245954	0.48258118	0.57765327	0.57762730	0.31207737	0.31204130	0.57757069	0.57764349	0.31230967	0.31207984	59957	64873	0
59957	65205	-0.00016212	0.04283519	0.48113379	0.04276916	0.48420538	0.57808828	0.57818434	0.31265520	0.31236103	0.57811425	0.57832527	0.31259177	0.31228798	59957	65204	0
59957	65209	0.00064871	0.04288876	0.48414723	0.04289928	0.48171474	0.57818369	0.57837358	0.31245125	0.31234796	0.57813627	0.57820415	0.31261116	0.31233860	59957	65207	0
59957	65212	0.00073938	0.04278487	0.48248612	0.04269795	0.48221410	0.57823200	0.57828985	0.31243852	0.31238864	0.57811466	0.57819913	0.31264411	0.31237401	59957	65210	0
59957	65215	0.00136176	0.04280275	0.48422334	0.04283459	0.48235620	0.57831902	0.57839906	0.31256999	0.31245002	0.57817818	0.57825468	0.31244575	0.31232997	59957	65214	0
59957	65219	-0.00016709	0.04273611	0.47888587	0.04285658	0.48347241	0.57809453	0.57827753	0.31271659	0.31240959	0.57812329	0.57841525	0.31266950	0.31253375	59957	65217	0
59957	65549	0.00110850	0.04285844	0.48403835	0.04290759	0.48021157	0.57793134	0.57813225	0.31303484	0.31268725	0.57803726	0.57807341	0.31271486	0.31269087	59957	65547	0
59957	65552	0.00121322	0.04300187	0.48047237	0.04293499	0.48015821	0.57796996	0.57808549	0.31296787	0.31276268	0.57802616	0.57817933	0.31273491	0.31270771	59957	65551	0
59957	65555	0.00060284	0.04290844	0.48177881	0.04297842	0.48360997	0.57795804	0.57814950	0.31304001	0.31270952	0.57812280	0.57817711	0.31284387	0.31273253	59957	65554	0
59957	65559	0.00032759	0.04302437	0.48027865	0.04302840	0.48110438	0.57796741	0.57824729	0.31302802	0.31272628	0.57823307	0.57829700	0.31302654	0.31283960	59957	65557	0
59957	65562	0.00031968	0.04299758	0.48101455	0.04280182	0.48103830	0.57806848	0.57815451	0.31299285	0.31273598	0.57804383	0.57811195	0.31300049	0.31268955	59957	65560	0
59957	65892	0.00003048	0.04266624	0.48177160	0.04277870	0.48263918	0.57823044	0.57829708	0.31307740	0.31297444	0.57804325	0.57834499	0.31333386	0.31307839	59957	65891	0
59957	65896	0.00102252	0.04282796	0.48289514	0.04293136	0.47991904	0.57819856	0.57812699	0.31309663	0.31291766	0.57796412	0.57818549	0.31337412	0.31297871	59957	65894	0
59957	65899	0.00103318	0.04277967	0.48156703	0.04282946	0.48153505	0.57821097	0.57817670	0.31305990	0.31297658	0.57813529	0.57825739	0.31320674	0.31304996	59957	65897	0
59957	65902	0.00043172	0.04279545	0.47981318	0.04278075	0.48161755	0.57797661	0.57810620	0.31334134	0.31296310	0.57809601	0.57807645	0.31331151	0.31301002	59957	65901	0
59957	65905	0.00055161	0.04287586	0.48144740	0.04274043	0.48108773	0.57828533	0.57831302	0.31315891	0.31311865	0.57818936	0.57812748	0.31322786	0.31302120	59957	65904	0
59957	66236	-0.00050806	0.04263515	0.47898443	0.04241403	0.48216343	0.57768367	0.57789050	0.31280541	0.31253819	0.57753880	0.57767850	0.31271034	0.31242783	59957	66234	0
59957	66239	0.00028449	0.04249342	0.48252773	0.04250583	0.48015007	0.57756855	0.57764719	0.31278807	0.31243967	0.57774941	0.57787390	0.31254690	0.31244410	59957	66237	0
59957	66242	0.00051980	0.04257594	0.48139549	0.04252727	0.48068958	0.57783322	0.57777916	0.31262020	0.31254805	0.57754686	0.57771120	0.31289095	0.31248807	59957	66241	0
59957	66246	0.00105196	0.04253656	0.48209968	0.04268395	0.48050319	0.57766206	0.57787184	0.31269974	0.31258404	0.57742343	0.57770175	0.31277008	0.31246810	59957	66244	0
59957	66249	0.00087939	0.04256729	0.47973242	0.04242966	0.48025012	0.57765721	0.57771186	0.31272234	0.31260245	0.57796856	0.57804268	0.31278273	0.31273959	59957	66247	0
59957	66579	0.00064665	0.04269953	0.48122884	0.04279453	0.48192709	0.57734948	0.57742656	0.31225396	0.31199553	0.57738457	0.57754291	0.31229677	0.31196529	59957	66578	0
59957	66582	0.00073981	0.04293456	0.48335024	0.04301788	0.48307075	0.57737931	0.57746657	0.31206595	0.31198041	0.57736805	0.57736370	0.31191024	0.31186200	59957	66581	0
59957	66586	0.00057752	0.04289560	0.48200859	0.04286443	0.48249547	0.57713123	0.57734471	0.31220860	0.31174499	0.57729155	0.57725991	0.31211879	0.31178772	59957	66584	0
59957	66589	0.00039390	0.04279307	0.48126611	0.04271603	0.48181696	0.57711915	0.57738794	0.31214919	0.31177646	0.57737890	0.57743461	0.31188394	0.31194664	59957	66587	0
59957	66592	0.00084315	0.04275850	0.48241240	0.04269588	0.48106465	0.57730445	0.57747290	0.31197827	0.31189051	0.57732935	0.57754940	0.31228839	0.31192905	59957	66591	0
59957	66923	0.00065075	0.04274619	0.48211610	0.04264327	0.48269330	0.57818549	0.57825197	0.31344652	0.31299704	0.57813290	0.57826553	0.31344816	0.31304248	59957	66921	0
59957	66926	0.00079885	0.04266724	0.48204580	0.04265097	0.48160150	0.57819404	0.57841418	0.31332696	0.31313698	0.57821787	0.57826660	0.31343649	0.31311693	59957	66924	0
59957	66929	0.00038091	0.04270838	0.48211243	0.04271088	0.48336624	0.57821516	0.57829421	0.31307707	0.31304782	0.57811762	0.57831015	0.31336582	0.31314273	59957	66928	0
59957	66932	0.00111043	0.04278611	0.48263289	0.04268385	0.48044435	0.57826200	0.57826602	0.31338522	0.31304503	0.57823365	0.57831524	0.31322679	0.31303837	59957	66931	0
59957	66936	0.00139578	0.04268435	0.48343557	0.04268122	0.48257951	0.57818434	0.57827621	0.31334544	0.31310452	0.57826430	0.57839955	0.31315941	0.31312720	59957	66934	0
59957	67266	0.00091198	0.04285324	0.48116586	0.04277767	0.48261725	0.57811244	0.57814309	0.31236916	0.31233958	0.57808426	0.57822206	0.31255652	0.31239217	59957	67264	0
59957	67269	0.00098671	0.04283596	0.48081262	0.04268775	0.48058843	0.57792575	0.57807933	0.31253499	0.31237804	0.57798688	0.57803528	0.31236867	0.31232561	59957	67268	0
59957	67273	0.00028098	0.04278350	0.48013239	0.04295344	0.48224960	0.57805574	0.57824597	0.31241395	0.31240064	0.57792509	0.57800735	0.31257147	0.31228781	59957	67271	0
59957	67276	0.00026277	0.04278506	0.48202472	0.04305005	0.48207933	0.57797135	0.57809502	0.31263351	0.31235700	0.57805796	0.57811211	0.31255290	0.31227598	59957	67274	0
59957	67279	0.00118110	0.04295302	0.48370171	0.04285923	0.48094674	0.57809757	0.57811154	0.31256827	0.31231978	0.57791811	0.57802789	0.31271470	0.31241181	59957	67277	0
59957	67610	0.00010829	0.04279742	0.48021247	0.04289774	0.48343088	0.57787102	0.57798023	0.31250015	0.31238165	0.57790882	0.57794112	0.31278972	0.31239521	59957	67608	0
59957	67613	0.00093368	0.04289266	0.48111198	0.04289271	0.47863582	0.57787341	0.57787234	0.31274535	0.31243531	0.57799987	0.57792230	0.31267156	0.31241912	59957	67611	0
59957	67616	0.00080222	0.04302569	0.48191158	0.04311851	0.48230598	0.57794572	0.57797341	0.31250688	0.31242471	0.57774998	0.57796856	0.31279062	0.31244435	59957	67614	0
59957	67619	0.00073754	0.04288499	0.48060559	0.04283456	0.48079961	0.57787710	0.57794095	0.31273097	0.31251444	0.57781260	0.57794687	0.31274863	0.31247558	59957	67618	0
59957	67623	0.00031306	0.04279261	0.48105376	0.04284526	0.48232723	0.57782082	0.57812493	0.31279736	0.31251896	0.57772418	0.57791614	0.31272916	0.31245298	59957	67621	0
59957	67953	-0.00002365	0.04254386	0.48045259	0.04254831	0.48146271	0.57763889	0.57765351	0.31243457	0.31212684	0.57773248	0.57768252	0.31234427	0.31221641	59957	67951	0
59957	67956	0.00060045	0.04260574	0.48252465	0.04257392	0.48065234	0.57763675	0.57780857	0.31261091	0.31233276	0.57775524	0.57784629	0.31245865	0.31238880	59957	67955	0
59957	67960	0.00049848	0.04273462	0.48004668	0.04272786	0.48035261	0.57758581	0.57776338	0.31271963	0.31229077	0.57748202	0.57774851	0.31275373	0.31231288	59957	67958	0
59957	67963	0.00043407	0.04272271	0.48153696	0.04271356	0.48173019	0.57762952	0.57787686	0.31265430	0.31232832	0.57763815	0.57779123	0.31266474	0.31233276	59957	67961	0
59957	67966	0.00013732	0.04260273	0.48016853	0.04264271	0.48105877	0.57767685	0.57778976	0.31258248	0.31230589	0.57773947	0.57775031	0.31238428	0.31229316	59957	67964	0
59957	68297	0.00054967	0.04268270	0.48108525	0.04277588	0.47984820	0.57702918	0.57717487	0.31179815	0.31142008	0.57718440	0.57734266	0.31154482	0.31141869	59957	68295	0
59957	68300	0.00057889	0.04286331	0.48085627	0.04285363	0.48076861	0.57715449	0.57734373	0.31187630	0.31145698	0.57719294	0.57746986	0.31178640	0.31152000	59957	68298	0
59957	68303	0.00050179	0.04281421	0.48216236	0.04258618	0.48239368	0.57716632	0.57732787	0.31183275	0.31149461	0.57718875	0.57719360	0.31150686	0.31141836	59957	68302	0
59957	68307	0.00029254	0.04271099	0.48417536	0.04254199	0.48480310	0.57691471	0.57709195	0.31183267	0.31143224	0.57717265	0.57723132	0.31165838	0.31149363	59957	68305	0
59957	68310	0.00026263	0.04264777	0.48154324	0.04278756	0.48163296	0.57710182	0.57727914	0.31173529	0.31146330	0.57718004	0.57728596	0.31148483	0.31145920	59957	68308	0
59957	68641	0.00094761	0.04281541	0.48269901	0.04274853	0.48064409	0.57755096	0.57774292	0.31263195	0.31227573	0.57773191	0.57779863	0.31232274	0.31225840	59957	68639	0
59957	68644	0.00009947	0.04249097	0.47994974	0.04251254	0.48249415	0.57751440	0.57772336	0.31259768	0.31224476	0.57747364	0.57768573	0.31250121	0.31223079	59957	68642	0
59957	68647	0.00106238	0.04281186	0.48176673	0.04280179	0.47887799	0.57765335	0.57775853	0.31269465	0.31227730	0.57774423	0.57789625	0.31258486	0.31232068	59957	68646	0
59957	68650	0.00050637	0.04286179	0.47961479	0.04275637	0.48128282	0.57775229	0.57779978	0.31281692	0.31230318	0.57768129	0.57786765	0.31247089	0.31229998	59957	68649	0
59957	68654	0.00000064	0.04273066	0.48088045	0.04289953	0.48239766	0.57765672	0.57785089	0.31238815	0.31232011	0.57771309	0.57780759	0.31269933	0.31235084	59957	68652	0
59957	68984	0.00035589	0.04275850	0.48166979	0.04272439	0.48060404	0.57850728	0.57858567	0.31312646	0.31306927	0.57834384	0.57858304	0.31341767	0.31308184	59957	68982	0
59957	68987	0.00051901	0.04270467	0.48101263	0.04262059	0.48052326	0.57844959	0.57848928	0.31325818	0.31309301	0.57848887	0.57854680	0.31340042	0.31313328	59957	68986	0
59957	68991	0.00075232	0.04275700	0.48142216	0.04265366	0.48072222	0.57860399	0.57875609	0.31324988	0.31311232	0.57841697	0.57859052	0.31329795	0.31302267	59957	68989	0
59957	68994	0.00077018	0.04265247	0.47998513	0.04265806	0.47993154	0.57834901	0.57856874	0.31341159	0.31310969	0.57840547	0.57851804	0.31341324	0.31312991	59957	68992	0
59957	68997	0.00001667	0.04261234	0.48037405	0.04269749	0.48263461	0.57857778	0.57855009	0.31320707	0.31315497	0.57844737	0.57866266	0.31350256	0.31321118	59957	68995	0
59957	69327	0.00024386	0.04295436	0.48230271	0.04308727	0.48162112	0.57806281	0.57828624	0.31275315	0.31243885	0.57807949	0.57839717	0.31270089	0.31257147	59957	69326	0
59957	69331	0.00082888	0.04304040	0.48336740	0.04303274	0.48161234	0.57818401	0.57830818	0.31249743	0.31240450	0.57820143	0.57820283	0.31249168	0.31241058	59957	69329	0
59957	69334	0.00178945	0.04290498	0.48250446	0.04290621	0.47962275	0.57803438	0.57809634	0.31260541	0.31235733	0.57803717	0.57807201	0.31268322	0.31236826	59957	69332	0
59957	69337	0.00163695	0.04294976	0.48076310	0.04290034	0.48122059	0.57808574	0.57827958	0.31249037	0.31242159	0.57806930	0.57818788	0.31273253	0.31234065	59957	69336	0
59957	69341	0.00055025	0.04292887	0.47968144	0.04290291	0.48294153	0.57811787	0.57823184	0.31255767	0.31238116	0.57811442	0.57811746	0.31240138	0.31230573	59957	69339	0
59957	69671	0.00090624	0.04251014	0.48241368	0.04264855	0.48134571	0.57846151	0.57858863	0.31310090	0.31293902	0.57841853	0.57857260	0.31332465	0.31299753	59957	69669	0
59957	69674	0.00034703	0.04271088	0.48107669	0.04274540	0.48275434	0.57849076	0.57862856	0.31338201	0.31298553	0.57842494	0.57845937	0.31306943	0.31296203	59957	69673	0
59957	69677	0.00082604	0.04283039	0.48348718	0.04286790	0.48205014	0.57847786	0.57862125	0.31319441	0.31292423	0.57855009	0.57860580	0.31298964	0.31291873	59957	69676	0
59957	69681	0.00120105	0.04280490	0.48161575	0.04267680	0.48049072	0.57850793	0.57859331	0.31309236	0.31293713	0.57855576	0.57845650	0.31308825	0.31288816	59957	69679	0
59957	69684	-0.00053846	0.04268735	0.47862309	0.04290244	0.48384162	0.57820998	0.57853431	0.31322917	0.31283187	0.57835493	0.57857038	0.31327223	0.31289038	59957	69682	0
59957	70014	0.00021351	0.04269884	0.48284284	0.04276501	0.48058692	0.57806873	0.57820291	0.31240384	0.31230721	0.57805640	0.57813504	0.31266802	0.31234213	59957	70013	0
59957	70018	0.00027519	0.04271622	0.48183474	0.04279820	0.48164970	0.57820604	0.57830012	0.31280130	0.31242126	0.57816470	0.57820143	0.31257336	0.31239842	59957	70016	0
59957	70021	-0.00020557	0.04284430	0.48220370	0.04256919	0.48364598	0.57824499	0.57832823	0.31248733	0.31236925	0.57815262	0.57814186	0.31246202	0.31234369	59957	70019	0
59957	70024	0.00102209	0.04273603	0.48345260	0.04255911	0.47976962	0.57798105	0.57812411	0.31254403	0.31232635	0.57817991	0.57811384	0.31263902	0.31242693	59957	70023	0
59957	70027	-0.00014894	0.04273523	0.48003058	0.04265609	0.48354368	0.57821639	0.57824712	0.31261962	0.31249489	0.57814260	0.57836750	0.31277115	0.31260648	59957	70026	0
59957	70358	0.00099475	0.04289667	0.48428409	0.04288828	0.48085301	0.57770323	0.57781745	0.31207524	0.31197433	0.57751727	0.57773643	0.31231896	0.31196061	59957	70356	0
59957	70361	0.00073393	0.04286103	0.48041120	0.04299281	0.48119367	0.57772583	0.57769033	0.31202018	0.31199019	0.57770109	0.57774456	0.31221550	0.31196069	59957	70359	0
59957	70364	-0.00072151	0.04308787	0.47964104	0.04312675	0.48400736	0.57775639	0.57776395	0.31210128	0.31199035	0.57781391	0.57786675	0.31218009	0.31205387	59957	70363	0
59957	70368	0.00014590	0.04293635	0.48268195	0.04278959	0.48007973	0.57762738	0.57788664	0.31238239	0.31207655	0.57771728	0.57796897	0.31219628	0.31205971	59957	70366	0
59957	70371	0.00064821	0.04281818	0.48198401	0.04282188	0.48047707	0.57775738	0.57777570	0.31235339	0.31205280	0.57783092	0.57793388	0.31207869	0.31201632	59957	70369	0
59957	70701	0.00097447	0.04261371	0.48177794	0.04271842	0.48079915	0.57833365	0.57850457	0.31301314	0.31292201	0.57830440	0.57834647	0.31296088	0.31280582	59957	70700	0
59957	70705	0.00055743	0.04263736	0.47985315	0.04287081	0.48110427	0.57832338	0.57834943	0.31284683	0.31278429	0.57824573	0.57836972	0.31307354	0.31285143	59957	70703	0
59957	70708	0.00046732	0.04269174	0.48163208	0.04266392	0.48190242	0.57836233	0.57850843	0.31306335	0.31286096	0.57831582	0.57847260	0.31311840	0.31277665	59957	70706	0
59957	70711	0.00055527	0.04265208	0.48269306	0.04254585	0.48242921	0.57817251	0.57835764	0.31311972	0.31274732	0.57814893	0.57824926	0.31292185	0.31271272	59957	70709	0
59957	70714	0.00169981	0.04265557	0.48321761	0.04277597	0.47978401	0.57824548	0.57837260	0.31281634	0.31273064	0.57826988	0.57861279	0.31313270	0.31285381	59957	70713	0
59957	71045	0.00114128	0.04241056	0.47984028	0.04262868	0.48151586	0.57831820	0.57831294	0.31261206	0.31262316	0.57826536	0.57830793	0.31281297	0.31255956	59957	71043	0
59957	71048	0.00101548	0.04255008	0.48147039	0.04237337	0.48184779	0.57825337	0.57826142	0.31261732	0.31249341	0.57836422	0.57834384	0.31301996	0.31256013	59957	71046	0
59957	71051	0.00050157	0.04253576	0.48014866	0.04243484	0.48169040	0.57832510	0.57838246	0.31268791	0.31262431	0.57817687	0.57844014	0.31277476	0.31258281	59957	71050	0
59957	71054	0.00095740	0.04246092	0.48212782	0.04247479	0.48076033	0.57837736	0.57851352	0.31273540	0.31266786	0.57822757	0.57845797	0.31297592	0.31261576	59957	71053	0
59957	71058	0.00034382	0.04265324	0.48010721	0.04254193	0.48194795	0.57834819	0.57835214	0.31261995	0.31255980	0.57833348	0.57840399	0.31266810	0.31262135	59957	71056	0
59957	71388	0.00090214	0.04277015	0.48268966	0.04266040	0.48101469	0.57808393	0.57816109	0.31285168	0.31257024	0.57817095	0.57834096	0.31282891	0.31245972	59957	71386	0
59957	71391	0.00102596	0.04256063	0.48161697	0.04279269	0.48124551	0.57827777	0.57827917	0.31260795	0.31252299	0.57827407	0.57840432	0.31274954	0.31262324	59957	71390	0
59957	71395	0.00057238	0.04285776	0.48242664	0.04287213	0.48378738	0.57830119	0.57825419	0.31259522	0.31245750	0.57813348	0.57833225	0.31285874	0.31250097	59957	71393	0
59957	71398	0.00005809	0.04277272	0.48047488	0.04271453	0.48201774	0.57819215	0.57825107	0.31272604	0.31250269	0.57823036	0.57830168	0.31267665	0.31253178	59957	71396	0
59957	71401	0.00049934	0.04290420	0.48179004	0.04298280	0.48046627	0.57825641	0.57833053	0.31269580	0.31249653	0.57813356	0.57832403	0.31269621	0.31242233	59957	71400	0
59957	71732	0.00057022	0.04273062	0.48175594	0.04273428	0.48154330	0.57871591	0.57883095	0.31343994	0.31316943	0.57874582	0.57899102	0.31357865	0.31324257	59957	71730	0
59957	71735	0.00070827	0.04266091	0.48205674	0.04270553	0.48164259	0.57879011	0.57882651	0.31355950	0.31334807	0.57897072	0.57902742	0.31340354	0.31336336	59957	71733	0
59957	71738	0.00070851	0.04284174	0.48148173	0.04294534	0.48148101	0.57889258	0.57911362	0.31354027	0.31329277	0.57895955	0.57893473	0.31331972	0.31318332	59957	71736	0
59957	71741	0.00141902	0.04294450	0.48082833	0.04276767	0.47869679	0.57869142	0.57903457	0.31351160	0.31321824	0.57884443	0.57897040	0.31360593	0.31332038	59957	71740	0
59957	71745	0.00251508	0.04272475	0.48261737	0.04264988	0.47932920	0.57885018	0.57905339	0.31338867	0.31331586	0.57904106	0.57899858	0.31342630	0.31326976	59957	71743	0
59957	72075	0.00122728	0.04269964	0.47976245	0.04275629	0.48362587	0.57873465	0.57876760	0.31283795	0.31276934	0.57867146	0.57881879	0.31306491	0.31277624	59957	72073	0
59957	72078	0.00050984	0.04269897	0.48065230	0.04268189	0.48280461	0.57873128	0.57876702	0.31316072	0.31282176	0.57860629	0.57887869	0.31332687	0.31293171	59957	72077	0
59957	72082	0.00014035	0.04259286	0.48048245	0.04265654	0.48159092	0.57887417	0.57889406	0.31310526	0.31299704	0.57881632	0.57884500	0.31314166	0.31304782	59957	72080	0
59957	72085	0.00126062	0.04263699	0.48357956	0.04263680	0.48021875	0.57899981	0.57897319	0.31310345	0.31304856	0.57874631	0.57888042	0.31343230	0.31300509	59957	72083	0
59957	72088	0.00059721	0.04270309	0.47988613	0.04246327	0.48187635	0.57894106	0.57899242	0.31336640	0.31311043	0.57876554	0.57898231	0.31323057	0.31322547	59957	72086	0
59957	72418	0.00079006	0.04248815	0.48325387	0.04241970	0.48267531	0.57900581	0.57917098	0.31395220	0.31360601	0.57905618	0.57917985	0.31368925	0.31352565	59957	72417	0
59957	72422	-0.00003270	0.04254399	0.48029763	0.04246801	0.48276591	0.57874771	0.57895018	0.31363543	0.31339450	0.57882725	0.57879808	0.31334873	0.31329368	59957	72420	0
59957	72425	0.00054293	0.04272823	0.48288591	0.04256530	0.48115903	0.57841960	0.57860572	0.31315579	0.31309901	0.57847178	0.57862486	0.31332244	0.31309038	59957	72423	0
59957	72428	0.00113288	0.04241957	0.48261401	0.04247712	0.48084414	0.57843291	0.57851747	0.31299580	0.31298635	0.57823923	0.57835929	0.31305349	0.31284962	59957	72427	0
59957	72432	-0.00032557	0.04276161	0.47952748	0.04261213	0.48390285	0.57826479	0.57842765	0.31316302	0.31283384	0.57828320	0.57832223	0.31312794	0.31276523	59957	72430	0
59957	72762	-0.00016347	0.04201894	0.48143857	0.04209267	0.48095228	0.57783725	0.57792509	0.31310460	0.31276449	0.57767011	0.57791219	0.31300953	0.31277057	59957	72760	0
59957	72765	0.00096036	0.04209185	0.48125224	0.04210005	0.47788073	0.57777160	0.57793397	0.31268783	0.31262283	0.57770528	0.57776880	0.31279177	0.31268405	59957	72764	0
59957	72768	0.00031517	0.04190986	0.47940790	0.04180059	0.48134347	0.57779518	0.57776814	0.31283154	0.31276145	0.57749731	0.57768474	0.31290525	0.31252923	59957	72767	0
59957	72772	0.00077867	0.04198552	0.48230506	0.04187490	0.48091457	0.57758671	0.57760955	0.31265939	0.31255479	0.57760166	0.57765697	0.31273023	0.31253811	59957	72770	0
59957	72775	0.00061821	0.04193904	0.48173892	0.04198690	0.48222031	0.57757989	0.57756165	0.31295135	0.31250918	0.57745597	0.57770865	0.31273713	0.31256243	59957	72773	0
59957	73105	-0.00009197	0.04239423	0.47997555	0.04238779	0.48210609	0.57851574	0.57860112	0.31421104	0.31397521	0.57839717	0.57863670	0.31424473	0.31402213	59957	73104	0
59957	73109	0.00180831	0.04237366	0.48527675	0.04241266	0.47957588	0.57840333	0.57849134	0.31412870	0.31388145	0.57850547	0.57854351	0.31391695	0.31387529	59957	73107	0
59957	73112	0.00002955	0.04244072	0.47790401	0.04236730	0.48324031	0.57818516	0.57852034	0.31416774	0.31388030	0.57832765	0.57833151	0.31384275	0.31379254	59957	73110	0
59957	73115	-0.00033144	0.04241811	0.48089358	0.04250601	0.48197654	0.57827440	0.57833537	0.31388202	0.31366715	0.57814260	0.57821195	0.31367627	0.31357741	59957	73114	0
59957	73118	0.00109751	0.04247376	0.48404960	0.04227272	0.47976276	0.57799255	0.57818377	0.31392820	0.31363674	0.57796914	0.57822181	0.31348966	0.31355909	59957	73117	0
59957	73449	0.00035861	0.04249952	0.48120226	0.04248892	0.48341894	0.57639194	0.57650599	0.31163660	0.31158640	0.57619686	0.57640812	0.31195535	0.31150505	59957	73447	0
59957	73452	-0.00032818	0.04260433	0.48018613	0.04250962	0.48224649	0.57623556	0.57646638	0.31182667	0.31152206	0.57653935	0.57661347	0.31170119	0.31160193	59957	73450	0
59957	73455	-0.00020768	0.04255895	0.48150982	0.04261897	0.48114832	0.57642283	0.57658372	0.31187129	0.31157555	0.57628191	0.57626252	0.31154498	0.31146840	59957	73454	0
59957	73459	0.00044747	0.04244691	0.48318417	0.04255671	0.48121872	0.57635603	0.57644592	0.31178131	0.31150924	0.57652415	0.57664921	0.31163250	0.31164014	59957	73457	0
59957	73462	0.00012064	0.04267584	0.48002120	0.04253789	0.48100170	0.57644190	0.57672539	0.31182938	0.31165123	0.57648775	0.57658570	0.31184877	0.31162354	59957	73460	0
59957	73792	0.00083248	0.04238015	0.48364966	0.04241160	0.48151413	0.57732820	0.57739755	0.31291560	0.31277895	0.57715276	0.57747833	0.31309778	0.31280443	59957	73791	0
59957	73795	0.00083014	0.04237936	0.48065216	0.04221605	0.48065918	0.57724570	0.57735071	0.31289646	0.31281815	0.57716410	0.57729788	0.31309507	0.31276523	59957	73794	0
59957	73799	0.00080598	0.04249907	0.48236416	0.04232721	0.48243664	0.57713452	0.57726295	0.31272883	0.31272176	0.57739057	0.57730363	0.31287715	0.31271897	59957	73797	0
59957	73802	0.00095213	0.04223235	0.48222321	0.04232589	0.48178476	0.57725564	0.57743346	0.31293097	0.31279424	0.57711513	0.57738728	0.31287140	0.31269621	59957	73800	0
59957	73805	0.00041218	0.04233756	0.48106971	0.04231407	0.48268958	0.57704019	0.57729097	0.31306179	0.31280287	0.57732812	0.57727183	0.31290369	0.31275291	59957	73804	0
59957	74136	0.00068260	0.04245957	0.48300115	0.04257015	0.48218989	0.57747438	0.57741514	0.31264584	0.31234920	0.57721809	0.57743190	0.31262973	0.31237220	59957	74134	0
59957	74139	0.00017627	0.04228968	0.48004205	0.04243550	0.48156102	0.57722376	0.57728029	0.31239135	0.31232874	0.57716492	0.57737101	0.31261946	0.31237196	59957	74137	0
59957	74142	0.00009669	0.04248071	0.48034929	0.04236962	0.48058802	0.57729747	0.57746247	0.31241107	0.31241288	0.57711020	0.57731480	0.31271831	0.31235372	59957	74141	0
59957	74145	0.00013106	0.04258704	0.48218634	0.04248767	0.48208325	0.57734628	0.57746140	0.31253548	0.31239628	0.57723896	0.57736633	0.31276416	0.31249867	59957	74144	0
59957	74149	0.00040075	0.04256549	0.48352865	0.04247112	0.48271958	0.57732023	0.57749829	0.31273253	0.31247623	0.57757085	0.57758638	0.31265479	0.31248798	59957	74147	0
59957	74479	0.00044660	0.04241963	0.48106973	0.04233558	0.48093219	0.57719105	0.57725926	0.31240368	0.31230417	0.57712269	0.57731415	0.31252833	0.31230376	59957	74477	0
59957	74482	0.00086022	0.04234391	0.48238566	0.04239951	0.48114478	0.57707379	0.57731768	0.31259809	0.31231575	0.57716690	0.57730585	0.31258922	0.31234057	59957	74481	0
59957	74486	0.00034807	0.04252134	0.48153772	0.04237817	0.48307417	0.57713082	0.57733551	0.31270426	0.31237253	0.57716418	0.57744381	0.31245544	0.31244246	59957	74484	0
59957	74489	-0.00003632	0.04225737	0.48109878	0.04223292	0.48225197	0.57710494	0.57736411	0.31250261	0.31239456	0.57708694	0.57718415	0.31266169	0.31237648	59957	74487	0
59957	74492	0.00150969	0.04237455	0.48492394	0.04252140	0.48028589	0.57719639	0.57741546	0.31276712	0.31235651	0.57735688	0.57749649	0.31250672	0.31253811	59957	74491	0
59957	74823	0.00075141	0.04220841	0.47996157	0.04241883	0.48223643	0.57705687	0.57723518	0.31260705	0.31247689	0.57690962	0.57730692	0.31287214	0.31264132	59957	74821	0
59957	74826	0.00018876	0.04230041	0.48035645	0.04233600	0.48204438	0.57706139	0.57725852	0.31272234	0.31245816	0.57707585	0.57718949	0.31275636	0.31256572	59957	74824	0
59957	74829	0.00033550	0.04219105	0.48118931	0.04253573	0.48074910	0.57707084	0.57728424	0.31277049	0.31253605	0.57716468	0.57725391	0.31252250	0.31253014	59957	74827	0
59957	74832	0.00104735	0.04243139	0.48374853	0.04234964	0.48161297	0.57714496	0.57729508	0.31268709	0.31261543	0.57721316	0.57727027	0.31282752	0.31256868	59957	74831	0
59957	74836	0.00139335	0.04226929	0.48159672	0.04221359	0.48055874	0.57705005	0.57731908	0.31297124	0.31261231	0.57717002	0.57748654	0.31298027	0.31276293	59957	74834	0
59957	75166	0.00044378	0.04214811	0.48100463	0.04236019	0.48385332	0.57695004	0.57698702	0.31232027	0.31229061	0.57686746	0.57698620	0.31224204	0.31219800	59957	75164	0
59957	75169	0.00017251	0.04238545	0.48209603	0.04234400	0.48290985	0.57674651	0.57705999	0.31244805	0.31226612	0.57678192	0.57702663	0.31256268	0.31225667	59957	75168	0
59957	75173	0.00142019	0.04225754	0.48175164	0.04216551	0.47800861	0.57685431	0.57704183	0.31247977	0.31222832	0.57676508	0.57702959	0.31236234	0.31214171	59957	75171	0
59957	75176	-0.00040103	0.04221024	0.47878440	0.04217713	0.48424805	0.57674618	0.57694224	0.31249924	0.31216250	0.57706443	0.57702803	0.31249628	0.31231173	59957	75174	0
59957	75179	0.00039674	0.04223184	0.48222206	0.04217804	0.47982877	0.57680222	0.57688965	0.31264633	0.31232578	0.57679367	0.57687806	0.31226735	0.31216587	59957	75177	0
59957	75509	0.00023570	0.04213259	0.48116891	0.04208909	0.48165201	0.57706960	0.57717733	0.31284313	0.31244887	0.57715917	0.57729245	0.31259456	0.31250869	59957	75508	0
59957	75513	0.00053355	0.04199796	0.48388529	0.04203676	0.48299175	0.57709910	0.57715325	0.31250277	0.31248018	0.57715884	0.57732623	0.31267040	0.31249489	59957	75511	0
59957	75516	0.00101875	0.04236659	0.48101473	0.04220382	0.47955912	0.57700477	0.57714405	0.31278775	0.31244164	0.57704471	0.57715827	0.31255676	0.31236785	59957	75514	0
59957	75519	0.00055496	0.04224762	0.48052298	0.04210455	0.48191433	0.57704323	0.57725876	0.31276416	0.31248026	0.57694109	0.57709877	0.31251789	0.31236744	59957	75518	0
59957	75523	0.00032068	0.04224324	0.48085569	0.04213708	0.48155852	0.57687149	0.57706615	0.31271634	0.31233473	0.57696262	0.57721275	0.31247517	0.31244452	59957	75521	0
59957	75853	0.00047674	0.04256872	0.48048837	0.04255188	0.48002020	0.57581180	0.57592241	0.31139321	0.31111013	0.57587343	0.57596998	0.31112632	0.31101818	59957	75851	0
59957	75856	-0.00008914	0.04251459	0.48050164	0.04263804	0.48219929	0.57587319	0.57594016	0.31110454	0.31099895	0.57586448	0.57594328	0.31122575	0.31106485	59957	75855	0
59957	75859	0.00037928	0.04257162	0.48177389	0.04259628	0.48036862	0.57585519	0.57599447	0.31147579	0.31108844	0.57586267	0.57591542	0.31150710	0.31107726	59957	75858	0
59957	75863	-0.00045354	0.04255244	0.47998083	0.04242791	0.48247930	0.57588001	0.57611263	0.31149716	0.31108984	0.57583037	0.57601288	0.31137727	0.31101128	59957	75861	0
59957	75866	0.00117786	0.04258701	0.48298595	0.04263518	0.47809175	0.57584895	0.57604336	0.31137012	0.31112944	0.57597434	0.57592438	0.31128507	0.31106913	59957	75864	0
59957	76196	0.00215574	0.04270324	0.48196392	0.04253163	0.47903027	0.57587039	0.57609111	0.31104998	0.31102714	0.57577540	0.57593013	0.31118861	0.31086140	59957	76195	0
59957	76200	-0.00031408	0.04263946	0.47856787	0.04269273	0.48597733	0.57583695	0.57595396	0.31133947	0.31094225	0.57602216	0.57611469	0.31098589	0.31087759	59957	76198	0
59957	76203	0.00160517	0.04273761	0.48354858	0.04273660	0.47779084	0.57579841	0.57601140	0.31122575	0.31088490	0.57576160	0.57593597	0.31108417	0.31084258	59957	76201	0
59957	76206	0.00130872	0.04255597	0.48054269	0.04269077	0.48143202	0.57587705	0.57590466	0.31086600	0.31081990	0.57593933	0.57606719	0.31129354	0.31087824	59957	76204	0
59957	76209	0.00023146	0.04270661	0.48069336	0.04269486	0.48392515	0.57583432	0.57611748	0.31107554	0.31093626	0.57570243	0.57594985	0.31119008	0.31085515	59957	76208	0
59957	76540	0.00058483	0.04236307	0.48323154	0.04244195	0.48217145	0.57608166	0.57626457	0.31157210	0.31128056	0.57625249	0.57629333	0.31140332	0.31129132	59957	76538	0
59957	76543	0.00111813	0.04234337	0.48195886	0.04234740	0.48035896	0.57620672	0.57633606	0.31164983	0.31126051	0.57618404	0.57638873	0.31151548	0.31119879	59957	76541	0
59957	76546	0.00010622	0.04249663	0.48108794	0.04262228	0.48412365	0.57615503	0.57624666	0.31151187	0.31117694	0.57618166	0.57627435	0.31132139	0.31121211	59957	76545	0
59957	76550	0.00020709	0.04260459	0.48068254	0.04259387	0.48037993	0.57629390	0.57624583	0.31130192	0.31115072	0.57613301	0.57626720	0.31147604	0.31118828	59957	76548	0
59957	76553	0.00105220	0.04236434	0.48151310	0.04241057	0.47897777	0.57622644	0.57618831	0.31124826	0.31115960	0.57605930	0.57628602	0.31135566	0.31111860	59957	76551	0
59957	76883	0.00063715	0.04300268	0.47967779	0.04263283	0.48092297	0.57631535	0.57631387	0.31130841	0.31122476	0.57621461	0.57631987	0.31126733	0.31118598	59957	76882	0
59957	76886	0.00047871	0.04296953	0.47991725	0.04290520	0.48039256	0.57608535	0.57628010	0.31156183	0.31118984	0.57608798	0.57628372	0.31158295	0.31116149	59957	76885	0
59957	76890	0.00079887	0.04288599	0.48163078	0.04274726	0.48067032	0.57608338	0.57628922	0.31151844	0.31110586	0.57620623	0.57636942	0.31158073	0.31119617	59957	76888	0
59957	76893	0.00026090	0.04277904	0.48069478	0.04276874	0.48230867	0.57610409	0.57623663	0.31147645	0.31114103	0.57614328	0.57619596	0.31125278	0.31110405	59957	76891	0
59957	76896	0.00001493	0.04282837	0.48247693	0.04266016	0.48321483	0.57612373	0.57631650	0.31145024	0.31117094	0.57610162	0.57631519	0.31147448	0.31113503	59957	76895	0
59957	77227	-0.00018590	0.04282659	0.48279002	0.04306161	0.48339253	0.57660665	0.57675941	0.31187416	0.31156002	0.57646893	0.57662875	0.31167186	0.31146906	59957	77225	0
59957	77230	0.00057953	0.04306021	0.48317582	0.04287479	0.48087952	0.57649646	0.57666787	0.31182371	0.31156914	0.57669392	0.57681257	0.31165879	0.31155123	59957	77228	0
59957	77233	0.00062526	0.04277872	0.48262390	0.04294793	0.48248672	0.57661824	0.57668668	0.31176397	0.31148023	0.57660649	0.57668414	0.31166109	0.31149913	59957	77231	0
59957	77236	0.00061848	0.04307078	0.48054967	0.04311063	0.48057001	0.57643442	0.57670501	0.31186406	0.31156364	0.57658389	0.57662021	0.31177465	0.31155731	59957	77235	0
59957	77240	0.00134491	0.04299044	0.48206136	0.04287857	0.47988205	0.57658356	0.57660320	0.31185370	0.31151762	0.57652965	0.57672432	0.31191369	0.31159601	59957	77238	0
59957	77570	0.00130684	0.04280528	0.48056226	0.04280312	0.48067646	0.57658915	0.57672374	0.31145599	0.31129518	0.57671076	0.57672892	0.31159535	0.31140348	59957	77568	0
59957	77573	0.00081365	0.04280440	0.48121689	0.04294520	0.48269646	0.57665719	0.57670797	0.31148360	0.31137891	0.57665801	0.57659580	0.31149872	0.31133265	59957	77572	0
59957	77577	0.00086316	0.04299229	0.48291755	0.04291986	0.48276903	0.57660024	0.57673615	0.31131679	0.31135057	0.57662925	0.57674683	0.31140463	0.31138689	59957	77575	0
59957	77580	0.00075345	0.04296295	0.48143731	0.04281035	0.48176643	0.57651569	0.57666343	0.31174318	0.31133430	0.57660172	0.57670033	0.31145262	0.31130365	59957	77578	0
59957	77583	0.00042192	0.04287262	0.48144757	0.04308884	0.48244216	0.57654428	0.57658948	0.31162691	0.31127111	0.57659901	0.57678997	0.31163923	0.31137357	59957	77581	0
59957	77914	0.00029521	0.04324176	0.48132319	0.04294555	0.48170333	0.57731078	0.57758613	0.31243161	0.31199528	0.57733633	0.57742968	0.31209948	0.31200942	59957	77912	0
59957	77917	0.00088585	0.04323094	0.48286584	0.04324912	0.48109392	0.57744127	0.57757660	0.31211073	0.31205404	0.57740462	0.57752188	0.31204155	0.31197170	59957	77915	0
59957	77920	0.00145665	0.04308340	0.48190247	0.04302104	0.48019006	0.57719393	0.57738794	0.31222010	0.31204615	0.57704931	0.57723230	0.31212101	0.31187646	59957	77918	0
59957	77923	0.00074727	0.04320130	0.47949615	0.04311541	0.48162431	0.57722704	0.57746863	0.31206135	0.31193974	0.57732680	0.57733066	0.31210539	0.31189134	59957	77922	0
59957	77927	0.00001742	0.04307058	0.48116200	0.04313252	0.48335152	0.57708826	0.57736131	0.31215141	0.31192494	0.57715547	0.57743305	0.31229595	0.31193193	59957	77925	0
59957	78257	0.00004576	0.04303234	0.48229075	0.04288294	0.48220574	0.57809626	0.57839733	0.31321586	0.31296236	0.57808557	0.57832198	0.31307025	0.31285299	59957	78255	0
59957	78260	0.00013462	0.04290353	0.48263997	0.04298954	0.48237339	0.57806955	0.57819346	0.31317724	0.31290270	0.57818426	0.57817859	0.31307970	0.31291232	59957	78259	0
59957	78263	0.00084331	0.04285138	0.48301617	0.04286410	0.48089009	0.57811105	0.57830596	0.31325892	0.31289514	0.57822296	0.57832987	0.31309926	0.31296006	59957	78262	0
59957	78267	0.00023566	0.04283367	0.48042247	0.04288695	0.48224542	0.57817958	0.57834893	0.31291528	0.31294461	0.57826454	0.57838895	0.31320033	0.31294823	59957	78265	0
59957	78270	0.00051378	0.04284346	0.48281379	0.04278318	0.48197945	0.57816659	0.57835395	0.31300838	0.31286737	0.57806708	0.57826117	0.31309490	0.31281848	59957	78268	0
59957	78600	-0.00050116	0.04288718	0.48034662	0.04294950	0.48339143	0.57815649	0.57817177	0.31310822	0.31244567	0.57802058	0.57816150	0.31253860	0.31251033	59957	78599	0
59957	78604	0.00054340	0.04308401	0.48338957	0.04323316	0.48025590	0.57793824	0.57802756	0.31260886	0.31243942	0.57795377	0.57800135	0.31268536	0.31255709	59957	78602	0
59957	78607	0.00044734	0.04300265	0.48059739	0.04299350	0.48088557	0.57801671	0.57803348	0.31246079	0.31243507	0.57801499	0.57816684	0.31252126	0.31241436	59957	78605	0
59957	78610	-0.00021776	0.04295638	0.48056513	0.04300046	0.48256044	0.57798310	0.57820291	0.31269925	0.31251116	0.57808368	0.57808598	0.31262151	0.31250277	59957	78609	0
59957	78613	0.00041960	0.04299345	0.48193276	0.04292562	0.48002068	0.57790192	0.57803643	0.31284050	0.31243030	0.57805788	0.57818607	0.31268873	0.31242874	59957	78612	0
59957	78944	0.00042890	0.04320550	0.48134410	0.04320658	0.48131619	0.57783857	0.57793709	0.31257813	0.31239792	0.57777833	0.57800504	0.31268914	0.31235815	59957	78942	0
59957	78947	0.00122033	0.04313682	0.48200938	0.04320567	0.47963512	0.57781391	0.57805722	0.31263754	0.31240384	0.57778598	0.57807752	0.31243843	0.31234418	59957	78945	0
59957	78950	0.00077795	0.04315417	0.48053729	0.04324871	0.48186441	0.57805484	0.57797283	0.31254969	0.31237952	0.57784432	0.57797283	0.31271938	0.31237229	59957	78949	0
59957	78954	0.00134849	0.04321583	0.48292435	0.04292518	0.48121274	0.57774218	0.57793208	0.31264994	0.31244739	0.57765212	0.57793783	0.31271371	0.31243079	59957	78952	0
59957	78957	0.00074199	0.04304976	0.48247443	0.04292919	0.48429393	0.57777349	0.57784333	0.31265142	0.31233046	0.57772706	0.57788516	0.31272571	0.31237114	59957	78955	0
59957	79287	0.00011625	0.04274573	0.48022726	0.04286166	0.48210447	0.57791383	0.57799395	0.31263515	0.31245281	0.57807275	0.57814901	0.31270615	0.31254468	59957	79286	0
59957	79291	0.00072514	0.04265044	0.48291519	0.04283097	0.48108853	0.57787176	0.57813414	0.31286696	0.31254361	0.57807982	0.57806634	0.31273121	0.31247065	59957	79289	0
59957	79294	0.00079613	0.04285112	0.48252263	0.04270580	0.48230965	0.57807933	0.57810258	0.31292555	0.31247475	0.57793282	0.57807078	0.31261699	0.31253121	59957	79292	0
59957	79297	0.00051184	0.04284196	0.48180716	0.04275354	0.48266002	0.57798910	0.57813373	0.31264658	0.31258864	0.57790882	0.57808968	0.31290180	0.31256161	59957	79295	0
59957	79300	0.00023195	0.04275520	0.48245597	0.04281847	0.48329566	0.57801671	0.57802411	0.31289810	0.31252274	0.57800044	0.57802509	0.31276334	0.31252061	59957	79299	0
59957	79631	0.00022129	0.04289611	0.48246426	0.04270068	0.48249623	0.57788171	0.57788927	0.31215839	0.31209660	0.57756551	0.57772837	0.31237796	0.31203497	59957	79629	0
59957	79634	-0.00016981	0.04277793	0.48148111	0.04281001	0.48265441	0.57752204	0.57780340	0.31237467	0.31200276	0.57744069	0.57772599	0.31234254	0.31205798	59957	79632	0
59957	79637	0.00007069	0.04287362	0.48181584	0.04281807	0.48109435	0.57767192	0.57777201	0.31256950	0.31213719	0.57768827	0.57777275	0.31231148	0.31211755	59957	79636	0
59957	79641	-0.00025445	0.04280880	0.48124086	0.04276276	0.48221627	0.57769978	0.57777053	0.31214714	0.31212207	0.57782008	0.57788647	0.31218954	0.31217047	59957	79639	0
59957	79644	0.00042731	0.04283758	0.48151254	0.04298028	0.47946726	0.57777307	0.57792920	0.31250187	0.31217376	0.57788910	0.57803496	0.31229447	0.31220556	59957	79642	0
59957	79974	0.00035734	0.04313942	0.48113735	0.04314870	0.48134727	0.57813249	0.57820102	0.31245240	0.31229463	0.57823348	0.57824548	0.31247089	0.31236415	59957	79973	0
59957	79978	0.00027089	0.04310209	0.48150463	0.04302881	0.48176398	0.57795558	0.57819486	0.31233326	0.31228650	0.57806528	0.57822009	0.31245890	0.31230992	59957	79976	0
59957	79981	0.00012015	0.04298523	0.48111239	0.04300005	0.48156462	0.57794859	0.57821327	0.31256950	0.31241329	0.57786790	0.57801375	0.31251666	0.31224057	59957	79979	0
59957	79984	0.00129888	0.04309866	0.48345192	0.04304267	0.47991572	0.57813266	0.57820283	0.31243917	0.31232290	0.57807719	0.57814293	0.31259045	0.31232035	59957	79982	0
59957	79987	0.00117997	0.04308387	0.48051065	0.04303083	0.48086740	0.57812929	0.57816848	0.31261699	0.31241239	0.57805098	0.57817284	0.31247755	0.31231485	59957	79986	0
59957	80318	0.00000642	0.04289658	0.48039881	0.04286418	0.48391944	0.57829437	0.57822962	0.31268717	0.31265791	0.57817144	0.57830029	0.31291363	0.31252965	59957	80316	0
59957	80321	0.00037953	0.04296623	0.48215231	0.04297899	0.48103299	0.57828188	0.57827218	0.31272891	0.31264403	0.57815895	0.57823118	0.31276071	0.31262570	59957	80319	0
59957	80324	0.00047990	0.04295017	0.48109675	0.04296231	0.48079565	0.57806996	0.57814129	0.31268799	0.31256523	0.57805944	0.57836364	0.31301092	0.31264888	59957	80323	0
59957	80328	0.00023683	0.04277561	0.48306304	0.04281046	0.48379224	0.57809650	0.57827079	0.31267254	0.31259440	0.57800776	0.57815591	0.31272226	0.31251707	59957	80326	0
59957	80331	0.00059130	0.04288326	0.48186442	0.04279141	0.48080102	0.57807645	0.57823019	0.31271519	0.31260056	0.57809782	0.57834302	0.31301290	0.31274559	59957	80329	0
59957	80661	-0.00031230	0.04283174	0.47945253	0.04301468	0.48216332	0.57870087	0.57884648	0.31311766	0.31306812	0.57863234	0.57890984	0.31353912	0.31315900	59957	80660	0
59957	80665	0.00115955	0.04306049	0.48554777	0.04292608	0.48113223	0.57868403	0.57881953	0.31329967	0.31305308	0.57878181	0.57904221	0.31326787	0.31327313	59957	80663	0
59957	80668	0.00123802	0.04286067	0.48127384	0.04295890	0.48103843	0.57871821	0.57894254	0.31338752	0.31312292	0.57863645	0.57912808	0.31344495	0.31335185	59957	80666	0
59957	80671	-0.00042147	0.04292813	0.47901117	0.04292194	0.48398963	0.57871295	0.57883029	0.31354414	0.31318455	0.57859232	0.57887721	0.31341669	0.31311783	59957	80669	0
59957	80674	0.00049413	0.04297586	0.48364620	0.04281025	0.48089942	0.57883744	0.57887343	0.31361012	0.31322473	0.57892307	0.57898100	0.31332137	0.31322868	59957	80673	0
59957	81005	0.00142176	0.04300529	0.48297565	0.04316314	0.48019276	0.57880696	0.57887590	0.31313032	0.31304807	0.57890088	0.57887237	0.31308570	0.31294576	59957	81003	0
59957	81008	0.00053435	0.04310714	0.48183108	0.04315547	0.48449330	0.57865379	0.57894936	0.31332687	0.31303623	0.57867959	0.57881082	0.31328595	0.31294699	59957	81006	0
59957	81011	0.00126215	0.04307990	0.48297500	0.04307615	0.48079161	0.57884163	0.57884550	0.31305349	0.31298052	0.57881517	0.57882035	0.31314388	0.31299383	59957	81010	0
59957	81015	-0.00057758	0.04298233	0.47908425	0.04297914	0.48460344	0.57888321	0.57897245	0.31312391	0.31299309	0.57871731	0.57896341	0.31331611	0.31300780	59957	81013	0
59957	81018	0.00031240	0.04295875	0.48124988	0.04296642	0.47857991	0.57874056	0.57879931	0.31302571	0.31289802	0.57866751	0.57885445	0.31327601	0.31300262	59957	81016	0
59957	81348	0.00206023	0.04294721	0.48503446	0.04287149	0.47979098	0.57827547	0.57831138	0.31289728	0.31259752	0.57836266	0.57833283	0.31273047	0.31255241	59957	81347	0
59957	81351	0.00035863	0.04284342	0.47970540	0.04287202	0.48481019	0.57819387	0.57820168	0.31292473	0.31254739	0.57833414	0.57836841	0.31301470	0.31262069	59957	81350	0
59957	81355	0.00034667	0.04296256	0.48248748	0.04294859	0.48252338	0.57824326	0.57837063	0.31269966	0.31261913	0.57838558	0.57841607	0.31276498	0.31259259	59957	81353	0
59957	81358	0.00048841	0.04296786	0.48151734	0.04288196	0.48109213	0.57842182	0.57844096	0.31270722	0.31262694	0.57837013	0.57848279	0.31279539	0.31264132	59957	81356	0
59957	81361	0.00071074	0.04275097	0.47978333	0.04282085	0.47911633	0.57826758	0.57872857	0.31276835	0.31273384	0.57821869	0.57839676	0.31275389	0.31256991	59957	81360	0
59957	81692	0.00153368	0.04281231	0.48186596	0.04278094	0.47939713	0.57845189	0.57871492	0.31311084	0.31289810	0.57831919	0.57857655	0.31309868	0.31281445	59957	81690	0
59957	81695	0.00103726	0.04296921	0.48065970	0.04293969	0.48214897	0.57852437	0.57861229	0.31335136	0.31291388	0.57847235	0.57862708	0.31322851	0.31284527	59957	81693	0
59957	81698	0.00027662	0.04286310	0.48064185	0.04279041	0.48292376	0.57841582	0.57864335	0.31290862	0.31288290	0.57840202	0.57850309	0.31323829	0.31290681	59957	81696	0
59957	81701	0.00091515	0.04287898	0.48407340	0.04294882	0.48215781	0.57847712	0.57863546	0.31326648	0.31285702	0.57850744	0.57862108	0.31309441	0.31286893	59957	81700	0
59957	81705	0.00081402	0.04296174	0.48003538	0.04284656	0.48033876	0.57862889	0.57858657	0.31302448	0.31288002	0.57861451	0.57862445	0.31310238	0.31287748	59957	81703	0
59957	82035	0.00106376	0.04294255	0.48175674	0.04301169	0.48100752	0.57824515	0.57842995	0.31254780	0.31237105	0.57797694	0.57822148	0.31249604	0.31236752	59957	82033	0
59957	82038	0.00090909	0.04300563	0.48215494	0.04289363	0.48261896	0.57815682	0.57834959	0.31247130	0.31237344	0.57822033	0.57829125	0.31249439	0.31233342	59957	82037	0
59957	82042	0.00042181	0.04283799	0.48124923	0.04308131	0.48271108	0.57821368	0.57826084	0.31272020	0.31243507	0.57815682	0.57816914	0.31253236	0.31234246	59957	82040	0
59957	82045	0.00006229	0.04313238	0.48091629	0.04294391	0.48199485	0.57817514	0.57839733	0.31241115	0.31241009	0.57846586	0.57834712	0.31259966	0.31242488	59957	82043	0
59957	82048	0.00095651	0.04293700	0.48433483	0.04309559	0.48165217	0.57827046	0.57820850	0.31242019	0.31230836	0.57818623	0.57828196	0.31244147	0.31239677	59957	82046	0
59957	82378	0.00096499	0.04323624	0.48231827	0.04302923	0.48229283	0.57829626	0.57840399	0.31240696	0.31241485	0.57806676	0.57825107	0.31277460	0.31228905	59957	82377	0
59957	82382	-0.00032701	0.04291213	0.48026414	0.04323021	0.48414015	0.57833110	0.57840202	0.31249908	0.31238280	0.57824260	0.57834310	0.31261404	0.31232956	59957	82380	0
59957	82385	0.00007547	0.04303954	0.48189610	0.04302246	0.48068864	0.57811088	0.57832280	0.31270549	0.31231690	0.57817744	0.57843497	0.31275217	0.31242898	59957	82383	0
59957	82388	0.00135979	0.04327405	0.48275781	0.04318964	0.47890485	0.57818640	0.57833841	0.31266219	0.31238387	0.57808261	0.57816380	0.31260196	0.31222668	59957	82387	0
59957	82391	0.00098425	0.04299996	0.48247206	0.04301026	0.48359868	0.57795344	0.57814252	0.31243983	0.31213514	0.57790595	0.57796322	0.31236325	0.31207639	59957	82390	0
59957	82722	0.00020182	0.04289031	0.48067352	0.04290348	0.48302082	0.57838492	0.57848032	0.31263441	0.31256859	0.57832165	0.57846381	0.31259185	0.31250705	59957	82720	0
59957	82725	0.00099943	0.04273470	0.48409800	0.04279249	0.48170517	0.57831886	0.57827777	0.31266531	0.31246843	0.57820546	0.57841845	0.31279555	0.31255126	59957	82723	0
59957	82728	-0.00002399	0.04289924	0.48198637	0.04292916	0.48505662	0.57821565	0.57825140	0.31255438	0.31240573	0.57817580	0.57811746	0.31253030	0.31236432	59957	82727	0
59957	82732	0.00053528	0.04293881	0.48300440	0.04282659	0.48132659	0.57802008	0.57813948	0.31273203	0.31242562	0.57811326	0.57824244	0.31250886	0.31241699	59957	82730	0
59957	82735	0.00137334	0.04276200	0.48243947	0.04271293	0.47992531	0.57809724	0.57811902	0.31245150	0.31238387	0.57791589	0.57810521	0.31274937	0.31237771	59957	82733	0
59957	83065	-0.00002826	0.04293573	0.47892432	0.04298679	0.48312912	0.57815016	0.57833800	0.31241682	0.31221041	0.57826002	0.57813775	0.31233153	0.31215733	59957	83064	0
59957	83069	0.00016942	0.04303365	0.48234941	0.04319183	0.48175636	0.57799937	0.57818689	0.31246966	0.31220153	0.57809157	0.57823751	0.31234895	0.31211788	59957	83067	0
59957	83072	0.00033354	0.04318984	0.48179007	0.04313355	0.48129770	0.57809486	0.57821097	0.31228502	0.31213448	0.57808368	0.57823825	0.31235766	0.31218206	59957	83070	0
59957	83075	0.00113382	0.04294507	0.48189813	0.04291357	0.47949731	0.57830850	0.57835896	0.31242364	0.31223621	0.57813529	0.57830209	0.31249324	0.31219743	59957	83073	0
59957	83078	0.00041756	0.04302236	0.48157048	0.04313446	0.48371925	0.57802436	0.57832420	0.31263195	0.31219693	0.57812058	0.57831409	0.31251329	0.31227524	59957	83077	0
59957	83409	0.00021048	0.04309180	0.48238909	0.04303435	0.48301032	0.57791277	0.57795048	0.31188830	0.31178484	0.57771572	0.57780151	0.31186397	0.31170867	59957	83407	0
59957	83412	0.00004479	0.04296609	0.47985024	0.04292242	0.48034732	0.57762517	0.57781071	0.31188912	0.31164071	0.57781967	0.57793265	0.31210227	0.31180021	59957	83410	0
59957	83415	0.00064983	0.04295712	0.48244092	0.04293364	0.48062580	0.57786954	0.57802953	0.31214747	0.31176685	0.57790685	0.57798804	0.31203185	0.31179980	59957	83414	0
59957	83419	0.00060878	0.04291567	0.48128608	0.04286280	0.48140924	0.57778466	0.57798902	0.31206349	0.31174762	0.57795911	0.57800340	0.31183258	0.31176742	59957	83417	0
59957	83422	-0.00029095	0.04300601	0.48044219	0.04294260	0.48314138	0.57780455	0.57800447	0.31218091	0.31177490	0.57769789	0.57794374	0.31195214	0.31169339	59957	83420	0
59957	83752	0.00084086	0.04291202	0.48284014	0.04291524	0.47944472	0.57839100	0.57840349	0.31267008	0.31255520	0.57838780	0.57832790	0.31265693	0.31252595	59957	83751	0
59957	83755	0.00019682	0.04289534	0.48146774	0.04309723	0.48339985	0.57850851	0.57853522	0.31296598	0.31265570	0.57849446	0.57860235	0.31295020	0.31271856	59957	83754	0
59957	83759	0.00059648	0.04284536	0.48292483	0.04307958	0.48172584	0.57855280	0.57867482	0.31307617	0.31271979	0.57886850	0.57863103	0.31302489	0.31273450	59957	83757	0
59957	83762	0.00034110	0.04292884	0.48070361	0.04289184	0.48146975	0.57843883	0.57852010	0.31284477	0.31260146	0.57832970	0.57828640	0.31292177	0.31263704	59957	83760	0
59957	83765	0.00041650	0.04304468	0.48233710	0.04293121	0.48211091	0.57826076	0.57838862	0.31297469	0.31267887	0.57823110	0.57839758	0.31291708	0.31265956	59957	83764	0
59957	84096	0.00086095	0.04303953	0.48105062	0.04290670	0.47971725	0.57826955	0.57826142	0.31239398	0.31226094	0.57823775	0.57839750	0.31236547	0.31225618	59957	84094	0
59957	84099	0.00039012	0.04299706	0.48211840	0.04308858	0.48353089	0.57837621	0.57833759	0.31238231	0.31234065	0.57837950	0.57840916	0.31274880	0.31235503	59957	84097	0
59957	84102	0.00062713	0.04296222	0.48000350	0.04296329	0.47929247	0.57831869	0.57838114	0.31252899	0.31244723	0.57816388	0.57838090	0.31265726	0.31229135	59957	84101	0
59957	84106	0.00138331	0.04278328	0.48179584	0.04283177	0.47952729	0.57819519	0.57830366	0.31239291	0.31234821	0.57831278	0.57823225	0.31253827	0.31230129	59957	84104	0
59957	84109	0.00003444	0.04283657	0.47967019	0.04279367	0.48371683	0.57816495	0.57826216	0.31238626	0.31235791	0.57806026	0.57837227	0.31263754	0.31236391	59957	84107	0
59957	84439	0.00128860	0.04287870	0.48424619	0.04306463	0.48048370	0.57786207	0.57783635	0.31186455	0.31170283	0.57771720	0.57789033	0.31201731	0.31174597	59957	84438	0
59957	84442	0.00034077	0.04301082	0.48035593	0.04295683	0.48319942	0.57778548	0.57785640	0.31181886	0.31174589	0.57760364	0.57786946	0.31209578	0.31175452	59957	84441	0
59957	84446	0.00093306	0.04294689	0.48482698	0.04297521	0.48305012	0.57784037	0.57799773	0.31187679	0.31177515	0.57785138	0.57808368	0.31219126	0.31189577	59957	84444	0
59957	84449	0.00050013	0.04298756	0.48019348	0.04304628	0.48149225	0.57790102	0.57809321	0.31218633	0.31189043	0.57793824	0.57808212	0.31198164	0.31184466	59957	84447	0
59957	84452	0.00095599	0.04309101	0.48268396	0.04309307	0.48131640	0.57779814	0.57797193	0.31215790	0.31180325	0.57757866	0.57789387	0.31202429	0.31176948	59957	84451	0
59957	84783	0.00130815	0.04289308	0.48354514	0.04271562	0.48248866	0.57805903	0.57821294	0.31248215	0.31245273	0.57795081	0.57810529	0.31278084	0.31244616	59957	84781	0
59957	84786	0.00025645	0.04273490	0.48039396	0.04286785	0.48354906	0.57796634	0.57814079	0.31255701	0.31244230	0.57817752	0.57819272	0.31253556	0.31252447	59957	84784	0
59957	84789	0.00121933	0.04278341	0.48320238	0.04284491	0.48031373	0.57795591	0.57814802	0.31286211	0.31245594	0.57812937	0.57813767	0.31276540	0.31249620	59957	84787	0
59957	84792	-0.00016639	0.04280324	0.47987563	0.04287668	0.48403280	0.57825427	0.57822231	0.31260089	0.31247837	0.57810570	0.57815920	0.31286006	0.31243638	59957	84791	0
59957	84796	0.00110434	0.04281540	0.48376870	0.04281563	0.47995650	0.57811039	0.57818903	0.31252734	0.31254107	0.57811713	0.57822880	0.31287411	0.31248839	59957	84794	0
59957	85126	0.00026903	0.04312249	0.48047593	0.04301685	0.48298187	0.57852314	0.57859052	0.31279925	0.31272152	0.57851895	0.57864557	0.31294888	0.31276811	59957	85124	0
59957	85129	0.00119974	0.04302259	0.48203087	0.04309797	0.47923875	0.57847983	0.57866644	0.31310665	0.31283828	0.57858550	0.57858559	0.31288422	0.31273664	59957	85128	0
59957	85133	-0.00001865	0.04311380	0.48194622	0.04312975	0.48560139	0.57831557	0.57850547	0.31310435	0.31272291	0.57831335	0.57851254	0.31304453	0.31274773	59957	85131	0
59957	85136	0.00019468	0.04292325	0.48252711	0.04281759	0.48188711	0.57836915	0.57843012	0.31285250	0.31276811	0.57830941	0.57842963	0.31297929	0.31265841	59957	85134	0
59957	85139	0.00105068	0.04291794	0.48162875	0.04300758	0.47906076	0.57844762	0.57846134	0.31276457	0.31268774	0.57844754	0.57876464	0.31314355	0.31291922	59957	85137	0
59957	85469	0.00041005	0.04320563	0.48174758	0.04312194	0.48366948	0.57853185	0.57857499	0.31292637	0.31260311	0.57840218	0.57853522	0.31298981	0.31253786	59957	85468	0
59957	85473	0.00066311	0.04311193	0.48417973	0.04302007	0.48342054	0.57841377	0.57848106	0.31278660	0.31250951	0.57851533	0.57861763	0.31270188	0.31256695	59957	85471	0
59957	85476	-0.00023229	0.04299770	0.48014866	0.04308268	0.48283488	0.57845198	0.57863070	0.31255545	0.31252513	0.57854828	0.57852330	0.31263318	0.31253112	59957	85474	0
59957	85479	0.00083729	0.04306864	0.48299550	0.04316023	0.47978674	0.57837712	0.57865297	0.31288282	0.31254403	0.57851106	0.57873990	0.31285874	0.31270755	59957	85478	0
59957	85483	0.00121121	0.04312158	0.48132822	0.04312583	0.48020646	0.57844236	0.57872536	0.31296589	0.31261543	0.57853357	0.57864187	0.31284149	0.31260894	59957	85481	0
59957	85813	0.00063729	0.04299520	0.48074673	0.04292410	0.48246850	0.57815608	0.57820678	0.31250269	0.31235552	0.57803923	0.57810250	0.31246448	0.31232759	59957	85811	0
59957	85816	-0.00002015	0.04283458	0.48076370	0.04294540	0.48273603	0.57803035	0.57814835	0.31238856	0.31231567	0.57810644	0.57831779	0.31264501	0.31246481	59957	85815	0
59957	85819	0.00010919	0.04318897	0.48238770	0.04306952	0.48199967	0.57805394	0.57818352	0.31261929	0.31239866	0.57795969	0.57823841	0.31277090	0.31244476	59957	85818	0
59957	85823	0.00086061	0.04304077	0.48405675	0.04300774	0.48180250	0.57815813	0.57823784	0.31250006	0.31239217	0.57805180	0.57814367	0.31237763	0.31232906	59957	85821	0
59957	85826	0.00071225	0.04284374	0.48090997	0.04277014	0.48135505	0.57805583	0.57822666	0.31259119	0.31239603	0.57812830	0.57808837	0.31263745	0.31233482	59957	85824	0
59957	86156	0.00104969	0.04311109	0.48151703	0.04313990	0.48050472	0.57844844	0.57862371	0.31301922	0.31259308	0.57838903	0.57853497	0.31296704	0.31271683	59957	86155	0
59957	86160	0.00019894	0.04305937	0.48038628	0.04316481	0.48293850	0.57851911	0.57852379	0.31273269	0.31263647	0.57838271	0.57866439	0.31303944	0.31271396	59957	86158	0
59957	86163	0.00104584	0.04298816	0.48232251	0.04307698	0.47978182	0.57859068	0.57857326	0.31272908	0.31267912	0.57835929	0.57857926	0.31292366	0.31263162	59957	86161	0
59957	86166	0.00008966	0.04321381	0.47997625	0.04306005	0.48284479	0.57854056	0.57859183	0.31268930	0.31271231	0.57849750	0.57859758	0.31293861	0.31263236	59957	86165	0
59957	86169	0.00061045	0.04305690	0.48179877	0.04301292	0.48023641	0.57850259	0.57856948	0.31271839	0.31268396	0.57843669	0.57871468	0.31283154	0.31262028	59957	86168	0
