% File initiated 13/01/2023 16:21:37 UTC
% Raw fountain data
%
% File notes: maser 5 MHz no water cooling 200 mV 230mV 260 mV
%
%% fountain_code = ALPHA-CsF1
%% microwave_ref = ALPHA HM1
%% MJD_start = 59957.681680
%% clock_data = True
%% sequence = 1
%% density = HD
%
% Units: V.s, Hz
%
% Shot B MJD days	Shot B MJD seconds	freq error	shot A sum	shot A ratio	shot B sum	shot B ratio	shot A F=3 bg 1	shot A F=3 bg 2	shot A F=4 bg 1	shot A F=4 bg 2	shot B F=3 bg 1	shot B F=3 bg 2	shot B F=4 bg 1	shot B F=4 bg 2	Shot A MJD days	Shot A MJD seconds	Shot order (0=LF->HF)
59957	58899	0.00079408	0.04183439	0.44738820	0.04186576	0.44500596	0.57867770	0.57897582	0.31373855	0.31340272	0.57893169	0.57898913	0.31351727	0.31340937	59957	58898	0
59957	58903	0.00139537	0.04209608	0.44801981	0.04210263	0.44621594	0.57877729	0.57878477	0.31351538	0.31331110	0.57870778	0.57884336	0.31379090	0.31335761	59957	58901	0
59957	58906	0.00112678	0.04228263	0.44489245	0.04229764	0.44569821	0.57862577	0.57874245	0.31355367	0.31323386	0.57849232	0.57871476	0.31348645	0.31320230	59957	58904	0
59957	58909	0.00182826	0.04227358	0.44683475	0.04243948	0.44473033	0.57857227	0.57866817	0.31311290	0.31314240	0.57841722	0.57847260	0.31305645	0.31301931	59957	58908	0
59957	58913	0.00070549	0.04239689	0.44328551	0.04244038	0.44665381	0.57842930	0.57888075	0.31356624	0.31327798	0.57853817	0.57845518	0.31322868	0.31296409	59957	58911	0
59957	59243	0.00083059	0.04251666	0.44640356	0.04256361	0.44602827	0.57776897	0.57775138	0.31246333	0.31217023	0.57766255	0.57798302	0.31255627	0.31226587	59957	59241	0
59957	59246	0.00079108	0.04249557	0.44453520	0.04255360	0.44465374	0.57784481	0.57786313	0.31258544	0.31223029	0.57770717	0.57793881	0.31255997	0.31228576	59957	59245	0
59957	59249	0.00117408	0.04264519	0.44695995	0.04270387	0.44581092	0.57779469	0.57788228	0.31229833	0.31229521	0.57759764	0.57768416	0.31251255	0.31221493	59957	59248	0
59957	59253	0.00013786	0.04257176	0.44491769	0.04262273	0.44802638	0.57786568	0.57790208	0.31238133	0.31225199	0.57772164	0.57784432	0.31240902	0.31224517	59957	59251	0
59957	59256	0.00097473	0.04246746	0.44868823	0.04258494	0.44617760	0.57763930	0.57774333	0.31227508	0.31214286	0.57764760	0.57770734	0.31230326	0.31220071	59957	59254	0
59957	59586	0.00030512	0.04237849	0.44324879	0.04252908	0.44525761	0.57646614	0.57666713	0.31180818	0.31151064	0.57669285	0.57677568	0.31172798	0.31164260	59957	59585	0
59957	59590	0.00093228	0.04251736	0.44639721	0.04261220	0.44451574	0.57664297	0.57678463	0.31204713	0.31164614	0.57651289	0.57673180	0.31195354	0.31167629	59957	59588	0
59957	59593	0.00143947	0.04240793	0.44639077	0.04218132	0.44486922	0.57661528	0.57669038	0.31175962	0.31153603	0.57661248	0.57655759	0.31180317	0.31153126	59957	59591	0
59957	59596	0.00099087	0.04237263	0.44494546	0.04257873	0.44629125	0.57659605	0.57657411	0.31170538	0.31152156	0.57649695	0.57645808	0.31166931	0.31149215	59957	59595	0
59957	59599	0.00050467	0.04231637	0.44444728	0.04261753	0.44590590	0.57665061	0.57669581	0.31163356	0.31158993	0.57657181	0.57679737	0.31179963	0.31161861	59957	59598	0
59957	59930	0.00065938	0.04250642	0.44528871	0.04269967	0.44482456	0.57763577	0.57764423	0.31269234	0.31252948	0.57774998	0.57778548	0.31272045	0.31266375	59957	59928	0
59957	59933	0.00028678	0.04270254	0.44394360	0.04273600	0.44506140	0.57779756	0.57780249	0.31282793	0.31273014	0.57779189	0.57775697	0.31276901	0.31275356	59957	59931	0
59957	59936	0.00138272	0.04262652	0.44760637	0.04265723	0.44431857	0.57774563	0.57779197	0.31312580	0.31275406	0.57772583	0.57778721	0.31288873	0.31275175	59957	59935	0
59957	59940	0.00159797	0.04272928	0.44522915	0.04267785	0.44458340	0.57769854	0.57771859	0.31290353	0.31271018	0.57757841	0.57776256	0.31305817	0.31270032	59957	59938	0
59957	59943	0.00125815	0.04255895	0.44384731	0.04259815	0.44486676	0.57758498	0.57773996	0.31269292	0.31266654	0.57760388	0.57758244	0.31298611	0.31261905	59957	59941	0
59957	60273	0.00077615	0.04243996	0.44450628	0.04251031	0.44595229	0.57815756	0.57836249	0.31373066	0.31333780	0.57839602	0.57845017	0.31348111	0.31337330	59957	60272	0
59957	60277	0.00132142	0.04256574	0.44576190	0.04269544	0.44412608	0.57832272	0.57848197	0.31339319	0.31340066	0.57845165	0.57846833	0.31339368	0.31339960	59957	60275	0
59957	60280	0.00162464	0.04271042	0.44597945	0.04287612	0.44506979	0.57821401	0.57841656	0.31368079	0.31341307	0.57840021	0.57845288	0.31346509	0.31340847	59957	60278	0
59957	60283	0.00130133	0.04263623	0.44512947	0.04269119	0.44609940	0.57818936	0.57849495	0.31373666	0.31348177	0.57821080	0.57837925	0.31367849	0.31335580	59957	60281	0
59957	60286	0.00166660	0.04257770	0.44438319	0.04252597	0.44328738	0.57827465	0.57839758	0.31339664	0.31333583	0.57820119	0.57835871	0.31364701	0.31328628	59957	60285	0
59957	60617	0.00048490	0.04217347	0.44327704	0.04219763	0.44682214	0.57839741	0.57856907	0.31377241	0.31344200	0.57863136	0.57874664	0.31366863	0.31353920	59957	60615	0
59957	60620	0.00057673	0.04233429	0.44606953	0.04236313	0.44579403	0.57873292	0.57884007	0.31372713	0.31364381	0.57849290	0.57857515	0.31354216	0.31346492	59957	60618	0
59957	60623	0.00126536	0.04248974	0.44713017	0.04220378	0.44506430	0.57856677	0.57880572	0.31391185	0.31361316	0.57860391	0.57874319	0.31387660	0.31355490	59957	60622	0
59957	60626	0.00093703	0.04226752	0.44520833	0.04241738	0.44619331	0.57860777	0.57872027	0.31394875	0.31358128	0.57866611	0.57860153	0.31382229	0.31354307	59957	60625	0
59957	60630	0.00113498	0.04247518	0.44579379	0.04249883	0.44519994	0.57865165	0.57866373	0.31371982	0.31354652	0.57875798	0.57870243	0.31372664	0.31357183	59957	60628	0
59957	60960	0.00067880	0.04248058	0.44538759	0.04246781	0.44675613	0.57859027	0.57870523	0.31347947	0.31331143	0.57856841	0.57868386	0.31368580	0.31335703	59957	60958	0
59957	60963	-0.00009902	0.04251807	0.44427261	0.04235659	0.44660608	0.57861772	0.57860646	0.31346804	0.31326935	0.57847309	0.57864056	0.31369985	0.31339713	59957	60962	0
59957	60967	0.00113186	0.04232537	0.44731022	0.04228451	0.44361757	0.57856044	0.57872750	0.31373790	0.31344438	0.57853538	0.57869446	0.31370881	0.31340666	59957	60965	0
59957	60970	0.00080230	0.04240176	0.44558637	0.04254983	0.44657505	0.57858279	0.57867811	0.31341882	0.31322383	0.57871328	0.57888740	0.31345268	0.31341044	59957	60968	0
59957	60973	0.00063698	0.04259913	0.44423382	0.04242786	0.44472979	0.57880950	0.57881460	0.31355482	0.31344191	0.57869003	0.57882701	0.31347536	0.31346287	59957	60972	0
59957	61304	0.00072159	0.04252555	0.44604748	0.04240611	0.44579366	0.57838780	0.57859561	0.31299096	0.31285455	0.57831845	0.57851969	0.31319458	0.31286375	59957	61302	0
59957	61307	0.00083844	0.04259756	0.44603151	0.04263145	0.44568093	0.57831335	0.57867072	0.31302004	0.31296515	0.57861410	0.57864984	0.31330461	0.31295579	59957	61305	0
59957	61310	0.00120078	0.04243704	0.44684583	0.04249609	0.44575882	0.57847063	0.57860851	0.31315472	0.31296294	0.57835288	0.57864582	0.31328357	0.31297641	59957	61308	0
59957	61313	0.00129903	0.04253533	0.44587937	0.04262530	0.44558461	0.57833020	0.57852996	0.31323747	0.31294100	0.57843365	0.57833841	0.31291602	0.31285003	59957	61312	0
59957	61317	0.00081492	0.04264984	0.44378925	0.04261006	0.44524159	0.57834252	0.57859537	0.31321397	0.31290500	0.57834359	0.57852733	0.31311668	0.31284280	59957	61315	0
59957	61647	0.00012053	0.04276000	0.44562950	0.04275567	0.44771266	0.57801088	0.57814876	0.31244484	0.31229907	0.57817752	0.57826594	0.31245265	0.31227976	59957	61645	0
59957	61650	0.00064046	0.04284615	0.44650181	0.04282995	0.44494202	0.57798779	0.57808763	0.31233252	0.31226382	0.57810628	0.57816495	0.31261888	0.31233695	59957	61649	0
59957	61653	0.00144633	0.04279177	0.44819401	0.04282557	0.44577641	0.57805270	0.57819856	0.31242060	0.31239234	0.57797965	0.57810176	0.31244000	0.31226251	59957	61652	0
59957	61657	0.00003023	0.04278452	0.44246057	0.04283402	0.44670888	0.57786502	0.57807464	0.31258289	0.31228896	0.57806700	0.57814129	0.31246309	0.31230803	59957	61655	0
59957	61660	0.00019575	0.04267194	0.44650894	0.04259449	0.44601237	0.57806692	0.57824556	0.31270130	0.31236571	0.57811047	0.57828656	0.31244879	0.31242110	59957	61658	0
59957	61990	0.00111176	0.04261349	0.44663788	0.04240865	0.44388984	0.57857770	0.57854146	0.31294930	0.31280393	0.57840999	0.57869340	0.31316434	0.31285455	59957	61989	0
59957	61994	0.00083727	0.04257102	0.44593354	0.04259758	0.44675703	0.57842445	0.57863333	0.31322424	0.31283491	0.57848567	0.57856808	0.31321389	0.31278577	59957	61992	0
59957	61997	0.00110957	0.04269900	0.44662351	0.04245119	0.44580659	0.57837646	0.57852379	0.31302736	0.31278881	0.57836890	0.57855995	0.31298011	0.31281116	59957	61995	0
59957	62000	0.00146038	0.04250220	0.44658767	0.04245146	0.44553525	0.57852790	0.57855724	0.31288002	0.31279144	0.57848583	0.57848788	0.31278249	0.31272949	59957	61999	0
59957	62003	0.00058830	0.04254547	0.44401686	0.04265444	0.44663309	0.57823307	0.57848608	0.31312999	0.31273220	0.57834515	0.57850465	0.31302506	0.31269473	59957	62002	0
59957	62334	-0.00007642	0.04263124	0.44466102	0.04260000	0.44665520	0.57844680	0.57849125	0.31295003	0.31282218	0.57846800	0.57857885	0.31306236	0.31288109	59957	62332	0
59957	62337	0.00071549	0.04250221	0.44684551	0.04259195	0.44446978	0.57852166	0.57862117	0.31306319	0.31289917	0.57853776	0.57865371	0.31294732	0.31300821	59957	62335	0
59957	62340	0.00073684	0.04281571	0.44708287	0.04282155	0.44701882	0.57868715	0.57861722	0.31330313	0.31297715	0.57856209	0.57864606	0.31320953	0.31294872	59957	62339	0
59957	62344	0.00050152	0.04266536	0.44520144	0.04255878	0.44590737	0.57860835	0.57857482	0.31315275	0.31285315	0.57852100	0.57864023	0.31296466	0.31292727	59957	62342	0
59957	62347	0.00086200	0.04253310	0.44630674	0.04257966	0.44522531	0.57842264	0.57865173	0.31320583	0.31297740	0.57857893	0.57868608	0.31312112	0.31299301	59957	62345	0
59957	62677	0.00084307	0.04309432	0.44490727	0.04305802	0.44496406	0.57824770	0.57825838	0.31264477	0.31253449	0.57835641	0.57849577	0.31290755	0.31270089	59957	62676	0
59957	62681	0.00200917	0.04294119	0.44671456	0.04276359	0.44321628	0.57840391	0.57856258	0.31301553	0.31272423	0.57814819	0.57838336	0.31296844	0.31270533	59957	62679	0
59957	62684	0.00071815	0.04277462	0.44423382	0.04280209	0.44810687	0.57822263	0.57844483	0.31305661	0.31272538	0.57807374	0.57861566	0.31296704	0.31271026	59957	62682	0
59957	62687	0.00072709	0.04282756	0.44604198	0.04283328	0.44601516	0.57807530	0.57825961	0.31283335	0.31252554	0.57812206	0.57831245	0.31282965	0.31244838	59957	62685	0
59957	62690	0.00065910	0.04293011	0.44376423	0.04289439	0.44396820	0.57805353	0.57833661	0.31268166	0.31251485	0.57811992	0.57839306	0.31276605	0.31265323	59957	62689	0
