% File initiated 25/04/2023 16:15:10 UTC
% Raw fountain data
%
% File notes: collisional shift map RF amps 460 430 400 380 360 340 310
%
%% fountain_code = ALPHA-CsF1
%% microwave_ref = ALPHA HM1
%% MJD_start = 60059.677200
%% clock_data = False
%% sequence = 13
%% density = HD
%
% Units: V.s, Hz
%
% Shot B MJD days	Shot B MJD seconds	freq error	shot A sum	shot A ratio	shot B sum	shot B ratio	shot A F=3 bg 1	shot A F=3 bg 2	shot A F=4 bg 1	shot A F=4 bg 2	shot B F=3 bg 1	shot B F=3 bg 2	shot B F=4 bg 1	shot B F=4 bg 2	Shot A MJD days	Shot A MJD seconds	Shot order (0=LF->HF)
60059	59290	0.00171264	0.06782279	0.43646846	0.06826210	0.43399988	0.64520550	0.64534782	0.33760010	0.33751251	0.64538661	0.64542038	0.33754127	0.33750158	60059	59289	0
60059	59294	0.00114818	0.06796181	0.43385019	0.06796010	0.43554358	0.64516803	0.64553715	0.33756255	0.33755573	0.64505464	0.64506565	0.33738646	0.33712080	60059	59292	0
60059	59297	0.00064038	0.06799684	0.43421188	0.06794566	0.43573528	0.64533081	0.64548127	0.33735244	0.33742426	0.64518225	0.64533796	0.33748769	0.33738901	60059	59295	0
60059	59300	0.00048951	0.06784818	0.43474240	0.06819118	0.43519499	0.64517124	0.64529893	0.33742886	0.33724940	0.64530304	0.64523139	0.33742163	0.33721497	60059	59298	0
60059	59303	0.00139795	0.06821516	0.43791747	0.06806208	0.43519215	0.64521068	0.64526327	0.33749041	0.33726780	0.64569672	0.64539869	0.33777768	0.33727914	60059	59302	0
60059	60091	0.00087705	0.06932019	0.43416488	0.06898182	0.43572758	0.64777427	0.64757525	0.33842100	0.33824326	0.64747303	0.64771855	0.33847548	0.33834326	60059	60089	0
60059	60094	0.00053853	0.06920999	0.43442695	0.06909224	0.43544250	0.64790714	0.64786852	0.33848411	0.33840070	0.64785258	0.64796885	0.33840654	0.33852149	60059	60093	0
60059	60097	0.00096947	0.06919445	0.43528004	0.06917756	0.43398724	0.64761543	0.64780155	0.33836882	0.33842930	0.64812908	0.64764756	0.33845978	0.33834852	60059	60096	0
60059	60101	0.00038589	0.06946416	0.43326759	0.06896729	0.43501833	0.64791692	0.64801018	0.33850999	0.33850621	0.64771165	0.64783458	0.33855707	0.33845469	60059	60099	0
60059	60104	0.00086420	0.06943108	0.43583232	0.06941101	0.43439738	0.64771469	0.64784452	0.33844910	0.33842700	0.64767574	0.64779275	0.33859077	0.33845395	60059	60102	0
60059	60892	0.00084175	0.06959080	0.43336936	0.06956813	0.43343671	0.64862795	0.64884858	0.33869085	0.33863218	0.64880075	0.64891777	0.33871361	0.33853456	60059	60890	0
60059	60895	0.00110709	0.06929811	0.43529672	0.06950891	0.43450071	0.64829408	0.64852030	0.33855346	0.33832174	0.64872844	0.64868349	0.33866998	0.33841944	60059	60893	0
60059	60898	0.00170899	0.06915068	0.43606834	0.06977725	0.43426261	0.64865810	0.64889336	0.33853842	0.33849512	0.64866501	0.64878465	0.33860260	0.33850629	60059	60896	0
60059	60901	0.00102458	0.06958528	0.43310730	0.06932215	0.43516053	0.64879418	0.64885170	0.33856554	0.33852117	0.64871349	0.64887167	0.33868000	0.33850531	60059	60900	0
60059	60905	0.00024592	0.06990723	0.43411248	0.06971262	0.43644847	0.64877972	0.64854471	0.33859693	0.33834195	0.64838686	0.64843764	0.33845116	0.33837893	60059	60903	0
60059	61692	0.00083034	0.06977694	0.43426742	0.06991861	0.43251414	0.64971343	0.64969388	0.33897689	0.33872208	0.64950348	0.64966043	0.33888239	0.33870819	60059	61690	0
60059	61695	0.00203211	0.07016445	0.43598350	0.06993027	0.43237820	0.64950439	0.64967818	0.33904254	0.33891255	0.64974137	0.64960390	0.33921346	0.33884155	60059	61694	0
60059	61699	0.00094273	0.06987785	0.43285317	0.06960038	0.43612130	0.64955147	0.64953742	0.33902118	0.33867967	0.64976586	0.64964983	0.33890055	0.33879332	60059	61697	0
60059	61702	0.00229121	0.06952799	0.43565332	0.07005532	0.43160789	0.64967259	0.64949921	0.33898223	0.33877154	0.64951918	0.64957760	0.33902463	0.33904649	60059	61700	0
60059	61705	0.00230251	0.06981307	0.43364051	0.06987323	0.43360660	0.64950110	0.64943199	0.33897878	0.33889003	0.64959700	0.64957949	0.33923335	0.33901625	60059	61703	0
60059	62493	0.00163576	0.06967156	0.43354066	0.07016491	0.43554091	0.64957358	0.64977933	0.33866735	0.33832576	0.64962156	0.64970842	0.33872093	0.33857770	60059	62491	0
60059	62496	0.00138995	0.07019577	0.43303158	0.07033396	0.43376902	0.64962625	0.64963085	0.33869693	0.33842420	0.64957695	0.64976076	0.33868518	0.33846365	60059	62494	0
60059	62499	0.00026669	0.07035362	0.43248668	0.07025995	0.43585646	0.64972609	0.64970053	0.33858715	0.33840949	0.64948072	0.64969642	0.33873695	0.33833924	60059	62498	0
60059	62503	0.00102151	0.06989933	0.43547713	0.07006654	0.43321265	0.64972609	0.64978739	0.33861747	0.33852067	0.64957982	0.64952625	0.33879718	0.33844236	60059	62501	0
60059	62506	0.00098945	0.06997823	0.43632498	0.07014727	0.43642116	0.64963882	0.64957653	0.33870079	0.33844458	0.64919131	0.64924678	0.33826068	0.33822362	60059	62504	0
60059	63293	0.00100183	0.06981327	0.43412321	0.06953520	0.43408607	0.65082086	0.65096992	0.34004627	0.33989277	0.65122654	0.65113122	0.34016665	0.33992811	60059	63292	0
60059	63297	0.00072737	0.06988897	0.43454364	0.06953350	0.43536704	0.65069842	0.65100114	0.33992170	0.33983320	0.65034188	0.65057582	0.33984462	0.33974092	60059	63295	0
60059	63300	0.00146820	0.06956425	0.43561766	0.06986122	0.43339516	0.65075052	0.65110106	0.33986270	0.33993197	0.65099679	0.65099646	0.34010239	0.33994766	60059	63298	0
60059	63303	0.00118036	0.06987794	0.43469951	0.06989530	0.43556304	0.65075939	0.65093984	0.33986919	0.33998119	0.65069152	0.65078405	0.33988406	0.33977519	60059	63302	0
60059	63306	0.00192566	0.06905856	0.43505507	0.06944777	0.43281917	0.65076712	0.65095463	0.33982005	0.33986081	0.65055980	0.65074682	0.33997273	0.33963697	60059	63305	0
60059	64094	0.00144109	0.07048662	0.43303663	0.07008466	0.43449034	0.65170905	0.65193215	0.34054127	0.34040717	0.65162992	0.65187791	0.34051744	0.34035343	60059	64092	0
60059	64097	0.00096316	0.06981932	0.43300729	0.07047300	0.43444106	0.65148283	0.65192541	0.34055943	0.34052180	0.65180445	0.65169599	0.34057759	0.34023181	60059	64096	0
60059	64101	0.00134861	0.07021880	0.43410297	0.07040750	0.43294663	0.65159606	0.65158053	0.34034077	0.34019262	0.65141216	0.65158029	0.34041555	0.34027191	60059	64099	0
60059	64104	0.00001113	0.07005576	0.43309466	0.06986134	0.43710711	0.65183362	0.65163091	0.34035540	0.34031538	0.65156451	0.65153230	0.34036247	0.34011242	60059	64102	0
60059	64107	0.00104891	0.07007918	0.43723394	0.06984116	0.43412058	0.65162236	0.65164315	0.34050742	0.33996270	0.65151833	0.65152326	0.34021875	0.34011636	60059	64105	0
60059	64895	0.00069737	0.07027950	0.43358354	0.07019408	0.43463816	0.65136927	0.65141709	0.34021702	0.34006196	0.65142424	0.65161102	0.34016419	0.34008473	60059	64893	0
60059	64898	0.00087486	0.07017012	0.43373393	0.07017683	0.43320148	0.65155103	0.65163625	0.34035852	0.34012474	0.65150559	0.65149655	0.34024241	0.34007602	60059	64896	0
60059	64901	0.00104056	0.07062146	0.43395305	0.07040547	0.43345594	0.65136746	0.65142392	0.34001800	0.33993764	0.65123697	0.65127518	0.34023773	0.33995917	60059	64899	0
60059	64904	0.00091810	0.07042733	0.43394769	0.07011067	0.43431508	0.65130707	0.65154882	0.34008366	0.33996903	0.65132761	0.65152531	0.34020486	0.34007676	60059	64903	0
60059	64908	0.00111513	0.07015829	0.43449908	0.07039983	0.43390798	0.65126426	0.65125522	0.33985399	0.33980625	0.65114593	0.65126935	0.34001858	0.33996878	60059	64906	0
60059	65695	0.00131538	0.07038429	0.43371686	0.07017200	0.43311611	0.65122062	0.65120748	0.33991948	0.34005794	0.65135826	0.65142704	0.34025310	0.33999919	60059	65694	0
60059	65699	0.00116423	0.07044371	0.43461479	0.07042123	0.43506824	0.65112128	0.65133821	0.34019845	0.34004972	0.65153641	0.65169607	0.34021185	0.34018037	60059	65697	0
60059	65702	0.00102659	0.07021191	0.43407322	0.07010753	0.43448616	0.65116113	0.65151981	0.34025671	0.33995251	0.65100517	0.65104642	0.34000839	0.33989031	60059	65700	0
60059	65705	0.00101435	0.07021893	0.43517331	0.07046906	0.43521001	0.65121331	0.65134174	0.33994134	0.33991397	0.65116442	0.65110386	0.34009492	0.33979630	60059	65703	0
60059	65708	0.00215388	0.07048124	0.43613967	0.07017409	0.43272110	0.65106926	0.65124264	0.33993863	0.33988579	0.65102505	0.65101306	0.33981520	0.33978365	60059	65707	0
60059	66496	0.00129806	0.07121427	0.43265103	0.07086661	0.43521846	0.65179911	0.65193946	0.34043593	0.34009385	0.65182138	0.65184472	0.34030971	0.34009500	60059	66494	0
60059	66499	0.00039239	0.07091461	0.43155118	0.07116984	0.43426820	0.65171209	0.65184406	0.34025104	0.34012746	0.65184882	0.65174356	0.34036781	0.34016682	60059	66497	0
60059	66502	0.00130575	0.07083034	0.43641787	0.07105713	0.43367780	0.65180914	0.65178374	0.34026731	0.33998283	0.65176715	0.65191201	0.34061021	0.34022302	60059	66501	0
60059	66506	0.00100550	0.07062659	0.43305696	0.07102996	0.43395770	0.65152909	0.65168916	0.34026115	0.34020371	0.65181497	0.65178859	0.34034201	0.34008226	60059	66504	0
60059	66509	0.00112702	0.07085133	0.43286813	0.07105347	0.43250359	0.65189517	0.65193256	0.34028424	0.34003131	0.65167429	0.65162565	0.34028679	0.34018802	60059	66507	0
60059	67296	0.00154065	0.07103817	0.43397505	0.07086148	0.43273416	0.65268056	0.65264885	0.34102986	0.34084629	0.65254958	0.65271869	0.34088516	0.34089444	60059	67295	0
60059	67300	0.00104696	0.07104058	0.43290123	0.07108543	0.43438229	0.65240956	0.65246667	0.34100571	0.34081096	0.65246815	0.65264613	0.34110858	0.34088113	60059	67298	0
60059	67303	0.00104454	0.07098968	0.43339856	0.07092776	0.43340582	0.65254753	0.65258689	0.34098040	0.34081334	0.65258492	0.65249592	0.34121311	0.34084826	60059	67301	0
60059	67306	0.00108585	0.07087689	0.43442556	0.07109735	0.43430161	0.65276134	0.65286233	0.34100907	0.34113718	0.65257678	0.65279560	0.34099239	0.34095648	60059	67305	0
60059	67309	0.00110338	0.07108292	0.43465993	0.07084434	0.43460734	0.65261968	0.65265977	0.34103216	0.34086158	0.65262247	0.65254276	0.34114014	0.34086708	60059	67308	0
60059	68097	0.00196097	0.07193601	0.43419112	0.07160098	0.43161836	0.65213166	0.65210388	0.34058540	0.34024299	0.65212500	0.65233750	0.34048268	0.34042664	60059	68095	0
60059	68100	0.00066015	0.07147429	0.43049629	0.07159155	0.43439874	0.65191818	0.65256454	0.34027832	0.34044850	0.65190569	0.65178752	0.34039353	0.33997453	60059	68099	0
60059	68103	0.00108179	0.07159039	0.43460516	0.07141475	0.43334023	0.65184439	0.65193157	0.34021678	0.34014792	0.65195146	0.65183929	0.34039525	0.34028802	60059	68102	0
60059	68107	0.00156786	0.07173201	0.43524872	0.07163458	0.43379052	0.65219066	0.65211301	0.34045894	0.34008497	0.65205327	0.65190938	0.34049386	0.34014463	60059	68105	0
60059	68110	0.00198031	0.07146665	0.43584530	0.07181374	0.43460793	0.65189961	0.65200109	0.34043979	0.34019295	0.65205631	0.65193814	0.34042911	0.34020881	60059	68108	0
60059	68898	0.00097168	0.07140380	0.43332010	0.07121472	0.43634599	0.65266906	0.65267506	0.34131911	0.34121491	0.65297589	0.65300317	0.34160227	0.34130810	60059	68896	0
60059	68901	0.00081514	0.07126604	0.43386762	0.07154447	0.43433724	0.65295411	0.65291911	0.34157934	0.34145173	0.65276668	0.65303300	0.34158082	0.34131040	60059	68899	0
60059	68904	0.00149038	0.07128739	0.43394084	0.07099732	0.43191512	0.65334435	0.65298641	0.34192520	0.34146587	0.65300473	0.65309569	0.34173194	0.34146110	60059	68902	0
60059	68907	0.00111461	0.07119806	0.43402120	0.07147324	0.43514853	0.65293850	0.65279330	0.34156316	0.34146094	0.65284351	0.65289232	0.34156891	0.34137737	60059	68906	0
60059	68911	0.00141943	0.07107677	0.43457491	0.07106417	0.43366046	0.65311517	0.65288723	0.34163571	0.34141270	0.65307293	0.65281508	0.34162569	0.34152051	60059	68909	0
60059	69698	0.00086674	0.07159188	0.43327934	0.07148429	0.43493739	0.65291056	0.65299972	0.34127884	0.34127005	0.65282617	0.65283028	0.34138665	0.34114803	60059	69697	0
60059	69701	0.00091287	0.07157643	0.43409864	0.07189524	0.43396025	0.65273833	0.65270702	0.34129552	0.34098763	0.65281664	0.65262099	0.34124277	0.34101195	60059	69700	0
60059	69705	0.00086148	0.07145114	0.43431311	0.07155167	0.43446730	0.65277786	0.65265452	0.34144458	0.34116923	0.65273973	0.65274532	0.34119306	0.34115707	60059	69703	0
60059	69708	0.00089564	0.07129768	0.43371096	0.07151274	0.43360847	0.65291352	0.65274523	0.34129372	0.34117974	0.65318493	0.65297630	0.34144228	0.34110144	60059	69706	0
60059	69711	0.00015654	0.07162035	0.43303755	0.07148538	0.43525483	0.65277597	0.65279996	0.34126726	0.34114129	0.65280300	0.65281615	0.34123784	0.34107391	60059	69710	0
60059	70499	0.00090645	0.07094362	0.43547997	0.07123028	0.43323026	0.65221983	0.65213831	0.34080808	0.34060537	0.65206165	0.65200733	0.34085426	0.34071178	60059	70497	0
60059	70502	0.00163546	0.07140129	0.43500502	0.07117187	0.43281796	0.65184422	0.65195228	0.34075533	0.34057891	0.65175227	0.65185745	0.34072484	0.34053741	60059	70500	0
60059	70505	0.00142794	0.07145101	0.43434540	0.07116092	0.43496799	0.65198975	0.65172639	0.34056757	0.34049049	0.65170954	0.65171513	0.34047225	0.34029698	60059	70504	0
60059	70509	0.00157061	0.07143598	0.43434539	0.07154358	0.43391737	0.65192565	0.65184825	0.34048252	0.34043609	0.65192023	0.65190996	0.34044414	0.34034373	60059	70507	0
60059	70512	0.00127567	0.07124821	0.43317258	0.07151240	0.43405741	0.65210635	0.65204472	0.34060832	0.34040339	0.65196830	0.65206518	0.34047134	0.34054324	60059	70510	0
60059	71299	0.00153360	0.07190936	0.43476091	0.07132167	0.43398711	0.65182121	0.65174759	0.34041087	0.34020404	0.65171332	0.65190766	0.34050051	0.34016254	60059	71298	0
60059	71303	0.00112000	0.07159531	0.43368390	0.07171529	0.43492469	0.65199180	0.65179985	0.34026756	0.34021382	0.65192270	0.65205499	0.34032730	0.34024775	60059	71301	0
60059	71306	0.00085208	0.07142979	0.43371127	0.07147298	0.43451504	0.65179541	0.65187002	0.34032220	0.34015523	0.65183338	0.65189073	0.34034759	0.34020774	60059	71304	0
60059	71309	0.00169482	0.07155522	0.43538810	0.07152788	0.43285989	0.65167881	0.65167314	0.34046493	0.34019911	0.65189081	0.65189361	0.34045138	0.34026657	60059	71308	0
60059	71312	0.00114833	0.07168913	0.43362117	0.07165418	0.43526062	0.65193428	0.65201522	0.34044184	0.34042820	0.65207611	0.65190117	0.34046370	0.34031793	60059	71311	0
60059	72100	0.00111358	0.07152356	0.43382301	0.07173759	0.43392726	0.65225541	0.65232723	0.34099954	0.34087456	0.65231375	0.65222936	0.34089551	0.34076420	60059	72098	0
60059	72103	0.00074883	0.07209985	0.43301904	0.07161602	0.43411331	0.65253553	0.65241022	0.34113997	0.34077678	0.65249650	0.65252436	0.34101170	0.34090891	60059	72102	0
60059	72107	0.00048253	0.07153720	0.43372853	0.07165704	0.43452741	0.65229584	0.65239124	0.34110135	0.34082986	0.65241573	0.65246043	0.34096799	0.34093372	60059	72105	0
60059	72110	0.00155131	0.07178038	0.43612664	0.07164710	0.43292031	0.65242345	0.65239765	0.34106651	0.34086281	0.65266282	0.65244818	0.34122354	0.34080488	60059	72108	0
60059	72113	0.00055079	0.07152152	0.43319835	0.07139107	0.43619993	0.65251137	0.65253446	0.34113866	0.34096117	0.65246955	0.65248993	0.34105041	0.34100151	60059	72112	0
60059	72901	0.00126705	0.07198314	0.43400578	0.07199095	0.43185699	0.65249905	0.65219164	0.34099469	0.34088294	0.65224292	0.65221646	0.34106405	0.34089510	60059	72899	0
60059	72904	0.00105578	0.07215788	0.43276121	0.07228758	0.43339502	0.65226519	0.65246281	0.34108056	0.34094966	0.65247440	0.65232846	0.34094646	0.34091088	60059	72902	0
60059	72907	0.00069951	0.07165685	0.43411308	0.07185596	0.43518188	0.65222648	0.65204661	0.34101548	0.34074802	0.65219436	0.65238047	0.34096158	0.34085163	60059	72906	0
60059	72910	0.00043260	0.07191838	0.43421452	0.07219199	0.43501525	0.65222607	0.65215689	0.34089190	0.34069756	0.65236412	0.65221843	0.34088582	0.34070372	60059	72909	0
60059	72914	0.00150463	0.07167401	0.43579297	0.07179940	0.43257687	0.65226543	0.65215491	0.34072739	0.34059690	0.65219058	0.65234054	0.34077250	0.34064522	60059	72912	0
60059	73701	0.00155466	0.07091586	0.43429051	0.07155158	0.43414040	0.65230800	0.65240176	0.34134746	0.34114885	0.65243158	0.65259757	0.34140604	0.34121343	60059	73700	0
60059	73705	0.00165367	0.07134231	0.43321615	0.07128652	0.43291912	0.65283127	0.65249445	0.34174656	0.34129930	0.65260825	0.65244966	0.34151254	0.34138986	60059	73703	0
60059	73708	0.00141635	0.07122817	0.43213673	0.07135654	0.43284871	0.65261770	0.65258648	0.34152043	0.34142371	0.65258442	0.65252132	0.34163859	0.34121278	60059	73706	0
60059	73711	0.00049097	0.07152201	0.43046547	0.07172169	0.43324158	0.65277531	0.65258672	0.34167195	0.34140465	0.65285723	0.65254243	0.34165042	0.34141821	60059	73709	0
60059	73714	0.00136898	0.07144864	0.43584146	0.07116762	0.43320744	0.65269207	0.65267062	0.34152445	0.34138304	0.65275961	0.65282379	0.34160926	0.34135247	60059	73713	0
60059	74502	0.00094275	0.07161495	0.43326921	0.07102810	0.43454790	0.65168308	0.65160075	0.34063355	0.34064908	0.65188251	0.65188202	0.34073084	0.34071539	60059	74500	0
60059	74505	0.00127442	0.07139062	0.43409426	0.07154875	0.43309924	0.65165432	0.65165260	0.34085015	0.34057973	0.65149064	0.65161036	0.34070110	0.34059608	60059	74504	0
60059	74509	0.00028682	0.07101960	0.43203106	0.07116154	0.43499387	0.65164011	0.65165096	0.34086757	0.34066962	0.65152392	0.65145958	0.34079058	0.34039624	60059	74507	0
60059	74512	0.00154160	0.07118429	0.43544602	0.07128190	0.43168170	0.65171965	0.65157117	0.34068228	0.34052812	0.65164561	0.65167643	0.34080611	0.34067077	60059	74510	0
60059	74515	0.00077697	0.07093471	0.43265577	0.07120963	0.43494965	0.65162704	0.65159113	0.34079978	0.34059460	0.65181226	0.65184956	0.34072986	0.34068285	60059	74513	0
60059	75303	0.00063915	0.07117526	0.43324456	0.07126951	0.43365801	0.65178342	0.65169064	0.34088508	0.34066979	0.65151997	0.65166681	0.34085287	0.34060035	60059	75301	0
60059	75306	0.00199229	0.07153175	0.43608089	0.07124624	0.43202147	0.65156451	0.65142983	0.34079148	0.34063413	0.65172663	0.65138940	0.34064719	0.34047940	60059	75304	0
60059	75309	0.00058921	0.07138835	0.43052078	0.07093508	0.43473003	0.65146566	0.65152318	0.34070134	0.34064300	0.65164742	0.65139910	0.34092115	0.34050503	60059	75308	0
60059	75312	0.00109648	0.07133813	0.43480934	0.07149159	0.43328751	0.65146089	0.65159984	0.34076330	0.34052664	0.65140625	0.65134117	0.34052681	0.34052648	60059	75311	0
60059	75316	0.00136522	0.07141479	0.43498699	0.07134150	0.43418079	0.65155572	0.65141438	0.34052755	0.34050355	0.65162458	0.65148094	0.34073183	0.34058564	60059	75314	0
60059	76103	0.00155541	0.07146671	0.43331962	0.07154665	0.43274904	0.65198342	0.65211555	0.34101828	0.34098828	0.65218680	0.65207726	0.34104367	0.34102691	60059	76102	0
60059	76106	0.00119395	0.07178977	0.43309165	0.07140532	0.43417603	0.65188251	0.65195063	0.34093947	0.34088598	0.65209304	0.65197414	0.34099297	0.34097308	60059	76105	0
60059	76110	0.00140456	0.07176449	0.43346214	0.07179639	0.43283030	0.65204867	0.65212147	0.34106980	0.34112625	0.65194677	0.65207874	0.34109519	0.34088894	60059	76108	0
60059	76113	0.00125198	0.07152281	0.43438732	0.07143857	0.43484507	0.65206929	0.65181924	0.34108245	0.34098007	0.65210446	0.65221514	0.34125025	0.34113989	60059	76111	0
60059	76116	0.00103116	0.07137302	0.43352831	0.07172485	0.43419078	0.65211112	0.65224325	0.34118163	0.34117851	0.65213010	0.65208392	0.34113825	0.34108738	60059	76115	0
60059	76904	0.00192081	0.07166032	0.43499430	0.07136155	0.43232534	0.65132013	0.65120904	0.34040125	0.34038794	0.65114691	0.65108644	0.34042303	0.34010962	60059	76902	0
60059	76907	0.00113208	0.07168155	0.43282707	0.07169593	0.43519329	0.65114938	0.65107748	0.34053420	0.34021160	0.65127305	0.65100747	0.34028120	0.34014258	60059	76905	0
60059	76910	0.00057660	0.07163569	0.43246860	0.07147674	0.43413504	0.65095258	0.65119761	0.34031341	0.34013263	0.65111339	0.65086523	0.34026197	0.34019492	60059	76909	0
60059	76914	0.00044287	0.07165100	0.43326677	0.07171198	0.43366794	0.65116064	0.65114716	0.34027561	0.34013025	0.65090369	0.65104831	0.34015342	0.34006813	60059	76912	0
60059	76917	0.00114437	0.07145874	0.43419699	0.07142960	0.43209249	0.65115636	0.65096088	0.34013871	0.34008308	0.65101330	0.65102251	0.34023083	0.33993082	60059	76915	0
60059	77705	0.00143307	0.07166137	0.43460056	0.07178664	0.43373448	0.65075200	0.65053704	0.33953048	0.33920779	0.65062209	0.65038157	0.33929991	0.33933319	60059	77703	0
60059	77708	0.00085856	0.07183568	0.43204033	0.07152387	0.43376386	0.65050359	0.65041337	0.33945348	0.33929514	0.65038099	0.65038847	0.33939292	0.33925685	60059	77706	0
60059	77711	0.00063432	0.07190783	0.43556001	0.07193517	0.43623271	0.65053991	0.65060680	0.33954732	0.33933927	0.65048395	0.65047073	0.33958874	0.33936441	60059	77709	0
60059	77714	0.00166698	0.07166503	0.43585273	0.07184779	0.43275474	0.65032388	0.65053276	0.33963270	0.33934288	0.65071798	0.65072439	0.33954354	0.33941010	60059	77713	0
60059	77718	0.00069838	0.07162576	0.43181913	0.07186284	0.43472494	0.65052266	0.65067804	0.33963788	0.33956096	0.65065158	0.65061411	0.33962415	0.33946540	60059	77716	0
60059	78505	0.00148212	0.07164359	0.43452777	0.07139917	0.43217655	0.65055109	0.65036152	0.33987240	0.33957707	0.65054756	0.65047171	0.33998053	0.33962793	60059	78504	0
60059	78508	0.00043920	0.07096322	0.43237662	0.07151238	0.43550539	0.65062776	0.65041436	0.33989532	0.33978422	0.65073663	0.65079867	0.33990707	0.33967231	60059	78507	0
60059	78512	0.00069556	0.07143465	0.43219871	0.07105126	0.43142963	0.65073902	0.65074304	0.34002942	0.33974980	0.65081667	0.65066950	0.33987535	0.33977601	60059	78510	0
60059	78515	0.00040793	0.07141453	0.43275295	0.07144405	0.43361584	0.65063860	0.65072020	0.34001570	0.33963213	0.65064476	0.65052709	0.33970559	0.33975604	60059	78513	0
60059	78518	0.00124673	0.07125638	0.43522620	0.07122040	0.43270979	0.65054969	0.65049801	0.34003674	0.33959449	0.65074822	0.65081708	0.34002507	0.33999015	60059	78517	0
60059	79306	0.00091028	0.07130802	0.43196294	0.07135642	0.43297230	0.65223848	0.65208729	0.34144261	0.34111647	0.65216165	0.65201465	0.34126701	0.34108796	60059	79305	0
60059	79309	0.00098905	0.07123358	0.43620882	0.07156573	0.43597251	0.65216247	0.65203486	0.34141188	0.34113102	0.65204300	0.65211013	0.34124655	0.34104802	60059	79308	0
60059	79313	0.00198542	0.07133903	0.43564028	0.07174404	0.43265115	0.65205861	0.65215721	0.34126183	0.34117029	0.65201678	0.65207554	0.34127186	0.34107793	60059	79311	0
60059	79316	0.00081747	0.07108522	0.43293282	0.07139109	0.43643669	0.65212500	0.65222624	0.34118344	0.34108960	0.65190511	0.65209682	0.34112773	0.34106068	60059	79314	0
60059	79319	0.00122249	0.07138052	0.43480626	0.07143848	0.43359117	0.65177733	0.65184850	0.34121253	0.34106421	0.65203174	0.65206157	0.34108697	0.34105419	60059	79318	0
60059	80107	0.00090516	0.07148485	0.43277788	0.07144111	0.43372988	0.65015519	0.65010933	0.33939186	0.33915635	0.65002807	0.64993382	0.33939498	0.33930590	60059	80105	0
60059	80110	0.00207786	0.07163885	0.43667641	0.07141723	0.43315831	0.65009676	0.64997655	0.33936195	0.33904246	0.65013941	0.65029184	0.33941478	0.33927312	60059	80108	0
60059	80113	0.00136200	0.07132142	0.43279599	0.07147391	0.43494357	0.64989577	0.64990711	0.33915701	0.33905577	0.65002338	0.64986939	0.33911732	0.33921026	60059	80112	0
60059	80117	0.00158074	0.07103987	0.43593381	0.07134745	0.43527759	0.64987942	0.64997860	0.33922932	0.33902718	0.65009068	0.65023456	0.33931248	0.33915216	60059	80115	0
60059	80120	0.00244174	0.07132934	0.43415225	0.07118520	0.43156925	0.65028165	0.65023333	0.33936860	0.33920105	0.65025346	0.65008583	0.33938191	0.33928429	60059	80118	0
60059	80907	0.00134797	0.07112950	0.43265260	0.07114995	0.43593392	0.65035544	0.65024451	0.33948044	0.33946655	0.65033227	0.65006759	0.33963706	0.33933425	60059	80906	0
60059	80911	0.00152049	0.07096533	0.43245682	0.07125464	0.43193925	0.65031361	0.65034895	0.33956343	0.33945965	0.65018000	0.65029858	0.33958192	0.33953837	60059	80909	0
60059	80914	0.00129693	0.07127456	0.43365689	0.07137007	0.43432756	0.65036226	0.65034040	0.33981257	0.33953031	0.65017803	0.65033695	0.33972572	0.33941437	60059	80912	0
60059	80917	0.00136967	0.07090978	0.43321871	0.07107541	0.43300049	0.65029126	0.65018050	0.33974396	0.33933606	0.65024385	0.65009241	0.33977732	0.33963755	60059	80916	0
60059	80920	0.00171490	0.07111470	0.43432429	0.07100300	0.43328859	0.65012725	0.65040433	0.33962498	0.33953064	0.65025675	0.65012733	0.33980049	0.33943327	60059	80919	0
60059	81708	0.00104561	0.07150288	0.43205523	0.07173782	0.43406312	0.65031098	0.65052216	0.33984536	0.33956992	0.65043630	0.65058092	0.33976812	0.33991603	60059	81706	0
60059	81711	0.00136997	0.07159490	0.43510346	0.07168671	0.43413036	0.65040425	0.65053186	0.33963188	0.33958488	0.65036546	0.65040523	0.33998867	0.33961832	60059	81710	0
60059	81715	0.00102415	0.07166102	0.43256375	0.07196257	0.43360122	0.65046259	0.65054320	0.33970230	0.33961249	0.65056218	0.65064090	0.33979211	0.33960402	60059	81713	0
60059	81718	0.00106090	0.07161344	0.43443501	0.07151432	0.43432475	0.65045914	0.65071067	0.33968513	0.33969721	0.65040088	0.65053671	0.33974602	0.33944214	60059	81716	0
60059	81721	0.00075132	0.07164789	0.43387154	0.07175781	0.43480028	0.65038469	0.65014467	0.33979367	0.33951388	0.65039069	0.65025987	0.33959630	0.33947090	60059	81720	0
60059	82509	0.00071200	0.07163505	0.43427446	0.07137709	0.43439242	0.64908852	0.64884989	0.33856118	0.33813562	0.64906288	0.64907685	0.33841475	0.33832716	60059	82507	0
60059	82512	0.00048961	0.07151395	0.43263704	0.07149537	0.43330421	0.64899632	0.64925779	0.33860736	0.33843086	0.64907175	0.64903026	0.33835000	0.33846964	60059	82510	0
60059	82515	0.00113842	0.07160930	0.43538774	0.07190686	0.43344130	0.64891727	0.64903034	0.33856759	0.33822173	0.64925031	0.64941277	0.33860202	0.33832864	60059	82514	0
60059	82518	0.00116317	0.07152001	0.43303170	0.07174519	0.43295746	0.64933865	0.64916666	0.33871443	0.33825501	0.64912352	0.64915499	0.33857943	0.33835879	60059	82517	0
60059	82522	0.00203926	0.07168008	0.43417971	0.07157763	0.43155144	0.64936445	0.64932977	0.33856102	0.33839963	0.64946437	0.64938442	0.33850728	0.33860473	60059	82520	0
60059	83309	0.00131074	0.07161047	0.43221440	0.07144922	0.43439998	0.64947062	0.64968065	0.33901789	0.33886645	0.64958796	0.64959798	0.33903030	0.33886505	60059	83308	0
60059	83313	0.00138456	0.07149862	0.43466780	0.07131549	0.43444634	0.64966249	0.64963134	0.33918511	0.33891633	0.64957481	0.64947579	0.33886234	0.33882619	60059	83311	0
60059	83316	0.00123044	0.07141831	0.43430950	0.07139534	0.43477185	0.64942854	0.64950201	0.33886489	0.33880786	0.64964704	0.64973389	0.33909144	0.33885848	60059	83314	0
60059	83319	0.00145091	0.07126894	0.43437579	0.07134574	0.43371437	0.64973767	0.64968796	0.33914690	0.33899472	0.64959609	0.64970193	0.33901724	0.33893646	60059	83318	0
60059	83322	0.00021706	0.07147106	0.43188487	0.07141873	0.43558641	0.64961877	0.64976076	0.33923359	0.33890573	0.64972231	0.64956996	0.33913030	0.33894616	60059	83321	0
60059	84110	0.00143598	0.07126803	0.43528226	0.07123930	0.43162551	0.65078257	0.65090015	0.34036296	0.34035285	0.65081724	0.65081092	0.34045918	0.34023658	60059	84108	0
60059	84113	0.00118732	0.07114355	0.43435795	0.07133059	0.43510394	0.65069719	0.65078610	0.34046978	0.34033017	0.65072036	0.65088766	0.34057307	0.34030979	60059	84112	0
60059	84116	0.00162706	0.07136270	0.43533052	0.07130545	0.43401130	0.65082513	0.65086260	0.34051917	0.34040043	0.65106819	0.65095192	0.34046017	0.34046066	60059	84115	0
60059	84120	0.00192904	0.07146477	0.43492718	0.07140406	0.43402123	0.65116171	0.65105423	0.34063585	0.34045080	0.65133558	0.65118307	0.34055327	0.34047397	60059	84118	0
60059	84123	0.00031903	0.07137287	0.43169592	0.07162617	0.43652597	0.65107156	0.65113590	0.34070849	0.34060142	0.65108759	0.65108816	0.34059025	0.34050429	60059	84121	0
60059	84910	0.00126841	0.07145168	0.43537323	0.07157348	0.43252508	0.65145268	0.65156944	0.34117416	0.34091893	0.65112974	0.65129548	0.34079058	0.34061145	60059	84909	0
60059	84914	0.00138478	0.07144461	0.43394674	0.07176600	0.43359765	0.65109235	0.65130271	0.34062640	0.34057036	0.65098117	0.65104593	0.34081301	0.34068885	60059	84912	0
60059	84917	0.00130336	0.07149003	0.43251602	0.07147020	0.43276028	0.65127256	0.65110616	0.34070603	0.34071926	0.65089489	0.65114429	0.34075525	0.34053026	60059	84915	0
60059	84920	0.00097956	0.07161700	0.43316205	0.07164551	0.43413344	0.65109589	0.65108841	0.34072525	0.34052689	0.65119671	0.65133731	0.34055179	0.34070923	60059	84919	0
60059	84924	0.00083810	0.07103943	0.43309859	0.07133814	0.43352298	0.65084576	0.65105077	0.34078146	0.34045269	0.65089572	0.65094510	0.34049008	0.34046584	60059	84922	0
60059	85711	0.00050713	0.07086372	0.43256762	0.07122531	0.43356053	0.65086252	0.65070639	0.34062007	0.34030478	0.65083417	0.65100583	0.34059896	0.34055820	60059	85709	0
60059	85714	0.00210492	0.07103006	0.43719643	0.07117661	0.43240305	0.65084584	0.65100657	0.34053683	0.34042574	0.65077361	0.65074140	0.34054522	0.34040092	60059	85713	0
60059	85718	0.00094482	0.07155990	0.43055533	0.07111759	0.43403563	0.65078421	0.65088076	0.34056412	0.34031809	0.65068043	0.65070664	0.34047488	0.34016649	60059	85716	0
60059	85721	0.00119249	0.07071245	0.43297365	0.07131712	0.43223063	0.65061650	0.65099260	0.34031604	0.34038605	0.65092711	0.65072809	0.34044225	0.34027914	60059	85719	0
60059	85724	0.00107057	0.07097212	0.43431508	0.07102160	0.43468087	0.65069094	0.65074994	0.34034077	0.34019097	0.65075989	0.65086424	0.34031965	0.34026033	60059	85723	0
60060	112	0.00148761	0.07086797	0.43322827	0.07139442	0.43197714	0.65037163	0.65000284	0.33968850	0.33930689	0.65020128	0.65013653	0.33954798	0.33945209	60060	110	0
60060	115	0.00177493	0.07141502	0.43366208	0.07158748	0.43280012	0.64994491	0.65015190	0.33962218	0.33936293	0.65007384	0.65030178	0.33955718	0.33946663	60060	113	0
60060	118	0.00124709	0.07145388	0.43263648	0.07125282	0.43422001	0.65010243	0.65021049	0.33963985	0.33941519	0.64992239	0.65009397	0.33957682	0.33948389	60060	117	0
60060	122	0.00187142	0.07155087	0.43472336	0.07129639	0.43285036	0.65010202	0.65011254	0.33938725	0.33944157	0.64998107	0.65004154	0.33962202	0.33942719	60060	120	0
60060	125	0.00073847	0.07160508	0.43317059	0.07125159	0.43656945	0.65001172	0.64995346	0.33954502	0.33934370	0.64983833	0.65015888	0.33951635	0.33925586	60060	123	0
60060	912	0.00155241	0.07069386	0.43585259	0.07055530	0.43341078	0.65055881	0.65045117	0.34002704	0.33985760	0.65054246	0.65054838	0.34002540	0.34007873	60060	911	0
60060	916	0.00051306	0.07055758	0.43277612	0.07057952	0.43589418	0.65049981	0.65058872	0.34002934	0.33984076	0.64992305	0.65023760	0.33989738	0.33977740	60060	914	0
60060	919	0.00155468	0.07078832	0.43548796	0.07064357	0.43236308	0.65061428	0.65067180	0.34008037	0.34004849	0.65033029	0.65044821	0.34002606	0.33987971	60060	917	0
60060	922	0.00111033	0.07089163	0.43148601	0.07089901	0.43281908	0.65034180	0.65043268	0.34002055	0.33980296	0.65023448	0.65034122	0.33999606	0.33983690	60060	920	0
60060	925	0.00092518	0.07035768	0.43274660	0.07085431	0.43330203	0.65029726	0.65034410	0.33982030	0.33970279	0.65028954	0.65026086	0.33981151	0.33959548	60060	924	0
60060	1713	0.00193458	0.07083940	0.43303695	0.07100506	0.43000875	0.65074485	0.65074534	0.34017331	0.34011349	0.65067065	0.65067961	0.34026329	0.33998226	60060	1711	0
60060	1716	0.00124458	0.07080974	0.43128827	0.07078090	0.43335825	0.65077361	0.65070935	0.34036312	0.34013691	0.65061140	0.65062184	0.34004685	0.34005161	60060	1715	0
60060	1719	0.00149505	0.07088492	0.43455107	0.07075841	0.43379968	0.65072291	0.65056604	0.34018752	0.34002614	0.65086055	0.65083836	0.34022877	0.34024093	60060	1718	0
60060	1723	0.00097648	0.07090792	0.43321895	0.07025582	0.43477465	0.65068511	0.65071584	0.34028531	0.34014800	0.65084748	0.65071247	0.34022935	0.34006468	60060	1721	0
60060	1726	0.00071371	0.07085255	0.43312315	0.07089671	0.43391149	0.65068454	0.65081092	0.34030840	0.34012466	0.65066161	0.65077632	0.34017429	0.34014611	60060	1724	0
60060	2514	0.00186585	0.07076902	0.43505889	0.07066001	0.43160246	0.65064205	0.65087189	0.34015046	0.34025663	0.65056785	0.65073811	0.34038416	0.34011225	60060	2512	0
60060	2517	0.00060559	0.07059150	0.43146777	0.07055171	0.43524854	0.65031567	0.65042126	0.34006443	0.33982646	0.65071346	0.65070952	0.34030519	0.34012688	60060	2515	0
60060	2520	0.00087456	0.07044582	0.43448291	0.07047068	0.43367601	0.65079119	0.65065725	0.34035178	0.34015630	0.65077870	0.65084469	0.34043198	0.34031366	60060	2518	0
60060	2523	0.00067933	0.07085118	0.43346574	0.07038299	0.43405144	0.65089374	0.65091831	0.34035244	0.34019434	0.65086967	0.65080788	0.34021004	0.34030971	60060	2522	0
60060	2527	0.00150463	0.07066862	0.43514852	0.07027637	0.43267262	0.65080122	0.65092941	0.34033042	0.34026731	0.65091281	0.65087747	0.34044571	0.34040782	60060	2525	0
60060	3316	0.00150701	0.07045125	0.43519265	0.07050898	0.43518551	0.65103023	0.65056079	0.34041916	0.33996369	0.65078413	0.65059604	0.34030462	0.34004734	60060	3314	0
60060	3319	0.00165263	0.07047707	0.43405741	0.07065495	0.43362055	0.65079374	0.65078322	0.34048704	0.34019952	0.65070007	0.65047771	0.34031415	0.33990116	60060	3317	0
60060	3322	0.00121148	0.07024019	0.43418844	0.07072304	0.43551189	0.65054304	0.65020465	0.34017569	0.33983468	0.65050458	0.65050828	0.33998916	0.33981257	60060	3320	0
60060	3325	0.00114950	0.07094153	0.43363209	0.07091578	0.43381804	0.65057656	0.65075685	0.33995005	0.33995695	0.65055627	0.65077616	0.33995588	0.33999894	60060	3324	0
60060	3329	0.00073110	0.07081803	0.43306006	0.07098962	0.43431526	0.65026867	0.65024451	0.34002581	0.33973443	0.65043276	0.65034459	0.33974996	0.33959482	60060	3327	0
60060	4120	0.00052034	0.07068800	0.43375655	0.07047937	0.43438883	0.64956035	0.64942953	0.33880926	0.33867663	0.64948393	0.64971204	0.33876973	0.33866809	60060	4118	0
60060	4123	0.00058826	0.07084856	0.43481398	0.07051870	0.43461021	0.64960143	0.64949182	0.33899184	0.33888502	0.64963126	0.64969034	0.33877179	0.33885996	60060	4121	0
60060	4126	0.00133996	0.07083162	0.43508183	0.07080211	0.43282673	0.64942994	0.64944448	0.33881896	0.33886555	0.64945377	0.64946955	0.33870835	0.33870581	60060	4125	0
60060	4130	0.00187335	0.07055469	0.43465114	0.07092453	0.43305098	0.64903428	0.64918507	0.33856274	0.33868017	0.64954572	0.64974104	0.33882528	0.33885158	60060	4128	0
60060	4133	0.00120349	0.07050494	0.43369451	0.07078066	0.43570409	0.64961631	0.64966216	0.33882306	0.33885955	0.64955213	0.64965057	0.33893326	0.33873695	60060	4131	0
60060	4920	0.00107573	0.07081825	0.43385512	0.07057227	0.43423841	0.65012445	0.64969626	0.33935069	0.33916777	0.64977005	0.64987309	0.33937772	0.33914312	60060	4919	0
60060	4924	0.00105257	0.07094371	0.43359653	0.07067021	0.43366599	0.65016234	0.64994828	0.33939128	0.33911206	0.64988985	0.65000005	0.33928175	0.33929670	60060	4922	0
60060	4927	0.00070768	0.07057440	0.43359248	0.07087222	0.43462716	0.64975008	0.64987268	0.33939851	0.33915372	0.64991664	0.64999117	0.33947296	0.33928947	60060	4925	0
60060	4930	0.00140812	0.07046817	0.43586572	0.07050820	0.43376437	0.65035149	0.64991615	0.33944330	0.33923203	0.64985526	0.64987358	0.33946507	0.33927189	60060	4929	0
60060	4934	0.00120491	0.07052717	0.43259442	0.07038393	0.43320407	0.64986479	0.64963027	0.33932472	0.33913195	0.64987761	0.64989783	0.33927731	0.33920730	60060	4932	0
60060	5721	0.00047280	0.07029053	0.43306533	0.07043062	0.43526163	0.65063014	0.65065389	0.34005843	0.33987609	0.65073639	0.65064641	0.34010059	0.33997684	60060	5719	0
60060	5724	0.00110215	0.07062824	0.43450333	0.07026888	0.43261528	0.65062504	0.65067476	0.34006632	0.34003838	0.65065931	0.65053581	0.34012121	0.33995062	60060	5723	0
60060	5728	0.00127605	0.07030333	0.43411992	0.07013023	0.43359822	0.65038995	0.65050631	0.34016764	0.33978036	0.65055939	0.65050844	0.34001036	0.33997478	60060	5726	0
60060	5731	0.00103591	0.07048488	0.43372392	0.07080216	0.43444435	0.65049324	0.65050121	0.33991734	0.33994799	0.65065824	0.65052783	0.33996681	0.33983879	60060	5729	0
60060	5734	0.00130681	0.07051548	0.43399913	0.07043681	0.43318642	0.65042520	0.65046391	0.34014044	0.33986295	0.65032356	0.65060327	0.33998628	0.33982161	60060	5732	0
60060	6522	0.00176719	0.07082658	0.43416008	0.07095438	0.43277894	0.65106105	0.65114116	0.34029977	0.34022310	0.65104469	0.65116869	0.34037011	0.34033929	60060	6520	0
60060	6525	0.00190793	0.07084059	0.43410136	0.07057788	0.43367914	0.65096910	0.65127724	0.34037159	0.34036888	0.65124371	0.65108742	0.34047282	0.34017470	60060	6523	0
60060	6528	0.00121011	0.07101159	0.43101285	0.07072777	0.43310630	0.65106335	0.65133772	0.34036329	0.34039977	0.65112728	0.65122711	0.34057726	0.34034924	60060	6527	0
60060	6531	0.00027441	0.07062401	0.43253402	0.07076781	0.43534114	0.65098191	0.65111684	0.34067209	0.34032730	0.65115316	0.65106088	0.34041497	0.34047586	60060	6530	0
60060	6535	0.00078144	0.07062626	0.43443415	0.07075526	0.43291305	0.65120082	0.65123492	0.34049558	0.34040405	0.65133714	0.65134166	0.34054176	0.34050183	60060	6533	0
60060	7322	0.00194148	0.07038869	0.43425381	0.07007750	0.43077369	0.65013103	0.65010424	0.33885232	0.33874385	0.65021073	0.65040408	0.33873728	0.33872824	60060	7321	0
60060	7325	0.00042081	0.07061366	0.43048135	0.07014873	0.43504335	0.65017548	0.65018115	0.33887886	0.33871452	0.65008846	0.65027606	0.33901921	0.33878732	60060	7324	0
60060	7329	0.00159470	0.07060890	0.43378773	0.07063273	0.43026607	0.65036086	0.65034780	0.33893769	0.33888823	0.65022626	0.65032010	0.33903392	0.33889743	60060	7327	0
60060	7332	0.00076062	0.07046348	0.43158860	0.07063714	0.43409084	0.65036193	0.65046719	0.33908100	0.33902562	0.65039266	0.65055988	0.33911937	0.33907640	60060	7330	0
60060	7335	0.00083889	0.07011160	0.43258312	0.07016240	0.43234833	0.65064279	0.65049365	0.33925898	0.33916892	0.65060080	0.65047303	0.33948364	0.33907969	60060	7334	0
60060	8123	0.00171017	0.07079678	0.43410621	0.07034325	0.43149237	0.65216338	0.65237505	0.34005473	0.33973583	0.65215327	0.65221342	0.33994545	0.33977897	60060	8121	0
60060	8126	0.00095830	0.07053075	0.43131326	0.07085021	0.43356884	0.65227094	0.65211711	0.33991521	0.33989376	0.65223815	0.65221021	0.34003033	0.33999738	60060	8124	0
60060	8129	0.00088782	0.07047012	0.43303689	0.07057083	0.43324835	0.65238343	0.65234325	0.34002975	0.34001003	0.65249954	0.65262222	0.34035096	0.34010815	60060	8128	0
60060	8133	0.00107677	0.07033517	0.43395727	0.07035494	0.43339042	0.65242230	0.65234563	0.34007076	0.33990091	0.65233906	0.65260439	0.34027002	0.34035384	60060	8131	0
60060	8136	0.00126853	0.07097552	0.43270947	0.07003885	0.43213419	0.65262650	0.65251811	0.34035770	0.34025268	0.65248886	0.65259946	0.34025523	0.34026863	60060	8134	0
60060	8923	0.00136131	0.07087415	0.43428550	0.07054233	0.43400715	0.65343063	0.65362463	0.34093413	0.34086034	0.65394781	0.65384970	0.34101368	0.34098911	60060	8922	0
60060	8927	0.00142209	0.07064459	0.43372313	0.07064075	0.43354079	0.65389506	0.65382176	0.34103833	0.34093742	0.65405998	0.65407140	0.34134187	0.34124524	60060	8925	0
60060	8930	0.00093741	0.07063009	0.43167317	0.07070701	0.43312722	0.65406310	0.65421709	0.34138123	0.34136759	0.65440230	0.65428759	0.34155100	0.34147564	60060	8928	0
60060	8933	0.00099233	0.07067144	0.43139935	0.07083695	0.43123460	0.65434470	0.65421315	0.34143448	0.34133990	0.65417789	0.65419951	0.34149931	0.34143842	60060	8932	0
60060	8936	0.00132720	0.07075216	0.43169210	0.07087500	0.43068748	0.65427929	0.65442819	0.34174566	0.34157113	0.65412982	0.65435538	0.34149947	0.34157811	60060	8935	0
60060	9724	0.00164208	0.07027716	0.43333981	0.07064340	0.43239516	0.65357410	0.65350663	0.34073166	0.34052829	0.65330162	0.65350877	0.34075500	0.34049468	60060	9722	0
60060	9727	0.00090111	0.07043744	0.43298305	0.07065431	0.43520595	0.65345232	0.65346465	0.34060002	0.34049542	0.65336086	0.65352849	0.34058638	0.34047307	60060	9726	0
60060	9731	0.00155293	0.06976392	0.43389477	0.07070717	0.43193934	0.65334665	0.65333613	0.34041654	0.34033642	0.65338346	0.65336440	0.34050101	0.34034233	60060	9729	0
60060	9734	0.00159151	0.07082731	0.43211664	0.07038491	0.43200088	0.65318625	0.65332849	0.34040306	0.34022549	0.65316398	0.65314779	0.34036386	0.34027635	60060	9732	0
60060	9737	0.00169666	0.07082222	0.43348077	0.07088039	0.43316533	0.65321797	0.65323851	0.34021867	0.34020905	0.65315971	0.65318345	0.34029574	0.34009286	60060	9735	0
60060	10525	0.00064968	0.06991756	0.43219325	0.06995358	0.43533419	0.65386088	0.65399161	0.34119002	0.34125115	0.65428003	0.65423714	0.34146537	0.34138443	60060	10523	0
60060	10528	0.00135993	0.07027613	0.43245695	0.07046151	0.43032619	0.65407124	0.65413352	0.34141393	0.34130087	0.65425842	0.65434363	0.34172635	0.34146603	60060	10526	0
60060	10531	0.00096959	0.07036369	0.43352287	0.07037133	0.43469389	0.65431948	0.65443862	0.34145592	0.34148493	0.65436631	0.65442088	0.34173876	0.34140046	60060	10530	0
60060	10534	0.00181028	0.07016003	0.43435435	0.07041320	0.43183229	0.65432482	0.65439327	0.34172881	0.34156423	0.65451726	0.65434503	0.34174739	0.34135066	60060	10533	0
60060	10538	0.00195560	0.07003329	0.43175714	0.07053618	0.43132118	0.65426598	0.65429022	0.34169652	0.34160654	0.65421964	0.65459894	0.34172093	0.34160079	60060	10536	0
60060	11325	0.00074626	0.07073889	0.43180134	0.07061775	0.43542937	0.65399810	0.65415653	0.34136882	0.34105879	0.65435062	0.65431323	0.34141311	0.34126726	60060	11324	0
60060	11328	0.00096985	0.07095939	0.43526241	0.07044414	0.43459165	0.65390640	0.65403483	0.34117999	0.34110546	0.65405907	0.65414831	0.34123850	0.34110801	60060	11327	0
60060	11332	0.00126096	0.07093709	0.43381520	0.07088601	0.43294187	0.65392094	0.65429244	0.34133176	0.34108007	0.65411659	0.65435875	0.34116076	0.34107407	60060	11330	0
60060	11335	0.00207730	0.07083350	0.43415533	0.07093098	0.43170629	0.65406253	0.65406442	0.34112913	0.34105254	0.65398964	0.65396737	0.34087472	0.34089601	60060	11333	0
60060	11338	0.00168752	0.07087753	0.43248558	0.07113186	0.43365492	0.65390229	0.65390467	0.34097785	0.34085221	0.65400484	0.65406663	0.34094350	0.34100135	60060	11337	0
60060	12126	0.00164976	0.07085415	0.43418786	0.07092409	0.43430115	0.65427987	0.65446952	0.34126142	0.34115518	0.65451578	0.65439902	0.34150366	0.34117366	60060	12124	0
60060	12129	0.00147751	0.07115927	0.43319550	0.07053015	0.43371225	0.65455103	0.65437946	0.34138994	0.34121343	0.65444019	0.65458678	0.34132396	0.34136923	60060	12127	0
60060	12132	0.00107629	0.07100452	0.43322389	0.07081363	0.43442756	0.65448653	0.65465728	0.34149315	0.34122412	0.65446286	0.65447133	0.34148559	0.34118040	60060	12131	0
60060	12136	0.00100362	0.07061133	0.43362963	0.07110410	0.43384762	0.65448546	0.65435333	0.34123603	0.34115797	0.65436048	0.65463847	0.34135493	0.34140563	60060	12134	0
60060	12139	0.00193058	0.07101095	0.43307696	0.07092958	0.43029608	0.65442860	0.65464282	0.34151476	0.34141344	0.65439450	0.65446853	0.34136644	0.34115049	60060	12137	0
60060	12926	0.00211150	0.07059829	0.43403993	0.07097793	0.43349719	0.65342676	0.65322758	0.34048318	0.34033938	0.65335511	0.65361658	0.34066100	0.34056066	60060	12925	0
60060	12930	0.00100197	0.07081035	0.43204501	0.07117490	0.43537357	0.65348231	0.65350852	0.34058400	0.34039862	0.65335519	0.65387731	0.34072583	0.34046091	60060	12928	0
60060	12933	0.00114703	0.07056729	0.43334724	0.07058404	0.43291205	0.65322117	0.65349456	0.34048014	0.34037348	0.65351222	0.65349316	0.34049493	0.34053010	60060	12931	0
60060	12936	0.00199254	0.07078875	0.43525761	0.07085274	0.43272109	0.65369095	0.65379802	0.34064793	0.34050429	0.65372965	0.65375586	0.34054029	0.34052599	60060	12935	0
60060	12940	0.00048699	0.07070524	0.43181937	0.07084465	0.43633602	0.65389983	0.65384896	0.34072517	0.34053018	0.65335536	0.65361066	0.34059304	0.34046707	60060	12938	0
60060	13727	0.00070693	0.07030127	0.43427356	0.07014258	0.43361373	0.65410862	0.65412949	0.34109577	0.34112025	0.65406162	0.65458078	0.34114531	0.34130276	60060	13725	0
60060	13730	0.00127931	0.07048943	0.43613310	0.07035469	0.43441596	0.65428677	0.65424166	0.34112625	0.34123118	0.65428883	0.65432276	0.34120448	0.34117769	60060	13729	0
60060	13734	0.00080146	0.07059907	0.43230900	0.06972809	0.43374256	0.65435588	0.65447568	0.34122009	0.34121434	0.65424265	0.65442572	0.34134154	0.34125000	60060	13732	0
60060	13737	0.00194189	0.07058062	0.43489939	0.07010346	0.43147810	0.65434068	0.65440354	0.34122379	0.34132420	0.65425653	0.65425522	0.34156061	0.34125731	60060	13735	0
60060	13740	0.00138297	0.07065814	0.43228318	0.07022061	0.43395992	0.65431750	0.65438957	0.34145863	0.34127967	0.65426730	0.65432260	0.34137860	0.34120423	60060	13738	0
60060	14528	0.00140944	0.07078064	0.43283896	0.07079212	0.43275956	0.65494225	0.65491538	0.34218733	0.34195347	0.65513651	0.65495926	0.34218684	0.34191206	60060	14526	0
60060	14531	0.00136731	0.07098003	0.43267550	0.07031058	0.43280190	0.65501514	0.65519929	0.34202324	0.34210007	0.65530315	0.65521523	0.34219144	0.34202324	60060	14529	0
60060	14534	0.00122784	0.07057144	0.43302902	0.07090247	0.43344742	0.65500125	0.65495047	0.34215060	0.34190869	0.65506206	0.65512278	0.34204608	0.34199899	60060	14533	0
60060	14537	0.00143376	0.07081081	0.43394030	0.07065638	0.43332254	0.65504217	0.65523413	0.34227238	0.34208766	0.65507118	0.65516732	0.34224115	0.34200943	60060	14536	0
60060	14541	0.00146201	0.07075879	0.43290172	0.07076044	0.43281697	0.65485655	0.65506559	0.34206703	0.34197837	0.65490799	0.65492344	0.34229120	0.34200976	60060	14539	0
60060	15328	0.00145226	0.07024791	0.43443432	0.06990220	0.43446356	0.65384535	0.65401478	0.34118656	0.34118303	0.65388775	0.65397271	0.34125123	0.34118632	60060	15327	0
60060	15331	0.00110631	0.07010768	0.43280878	0.07040827	0.43384662	0.65354665	0.65380862	0.34118977	0.34107917	0.65386737	0.65399942	0.34143423	0.34132461	60060	15330	0
60060	15335	0.00115132	0.07008166	0.43358290	0.07013050	0.43344787	0.65393220	0.65403697	0.34136159	0.34102641	0.65398216	0.65381124	0.34135025	0.34104761	60060	15333	0
60060	15338	0.00073649	0.07008088	0.43183592	0.07023879	0.43308041	0.65386342	0.65380204	0.34138123	0.34115345	0.65394190	0.65417781	0.34138279	0.34145880	60060	15336	0
60060	15341	0.00066928	0.07027958	0.43416801	0.06998372	0.43436965	0.65416343	0.65418611	0.34142544	0.34138887	0.65402768	0.65410147	0.34148394	0.34131459	60060	15340	0
60060	16129	0.00117871	0.07038159	0.43529450	0.07062391	0.43376622	0.65371206	0.65377994	0.34098861	0.34092961	0.65370015	0.65373178	0.34106750	0.34084087	60060	16127	0
60060	16132	0.00177421	0.07024633	0.43440035	0.07068167	0.43261385	0.65371289	0.65367016	0.34097029	0.34075525	0.65362176	0.65381823	0.34108607	0.34097957	60060	16130	0
60060	16135	0.00102320	0.07021245	0.43228162	0.07045611	0.43453465	0.65370713	0.65381963	0.34102345	0.34081351	0.65383154	0.65390771	0.34102880	0.34094950	60060	16134	0
60060	16139	0.00101666	0.07020284	0.43379901	0.07029615	0.43381863	0.65368914	0.65371962	0.34102937	0.34097695	0.65388643	0.65418061	0.34105402	0.34110398	60060	16137	0
60060	16142	0.00139493	0.07023634	0.43488372	0.07008954	0.43374890	0.65381708	0.65375504	0.34106906	0.34095492	0.65393006	0.65403031	0.34109683	0.34105131	60060	16140	0
60060	16929	0.00058483	0.07042927	0.43244807	0.07048398	0.43487838	0.65288920	0.65319504	0.34055368	0.34065943	0.65252345	0.65283242	0.34044866	0.34033568	60060	16928	0
60060	16933	0.00211170	0.07015013	0.43645107	0.07006318	0.43187046	0.65263208	0.65274293	0.34045179	0.34023526	0.65271376	0.65278969	0.34054850	0.34032639	60060	16931	0
60060	16936	0.00185188	0.07045507	0.43320228	0.07069664	0.43398175	0.65290144	0.65328469	0.34062262	0.34067414	0.65295806	0.65317935	0.34065689	0.34056453	60060	16934	0
60060	16939	0.00139484	0.07056211	0.43346969	0.07018678	0.43484079	0.65292092	0.65323005	0.34074802	0.34071063	0.65292938	0.65308887	0.34088368	0.34053297	60060	16937	0
60060	16942	0.00164819	0.07048036	0.43469724	0.07079106	0.43393721	0.65303793	0.65301582	0.34055886	0.34058556	0.65312429	0.65294664	0.34066716	0.34051440	60060	16941	0
60060	17730	0.00188917	0.06984766	0.43357556	0.07009694	0.43285262	0.65215105	0.65212706	0.34006961	0.34003583	0.65209049	0.65214045	0.34030281	0.33997996	60060	17728	0
60060	17733	0.00091320	0.07022481	0.43417744	0.06969210	0.43710535	0.65214390	0.65236659	0.34016747	0.34015917	0.65225771	0.65229953	0.34006402	0.34006320	60060	17731	0
60060	17736	0.00151315	0.07005278	0.43532486	0.06970358	0.43352500	0.65196000	0.65228589	0.34016008	0.33999105	0.65229280	0.65232098	0.34024176	0.34006377	60060	17735	0
60060	17740	0.00074420	0.07018742	0.43101576	0.06989562	0.43332261	0.65221523	0.65245089	0.34019919	0.34012565	0.65212270	0.65233635	0.34017323	0.34009122	60060	17738	0
60060	17743	0.00100907	0.07009095	0.43310749	0.07042823	0.43231290	0.65220791	0.65229929	0.34013370	0.34023699	0.65217874	0.65221851	0.34018374	0.34018136	60060	17741	0
60060	18530	0.00053176	0.07010407	0.43314552	0.07071571	0.43457744	0.65284105	0.65286414	0.34094572	0.34086577	0.65280481	0.65282116	0.34095131	0.34089732	60060	18529	0
60060	18534	0.00153514	0.07052003	0.43410900	0.07056430	0.43109888	0.65263931	0.65276134	0.34093800	0.34093422	0.65279380	0.65297761	0.34080241	0.34076486	60060	18532	0
60060	18537	0.00191010	0.07042243	0.43379234	0.07041988	0.43266745	0.65287375	0.65311213	0.34103225	0.34094942	0.65286660	0.65273307	0.34092173	0.34091063	60060	18535	0
60060	18540	0.00078636	0.07071323	0.43024178	0.07049274	0.43361300	0.65275600	0.65305535	0.34086330	0.34098327	0.65271606	0.65287810	0.34081786	0.34071120	60060	18539	0
60060	18543	0.00131048	0.07025740	0.43488993	0.07052073	0.43331757	0.65283398	0.65290843	0.34085344	0.34064136	0.65262954	0.65284187	0.34089362	0.34078343	60060	18542	0
60060	19331	0.00121498	0.07076711	0.43465784	0.07074618	0.43494435	0.65174710	0.65155416	0.33996697	0.33983501	0.65148965	0.65154315	0.34007059	0.33997979	60060	19329	0
60060	19334	0.00122393	0.07049657	0.43341328	0.07087773	0.43338641	0.65175696	0.65158974	0.34008062	0.33994282	0.65133755	0.65136442	0.33988505	0.33990609	60060	19333	0
60060	19337	0.00073155	0.07054645	0.43259029	0.07092872	0.43406745	0.65184381	0.65154397	0.34008653	0.33995169	0.65168629	0.65172064	0.34024595	0.34011965	60060	19336	0
60060	19341	0.00104644	0.07062144	0.43398462	0.07067669	0.43303995	0.65154413	0.65169073	0.34010264	0.34002803	0.65158645	0.65161266	0.34009516	0.33984561	60060	19339	0
60060	19344	0.00172219	0.07054912	0.43511968	0.07020388	0.43309241	0.65158612	0.65157774	0.34022590	0.34011308	0.65170346	0.65175293	0.34029065	0.34018005	60060	19342	0
60060	20131	0.00092401	0.07023262	0.43243177	0.07045675	0.43482632	0.65216790	0.65241162	0.34129306	0.34109733	0.65239058	0.65253726	0.34119412	0.34113414	60060	20130	0
60060	20135	0.00172841	0.06984816	0.43544753	0.07012936	0.43303432	0.65243643	0.65261384	0.34127104	0.34112715	0.65247727	0.65258360	0.34134516	0.34124367	60060	20133	0
60060	20138	0.00117357	0.07043073	0.43312544	0.07032734	0.43478997	0.65250307	0.65253775	0.34132215	0.34137030	0.65260899	0.65280990	0.34159331	0.34128673	60060	20136	0
60060	20141	0.00112622	0.07042760	0.43320082	0.07021879	0.43334289	0.65241063	0.65237061	0.34126389	0.34126685	0.65245722	0.65265673	0.34134442	0.34133809	60060	20140	0
60060	20145	0.00114779	0.06993401	0.43394037	0.07029583	0.43387566	0.65251039	0.65240973	0.34133990	0.34117186	0.65220463	0.65240545	0.34143439	0.34121869	60060	20143	0
60060	20932	0.00061678	0.07075474	0.43327120	0.07068768	0.43486422	0.65110098	0.65081897	0.33985350	0.33964223	0.65095044	0.65109112	0.33983755	0.33976565	60060	20930	0
60060	20935	0.00147954	0.07072464	0.43492784	0.07082292	0.43233956	0.65088380	0.65110172	0.33996032	0.33962021	0.65084526	0.65120493	0.33979680	0.33980238	60060	20934	0
60060	20939	0.00131675	0.07085476	0.43342286	0.07073242	0.43391124	0.65101873	0.65087271	0.33993517	0.33966688	0.65060918	0.65102054	0.33970592	0.33979787	60060	20937	0
60060	20942	0.00093160	0.07054092	0.43245428	0.07093939	0.43360973	0.65083351	0.65096811	0.33978759	0.33967321	0.65078372	0.65074526	0.33970822	0.33962440	60060	20940	0
60060	20945	0.00102423	0.07056330	0.43378654	0.07050725	0.43350865	0.65086835	0.65094190	0.33975818	0.33959219	0.65089539	0.65104519	0.33968792	0.33953031	60060	20943	0
60060	21733	0.00129806	0.07032918	0.43459898	0.07048526	0.43377749	0.65025790	0.65051222	0.33918988	0.33919530	0.64995263	0.64999610	0.33920870	0.33895470	60060	21731	0
60060	21736	0.00161620	0.07018052	0.43374066	0.07046367	0.43278623	0.65010523	0.65002757	0.33935266	0.33898461	0.65028510	0.65027844	0.33915496	0.33916884	60060	21734	0
60060	21739	0.00066054	0.07057656	0.43266085	0.07051582	0.43552782	0.65002264	0.65017770	0.33907122	0.33898026	0.65014812	0.65021936	0.33923392	0.33919883	60060	21738	0
60060	21742	0.00124413	0.07067817	0.43449261	0.07051855	0.43274185	0.64995485	0.65009989	0.33925184	0.33909135	0.65041953	0.65018321	0.33938257	0.33914616	60060	21741	0
60060	21746	0.00075391	0.07060965	0.43273953	0.07057714	0.43421017	0.65011837	0.65030474	0.33932817	0.33916071	0.64998624	0.65033481	0.33920442	0.33912751	60060	21744	0
60060	22533	0.00198077	0.07024792	0.43504061	0.07025153	0.43136003	0.65178925	0.65196756	0.34092058	0.34071704	0.65177931	0.65168111	0.34084531	0.34059855	60060	22532	0
60060	22536	0.00149152	0.07056699	0.43171365	0.07058359	0.43318142	0.65161792	0.65162367	0.34083388	0.34069436	0.65158497	0.65163222	0.34082600	0.34056691	60060	22535	0
60060	22540	0.00167819	0.07000450	0.43485152	0.07018090	0.43429151	0.65153386	0.65144873	0.34066017	0.34047110	0.65154512	0.65180766	0.34071999	0.34066987	60060	22538	0
60060	22543	0.00110059	0.07071357	0.43348186	0.07050053	0.43521466	0.65149960	0.65147527	0.34058811	0.34059781	0.65156665	0.65157248	0.34067924	0.34035696	60060	22541	0
60060	22546	0.00063084	0.07020896	0.43273768	0.07026641	0.43414692	0.65130238	0.65144166	0.34060298	0.34044949	0.65161127	0.65170560	0.34071112	0.34061202	60060	22545	0
60060	23334	0.00042835	0.07063598	0.43361191	0.07069631	0.43421941	0.65215976	0.65211095	0.34108262	0.34090266	0.65219772	0.65217348	0.34109593	0.34105575	60060	23332	0
60060	23337	0.00131259	0.07057799	0.43265625	0.07093315	0.43000353	0.65224884	0.65239313	0.34124433	0.34106988	0.65222410	0.65225270	0.34095763	0.34106906	60060	23335	0
60060	23340	0.00069248	0.07040315	0.43403462	0.07058452	0.43589492	0.65255509	0.65257966	0.34163949	0.34119150	0.65216206	0.65221186	0.34131056	0.34105517	60060	23339	0
60060	23344	0.00187896	0.07080089	0.43505451	0.07057192	0.43149507	0.65219879	0.65227004	0.34111984	0.34102641	0.65208490	0.65216001	0.34110045	0.34112083	60060	23342	0
60060	23347	0.00006587	0.07074970	0.43148262	0.07042549	0.43692190	0.65210503	0.65214990	0.34109544	0.34107152	0.65237193	0.65216190	0.34130580	0.34101614	60060	23345	0
60060	24134	0.00098375	0.06971734	0.43479212	0.06984095	0.43203848	0.65258147	0.65243068	0.34156127	0.34143259	0.65251663	0.65251918	0.34171222	0.34139323	60060	24133	0
60060	24138	0.00135959	0.06983723	0.43433209	0.06942040	0.43320458	0.65252378	0.65246117	0.34170252	0.34160145	0.65238844	0.65250768	0.34162684	0.34155773	60060	24136	0
60060	24141	0.00187544	0.06990696	0.43466049	0.06969432	0.43311294	0.65242370	0.65259897	0.34150449	0.34146899	0.65213757	0.65240258	0.34165009	0.34137293	60060	24139	0
60060	24144	0.00149822	0.06984061	0.43348259	0.06983091	0.43461424	0.65243972	0.65233273	0.34151443	0.34138961	0.65228828	0.65238368	0.34154253	0.34126865	60060	24143	0
60060	24147	0.00144067	0.06963584	0.43436690	0.06973141	0.43453955	0.65244260	0.65246314	0.34167787	0.34135091	0.65247711	0.65246462	0.34161493	0.34126759	60060	24146	0
60060	24935	0.00156801	0.07029459	0.43192553	0.06982634	0.43154352	0.65121569	0.65136738	0.34032385	0.33992433	0.65122317	0.65128521	0.34035162	0.33998201	60060	24933	0
60060	24938	0.00046972	0.07005991	0.43184653	0.07004847	0.43514138	0.65113558	0.65122194	0.34032557	0.34003460	0.65152704	0.65167594	0.34035367	0.34042796	60060	24937	0
60060	24942	0.00137599	0.06978017	0.43505180	0.07036588	0.43233302	0.65142104	0.65138225	0.34026879	0.34012820	0.65129269	0.65116779	0.34033510	0.33997207	60060	24940	0
60060	24945	0.00016697	0.07018527	0.43109497	0.07010295	0.43472201	0.65136993	0.65132506	0.34024036	0.33999869	0.65142843	0.65132243	0.34026304	0.34020519	60060	24943	0
60060	24948	0.00150295	0.06986929	0.43582931	0.06968748	0.43182137	0.65139236	0.65151825	0.34036140	0.34015449	0.65137223	0.65124084	0.34020922	0.34015819	60060	24946	0
