% File initiated 31/01/2023 17:34:50 UTC
% Raw fountain data
%
% File notes: maser 5 MHz RF amplitudes 200 220 180
%
%% fountain_code = ALPHA-CsF1
%% microwave_ref = ALPHA HM1
%% MJD_start = 59975.732534
%% clock_data = True
%% sequence = 3
%% density = HD
%
% Units: V.s, Hz
%
% Shot B MJD days	Shot B MJD seconds	freq error	shot A sum	shot A ratio	shot B sum	shot B ratio	shot A F=3 bg 1	shot A F=3 bg 2	shot A F=4 bg 1	shot A F=4 bg 2	shot B F=3 bg 1	shot B F=3 bg 2	shot B F=4 bg 1	shot B F=4 bg 2	Shot A MJD days	Shot A MJD seconds	Shot order (0=LF->HF)
59975	63408	0.00046145	0.03645086	0.48675335	0.03643508	0.48536900	0.53062395	0.53034226	0.28062309	0.28026704	0.53045689	0.53038319	0.28039095	0.28026211	59975	63406	0
59975	63411	0.00036581	0.03648755	0.48591954	0.03641284	0.48620645	0.53025040	0.53035213	0.28044601	0.28019768	0.53024941	0.53027234	0.28044247	0.28033162	59975	63409	0
59975	63414	0.00087247	0.03638938	0.48943651	0.03634220	0.48791653	0.53039231	0.53037431	0.28040993	0.28033384	0.53028491	0.53039444	0.28052136	0.28030295	59975	63412	0
59975	63417	0.00151040	0.03628649	0.48800156	0.03634252	0.48608778	0.53044062	0.53030323	0.28050706	0.28032127	0.53024547	0.53027373	0.28036630	0.28027139	59975	63416	0
59975	63421	0.00135807	0.03643766	0.48768934	0.03648234	0.48814633	0.53033117	0.53019156	0.28023984	0.28015142	0.53035862	0.53038540	0.28029046	0.28030631	59975	63419	0
59975	63751	0.00076932	0.03669108	0.48645711	0.03684347	0.48822336	0.53037061	0.53027291	0.28022743	0.28019620	0.53031457	0.53026009	0.28021905	0.28015849	59975	63749	0
59975	63754	0.00026019	0.03672246	0.48613474	0.03661479	0.48766214	0.53022903	0.53027398	0.28028109	0.28013318	0.53034720	0.53030907	0.28021132	0.28009390	59975	63753	0
59975	63758	0.00080689	0.03655586	0.48779227	0.03665569	0.48615217	0.53018671	0.53037743	0.28021050	0.28018076	0.53028113	0.53021893	0.28028265	0.28017155	59975	63756	0
59975	63761	0.00041884	0.03666889	0.48606379	0.03667224	0.48722795	0.53034342	0.53032936	0.28023556	0.28010360	0.53025615	0.53034457	0.28025685	0.28010623	59975	63759	0
59975	63764	0.00094847	0.03668065	0.48840621	0.03671860	0.48681731	0.53016790	0.53030381	0.28029686	0.28019177	0.53019912	0.53034268	0.28023285	0.28016251	59975	63762	0
59975	64094	-0.00036024	0.03662404	0.48539621	0.03665446	0.48932235	0.52999550	0.53007940	0.28011790	0.27989184	0.53023725	0.53015516	0.28011370	0.27997418	59975	64093	0
59975	64098	0.00136684	0.03663775	0.48884837	0.03662520	0.48366714	0.53012081	0.53008088	0.28002167	0.27993145	0.53025451	0.53027521	0.28023713	0.28004180	59975	64096	0
59975	64101	0.00059481	0.03651145	0.48565648	0.03649920	0.48797256	0.53014711	0.53017003	0.28020656	0.28002496	0.53011555	0.53016058	0.28028084	0.27995511	59975	64099	0
59975	64104	0.00060611	0.03648222	0.48637463	0.03665835	0.48634074	0.53017587	0.53016716	0.28034469	0.28004041	0.52998794	0.53005014	0.28023926	0.27992192	59975	64103	0
59975	64108	0.00129000	0.03649467	0.48650248	0.03650960	0.48445079	0.53012993	0.53014785	0.28010072	0.27996900	0.53004521	0.53029518	0.28023236	0.28014896	59975	64106	0
59975	64438	0.00032177	0.03694961	0.48519432	0.03682921	0.48809903	0.53096102	0.53087934	0.28105276	0.28081183	0.53104623	0.53120827	0.28110157	0.28108547	59975	64436	0
59975	64441	0.00121608	0.03686360	0.48752594	0.03686116	0.48484301	0.53100490	0.53106792	0.28112787	0.28089277	0.53104598	0.53095280	0.28094840	0.28084289	59975	64439	0
59975	64444	0.00059204	0.03683522	0.48614605	0.03686137	0.48801815	0.53104426	0.53102338	0.28122483	0.28091184	0.53103522	0.53105592	0.28116287	0.28094010	59975	64443	0
59975	64448	-0.00004266	0.03687489	0.48600179	0.03686073	0.48790590	0.53101459	0.53094064	0.28094610	0.28088447	0.53096882	0.53102108	0.28117109	0.28092745	59975	64446	0
59975	64451	0.00091724	0.03688632	0.48796294	0.03704263	0.48508323	0.53107351	0.53096307	0.28099080	0.28089573	0.53101517	0.53104253	0.28101258	0.28095317	59975	64449	0
59975	64781	-0.00026088	0.03665481	0.48524715	0.03667301	0.48878153	0.53091360	0.53080703	0.28074486	0.28058989	0.53100629	0.53081130	0.28085736	0.28054856	59975	64780	0
59975	64785	0.00120821	0.03668924	0.48990054	0.03676711	0.48549326	0.53088493	0.53086052	0.28060221	0.28055349	0.53071409	0.53077999	0.28064872	0.28049391	59975	64783	0
59975	64788	-0.00014614	0.03680030	0.48428160	0.03672404	0.48834464	0.53078911	0.53081089	0.28057378	0.28061520	0.53068319	0.53076208	0.28072974	0.28046852	59975	64786	0
59975	64791	0.00077178	0.03662780	0.48762228	0.03651237	0.48486853	0.53075115	0.53073373	0.28054017	0.28054182	0.53074532	0.53087934	0.28050591	0.28049999	59975	64789	0
59975	64794	0.00097371	0.03671380	0.48731027	0.03661338	0.48670447	0.53078895	0.53071097	0.28054428	0.28042628	0.53079166	0.53081204	0.28069819	0.28046154	59975	64793	0
59975	65125	0.00056119	0.03709221	0.48646361	0.03709030	0.48770117	0.53146382	0.53143145	0.28138630	0.28133584	0.53149398	0.53150294	0.28145417	0.28134332	59975	65123	0
59975	65128	0.00044557	0.03696087	0.48645259	0.03700176	0.48679947	0.53148880	0.53155635	0.28156379	0.28135630	0.53155084	0.53157418	0.28157307	0.28139295	59975	65126	0
59975	65131	0.00051945	0.03699037	0.48681362	0.03700720	0.48659198	0.53146481	0.53151280	0.28158326	0.28131324	0.53157911	0.53150902	0.28149673	0.28131933	59975	65130	0
59975	65135	0.00112219	0.03699510	0.48763451	0.03714919	0.48582627	0.53139858	0.53140499	0.28160693	0.28135244	0.53159464	0.53146974	0.28151695	0.28134809	59975	65133	0
59975	65138	0.00007551	0.03706679	0.48404274	0.03692734	0.48718280	0.53147155	0.53141962	0.28148613	0.28137019	0.53136407	0.53145207	0.28161366	0.28137085	59975	65136	0
59975	65468	0.00016350	0.03700506	0.48583498	0.03686101	0.48557101	0.53157032	0.53146555	0.28131218	0.28119040	0.53145848	0.53140318	0.28129607	0.28116205	59975	65467	0
59975	65472	0.00026443	0.03696059	0.48891301	0.03691415	0.48861022	0.53156999	0.53156555	0.28141530	0.28126098	0.53157007	0.53157221	0.28142787	0.28133740	59975	65470	0
59975	65475	0.00051779	0.03686559	0.48830527	0.03682398	0.48754518	0.53155438	0.53141543	0.28145688	0.28135178	0.53142775	0.53149916	0.28142377	0.28128514	59975	65473	0
59975	65478	-0.00004962	0.03697322	0.48635341	0.03689400	0.48805565	0.53151913	0.53152595	0.28147373	0.28128202	0.53148922	0.53152151	0.28157241	0.28136961	59975	65476	0
59975	65481	0.00089705	0.03696810	0.48911860	0.03690348	0.48627859	0.53161239	0.53154526	0.28142779	0.28136041	0.53152570	0.53140663	0.28152706	0.28127495	59975	65480	0
59975	65812	0.00066837	0.03675319	0.48637067	0.03671855	0.48705670	0.53109348	0.53097581	0.28094388	0.28086927	0.53095222	0.53091270	0.28094306	0.28076910	59975	65810	0
59975	65815	0.00086298	0.03679691	0.48792807	0.03686265	0.48734426	0.53124664	0.53095978	0.28112721	0.28080657	0.53115856	0.53102774	0.28093690	0.28083246	59975	65813	0
59975	65818	0.00021423	0.03680474	0.48825830	0.03685967	0.49020454	0.53096858	0.53100564	0.28115769	0.28085769	0.53106628	0.53105929	0.28090206	0.28085456	59975	65817	0
59975	65822	0.00061193	0.03680728	0.48852709	0.03674179	0.48733398	0.53103111	0.53100983	0.28113838	0.28085284	0.53091796	0.53104039	0.28109524	0.28081413	59975	65820	0
59975	65825	0.00106548	0.03671490	0.48688044	0.03670291	0.48551978	0.53094080	0.53095822	0.28103961	0.28080296	0.53091254	0.53090078	0.28109286	0.28080452	59975	65823	0
59975	66155	-0.00017799	0.03652488	0.48579602	0.03655275	0.48952643	0.53082387	0.53105609	0.28072358	0.28072736	0.53093727	0.53085313	0.28089409	0.28059490	59975	66154	0
59975	66158	0.00079881	0.03660425	0.48960686	0.03654633	0.48667648	0.53103587	0.53097745	0.28071421	0.28063418	0.53094031	0.53090276	0.28074330	0.28061857	59975	66157	0
59975	66162	0.00038902	0.03667519	0.48595389	0.03669614	0.48718324	0.53097844	0.53095337	0.28088661	0.28060402	0.53100481	0.53096693	0.28097494	0.28065752	59975	66160	0
59975	66165	0.00086187	0.03677966	0.48742325	0.03670960	0.48600471	0.53100900	0.53099750	0.28080271	0.28071043	0.53098715	0.53087120	0.28078792	0.28065259	59975	66163	0
59975	66168	0.00082787	0.03665641	0.48678163	0.03666871	0.48688363	0.53106850	0.53111114	0.28091389	0.28076664	0.53103160	0.53096792	0.28082416	0.28075522	59975	66167	0
59975	66499	0.00085092	0.03656971	0.48650820	0.03670222	0.48643906	0.53106373	0.53081278	0.28087634	0.28049194	0.53099413	0.53077293	0.28063508	0.28051873	59975	66497	0
59975	66502	0.00014051	0.03670898	0.48611237	0.03668783	0.48824359	0.53092272	0.53084236	0.28068488	0.28055858	0.53091065	0.53090333	0.28078357	0.28058069	59975	66500	0
59975	66505	0.00153484	0.03674455	0.48864128	0.03667060	0.48445828	0.53079207	0.53085740	0.28079006	0.28055291	0.53082971	0.53094154	0.28080148	0.28055045	59975	66504	0
59975	66508	0.00184826	0.03669575	0.48688416	0.03668370	0.48594389	0.53081155	0.53079602	0.28062892	0.28044642	0.53088994	0.53085025	0.28054338	0.28051298	59975	66507	0
59975	66512	0.00059535	0.03657401	0.48541056	0.03659592	0.48916929	0.53100629	0.53092059	0.28063706	0.28057691	0.53077293	0.53072017	0.28078143	0.28054174	59975	66510	0
59975	66842	0.00018188	0.03716260	0.48626539	0.03709965	0.48750581	0.53120014	0.53117392	0.28114036	0.28094249	0.53122701	0.53123522	0.28111143	0.28099236	59975	66840	0
59975	66845	0.00043694	0.03706035	0.48615646	0.03722534	0.48539127	0.53119101	0.53113440	0.28096903	0.28089565	0.53128387	0.53119808	0.28106615	0.28086196	59975	66844	0
59975	66849	0.00008197	0.03703666	0.48565905	0.03717259	0.48672397	0.53115067	0.53113333	0.28111669	0.28091151	0.53109126	0.53103292	0.28106500	0.28070567	59975	66847	0
59975	66852	0.00052031	0.03704089	0.48877249	0.03718371	0.48745746	0.53125010	0.53128978	0.28090017	0.28092696	0.53105872	0.53114911	0.28106040	0.28080066	59975	66850	0
59975	66855	0.00061861	0.03711737	0.48857136	0.03729197	0.48827646	0.53119792	0.53120170	0.28095991	0.28085440	0.53120490	0.53106965	0.28102441	0.28089516	59975	66853	0
59975	67186	0.00040918	0.03680303	0.48594763	0.03680817	0.48657592	0.53049502	0.53045081	0.28029875	0.28013597	0.53053586	0.53059034	0.28024690	0.28018191	59975	67184	0
59975	67189	0.00023859	0.03670991	0.48709480	0.03676200	0.48760658	0.53060037	0.53046240	0.28032612	0.28016112	0.53060102	0.53055057	0.28031848	0.28023655	59975	67187	0
59975	67192	0.00090157	0.03672150	0.48835601	0.03680206	0.48636707	0.53045681	0.53054769	0.28031363	0.28020434	0.53049823	0.53047818	0.28022669	0.28012899	59975	67190	0
59975	67195	0.00132346	0.03668707	0.48727110	0.03659558	0.48600543	0.53057251	0.53043043	0.28044272	0.28008519	0.53050858	0.53057136	0.28027854	0.28014345	59975	67194	0
59975	67199	-0.00007283	0.03663574	0.48562714	0.03682552	0.48981599	0.53069495	0.53065271	0.28034904	0.28027057	0.53071023	0.53082938	0.28029202	0.28045061	59975	67197	0
59975	67529	0.00064365	0.03702736	0.48852533	0.03713378	0.48637591	0.53090604	0.53100301	0.28070181	0.28054732	0.53088443	0.53092264	0.28062884	0.28054437	59975	67527	0
59975	67532	-0.00007047	0.03713254	0.48693470	0.03702983	0.48907705	0.53098435	0.53093086	0.28069753	0.28055603	0.53097236	0.53094968	0.28060813	0.28053837	59975	67531	0
59975	67536	0.00113356	0.03707575	0.48825454	0.03714858	0.48464246	0.53098739	0.53097457	0.28088497	0.28058537	0.53102938	0.53105929	0.28070066	0.28067148	59975	67534	0
59975	67539	0.00021465	0.03716483	0.48474673	0.03713884	0.48750346	0.53101048	0.53098164	0.28072103	0.28059794	0.53105075	0.53098287	0.28070361	0.28066598	59975	67537	0
59975	67542	-0.00023116	0.03713448	0.48618104	0.03711145	0.48751846	0.53090604	0.53096250	0.28062695	0.28062826	0.53083644	0.53089166	0.28088160	0.28056253	59975	67540	0
59975	67872	0.00078629	0.03657570	0.48770094	0.03669439	0.48464858	0.53087597	0.53080423	0.28050566	0.28049457	0.53079232	0.53072206	0.28057181	0.28044198	59975	67871	0
59975	67876	0.00013327	0.03670087	0.48493716	0.03679100	0.48689623	0.53085649	0.53087030	0.28076319	0.28052506	0.53099216	0.53098797	0.28091290	0.28065850	59975	67874	0
59975	67879	-0.00011047	0.03670526	0.48650210	0.03681179	0.48723333	0.53118395	0.53096521	0.28085867	0.28072621	0.53100868	0.53095461	0.28072334	0.28064437	59975	67877	0
59975	67882	0.00045343	0.03689975	0.48678516	0.03668651	0.48509343	0.53118329	0.53106858	0.28080247	0.28077387	0.53103374	0.53112117	0.28099335	0.28075464	59975	67881	0
59975	67886	0.00060953	0.03675678	0.48840630	0.03673602	0.48793803	0.53088000	0.53097252	0.28090765	0.28065078	0.53105847	0.53109011	0.28080690	0.28083468	59975	67884	0
59975	68216	0.00144154	0.03699465	0.48746982	0.03706077	0.48497377	0.53128214	0.53124591	0.28107215	0.28088242	0.53118041	0.53109824	0.28103460	0.28079819	59975	68214	0
59975	68219	0.00045195	0.03706759	0.48601813	0.03697265	0.48898690	0.53101048	0.53098419	0.28105506	0.28079195	0.53111657	0.53108436	0.28101283	0.28088571	59975	68218	0
59975	68222	0.00046111	0.03690946	0.48519839	0.03692793	0.48517090	0.53126678	0.53116850	0.28097075	0.28081282	0.53116340	0.53123284	0.28101398	0.28090173	59975	68221	0
59975	68226	0.00142107	0.03706559	0.48741630	0.03699713	0.48453642	0.53127713	0.53128995	0.28101118	0.28090058	0.53126686	0.53126160	0.28101841	0.28091340	59975	68224	0
59975	68229	0.00079821	0.03715769	0.48569882	0.03695108	0.48756739	0.53124007	0.53128765	0.28115285	0.28090740	0.53120186	0.53128485	0.28117931	0.28094216	59975	68227	0
59975	68559	0.00076494	0.03679356	0.48633645	0.03686274	0.48643627	0.53029033	0.53037669	0.28008429	0.27978535	0.53061310	0.53038918	0.28005561	0.27980992	59975	68558	0
59975	68563	0.00131245	0.03687829	0.48783242	0.03680092	0.48618989	0.53058122	0.53069421	0.28009127	0.27998650	0.53041688	0.53044687	0.28014731	0.27982224	59975	68561	0
59975	68566	-0.00004641	0.03677039	0.48526429	0.03668555	0.48934085	0.53047201	0.53054449	0.27997870	0.27981797	0.53044005	0.53043438	0.27981189	0.27978600	59975	68564	0
59975	68569	0.00052280	0.03667377	0.48906748	0.03671705	0.48735986	0.53059880	0.53046766	0.28019851	0.27984689	0.53056232	0.53040488	0.28004517	0.27980737	59975	68568	0
59975	68572	0.00040685	0.03658960	0.48555372	0.03682691	0.48590158	0.53045147	0.53044268	0.28009834	0.27986103	0.53060291	0.53063825	0.28030089	0.28005561	59975	68571	0
59975	68903	0.00080718	0.03684630	0.48800678	0.03682987	0.48680578	0.53110958	0.53110630	0.28104906	0.28076639	0.53123457	0.53116809	0.28093246	0.28071668	59975	68901	0
59975	68906	0.00096066	0.03677907	0.48779549	0.03684638	0.48733505	0.53118419	0.53109586	0.28109081	0.28082046	0.53120433	0.53117335	0.28091545	0.28075661	59975	68904	0
59975	68909	0.00101559	0.03675836	0.48621606	0.03685025	0.48605126	0.53108115	0.53106973	0.28100576	0.28076730	0.53118000	0.53136662	0.28103403	0.28098103	59975	68908	0
59975	68913	0.00006052	0.03698733	0.48541346	0.03689755	0.48827865	0.53119159	0.53109906	0.28102490	0.28073492	0.53117187	0.53118247	0.28092761	0.28074330	59975	68911	0
59975	68916	-0.00052996	0.03685836	0.48577775	0.03684895	0.48754921	0.53119463	0.53119093	0.28110650	0.28086048	0.53124467	0.53125692	0.28094594	0.28082539	59975	68914	0
59975	69246	0.00047595	0.03681831	0.48953034	0.03700875	0.48651261	0.53128716	0.53128600	0.28089261	0.28085670	0.53141649	0.53147385	0.28099516	0.28092457	59975	69245	0
59975	69250	0.00114405	0.03694024	0.48832303	0.03687343	0.48631871	0.53143063	0.53140951	0.28108226	0.28091685	0.53140113	0.53135832	0.28111053	0.28090428	59975	69248	0
59975	69253	0.00164599	0.03690835	0.48800749	0.03710231	0.48650166	0.53126620	0.53129808	0.28115244	0.28090641	0.53146563	0.53128477	0.28138449	0.28095563	59975	69251	0
59975	69256	0.00024091	0.03700363	0.48585033	0.03699108	0.49006559	0.53136308	0.53132906	0.28115753	0.28095670	0.53122093	0.53120909	0.28096130	0.28084618	59975	69254	0
59975	69259	0.00008309	0.03703426	0.48759012	0.03697843	0.48806359	0.53140992	0.53153449	0.28099754	0.28112992	0.53136809	0.53136826	0.28092991	0.28091964	59975	69258	0
59975	69590	-0.00018012	0.03661318	0.48625279	0.03661264	0.48704242	0.53077605	0.53071458	0.28055866	0.28030615	0.53078229	0.53080284	0.28054034	0.28043738	59975	69588	0
59975	69593	0.00135883	0.03666984	0.48892729	0.03660346	0.48431044	0.53092872	0.53087350	0.28046351	0.28038643	0.53082995	0.53072633	0.28052662	0.28027583	59975	69591	0
59975	69596	0.00045007	0.03672059	0.48484254	0.03671761	0.48756881	0.53084836	0.53081426	0.28057345	0.28033770	0.53076693	0.53080390	0.28058677	0.28031749	59975	69595	0
59975	69599	0.00063051	0.03665832	0.48696846	0.03657240	0.48642714	0.53081114	0.53075164	0.28057888	0.28032612	0.53076874	0.53075961	0.28051158	0.28037756	59975	69598	0
59975	69603	0.00072197	0.03668901	0.48725345	0.03665790	0.48697907	0.53075945	0.53078007	0.28055776	0.28031322	0.53073061	0.53074063	0.28052481	0.28030171	59975	69601	0
59975	69933	-0.00025590	0.03720268	0.48588036	0.03714963	0.48881398	0.53134336	0.53139932	0.28112951	0.28099491	0.53127918	0.53122470	0.28104569	0.28085834	59975	69932	0
59975	69936	0.00056091	0.03708317	0.48771196	0.03704673	0.48526153	0.53136727	0.53142422	0.28106862	0.28097404	0.53151806	0.53147155	0.28106402	0.28097207	59975	69935	0
59975	69940	-0.00017912	0.03703638	0.48503319	0.03721028	0.48725327	0.53127343	0.53132512	0.28120511	0.28092778	0.53123670	0.53135043	0.28119788	0.28094807	59975	69938	0
59975	69943	-0.00010107	0.03726923	0.48631897	0.03718962	0.48608482	0.53132972	0.53138847	0.28109730	0.28104002	0.53140458	0.53145955	0.28106821	0.28097084	59975	69941	0
59975	69946	0.00115313	0.03708105	0.48848921	0.03714215	0.48472662	0.53135002	0.53133506	0.28126821	0.28103723	0.53144501	0.53148700	0.28108703	0.28106295	59975	69945	0
59975	70277	0.00112191	0.03684393	0.48683124	0.03680482	0.48692491	0.53150187	0.53165364	0.28132269	0.28117931	0.53144345	0.53148823	0.28119993	0.28108744	59975	70275	0
59975	70280	-0.00032195	0.03682901	0.48451228	0.03686894	0.48884386	0.53151978	0.53153983	0.28139008	0.28119574	0.53150450	0.53152184	0.28141415	0.28115408	59975	70278	0
59975	70283	0.00074662	0.03685252	0.48901192	0.03683570	0.48580621	0.53158010	0.53158922	0.28125877	0.28112211	0.53168807	0.53170245	0.28129106	0.28124241	59975	70281	0
59975	70286	0.00066123	0.03709911	0.48721096	0.03694040	0.48746712	0.53171510	0.53173803	0.28135187	0.28128235	0.53166835	0.53147410	0.28125227	0.28111636	59975	70285	0
59975	70290	-0.00010479	0.03697549	0.48680210	0.03706928	0.48910016	0.53151321	0.53149111	0.28121645	0.28114841	0.53170360	0.53166613	0.28128301	0.28119829	59975	70288	0
59975	70620	0.00067938	0.03692816	0.48903527	0.03693935	0.48668276	0.53151198	0.53144345	0.28136394	0.28123189	0.53166720	0.53174041	0.28137570	0.28137224	59975	70618	0
59975	70623	0.00074253	0.03690052	0.48710298	0.03689649	0.48691352	0.53164353	0.53158059	0.28131160	0.28119936	0.53155101	0.53154879	0.28118949	0.28117364	59975	70622	0
59975	70627	0.00046713	0.03687956	0.48599051	0.03682196	0.48681673	0.53157204	0.53151115	0.28118095	0.28111883	0.53158363	0.53147179	0.28117585	0.28117224	59975	70625	0
59975	70630	-0.00018573	0.03677162	0.48540601	0.03687511	0.48736457	0.53169267	0.53158527	0.28134250	0.28121513	0.53154485	0.53154879	0.28125121	0.28114701	59975	70628	0
59975	70633	0.00017766	0.03686650	0.48750441	0.03678155	0.48641424	0.53151658	0.53151420	0.28129213	0.28119122	0.53136653	0.53142479	0.28131152	0.28115490	59975	70631	0
59975	70963	0.00037890	0.03719479	0.48869916	0.03732794	0.48809544	0.53158248	0.53153186	0.28118498	0.28110921	0.53158075	0.53150220	0.28124110	0.28112335	59975	70962	0
59975	70967	0.00044225	0.03717845	0.48654889	0.03713361	0.48635885	0.53151231	0.53164247	0.28126879	0.28111694	0.53154838	0.53153704	0.28107355	0.28102129	59975	70965	0
59975	70970	0.00104713	0.03709686	0.48675712	0.03719254	0.48494248	0.53149217	0.53161954	0.28129287	0.28110634	0.53152225	0.53155849	0.28120700	0.28109138	59975	70968	0
59975	70973	0.00119220	0.03718806	0.48783492	0.03714795	0.48739969	0.53162965	0.53164649	0.28115712	0.28114603	0.53152488	0.53158166	0.28113271	0.28102893	59975	70972	0
59975	70977	0.00113200	0.03718251	0.48673264	0.03715740	0.48691323	0.53149595	0.53140704	0.28117462	0.28109105	0.53145158	0.53151378	0.28132771	0.28102129	59975	70975	0
59975	71307	0.00045236	0.03676574	0.48541655	0.03683711	0.48745549	0.53111731	0.53118493	0.28101743	0.28070526	0.53117474	0.53112733	0.28079811	0.28068167	59975	71305	0
59975	71310	0.00057191	0.03689312	0.48618128	0.03681759	0.48582262	0.53122298	0.53118625	0.28108193	0.28074092	0.53105888	0.53108510	0.28093772	0.28072005	59975	71309	0
59975	71313	0.00092125	0.03676420	0.48833328	0.03669280	0.48728527	0.53107885	0.53120926	0.28093238	0.28075514	0.53099495	0.53109446	0.28093936	0.28069203	59975	71312	0
59975	71317	0.00031479	0.03668961	0.48588694	0.03670695	0.48770632	0.53109783	0.53115223	0.28090387	0.28080731	0.53090958	0.53107384	0.28093830	0.28057962	59975	71315	0
59975	71320	0.00035728	0.03666660	0.48748214	0.03671273	0.48735466	0.53100473	0.53105075	0.28086705	0.28056622	0.53113210	0.53105403	0.28074215	0.28066006	59975	71318	0
59975	71650	0.00134160	0.03689418	0.48835656	0.03696979	0.48540360	0.53162513	0.53160097	0.28143897	0.28127512	0.53169768	0.53163877	0.28137438	0.28128983	59975	71649	0
59975	71654	0.00029340	0.03703603	0.48573940	0.03702304	0.48888399	0.53170220	0.53169744	0.28141399	0.28136436	0.53159834	0.53161108	0.28149887	0.28123263	59975	71652	0
59975	71657	0.00027704	0.03691299	0.48729041	0.03698086	0.48733947	0.53183154	0.53166383	0.28167768	0.28130988	0.53156506	0.53159957	0.28144250	0.28120379	59975	71655	0
59975	71660	0.00027318	0.03698583	0.48681516	0.03703587	0.48682676	0.53156210	0.53166038	0.28147159	0.28126238	0.53158117	0.53167049	0.28151333	0.28129492	59975	71658	0
59975	71663	0.00032019	0.03703744	0.48694868	0.03698558	0.48680765	0.53157245	0.53165142	0.28152311	0.28129278	0.53161017	0.53179645	0.28137989	0.28131908	59975	71662	0
59975	71994	0.00143324	0.03684901	0.48875514	0.03678852	0.48541598	0.53178183	0.53174370	0.28150084	0.28134217	0.53184970	0.53171338	0.28137726	0.28131045	59975	71992	0
59975	71997	0.00035065	0.03682172	0.48496375	0.03674767	0.48821153	0.53181387	0.53189383	0.28141884	0.28149328	0.53170787	0.53179645	0.28146797	0.28130848	59975	71995	0
59975	72000	0.00119179	0.03675207	0.48904516	0.03685624	0.48652173	0.53184946	0.53170582	0.28172180	0.28127964	0.53178717	0.53172069	0.28144571	0.28130437	59975	71999	0
59975	72004	0.00163866	0.03679683	0.48647151	0.03685284	0.48513092	0.53184403	0.53186918	0.28141300	0.28136033	0.53185521	0.53199482	0.28162369	0.28145902	59975	72002	0
59975	72007	0.00064135	0.03687221	0.48673023	0.03679485	0.48972215	0.53195201	0.53183869	0.28138827	0.28133954	0.53181116	0.53177065	0.28161260	0.28135852	59975	72005	0
59975	72337	0.00127346	0.03697027	0.48782122	0.03691767	0.48592489	0.53156407	0.53145594	0.28119492	0.28109253	0.53144377	0.53151420	0.28139246	0.28119878	59975	72336	0
59975	72340	0.00050659	0.03685609	0.48544289	0.03682351	0.48774349	0.53154402	0.53154797	0.28123025	0.28114833	0.53146169	0.53141929	0.28136000	0.28110741	59975	72339	0
59975	72344	-0.00013371	0.03669392	0.48584735	0.03660194	0.48776826	0.53150951	0.53153219	0.28111307	0.28111587	0.53144764	0.53133761	0.28109927	0.28096722	59975	72342	0
59975	72347	0.00136832	0.03666965	0.48961320	0.03679495	0.48510712	0.53147410	0.53146013	0.28109303	0.28103583	0.53142044	0.53146333	0.28125646	0.28112096	59975	72345	0
59975	72350	0.00159812	0.03684247	0.48903600	0.03681885	0.48834658	0.53141797	0.53145290	0.28115079	0.28104019	0.53138790	0.53135560	0.28104134	0.28098768	59975	72349	0
59975	72681	0.00186735	0.03700187	0.48842287	0.03690703	0.48761520	0.53156374	0.53151995	0.28130774	0.28113173	0.53157130	0.53147878	0.28142294	0.28115244	59975	72679	0
59975	72684	0.00092907	0.03693137	0.48509775	0.03707978	0.48791259	0.53155364	0.53148946	0.28143658	0.28117511	0.53156859	0.53159530	0.28121932	0.28110141	59975	72682	0
59975	72687	0.00056522	0.03712246	0.48533215	0.03719913	0.48642370	0.53140474	0.53151173	0.28139805	0.28111390	0.53155224	0.53151099	0.28130059	0.28118350	59975	72685	0
59975	72690	0.00003087	0.03704559	0.48546776	0.03707773	0.48707079	0.53142693	0.53142348	0.28125605	0.28102663	0.53151617	0.53148248	0.28130256	0.28103600	59975	72689	0
59975	72694	0.00034943	0.03702942	0.48715298	0.03705217	0.48619731	0.53149530	0.53148708	0.28122351	0.28105901	0.53152973	0.53157426	0.28118325	0.28111160	59975	72692	0
59975	73024	-0.00080766	0.03697091	0.48594098	0.03702669	0.48941225	0.53160253	0.53168207	0.28145343	0.28122820	0.53168322	0.53170360	0.28134529	0.28125720	59975	73022	0
59975	73027	0.00099405	0.03697566	0.48869725	0.03693391	0.48329212	0.53167903	0.53167492	0.28138276	0.28120001	0.53160721	0.53163647	0.28141128	0.28122573	59975	73026	0
59975	73031	0.00112553	0.03698656	0.48550548	0.03695958	0.48511103	0.53168183	0.53178298	0.28129459	0.28111653	0.53176194	0.53168741	0.28131251	0.28121530	59975	73029	0
59975	73034	0.00026463	0.03715619	0.48487286	0.03719933	0.48745557	0.53162077	0.53171954	0.28139722	0.28119352	0.53176276	0.53176153	0.28132738	0.28122688	59975	73032	0
59975	73037	-0.00077277	0.03705605	0.48449474	0.03710260	0.48760695	0.53177262	0.53187756	0.28134299	0.28128687	0.53161091	0.53176416	0.28146830	0.28122138	59975	73035	0
59975	73368	0.00087323	0.03694447	0.49082672	0.03692945	0.48588870	0.53190270	0.53170278	0.28152878	0.28131020	0.53159711	0.53171412	0.28155376	0.28128950	59975	73366	0
59975	73371	0.00050880	0.03686173	0.48678629	0.03685663	0.48787958	0.53155602	0.53165898	0.28139024	0.28123576	0.53148946	0.53165602	0.28148761	0.28127076	59975	73369	0
59975	73374	0.00107307	0.03682151	0.48825124	0.03679812	0.48655841	0.53155881	0.53157952	0.28153396	0.28123937	0.53164501	0.53160993	0.28143995	0.28133239	59975	73372	0
59975	73377	0.00003313	0.03676420	0.48475306	0.03695689	0.48787289	0.53157303	0.53170911	0.28143478	0.28127101	0.53156802	0.53161716	0.28135548	0.28119689	59975	73376	0
59975	73381	0.00019444	0.03694529	0.48702680	0.03696005	0.48654286	0.53167155	0.53161716	0.28146995	0.28127594	0.53152044	0.53156054	0.28149468	0.28129582	59975	73379	0
59975	73711	0.00066276	0.03718061	0.48807837	0.03718892	0.48667341	0.53137869	0.53149686	0.28125425	0.28103041	0.53130910	0.53147368	0.28126246	0.28105958	59975	73709	0
59975	73714	0.00075808	0.03726430	0.48709067	0.03732271	0.48680471	0.53145635	0.53149226	0.28102047	0.28105597	0.53153400	0.53146193	0.28107947	0.28101956	59975	73713	0
59975	73717	0.00108700	0.03716423	0.48741905	0.03710695	0.48643231	0.53146999	0.53141501	0.28119590	0.28101800	0.53138864	0.53156087	0.28106459	0.28102458	59975	73716	0
59975	73721	0.00031366	0.03715594	0.48690255	0.03716733	0.48922256	0.53140433	0.53146670	0.28121554	0.28100592	0.53161173	0.53158486	0.28121604	0.28114019	59975	73719	0
59975	73724	0.00147110	0.03722474	0.48917358	0.03728321	0.48570126	0.53154575	0.53162891	0.28125194	0.28108694	0.53173548	0.53154534	0.28129615	0.28109253	59975	73722	0
59975	74054	0.00075732	0.03717171	0.48717744	0.03726322	0.48931879	0.53148133	0.53135322	0.28104167	0.28091989	0.53146226	0.53138001	0.28100255	0.28096837	59975	74053	0
59975	74058	0.00040113	0.03720184	0.48624564	0.03720528	0.48731420	0.53143449	0.53142266	0.28102811	0.28097379	0.53155972	0.53147426	0.28123806	0.28091217	59975	74056	0
59975	74061	-0.00019246	0.03722342	0.48444310	0.03720650	0.48622387	0.53151485	0.53148001	0.28127734	0.28094594	0.53155043	0.53160154	0.28101521	0.28099828	59975	74059	0
59975	74064	0.00080247	0.03720177	0.48791530	0.03718265	0.48493052	0.53142701	0.53157796	0.28098094	0.28097100	0.53152332	0.53149242	0.28100231	0.28098554	59975	74062	0
59975	74067	-0.00065637	0.03713375	0.48461518	0.03718695	0.48899168	0.53139916	0.53137475	0.28101225	0.28091143	0.53142118	0.53134903	0.28114857	0.28088234	59975	74066	0
59975	74398	0.00080611	0.03701972	0.49010999	0.03706931	0.48572254	0.53185660	0.53189440	0.28176182	0.28155508	0.53186597	0.53203976	0.28160504	0.28172665	59975	74396	0
59975	74401	0.00056735	0.03703619	0.48666993	0.03704337	0.48738621	0.53187016	0.53185915	0.28181301	0.28157981	0.53196269	0.53194395	0.28166962	0.28164990	59975	74399	0
59975	74404	-0.00006985	0.03688231	0.48560991	0.03684330	0.48752152	0.53182185	0.53192144	0.28182353	0.28156551	0.53190459	0.53192185	0.28162837	0.28157430	59975	74403	0
59975	74408	0.00124295	0.03689560	0.48956795	0.03708861	0.48562956	0.53191996	0.53194806	0.28180200	0.28158458	0.53195003	0.53186877	0.28170898	0.28154152	59975	74406	0
59975	74411	0.00092613	0.03711579	0.48618068	0.03695990	0.48713113	0.53204034	0.53201166	0.28193076	0.28165861	0.53182489	0.53190714	0.28168170	0.28162468	59975	74409	0
59975	74741	0.00019765	0.03729824	0.48547565	0.03731802	0.48766110	0.53198676	0.53201084	0.28164456	0.28154439	0.53200106	0.53195012	0.28172147	0.28146978	59975	74740	0
59975	74745	-0.00009731	0.03739127	0.48784956	0.03740036	0.48873443	0.53177649	0.53180574	0.28168211	0.28144382	0.53200690	0.53193401	0.28160602	0.28156765	59975	74743	0
59975	74748	0.00106724	0.03737181	0.48864306	0.03726892	0.48514942	0.53191297	0.53192094	0.28144776	0.28151046	0.53180944	0.53182135	0.28168589	0.28150914	59975	74746	0
59975	74751	0.00111976	0.03730798	0.48610738	0.03718514	0.48594980	0.53183647	0.53191642	0.28176585	0.28151366	0.53200262	0.53199424	0.28173224	0.28157135	59975	74749	0
59975	74754	-0.00007307	0.03735431	0.48495019	0.03731943	0.48852869	0.53204757	0.53199482	0.28164103	0.28160356	0.53207937	0.53205513	0.28171145	0.28155631	59975	74753	0
59975	75085	0.00038729	0.03743683	0.48575686	0.03738410	0.48437579	0.53146308	0.53144008	0.28108242	0.28098456	0.53148823	0.53155446	0.28116977	0.28104611	59975	75083	0
59975	75088	0.00050770	0.03729644	0.48647824	0.03725041	0.48611701	0.53131600	0.53137787	0.28102417	0.28091751	0.53142512	0.53138108	0.28098135	0.28086401	59975	75086	0
59975	75091	0.00040117	0.03736281	0.48619313	0.03738960	0.48651273	0.53163844	0.53146990	0.28141727	0.28097100	0.53156637	0.53140639	0.28100937	0.28091915	59975	75090	0
59975	75094	0.00008328	0.03741991	0.48510565	0.03733096	0.48605932	0.53131115	0.53157525	0.28111209	0.28099138	0.53140351	0.53170409	0.28110453	0.28112598	59975	75093	0
59975	75098	-0.00071761	0.03713293	0.48654240	0.03724943	0.48894507	0.53133514	0.53137187	0.28090945	0.28091940	0.53154698	0.53147089	0.28107749	0.28100896	59975	75096	0
59975	75428	0.00152007	0.03689894	0.49004002	0.03697455	0.48332698	0.53216886	0.53227732	0.28192920	0.28201680	0.53222597	0.53214305	0.28196667	0.28185944	59975	75426	0
59975	75431	0.00096277	0.03672545	0.48588917	0.03678025	0.48756107	0.53201100	0.53212481	0.28207054	0.28187620	0.53205250	0.53202612	0.28184383	0.28185245	59975	75430	0
59975	75435	0.00095449	0.03693970	0.48774374	0.03681879	0.48776857	0.53217642	0.53211512	0.28216323	0.28189025	0.53205488	0.53206401	0.28211376	0.28183766	59975	75433	0
59975	75438	0.00062696	0.03678475	0.48574706	0.03685448	0.48672964	0.53209203	0.53204774	0.28202764	0.28190052	0.53201010	0.53201659	0.28206889	0.28183742	59975	75436	0
59975	75441	-0.00005327	0.03692711	0.48595221	0.03691382	0.48799292	0.53216540	0.53201700	0.28188894	0.28181934	0.53209819	0.53197419	0.28190956	0.28179009	59975	75440	0
59975	75772	0.00131814	0.03726266	0.48757696	0.03722836	0.48346272	0.53209293	0.53214059	0.28193734	0.28173191	0.53214544	0.53206031	0.28195188	0.28167653	59975	75770	0
59975	75775	0.00100157	0.03736181	0.48728139	0.03731322	0.48823112	0.53212925	0.53224166	0.28203775	0.28183553	0.53207748	0.53221446	0.28171079	0.28173766	59975	75773	0
59975	75778	0.00047158	0.03739136	0.48673391	0.03728380	0.48832387	0.53204823	0.53206705	0.28183503	0.28168606	0.53201224	0.53199769	0.28181630	0.28165220	59975	75776	0
59975	75781	0.00051506	0.03718118	0.48740268	0.03721328	0.48727223	0.53201281	0.53215070	0.28191400	0.28169764	0.53204387	0.53205127	0.28183356	0.28167003	59975	75780	0
59975	75785	0.00061515	0.03717589	0.48627919	0.03719253	0.48597893	0.53198027	0.53196680	0.28175541	0.28166510	0.53198783	0.53207518	0.28194950	0.28173281	59975	75783	0
59975	76115	-0.00033125	0.03715834	0.48509443	0.03731769	0.48793363	0.53179645	0.53172817	0.28124685	0.28128259	0.53185545	0.53184494	0.28137093	0.28129295	59975	76113	0
59975	76118	0.00099241	0.03732592	0.48935456	0.03736511	0.48538360	0.53189087	0.53181560	0.28165787	0.28133379	0.53167829	0.53168462	0.28141259	0.28124595	59975	76117	0
59975	76122	0.00040468	0.03730784	0.48599408	0.03735758	0.48775727	0.53168725	0.53171100	0.28149887	0.28121908	0.53166153	0.53180467	0.28138950	0.28127101	59975	76120	0
59975	76125	0.00045782	0.03747408	0.48641047	0.03741976	0.48625104	0.53172891	0.53182497	0.28153396	0.28124858	0.53182801	0.53179966	0.28144636	0.28129615	59975	76123	0
59975	76128	0.00057384	0.03726750	0.48640900	0.03730654	0.48606094	0.53181018	0.53182053	0.28130527	0.28129804	0.53175767	0.53176884	0.28138161	0.28120642	59975	76126	0
59975	76458	0.00119851	0.03703127	0.48752446	0.03697879	0.48565043	0.53226376	0.53222555	0.28199617	0.28201129	0.53226204	0.53225957	0.28194950	0.28201162	59975	76457	0
59975	76462	0.00067697	0.03691682	0.48632340	0.03708898	0.48788803	0.53231455	0.53233065	0.28206725	0.28204178	0.53222186	0.53221701	0.28205509	0.28195829	59975	76460	0
59975	76465	-0.00006691	0.03696203	0.48808386	0.03704609	0.49031550	0.53217642	0.53217009	0.28218599	0.28190192	0.53240592	0.53225078	0.28212913	0.28194391	59975	76463	0
59975	76468	0.00202681	0.03712756	0.49024287	0.03706402	0.48396169	0.53241291	0.53227330	0.28203414	0.28196289	0.53235152	0.53236804	0.28220078	0.28202699	59975	76467	0
59975	76472	0.00049510	0.03704842	0.48454261	0.03711030	0.48913776	0.53222005	0.53240395	0.28208927	0.28201113	0.53215990	0.53223303	0.28206109	0.28185328	59975	76470	0
59975	76802	0.00093711	0.03708118	0.48788872	0.03708902	0.48656267	0.53233690	0.53232539	0.28213332	0.28199272	0.53214207	0.53217231	0.28219922	0.28200119	59975	76800	0
59975	76805	0.00035817	0.03710552	0.48677974	0.03709672	0.48851658	0.53235654	0.53221463	0.28215764	0.28196051	0.53222638	0.53220567	0.28204687	0.28207514	59975	76804	0
59975	76808	0.00052880	0.03718470	0.48680020	0.03705848	0.48628831	0.53221495	0.53216582	0.28203866	0.28190956	0.53222942	0.53230690	0.28220267	0.28206051	59975	76807	0
59975	76812	0.00030999	0.03695845	0.48547756	0.03688819	0.48613399	0.53201906	0.53210246	0.28211368	0.28193800	0.53225382	0.53223287	0.28206043	0.28199880	59975	76810	0
59975	76815	0.00093659	0.03690112	0.48875526	0.03700273	0.48687545	0.53222588	0.53224979	0.28227252	0.28196980	0.53213459	0.53211372	0.28214227	0.28193002	59975	76813	0
59975	77145	0.00017186	0.03724227	0.48778745	0.03729322	0.49008165	0.53192292	0.53191651	0.28156370	0.28147430	0.53185759	0.53186162	0.28179329	0.28150150	59975	77144	0
59975	77149	-0.00021019	0.03725567	0.48692508	0.03741908	0.48807121	0.53190862	0.53192900	0.28169715	0.28146066	0.53195488	0.53183812	0.28154801	0.28153683	59975	77147	0
59975	77152	0.00146959	0.03729335	0.48880328	0.03725080	0.48376395	0.53178495	0.53182349	0.28169033	0.28150766	0.53179415	0.53183655	0.28168178	0.28148728	59975	77150	0
59975	77155	-0.00017255	0.03722517	0.48363807	0.03733334	0.48856449	0.53189613	0.53191905	0.28177858	0.28154686	0.53192941	0.53189555	0.28175040	0.28153766	59975	77154	0
59975	77158	0.00068274	0.03732784	0.48925565	0.03740102	0.48668980	0.53194239	0.53210994	0.28172008	0.28159830	0.53186942	0.53194256	0.28179025	0.28151202	59975	77157	0
59975	77489	0.00192486	0.03713100	0.48870285	0.03693388	0.48497648	0.53206540	0.53213886	0.28182189	0.28170274	0.53201709	0.53205258	0.28191671	0.28168474	59975	77487	0
59975	77492	0.00084236	0.03706490	0.48569029	0.03721009	0.48893780	0.53201470	0.53199334	0.28196281	0.28169477	0.53200558	0.53193960	0.28191745	0.28167726	59975	77490	0
59975	77495	0.00039137	0.03724818	0.48626483	0.03723667	0.48761777	0.53195611	0.53203130	0.28159813	0.28164645	0.53211832	0.53218907	0.28175516	0.28169863	59975	77494	0
59975	77499	0.00087121	0.03733003	0.48815154	0.03723577	0.48671202	0.53214289	0.53211972	0.28189313	0.28167398	0.53205176	0.53205760	0.28163519	0.28159657	59975	77497	0
59975	77502	-0.00020500	0.03722066	0.48329898	0.03729867	0.48652761	0.53200624	0.53208899	0.28167398	0.28161506	0.53198537	0.53204667	0.28168696	0.28163519	59975	77500	0
59975	77832	0.00137542	0.03702604	0.48787561	0.03687984	0.48313434	0.53216705	0.53204486	0.28213266	0.28194720	0.53215850	0.53209268	0.28198204	0.28198081	59975	77831	0
59975	77835	0.00169693	0.03688950	0.48683307	0.03682934	0.48586855	0.53205094	0.53214856	0.28215879	0.28196881	0.53206820	0.53220986	0.28204613	0.28199289	59975	77834	0
59975	77839	-0.00122990	0.03688729	0.48227877	0.03684077	0.49105927	0.53213402	0.53213960	0.28212937	0.28187678	0.53225259	0.53229277	0.28206347	0.28193816	59975	77837	0
59975	77842	0.00114890	0.03690395	0.48986253	0.03689109	0.48272612	0.53223788	0.53208348	0.28203652	0.28191770	0.53204133	0.53203385	0.28214203	0.28186067	59975	77840	0
59975	77845	0.00055479	0.03693286	0.48703560	0.03698658	0.48881794	0.53203319	0.53203220	0.28199494	0.28187809	0.53224979	0.53224076	0.28213915	0.28205049	59975	77844	0
59975	78176	-0.00033125	0.03714895	0.48605419	0.03723460	0.48871230	0.53200657	0.53196770	0.28202674	0.28167003	0.53232975	0.53216376	0.28201162	0.28183257	59975	78174	0
59975	78179	0.00116559	0.03712768	0.48697433	0.03709211	0.48248381	0.53200394	0.53212941	0.28199847	0.28187678	0.53210386	0.53210279	0.28191285	0.28184087	59975	78177	0
59975	78182	0.00047445	0.03720966	0.48714984	0.03721906	0.48922328	0.53219696	0.53214289	0.28194038	0.28177176	0.53214790	0.53213500	0.28185681	0.28181679	59975	78181	0
59975	78185	0.00008487	0.03717162	0.48803738	0.03717460	0.48920610	0.53217181	0.53214503	0.28184654	0.28178943	0.53204396	0.53210977	0.28199946	0.28180430	59975	78184	0
59975	78189	0.00070264	0.03724693	0.48890749	0.03729056	0.48705419	0.53214568	0.53216162	0.28188442	0.28179066	0.53219827	0.53205612	0.28196700	0.28175681	59975	78187	0
59975	78519	0.00004317	0.03734162	0.48722391	0.03739033	0.48920232	0.53156588	0.53140762	0.28121209	0.28107240	0.53137015	0.53134936	0.28110888	0.28093600	59975	78517	0
59975	78522	0.00099190	0.03751171	0.48829549	0.03727630	0.48544929	0.53125338	0.53137837	0.28106418	0.28092728	0.53145528	0.53145585	0.28112754	0.28104964	59975	78521	0
59975	78526	0.00114170	0.03742356	0.48620097	0.03735219	0.48575156	0.53146226	0.53141280	0.28107889	0.28103255	0.53130638	0.53139702	0.28118514	0.28101825	59975	78524	0
59975	78529	0.00031712	0.03733172	0.48629583	0.03727846	0.48876958	0.53128420	0.53139422	0.28118555	0.28096484	0.53145224	0.53146736	0.28115342	0.28109023	59975	78527	0
59975	78532	0.00131016	0.03728424	0.48832939	0.03729762	0.48535027	0.53141690	0.53137680	0.28102219	0.28097330	0.53134024	0.53134903	0.28117717	0.28097084	59975	78530	0
59975	78863	0.00031833	0.03687643	0.48331969	0.03688985	0.48629517	0.53206351	0.53198060	0.28193989	0.28190882	0.53203607	0.53205201	0.28193495	0.28192583	59975	78861	0
59975	78866	0.00059106	0.03695195	0.48728358	0.03693765	0.48646538	0.53211281	0.53216376	0.28215559	0.28195525	0.53207041	0.53212235	0.28191449	0.28186379	59975	78864	0
59975	78869	0.00027404	0.03690908	0.48668725	0.03694151	0.48763833	0.53219014	0.53212859	0.28210990	0.28198261	0.53196630	0.53198060	0.28210571	0.28184144	59975	78867	0
59975	78872	0.00109033	0.03694692	0.48720707	0.03699859	0.48475819	0.53197148	0.53209022	0.28212798	0.28190685	0.53219211	0.53228784	0.28205049	0.28202058	59975	78871	0
59975	78876	0.00046708	0.03690017	0.48572791	0.03682542	0.48759766	0.53207140	0.53209556	0.28210382	0.28190554	0.53213878	0.53225637	0.28216750	0.28195944	59975	78874	0
59975	79206	0.00049803	0.03691593	0.48726698	0.03697148	0.48717414	0.53212588	0.53207954	0.28192633	0.28188927	0.53209843	0.53213599	0.28218163	0.28193216	59975	79204	0
59975	79209	0.00102995	0.03705319	0.48780718	0.03696884	0.48621141	0.53229022	0.53232630	0.28206815	0.28199478	0.53227625	0.53226500	0.28212288	0.28198409	59975	79208	0
59975	79212	0.00033767	0.03693805	0.48623017	0.03703621	0.48830701	0.53220099	0.53216458	0.28221204	0.28203200	0.53208857	0.53213895	0.28211549	0.28192805	59975	79211	0
59975	79216	-0.00039645	0.03698577	0.48640341	0.03707253	0.48860577	0.53222202	0.53223878	0.28218813	0.28202197	0.53229351	0.53229885	0.28209511	0.28203627	59975	79214	0
59975	79219	0.00004700	0.03709352	0.48832122	0.03710935	0.48699089	0.53218915	0.53226434	0.28228155	0.28203972	0.53212424	0.53215275	0.28220029	0.28191310	59975	79217	0
59975	79549	0.00071540	0.03730567	0.48704512	0.03727282	0.48503991	0.53173778	0.53176802	0.28164095	0.28141037	0.53163392	0.53173096	0.28151120	0.28137150	59975	79548	0
59975	79553	0.00038619	0.03724143	0.48641776	0.03722099	0.48740538	0.53183360	0.53169045	0.28152738	0.28143675	0.53173113	0.53178503	0.28164875	0.28135351	59975	79551	0
59975	79556	0.00060721	0.03724174	0.48594781	0.03731443	0.48528477	0.53178906	0.53176975	0.28150898	0.28145327	0.53179876	0.53175660	0.28139821	0.28138260	59975	79554	0
59975	79559	0.00166765	0.03725275	0.48829764	0.03718444	0.48511630	0.53167616	0.53177854	0.28162476	0.28150774	0.53185159	0.53175923	0.28151161	0.28140076	59975	79558	0
59975	79562	-0.00000559	0.03728278	0.48409922	0.03727608	0.48911896	0.53171067	0.53175677	0.28160372	0.28139796	0.53180771	0.53183121	0.28152475	0.28146830	59975	79561	0
59975	79893	0.00081196	0.03722220	0.48753052	0.03724504	0.48507786	0.53129521	0.53130474	0.28110831	0.28089721	0.53135297	0.53135593	0.28104044	0.28087034	59975	79892	0
59975	79896	0.00085226	0.03710415	0.48722660	0.03711411	0.48710569	0.53128272	0.53144797	0.28110773	0.28096689	0.53149152	0.53125158	0.28110683	0.28095539	59975	79895	0
59975	79900	0.00083996	0.03721725	0.48789321	0.03733936	0.48793012	0.53131641	0.53133432	0.28110157	0.28096492	0.53144994	0.53134952	0.28109722	0.28099614	59975	79898	0
59975	79903	0.00140573	0.03720660	0.48692179	0.03715452	0.48522449	0.53123777	0.53153375	0.28112499	0.28108136	0.53134788	0.53146046	0.28121152	0.28095563	59975	79901	0
59975	79906	0.00007455	0.03720700	0.48429913	0.03735044	0.48829265	0.53125051	0.53132298	0.28087083	0.28087042	0.53138494	0.53149669	0.28104380	0.28094167	59975	79905	0
59975	80237	0.00093685	0.03718433	0.48908880	0.03735063	0.48650191	0.53187427	0.53186745	0.28168014	0.28151202	0.53190878	0.53193163	0.28178968	0.28156395	59975	80235	0
59975	80240	0.00060834	0.03732015	0.48644865	0.03726171	0.48743419	0.53192760	0.53198504	0.28161210	0.28156461	0.53186359	0.53180360	0.28155499	0.28143420	59975	80238	0
59975	80243	0.00054295	0.03720772	0.48819059	0.03733716	0.48838678	0.53174502	0.53185463	0.28152221	0.28139550	0.53185135	0.53174707	0.28152566	0.28136986	59975	80241	0
59975	80246	0.00072763	0.03727881	0.48752953	0.03719765	0.48697547	0.53180056	0.53171683	0.28146419	0.28128646	0.53165216	0.53173795	0.28158556	0.28137192	59975	80245	0
59975	80250	0.00090550	0.03730210	0.48626287	0.03738032	0.48572926	0.53182497	0.53178585	0.28143987	0.28134883	0.53162069	0.53183968	0.28156206	0.28139994	59975	80248	0
59975	80580	0.00156413	0.03734723	0.48834384	0.03731164	0.48636796	0.53194354	0.53195414	0.28202575	0.28180636	0.53191799	0.53210912	0.28187891	0.28181827	59975	80578	0
59975	80583	0.00061366	0.03721422	0.48513209	0.03733376	0.48798351	0.53190336	0.53184099	0.28190702	0.28168400	0.53200427	0.53199671	0.28178072	0.28173281	59975	80582	0
59975	80587	0.00070193	0.03742242	0.48728368	0.03721255	0.48701888	0.53223681	0.53230830	0.28200045	0.28195805	0.53209950	0.53209917	0.28192296	0.28176708	59975	80585	0
59975	80590	0.00004159	0.03725200	0.48520378	0.03729422	0.48718480	0.53192974	0.53193228	0.28185845	0.28171161	0.53205875	0.53205332	0.28177193	0.28174769	59975	80588	0
59975	80593	0.00056566	0.03734495	0.48813339	0.03740628	0.48656118	0.53202958	0.53208036	0.28180364	0.28178507	0.53210756	0.53204363	0.28209001	0.28181482	59975	80591	0
59975	80924	0.00118191	0.03735684	0.48833408	0.03735981	0.48648530	0.53161190	0.53169440	0.28148523	0.28131760	0.53165602	0.53170220	0.28156707	0.28136937	59975	80922	0
59975	80927	0.00012933	0.03738477	0.48250409	0.03741343	0.48566185	0.53179226	0.53180722	0.28148383	0.28135581	0.53163285	0.53168930	0.28140676	0.28130840	59975	80925	0
59975	80930	0.00060771	0.03744221	0.48707511	0.03745441	0.48563994	0.53180697	0.53178314	0.28164283	0.28141604	0.53163170	0.53157952	0.28149493	0.28131316	59975	80928	0
59975	80933	0.00012931	0.03735468	0.48589888	0.03733706	0.48733410	0.53159941	0.53159990	0.28157126	0.28130782	0.53158100	0.53161379	0.28131990	0.28128144	59975	80932	0
59975	80937	0.00085474	0.03717908	0.48661989	0.03725499	0.48444357	0.53163063	0.53157952	0.28137643	0.28127068	0.53150984	0.53156317	0.28152114	0.28127495	59975	80935	0
59975	81267	0.00030389	0.03719081	0.48496321	0.03711127	0.48661576	0.53228439	0.53238653	0.28205846	0.28198524	0.53217288	0.53223550	0.28214572	0.28196298	59975	81265	0
59975	81270	0.00040411	0.03715106	0.48572878	0.03698160	0.48542813	0.53234035	0.53229630	0.28202140	0.28200077	0.53224815	0.53223681	0.28220776	0.28200957	59975	81269	0
59975	81274	0.00105520	0.03722904	0.48607549	0.03708484	0.48412222	0.53225908	0.53222227	0.28197925	0.28190036	0.53226878	0.53230436	0.28214745	0.28196955	59975	81272	0
59975	81277	0.00055116	0.03712554	0.48660333	0.03717482	0.48811546	0.53225563	0.53222506	0.28201647	0.28194112	0.53219186	0.53220764	0.28208040	0.28185048	59975	81275	0
59975	81280	0.00186141	0.03722368	0.48905181	0.03717693	0.48512107	0.53223131	0.53205891	0.28198976	0.28186601	0.53205784	0.53205406	0.28199765	0.28176806	59975	81278	0
59975	81610	0.00052401	0.03712853	0.48565214	0.03713501	0.48966432	0.53211355	0.53217066	0.28223841	0.28197407	0.53212613	0.53206170	0.28198097	0.28196141	59975	81609	0
59975	81614	0.00062393	0.03716648	0.48806783	0.03705600	0.48776806	0.53210838	0.53217888	0.28206561	0.28202904	0.53211750	0.53205267	0.28202896	0.28190357	59975	81612	0
59975	81617	0.00005018	0.03692384	0.48483611	0.03707086	0.48655738	0.53222679	0.53211355	0.28202239	0.28192518	0.53215480	0.53219712	0.28216914	0.28197842	59975	81615	0
59975	81620	0.00108956	0.03698379	0.48806652	0.03701723	0.48494838	0.53212325	0.53215637	0.28210743	0.28200529	0.53207493	0.53214125	0.28214112	0.28195122	59975	81619	0
59975	81623	0.00168742	0.03695672	0.48970007	0.03700412	0.48790649	0.53207428	0.53208825	0.28196782	0.28190168	0.53195735	0.53214782	0.28216027	0.28192271	59975	81622	0
59975	81954	0.00014575	0.03724140	0.48460135	0.03715472	0.48922638	0.53177443	0.53179843	0.28147422	0.28144521	0.53167788	0.53163006	0.28163758	0.28139640	59975	81952	0
59975	81957	0.00094974	0.03729356	0.48919219	0.03737549	0.48678021	0.53181987	0.53166925	0.28170644	0.28138342	0.53170155	0.53168347	0.28153741	0.28134373	59975	81956	0
59975	81960	-0.00012931	0.03735269	0.48579513	0.03736659	0.48903229	0.53168561	0.53168856	0.28139098	0.28135006	0.53171765	0.53177969	0.28147052	0.28148539	59975	81959	0
59975	81964	0.00051447	0.03723584	0.48785256	0.03734143	0.48592121	0.53162710	0.53169867	0.28152919	0.28137249	0.53170664	0.53168330	0.28157562	0.28145951	59975	81962	0
59975	81967	0.00031671	0.03749418	0.48540279	0.03735462	0.48599608	0.53169579	0.53170771	0.28171145	0.28148786	0.53191774	0.53190813	0.28158441	0.28147816	59975	81965	0
59975	82297	0.00076895	0.03709220	0.48837140	0.03702244	0.48701468	0.53175307	0.53201717	0.28176880	0.28174358	0.53170089	0.53176876	0.28162952	0.28149723	59975	82296	0
59975	82301	0.00082779	0.03712397	0.48723356	0.03730634	0.48705702	0.53167279	0.53171864	0.28160758	0.28150766	0.53172850	0.53181494	0.28169058	0.28147225	59975	82299	0
59975	82304	0.00117049	0.03725652	0.48499657	0.03712472	0.48396849	0.53180993	0.53164320	0.28150109	0.28147332	0.53175890	0.53165487	0.28170109	0.28148843	59975	82302	0
59975	82307	0.00056563	0.03708216	0.48563180	0.03722651	0.48744637	0.53170508	0.53177073	0.28153963	0.28143313	0.53180484	0.53175027	0.28153757	0.28149435	59975	82305	0
59975	82310	0.00056021	0.03721160	0.48696705	0.03706170	0.48698334	0.53175299	0.53181618	0.28148153	0.28146082	0.53180327	0.53171847	0.28146148	0.28135754	59975	82309	0
59975	82641	-0.00048535	0.03694170	0.48569541	0.03695644	0.48883208	0.53196967	0.53187230	0.28195451	0.28168606	0.53184083	0.53184946	0.28196339	0.28169222	59975	82639	0
59975	82644	0.00007846	0.03689538	0.48535523	0.03687215	0.48366380	0.53172275	0.53179958	0.28181383	0.28165549	0.53172480	0.53192004	0.28187900	0.28179099	59975	82642	0
59975	82647	0.00066517	0.03693211	0.48722913	0.03696076	0.48546900	0.53187074	0.53182957	0.28171630	0.28171736	0.53175479	0.53179728	0.28203750	0.28171778	59975	82646	0
59975	82651	0.00148759	0.03679952	0.48914034	0.03679513	0.48667309	0.53177583	0.53179999	0.28181729	0.28169033	0.53179539	0.53185792	0.28184251	0.28173355	59975	82649	0
59975	82654	-0.00042414	0.03682566	0.48314969	0.03686550	0.48888490	0.53187641	0.53181626	0.28184769	0.28176042	0.53192366	0.53193212	0.28183824	0.28177135	59975	82652	0
59975	82984	0.00032416	0.03724464	0.48730166	0.03735331	0.48505674	0.53072436	0.53082806	0.28057912	0.28042415	0.53078616	0.53078961	0.28069310	0.28046384	59975	82983	0
59975	82987	-0.00003083	0.03737357	0.48523256	0.03723454	0.48629753	0.53082626	0.53085781	0.28048274	0.28053672	0.53092831	0.53098082	0.28064848	0.28052547	59975	82986	0
59975	82991	0.00110212	0.03719663	0.48839526	0.03715934	0.48499639	0.53067490	0.53086718	0.28065004	0.28045776	0.53078870	0.53076011	0.28050648	0.28051889	59975	82989	0
59975	82994	0.00064306	0.03723459	0.48671972	0.03723146	0.48809691	0.53083677	0.53109331	0.28061035	0.28074396	0.53078903	0.53078772	0.28063525	0.28053944	59975	82992	0
59975	82997	0.00037111	0.03719435	0.48655734	0.03728884	0.48737321	0.53076537	0.53082954	0.28076459	0.28049876	0.53084696	0.53084285	0.28084216	0.28060476	59975	82996	0
59975	83328	0.00026847	0.03687308	0.48721381	0.03686718	0.48752171	0.53151732	0.53148930	0.28141900	0.28132943	0.53166391	0.53163942	0.28144365	0.28142114	59975	83326	0
59975	83331	0.00151347	0.03686573	0.48927268	0.03692217	0.48553767	0.53142841	0.53142808	0.28148967	0.28130881	0.53148083	0.53143983	0.28147208	0.28133428	59975	83329	0
59975	83334	0.00028941	0.03690831	0.48629758	0.03682241	0.48996978	0.53160368	0.53165290	0.28157915	0.28142270	0.53139694	0.53147820	0.28145548	0.28135072	59975	83333	0
59975	83337	0.00113776	0.03696712	0.48802393	0.03698114	0.48547887	0.53158733	0.53156818	0.28159148	0.28130774	0.53154254	0.53153400	0.28138810	0.28126575	59975	83336	0
59975	83341	0.00027457	0.03687600	0.48630879	0.03704781	0.48889835	0.53145454	0.53155832	0.28144028	0.28133831	0.53148067	0.53157665	0.28145507	0.28137446	59975	83339	0
59975	83671	0.00003534	0.03716814	0.48720026	0.03714186	0.48791797	0.53138017	0.53149382	0.28123609	0.28127241	0.53147574	0.53139003	0.28125852	0.28121349	59975	83669	0
59975	83674	0.00054203	0.03701341	0.48900680	0.03706128	0.48748671	0.53133366	0.53140639	0.28134406	0.28121135	0.53137015	0.53137081	0.28123904	0.28122877	59975	83673	0
59975	83678	-0.00035893	0.03707125	0.48672341	0.03710125	0.48942631	0.53121747	0.53122799	0.28136386	0.28113970	0.53142561	0.53125642	0.28132500	0.28117758	59975	83676	0
59975	83681	0.00079413	0.03704012	0.48836326	0.03707230	0.48490406	0.53139291	0.53138584	0.28141506	0.28127175	0.53132101	0.53131772	0.28128210	0.28120601	59975	83679	0
59975	83684	0.00021939	0.03700116	0.48494189	0.03701502	0.48666612	0.53133901	0.53136588	0.28127610	0.28121160	0.53138535	0.53145668	0.28127052	0.28122146	59975	83683	0
59975	84015	0.00121575	0.03720877	0.48838685	0.03730919	0.48539776	0.53108173	0.53108756	0.28086631	0.28071980	0.53110851	0.53109750	0.28079187	0.28068447	59975	84013	0
59975	84018	0.00106398	0.03734673	0.48675119	0.03712898	0.48720651	0.53116028	0.53108378	0.28079367	0.28071216	0.53102741	0.53098501	0.28074445	0.28062300	59975	84016	0
59975	84021	0.00018563	0.03723195	0.48490333	0.03728005	0.48753837	0.53079429	0.53101525	0.28085571	0.28070969	0.53093291	0.53095222	0.28074166	0.28067190	59975	84019	0
59975	84024	0.00008511	0.03727779	0.48703186	0.03725931	0.48733343	0.53086800	0.53091886	0.28085982	0.28074158	0.53090966	0.53090580	0.28081520	0.28069153	59975	84023	0
59975	84028	0.00136503	0.03724511	0.48782095	0.03722749	0.48398118	0.53092141	0.53098024	0.28092893	0.28080600	0.53107425	0.53106718	0.28100543	0.28075579	59975	84026	0
59975	84358	0.00063222	0.03681778	0.48558924	0.03671179	0.48778767	0.53142348	0.53142126	0.28131431	0.28128038	0.53139480	0.53144714	0.28147069	0.28118341	59975	84356	0
59975	84361	0.00155006	0.03672538	0.48925804	0.03683059	0.48650453	0.53126941	0.53130441	0.28147504	0.28113978	0.53139061	0.53149554	0.28151744	0.28121801	59975	84360	0
59975	84365	0.00022555	0.03686579	0.48447548	0.03682149	0.48844900	0.53153671	0.53147746	0.28134143	0.28125548	0.53138264	0.53136900	0.28126057	0.28124250	59975	84363	0
59975	84368	0.00160159	0.03669899	0.48965648	0.03688087	0.48552838	0.53129891	0.53133613	0.28123074	0.28125145	0.53144386	0.53143457	0.28153659	0.28129977	59975	84366	0
59975	84371	0.00078506	0.03686800	0.48660203	0.03680074	0.48905161	0.53151288	0.53138568	0.28143839	0.28130445	0.53139390	0.53141773	0.28147512	0.28130799	59975	84369	0
59975	84701	0.00087474	0.03693664	0.48849470	0.03700712	0.48822565	0.53133736	0.53133120	0.28120034	0.28117668	0.53122175	0.53124977	0.28129788	0.28103559	59975	84700	0
59975	84705	0.00075440	0.03706110	0.48770048	0.03706692	0.48806149	0.53125585	0.53120893	0.28123937	0.28107182	0.53130844	0.53124221	0.28116846	0.28115580	59975	84703	0
59975	84708	0.00039644	0.03696958	0.48648445	0.03706595	0.48755834	0.53135930	0.53135700	0.28135565	0.28127052	0.53137590	0.53137442	0.28129229	0.28123042	59975	84706	0
59975	84711	0.00157237	0.03702842	0.48793519	0.03712071	0.48440740	0.53136037	0.53132282	0.28131785	0.28112252	0.53137837	0.53128001	0.28148835	0.28114019	59975	84710	0
59975	84714	0.00065174	0.03720221	0.48652665	0.03707255	0.48928855	0.53122618	0.53131172	0.28134833	0.28119894	0.53142907	0.53140918	0.28131053	0.28120166	59975	84713	0
59975	85045	0.00075203	0.03715644	0.48709398	0.03716292	0.48679308	0.53093374	0.53101270	0.28085686	0.28066754	0.53105436	0.53102371	0.28067715	0.28064067	59975	85043	0
59975	85048	0.00039174	0.03748765	0.48692235	0.03744771	0.48800322	0.53105141	0.53107310	0.28072580	0.28073188	0.53104902	0.53104064	0.28094027	0.28068619	59975	85046	0
59975	85051	0.00050362	0.03730739	0.48745755	0.03726655	0.48712192	0.53095691	0.53114894	0.28081159	0.28074117	0.53101541	0.53112824	0.28066779	0.28068126	59975	85050	0
59975	85055	0.00041987	0.03721990	0.48665796	0.03719407	0.48690921	0.53091615	0.53098780	0.28091019	0.28071405	0.53106932	0.53099331	0.28075727	0.28074363	59975	85053	0
59975	85058	-0.00024563	0.03737966	0.48618942	0.03740637	0.48818591	0.53095839	0.53105749	0.28087774	0.28063903	0.53094261	0.53104532	0.28085645	0.28073525	59975	85056	0
59975	85388	0.00076788	0.03725442	0.48880914	0.03731485	0.48576861	0.53052797	0.53066076	0.28042612	0.28024616	0.53067777	0.53067054	0.28032456	0.28024206	59975	85387	0
59975	85392	0.00192354	0.03724596	0.48693376	0.03729944	0.48346679	0.53089388	0.53056569	0.28047148	0.28023367	0.53050275	0.53063529	0.28048750	0.28024732	59975	85390	0
59975	85395	0.00129614	0.03723775	0.48580574	0.03718687	0.48768794	0.53058853	0.53049116	0.28032850	0.28015701	0.53058377	0.53072321	0.28040697	0.28033195	59975	85393	0
59975	85398	-0.00000767	0.03714447	0.48498786	0.03734187	0.48889929	0.53043167	0.53054153	0.28024592	0.28020056	0.53047505	0.53052469	0.28042982	0.28014123	59975	85396	0
59975	85401	-0.00034232	0.03720896	0.48646143	0.03724196	0.48746539	0.53035697	0.53051581	0.28044814	0.28031560	0.53053397	0.53059798	0.28042587	0.28024115	59975	85400	0
59975	85732	0.00013243	0.03697630	0.48847336	0.03695346	0.48704910	0.53134698	0.53132652	0.28143543	0.28118736	0.53143860	0.53141756	0.28125704	0.28122458	59975	85730	0
59975	85735	0.00062065	0.03696192	0.48939396	0.03690456	0.48792930	0.53128313	0.53138395	0.28141662	0.28125104	0.53135182	0.53143999	0.28127052	0.28119919	59975	85733	0
59975	85738	0.00085331	0.03699177	0.48793213	0.03708045	0.48723413	0.53138330	0.53139184	0.28136066	0.28118152	0.53138798	0.53138486	0.28127890	0.28124932	59975	85737	0
59975	85741	0.00122794	0.03695920	0.48736335	0.03696507	0.48623948	0.53137286	0.53142874	0.28130018	0.28121973	0.53129784	0.53144427	0.28141004	0.28130067	59975	85740	0
59975	85745	0.00125322	0.03693639	0.48720725	0.03697614	0.48713140	0.53145207	0.53151173	0.28152237	0.28137857	0.53149661	0.53154879	0.28156814	0.28141563	59975	85743	0
59975	86075	0.00153449	0.03731152	0.48743101	0.03723096	0.48658720	0.53136974	0.53136497	0.28123099	0.28111365	0.53144057	0.53146596	0.28108481	0.28111406	59975	86074	0
59975	86078	0.00120060	0.03726214	0.48622940	0.03724300	0.48723107	0.53140269	0.53135207	0.28108982	0.28108579	0.53120227	0.53146530	0.28130191	0.28110888	59975	86077	0
59975	86082	0.00067116	0.03712920	0.48600534	0.03714021	0.48759366	0.53137113	0.53146966	0.28131160	0.28114455	0.53156309	0.53155109	0.28121061	0.28116706	59975	86080	0
59975	86085	0.00025956	0.03715799	0.48613105	0.03700657	0.48736585	0.53144764	0.53141937	0.28116731	0.28106920	0.53137385	0.53131994	0.28125219	0.28116008	59975	86083	0
59975	86088	0.00070494	0.03715906	0.48661047	0.03723764	0.48527433	0.53165011	0.53134821	0.28139090	0.28119303	0.53131797	0.53141830	0.28126706	0.28111620	59975	86087	0
