% File initiated 24/04/2023 21:38:12 UTC
% Raw fountain data
%
% File notes: Normal operation
%
%% fountain_code = ALPHA-CsF1
%% microwave_ref = ALPHA HM1
%% MJD_start = 60058.901537
%% clock_data = True
%% sequence = 1
%% density = HD
%
% Units: V.s, Hz
%
% Shot B MJD days	Shot B MJD seconds	freq error	shot A sum	shot A ratio	shot B sum	shot B ratio	shot A F=3 bg 1	shot A F=3 bg 2	shot A F=4 bg 1	shot A F=4 bg 2	shot B F=3 bg 1	shot B F=3 bg 2	shot B F=4 bg 1	shot B F=4 bg 2	Shot A MJD days	Shot A MJD seconds	Shot order (0=LF->HF)
60058	77895	0.00061688	0.06959052	0.43091260	0.06955331	0.42906195	0.65016110	0.65004195	0.34074917	0.34055960	0.65007458	0.65017877	0.34087177	0.34078097	60058	77893	0
60058	77898	0.00098147	0.06980581	0.43110513	0.06977623	0.43001136	0.65026341	0.65031805	0.34068220	0.34073758	0.65031460	0.64997088	0.34065754	0.34053807	60058	77897	0
60058	77902	0.00085880	0.07009208	0.43029018	0.07036510	0.43065819	0.65003119	0.65014565	0.34073396	0.34057225	0.64994244	0.64987358	0.34049945	0.34049402	60058	77900	0
60058	77905	-0.00000252	0.07043029	0.42953497	0.07092833	0.43211895	0.64992905	0.64986340	0.34053930	0.34043946	0.64966775	0.64978122	0.34028933	0.34026468	60058	77903	0
60058	77908	0.00123418	0.07081202	0.43207692	0.07037548	0.42836682	0.64968788	0.64984244	0.34034537	0.34024208	0.64968812	0.64982872	0.34024669	0.34022828	60058	77907	0
60058	78010	0.00199287	0.07110033	0.43168330	0.07099985	0.42940722	0.64819252	0.64813952	0.33870408	0.33876784	0.64801643	0.64795250	0.33885043	0.33873728	60058	78008	0
60058	78013	0.00137195	0.07108235	0.42924726	0.07119535	0.43111002	0.64787945	0.64798512	0.33862043	0.33867680	0.64819918	0.64813204	0.33873342	0.33875560	60058	78012	0
60058	78017	0.00048635	0.07131362	0.43013993	0.07118661	0.43279674	0.64814544	0.64813820	0.33887672	0.33865774	0.64808824	0.64774189	0.33865971	0.33858353	60058	78015	0
60058	78020	-0.00054978	0.07113350	0.42939903	0.07119238	0.43250740	0.64767352	0.64788282	0.33872824	0.33851714	0.64794510	0.64798537	0.33861698	0.33865930	60058	78018	0
60058	78023	0.00051453	0.07155238	0.43227150	0.07096121	0.42907858	0.64811865	0.64783129	0.33887795	0.33859167	0.64789974	0.64771231	0.33863366	0.33862733	60058	78021	0
60058	78125	-0.00033907	0.07075183	0.42940569	0.07082710	0.43196649	0.64831109	0.64842285	0.33926983	0.33926342	0.64841775	0.64842819	0.33920311	0.33920508	60058	78123	0
60058	78128	0.00036952	0.07092043	0.43147548	0.07054592	0.42934969	0.64839064	0.64849499	0.33939194	0.33932472	0.64829433	0.64818751	0.33926268	0.33907508	60058	78127	0
60058	78131	0.00069576	0.07107981	0.43102766	0.07087876	0.43004897	0.64843534	0.64842441	0.33944634	0.33924510	0.64831528	0.64817222	0.33935759	0.33911099	60058	78130	0
60058	78135	-0.00006270	0.07100639	0.43025058	0.07094259	0.43252595	0.64840173	0.64839729	0.33934469	0.33928931	0.64860954	0.64834700	0.33941363	0.33939153	60058	78133	0
60058	78138	0.00091067	0.07075377	0.43102033	0.07093606	0.42810022	0.64841151	0.64865350	0.33926835	0.33942941	0.64838340	0.64845547	0.33943984	0.33936104	60058	78136	0
60058	78240	0.00111724	0.07033422	0.43127328	0.07070519	0.43065360	0.64829655	0.64822366	0.33957477	0.33940928	0.64852055	0.64860740	0.33952941	0.33941667	60058	78238	0
60058	78243	0.00095805	0.07089539	0.43075667	0.07086101	0.43123424	0.64878703	0.64842145	0.33983484	0.33941297	0.64857914	0.64846582	0.33953672	0.33952547	60058	78241	0
60058	78246	0.00117890	0.07073688	0.43188470	0.07059531	0.43122213	0.64842622	0.64834183	0.33961421	0.33956992	0.64830879	0.64842811	0.33965809	0.33955053	60058	78245	0
60058	78250	0.00028011	0.07090570	0.42957331	0.07058450	0.43226969	0.64868522	0.64852909	0.33953566	0.33959589	0.64835210	0.64824059	0.33970518	0.33939128	60058	78248	0
60058	78253	0.00052510	0.07069756	0.43122236	0.07090401	0.43048739	0.64851841	0.64836730	0.33965283	0.33949268	0.64840871	0.64859623	0.33969523	0.33952029	60058	78251	0
60058	78355	0.00035813	0.07091339	0.43065812	0.07105122	0.43115904	0.64738436	0.64727327	0.33831697	0.33811647	0.64735141	0.64744040	0.33827991	0.33837490	60058	78353	0
60058	78358	0.00076210	0.07093532	0.43167178	0.07116788	0.43045987	0.64774074	0.64770902	0.33846685	0.33850933	0.64785217	0.64794954	0.33886374	0.33882471	60058	78356	0
60058	78361	0.00104183	0.07105074	0.43223979	0.07061267	0.43140060	0.64741945	0.64713193	0.33847646	0.33832617	0.64764386	0.64754197	0.33857491	0.33852174	60058	78360	0
60058	78364	0.00098860	0.07098952	0.43011673	0.07091553	0.43027640	0.64769349	0.64758503	0.33874418	0.33858123	0.64775159	0.64772357	0.33862511	0.33855469	60058	78363	0
60058	78368	0.00116406	0.07098338	0.43230935	0.07089992	0.43178297	0.64756218	0.64764616	0.33861509	0.33856948	0.64787772	0.64772800	0.33877705	0.33865700	60058	78366	0
60058	78470	0.00002499	0.07093013	0.42831205	0.07130040	0.43172928	0.64729422	0.64721714	0.33814753	0.33809034	0.64741444	0.64716455	0.33812609	0.33812822	60058	78468	0
60058	78473	0.00030501	0.07100058	0.43181289	0.07088155	0.43097281	0.64737688	0.64725552	0.33827309	0.33809897	0.64755462	0.64744435	0.33838854	0.33820793	60058	78471	0
60058	78476	0.00140015	0.07101980	0.43230420	0.07097483	0.42901877	0.64754106	0.64757500	0.33836841	0.33819108	0.64761428	0.64758420	0.33845025	0.33833932	60058	78474	0
60058	78479	0.00081098	0.07131729	0.43066404	0.07117458	0.43243157	0.64775882	0.64756613	0.33830974	0.33830169	0.64777065	0.64766350	0.33824252	0.33826997	60058	78478	0
60058	78483	0.00162580	0.07087523	0.43236536	0.07124935	0.42992089	0.64763079	0.64754271	0.33838616	0.33824663	0.64774510	0.64781642	0.33850629	0.33840424	60058	78481	0
60058	78584	0.00083878	0.07105862	0.42930766	0.07112988	0.43166872	0.64846467	0.64843041	0.33936277	0.33924428	0.64856706	0.64849335	0.33931527	0.33933647	60058	78583	0
60058	78588	0.00051735	0.07119807	0.43113816	0.07090229	0.43210246	0.64870091	0.64862762	0.33950838	0.33939235	0.64884981	0.64862203	0.33946039	0.33930188	60058	78586	0
60058	78591	0.00076730	0.07148775	0.43162136	0.07136070	0.43087150	0.64859861	0.64852942	0.33932735	0.33939851	0.64870050	0.64866246	0.33950008	0.33933499	60058	78589	0
60058	78594	0.00108503	0.07111378	0.43112945	0.07128780	0.43017625	0.64866796	0.64873411	0.33936441	0.33942949	0.64880708	0.64880593	0.33936071	0.33947033	60058	78593	0
60058	78597	-0.00004644	0.07126158	0.43000504	0.07109387	0.43339944	0.64894406	0.64889122	0.33964519	0.33941610	0.64847092	0.64836237	0.33928314	0.33914822	60058	78596	0
60058	78699	0.00056459	0.07111757	0.43140109	0.07124626	0.42956802	0.64729537	0.64725642	0.33807695	0.33788771	0.64741813	0.64743703	0.33813866	0.33802419	60058	78698	0
60058	78703	0.00019290	0.07098706	0.43006949	0.07119531	0.43118456	0.64742594	0.64747237	0.33794498	0.33781400	0.64749603	0.64736374	0.33810776	0.33790250	60058	78701	0
60058	78706	0.00004419	0.07099514	0.43154411	0.07083749	0.43199024	0.64746810	0.64723424	0.33793290	0.33784358	0.64738453	0.64744903	0.33801556	0.33789025	60058	78704	0
60058	78709	0.00154087	0.07042236	0.43432282	0.07107402	0.42983277	0.64721188	0.64730712	0.33806963	0.33798261	0.64733917	0.64729488	0.33796848	0.33779419	60058	78707	0
60058	78712	0.00037923	0.07112791	0.42904845	0.07130552	0.43253338	0.64721238	0.64716201	0.33784793	0.33785607	0.64713875	0.64720687	0.33801121	0.33779337	60058	78711	0
60058	78814	0.00146189	0.07082803	0.43325746	0.07105929	0.43000946	0.64744279	0.64722158	0.33816199	0.33785015	0.64726193	0.64724820	0.33786067	0.33782895	60058	78813	0
60058	78817	-0.00034147	0.07080993	0.42957966	0.07087581	0.43498974	0.64733490	0.64710802	0.33790225	0.33779658	0.64715330	0.64725585	0.33795394	0.33771786	60058	78816	0
60058	78821	0.00012211	0.07054301	0.43257580	0.07137602	0.43118507	0.64730153	0.64729184	0.33787579	0.33798417	0.64746686	0.64727565	0.33782920	0.33792863	60058	78819	0
60058	78824	-0.00011768	0.07117825	0.43068750	0.07085865	0.43140688	0.64718041	0.64715272	0.33804408	0.33772566	0.64718781	0.64697885	0.33801285	0.33780225	60058	78822	0
60058	78827	0.00032916	0.07069117	0.43168770	0.07105900	0.43034717	0.64720243	0.64712273	0.33788154	0.33774013	0.64725609	0.64729134	0.33786987	0.33773142	60058	78826	0
60058	78929	0.00064856	0.07088676	0.43218166	0.07084458	0.43122349	0.64805250	0.64782529	0.33885174	0.33866784	0.64839343	0.64827864	0.33892446	0.33883038	60058	78927	0
60058	78932	-0.00009355	0.07128544	0.43075600	0.07128704	0.43298232	0.64851718	0.64831660	0.33923803	0.33886530	0.64836212	0.64830435	0.33901518	0.33897681	60058	78931	0
60058	78936	0.00084727	0.07078220	0.43276560	0.07114060	0.42994316	0.64823944	0.64842884	0.33912554	0.33898470	0.64828751	0.64823845	0.33900762	0.33900064	60058	78934	0
60058	78939	0.00072355	0.07107600	0.43019388	0.07107625	0.43056502	0.64843221	0.64831134	0.33905972	0.33895569	0.64844273	0.64826056	0.33930829	0.33897705	60058	78937	0
60058	78942	-0.00062691	0.07128644	0.42849880	0.07069633	0.43255018	0.64845991	0.64843345	0.33921059	0.33902496	0.64845571	0.64830575	0.33934288	0.33912784	60058	78941	0
60058	79044	-0.00015873	0.07084226	0.43050081	0.07080449	0.42909626	0.64822383	0.64804116	0.33905717	0.33891896	0.64844742	0.64835555	0.33927640	0.33904838	60058	79042	0
60058	79047	0.00038619	0.07112135	0.43015707	0.07100587	0.42852233	0.64847412	0.64827543	0.33898585	0.33900442	0.64820386	0.64863690	0.33896481	0.33913844	60058	79046	0
60058	79050	0.00092910	0.07069511	0.43205626	0.07034205	0.43042751	0.64841233	0.64852071	0.33904485	0.33901378	0.64823944	0.64825555	0.33895265	0.33888371	60058	79049	0
60058	79054	0.00042778	0.07124387	0.43060013	0.07096116	0.43210411	0.64864249	0.64854799	0.33929358	0.33903835	0.64858012	0.64886846	0.33910656	0.33922677	60058	79052	0
60058	79057	0.00111333	0.07086517	0.43152063	0.07080848	0.42946398	0.64888054	0.64842350	0.33926087	0.33909366	0.64835012	0.64828956	0.33909990	0.33898626	60058	79055	0
60058	79159	0.00073464	0.07114594	0.42894523	0.07106000	0.43008128	0.64740121	0.64732857	0.33793282	0.33782246	0.64732413	0.64729742	0.33778737	0.33784046	60058	79157	0
60058	79162	0.00070450	0.07130354	0.43053812	0.07104697	0.43062857	0.64727335	0.64722429	0.33806930	0.33788886	0.64745955	0.64767246	0.33794605	0.33795525	60058	79160	0
60058	79165	-0.00062658	0.07114226	0.42906789	0.07127422	0.43306111	0.64753778	0.64756876	0.33791433	0.33786289	0.64745815	0.64739003	0.33797522	0.33797489	60058	79164	0
60058	79169	0.00164106	0.07093881	0.43326978	0.07129852	0.42646689	0.64768486	0.64751452	0.33810940	0.33778244	0.64743786	0.64753482	0.33801515	0.33782476	60058	79167	0
60058	79172	0.00048263	0.07109289	0.43000516	0.07113169	0.43348044	0.64753507	0.64743942	0.33800110	0.33790882	0.64757985	0.64742857	0.33786437	0.33783429	60058	79170	0
60058	79274	0.00094648	0.07094604	0.43358497	0.07087940	0.43219342	0.64857289	0.64836590	0.33908338	0.33886431	0.64845613	0.64854931	0.33896801	0.33886152	60058	79272	0
60058	79277	0.00124256	0.07096787	0.43042388	0.07077577	0.42953564	0.64832112	0.64826598	0.33903572	0.33887804	0.64857733	0.64849458	0.33905117	0.33899069	60058	79275	0
60058	79280	0.00095357	0.07104987	0.43080613	0.07090395	0.43167309	0.64858440	0.64831997	0.33918224	0.33896736	0.64890454	0.64857100	0.33937994	0.33900113	60058	79279	0
60058	79284	0.00030791	0.07097243	0.43015388	0.07070840	0.43209087	0.64853641	0.64839376	0.33915076	0.33896465	0.64840773	0.64835982	0.33911050	0.33907434	60058	79282	0
60058	79287	0.00029073	0.07087755	0.43179796	0.07082761	0.43184951	0.64868925	0.64854101	0.33911165	0.33899628	0.64860551	0.64869722	0.33933877	0.33922488	60058	79285	0
60058	79389	0.00153845	0.07107041	0.43368178	0.07098531	0.42993863	0.64822292	0.64794674	0.33862010	0.33845904	0.64835933	0.64844980	0.33875322	0.33890236	60058	79387	0
60058	79392	0.00083113	0.07103152	0.43018482	0.07095240	0.43230676	0.64849171	0.64824503	0.33889233	0.33875166	0.64831233	0.64830156	0.33906317	0.33885380	60058	79390	0
60058	79395	0.00120299	0.07092003	0.43183298	0.07083926	0.43071740	0.64848825	0.64847092	0.33883292	0.33879800	0.64830509	0.64829655	0.33910877	0.33891411	60058	79393	0
60058	79398	0.00087206	0.07100606	0.43177549	0.07092802	0.43276830	0.64854011	0.64847371	0.33889086	0.33893925	0.64848390	0.64823254	0.33896267	0.33877195	60058	79397	0
60058	79402	0.00023797	0.07098167	0.42992225	0.07082539	0.43182451	0.64838538	0.64853189	0.33888708	0.33895068	0.64859434	0.64846311	0.33908264	0.33899250	60058	79400	0
60058	79503	0.00184302	0.07149805	0.43293577	0.07168850	0.42812060	0.64745561	0.64757352	0.33764735	0.33758540	0.64758996	0.64742183	0.33761654	0.33744932	60058	79502	0
60058	79507	0.00080398	0.07151166	0.43009623	0.07135556	0.43321338	0.64751773	0.64749217	0.33778039	0.33766157	0.64745725	0.64739159	0.33780463	0.33753445	60058	79505	0
60058	79510	0.00101057	0.07165014	0.43130563	0.07164116	0.43068586	0.64772316	0.64758535	0.33777957	0.33775566	0.64761674	0.64755717	0.33779378	0.33773717	60058	79508	0
60058	79513	0.00157159	0.07152889	0.43047565	0.07162092	0.42879259	0.64765306	0.64742569	0.33765080	0.33759682	0.64785488	0.64744780	0.33783651	0.33754875	60058	79512	0
60058	79517	0.00098408	0.07156459	0.43033258	0.07176057	0.43209509	0.64750458	0.64741452	0.33755195	0.33760052	0.64779982	0.64755322	0.33800948	0.33757981	60058	79515	0
60058	79618	0.00020607	0.07095454	0.43061877	0.07090460	0.43295282	0.64870445	0.64875687	0.33897204	0.33902833	0.64874414	0.64860535	0.33915923	0.33907977	60058	79617	0
60058	79622	0.00062394	0.07089159	0.43194227	0.07091968	0.43068865	0.64865309	0.64868300	0.33895914	0.33896736	0.64849910	0.64838332	0.33919103	0.33905849	60058	79620	0
60058	79625	0.00125017	0.07096280	0.43030474	0.07099036	0.42842606	0.64863132	0.64851077	0.33900195	0.33894780	0.64851406	0.64856887	0.33888149	0.33899579	60058	79623	0
60058	79628	0.00065345	0.07097099	0.43073316	0.07100219	0.43252330	0.64838291	0.64844199	0.33883720	0.33878658	0.64856870	0.64840879	0.33901945	0.33890680	60058	79627	0
60058	79631	0.00018186	0.07140872	0.43027462	0.07121158	0.43168941	0.64846812	0.64851381	0.33890359	0.33895405	0.64861291	0.64860954	0.33907410	0.33891699	60058	79630	0
60058	79733	0.00064511	0.07092463	0.43196127	0.07145237	0.43057151	0.64786268	0.64771732	0.33782131	0.33781014	0.64801133	0.64780163	0.33812830	0.33798039	60058	79732	0
60058	79736	0.00048536	0.07121894	0.43147288	0.07122993	0.43195212	0.64789317	0.64779974	0.33801934	0.33799494	0.64799481	0.64805406	0.33812641	0.33808977	60058	79735	0
60058	79740	0.00137640	0.07152212	0.43281961	0.07116820	0.43014650	0.64837091	0.64818964	0.33821204	0.33818204	0.64818923	0.64797879	0.33822453	0.33803422	60058	79738	0
60058	79743	0.00082638	0.07116761	0.42832418	0.07128518	0.42997424	0.64830937	0.64817551	0.33822905	0.33806824	0.64821955	0.64829129	0.33815879	0.33798993	60058	79741	0
60058	79746	0.00048446	0.07150373	0.42998045	0.07107268	0.43100622	0.64840666	0.64837313	0.33821097	0.33832535	0.64813056	0.64811380	0.33809478	0.33814326	60058	79745	0
60058	79848	0.00009325	0.07088075	0.43108130	0.07096541	0.43225492	0.64895762	0.64873280	0.33910787	0.33891280	0.64892541	0.64878481	0.33899152	0.33886292	60058	79846	0
60058	79851	0.00016470	0.07132755	0.43098563	0.07099266	0.43077129	0.64874455	0.64885630	0.33901091	0.33901387	0.64897972	0.64874874	0.33908700	0.33885503	60058	79850	0
60058	79855	-0.00030510	0.07133286	0.42953550	0.07082523	0.43094490	0.64887643	0.64884628	0.33888305	0.33893671	0.64883379	0.64858982	0.33886752	0.33881485	60058	79853	0
60058	79858	0.00092292	0.07141641	0.43227391	0.07124720	0.42858984	0.64864767	0.64864520	0.33898026	0.33879915	0.64854150	0.64845267	0.33882865	0.33865987	60058	79856	0
60058	79861	0.00152394	0.07120197	0.43132453	0.07127045	0.42952146	0.64882080	0.64858916	0.33871994	0.33870835	0.64866846	0.64854372	0.33865946	0.33858616	60058	79860	0
60058	79963	0.00087327	0.07162886	0.42887165	0.07167283	0.43082368	0.64857371	0.64828652	0.33862289	0.33843119	0.64849623	0.64845267	0.33846940	0.33841632	60058	79961	0
60058	79966	0.00032255	0.07139990	0.42946146	0.07172496	0.43111362	0.64857708	0.64860330	0.33846570	0.33857022	0.64872655	0.64854298	0.33866792	0.33851040	60058	79965	0
60058	79970	0.00105023	0.07118381	0.43186147	0.07143739	0.42967843	0.64890437	0.64878670	0.33873251	0.33869488	0.64878087	0.64874479	0.33879587	0.33872996	60058	79968	0
60058	79973	0.00060205	0.07166621	0.42946048	0.07124897	0.43080501	0.64873000	0.64903305	0.33882290	0.33894895	0.64881973	0.64870165	0.33882413	0.33872775	60058	79971	0
60058	79976	0.00131330	0.07155235	0.43114679	0.07099125	0.42901305	0.64901900	0.64878613	0.33898741	0.33871682	0.64866229	0.64885630	0.33877015	0.33882660	60058	79974	0
60058	80078	0.00024709	0.07074856	0.43127570	0.07097446	0.43447433	0.64875474	0.64861143	0.33891929	0.33883136	0.64871184	0.64859549	0.33886760	0.33891066	60058	80076	0
60058	80081	0.00102680	0.07083071	0.43372679	0.07067213	0.43138767	0.64886287	0.64885408	0.33890220	0.33894829	0.64902064	0.64876443	0.33906268	0.33896128	60058	80080	0
60058	80084	0.00143609	0.07087176	0.43324840	0.07121508	0.43202052	0.64865457	0.64829803	0.33888058	0.33877540	0.64902253	0.64857914	0.33917279	0.33881616	60058	80083	0
60058	80088	0.00087025	0.07083036	0.43141807	0.07093107	0.43311557	0.64871291	0.64873781	0.33890663	0.33886366	0.64876320	0.64866657	0.33900992	0.33888354	60058	80086	0
60058	80091	0.00142175	0.07111661	0.43236933	0.07073654	0.43071484	0.64881669	0.64858875	0.33883909	0.33879554	0.64855564	0.64831002	0.33898987	0.33853686	60058	80089	0
60058	80193	0.00091222	0.07123223	0.43074948	0.07118295	0.43227807	0.64893280	0.64886986	0.33911412	0.33906876	0.64893913	0.64869105	0.33885224	0.33895914	60058	80191	0
60058	80196	-0.00032344	0.07135255	0.43102931	0.07126594	0.43473629	0.64897915	0.64877314	0.33917673	0.33890146	0.64880462	0.64889024	0.33910360	0.33885675	60058	80194	0
60058	80199	0.00120118	0.07128454	0.43491666	0.07120062	0.43034281	0.64863329	0.64857774	0.33894698	0.33888231	0.64881842	0.64884792	0.33886021	0.33882380	60058	80198	0
60058	80203	0.00165063	0.07129248	0.43201167	0.07126927	0.43066333	0.64891908	0.64880568	0.33875445	0.33877976	0.64868119	0.64881727	0.33872742	0.33878017	60058	80201	0
60058	80206	0.00096620	0.07126060	0.42954735	0.07130622	0.43160062	0.64881768	0.64860165	0.33879028	0.33856685	0.64865210	0.64854035	0.33868797	0.33852232	60058	80204	0
60058	80308	0.00044865	0.07131270	0.42878294	0.07129554	0.43033560	0.64785479	0.64771601	0.33766272	0.33761358	0.64797435	0.64792932	0.33783092	0.33761703	60058	80306	0
60058	80311	0.00064841	0.07149626	0.43168917	0.07113229	0.43108989	0.64824322	0.64816598	0.33795903	0.33781572	0.64777254	0.64786449	0.33771654	0.33779436	60058	80309	0
60058	80314	-0.00038369	0.07123804	0.42946554	0.07115242	0.43256184	0.64798775	0.64791330	0.33787111	0.33775689	0.64758059	0.64758199	0.33773791	0.33759871	60058	80313	0
60058	80317	0.00010495	0.07141730	0.43243284	0.07152526	0.43096692	0.64780952	0.64773162	0.33767192	0.33753157	0.64752972	0.64754098	0.33774078	0.33749164	60058	80316	0
60058	80321	0.00090008	0.07131230	0.43224156	0.07162206	0.42985616	0.64771946	0.64769538	0.33786240	0.33770750	0.64800287	0.64783795	0.33777702	0.33770339	60058	80319	0
60058	80423	0.00027404	0.07124232	0.42947010	0.07057496	0.43134822	0.64932846	0.64903798	0.33934477	0.33913984	0.64934350	0.64942928	0.33928585	0.33935011	60058	80421	0
60058	80426	0.00079946	0.07117670	0.43244506	0.07102305	0.43086880	0.64947974	0.64947891	0.33959868	0.33943220	0.64929830	0.64925771	0.33954552	0.33936384	60058	80424	0
60058	80429	0.00051667	0.07077346	0.43077699	0.07083901	0.43162535	0.64946667	0.64940208	0.33938471	0.33935677	0.64934391	0.64942263	0.33940854	0.33944510	60058	80427	0
60058	80432	0.00038446	0.07101932	0.43090701	0.07102755	0.43130364	0.64949666	0.64943955	0.33956105	0.33931979	0.64938910	0.64941384	0.33938602	0.33934641	60058	80431	0
60058	80436	0.00008028	0.07118826	0.43132550	0.07094633	0.43223805	0.64921054	0.64918589	0.33925759	0.33925397	0.64911859	0.64895721	0.33936515	0.33917517	60058	80434	0
60058	80537	0.00043500	0.07135550	0.43161576	0.07132024	0.43055158	0.64926387	0.64907282	0.33918618	0.33901526	0.64924300	0.64913692	0.33940172	0.33922324	60058	80536	0
60058	80541	-0.00037225	0.07110314	0.43058765	0.07114927	0.43300941	0.64915672	0.64941803	0.33925652	0.33929333	0.64923495	0.64910865	0.33920722	0.33914509	60058	80539	0
60058	80544	0.00150869	0.07111546	0.43344571	0.07132930	0.42780287	0.64917398	0.64918548	0.33920952	0.33934379	0.64914144	0.64917398	0.33928561	0.33926178	60058	80542	0
60058	80547	0.00147916	0.07107670	0.43108150	0.07135137	0.43117011	0.64915516	0.64919304	0.33905076	0.33917944	0.64944991	0.64920898	0.33924337	0.33913088	60058	80546	0
60058	80550	0.00081520	0.07125926	0.43122884	0.07096383	0.43322071	0.64925902	0.64893510	0.33928421	0.33909957	0.64927636	0.64924571	0.33917533	0.33920270	60058	80549	0
60058	80652	0.00091069	0.07131919	0.43018182	0.07139570	0.42989536	0.64804321	0.64807156	0.33788590	0.33766757	0.64813171	0.64812777	0.33803890	0.33787686	60058	80651	0
60058	80656	0.00105858	0.07142041	0.43221152	0.07175026	0.43176785	0.64834215	0.64809950	0.33814079	0.33790767	0.64816039	0.64806031	0.33794251	0.33790965	60058	80654	0
60058	80659	0.00041761	0.07152931	0.42964181	0.07158209	0.43156473	0.64807074	0.64811881	0.33795517	0.33780808	0.64797649	0.64799350	0.33789214	0.33769748	60058	80657	0
60058	80662	0.00112232	0.07180945	0.43286995	0.07147879	0.43075582	0.64806770	0.64806606	0.33788853	0.33769008	0.64817600	0.64802777	0.33779748	0.33785911	60058	80660	0
60058	80665	0.00108002	0.07139035	0.43056296	0.07166295	0.43068986	0.64796671	0.64777295	0.33764209	0.33772402	0.64798175	0.64825604	0.33794325	0.33795040	60058	80664	0
60058	80767	0.00087627	0.07149344	0.43063804	0.07119596	0.43124928	0.64889246	0.64902410	0.33896308	0.33896152	0.64926658	0.64929444	0.33916383	0.33918823	60058	80766	0
60058	80770	-0.00007264	0.07115835	0.42995652	0.07111832	0.43280327	0.64945730	0.64932862	0.33909004	0.33908692	0.64933824	0.64935073	0.33922234	0.33926975	60058	80769	0
60058	80774	0.00102496	0.07123477	0.43323308	0.07133373	0.42994027	0.64947711	0.64953972	0.33946096	0.33935019	0.64938047	0.64932723	0.33927312	0.33930533	60058	80772	0
60058	80777	0.00090278	0.07098427	0.43109145	0.07130722	0.43145799	0.64937316	0.64923634	0.33923376	0.33938126	0.64920528	0.64922591	0.33925709	0.33925874	60058	80775	0
60058	80780	0.00123654	0.07136615	0.43079452	0.07139987	0.42979325	0.64951261	0.64930216	0.33937567	0.33911247	0.64929107	0.64923421	0.33917344	0.33923310	60058	80779	0
60058	80882	0.00064796	0.07127429	0.43262451	0.07138281	0.43439024	0.64909649	0.64888334	0.33894147	0.33888510	0.64883765	0.64912434	0.33912455	0.33894632	60058	80880	0
60058	80885	0.00088120	0.07100958	0.43264232	0.07077459	0.43194259	0.64935673	0.64929304	0.33906005	0.33905142	0.64899657	0.64896395	0.33897607	0.33897648	60058	80884	0
60058	80889	0.00038623	0.07100874	0.43084393	0.07131077	0.43232884	0.64912467	0.64900536	0.33920968	0.33900475	0.64913503	0.64907249	0.33912126	0.33894591	60058	80887	0
60058	80892	0.00082600	0.07090261	0.43338221	0.07098439	0.43206291	0.64904990	0.64894332	0.33898642	0.33882956	0.64880190	0.64891325	0.33899595	0.33882356	60058	80890	0
60058	80895	0.00062982	0.07136349	0.43125227	0.07095470	0.43184080	0.64915212	0.64904226	0.33898913	0.33893843	0.64916329	0.64927932	0.33894394	0.33908536	60058	80894	0
60058	80997	0.00077983	0.07200563	0.43233037	0.07177697	0.43188036	0.64835358	0.64858957	0.33816545	0.33807571	0.64862762	0.64862606	0.33827054	0.33814967	60058	80995	0
60058	81000	0.00101775	0.07181872	0.42937692	0.07129977	0.42866315	0.64850724	0.64877117	0.33815008	0.33830645	0.64874101	0.64858916	0.33839380	0.33818665	60058	80999	0
60058	81003	0.00052154	0.07148869	0.42883893	0.07157814	0.43032755	0.64855276	0.64857708	0.33826076	0.33814704	0.64850190	0.64840666	0.33818788	0.33796758	60058	81002	0
60058	81007	0.00151486	0.07152978	0.43271973	0.07145073	0.42973977	0.64846607	0.64850633	0.33809601	0.33810037	0.64818036	0.64832514	0.33798606	0.33798286	60058	81005	0
60058	81010	0.00086171	0.07177297	0.42878348	0.07138447	0.43074294	0.64842457	0.64821208	0.33783857	0.33804761	0.64857084	0.64835456	0.33827679	0.33798861	60058	81008	0
60058	81112	0.00016057	0.07162055	0.42955294	0.07122173	0.43165636	0.64922500	0.64907504	0.33893835	0.33871287	0.64925040	0.64936231	0.33901625	0.33896366	60058	81110	0
60058	81115	0.00074260	0.07138994	0.43234815	0.07136894	0.43060205	0.64941236	0.64950094	0.33904534	0.33909670	0.64949058	0.64933224	0.33906424	0.33903515	60058	81113	0
60058	81118	0.00122127	0.07115418	0.43157197	0.07120264	0.43013597	0.64917061	0.64902640	0.33904353	0.33875848	0.64904365	0.64914801	0.33882939	0.33892225	60058	81117	0
60058	81122	0.00182758	0.07101639	0.43241850	0.07119983	0.43059958	0.64878900	0.64894718	0.33898256	0.33882134	0.64934826	0.64952058	0.33913581	0.33908388	60058	81120	0
60058	81125	0.00063799	0.07151967	0.43017297	0.07127334	0.43374174	0.64959190	0.64953224	0.33922455	0.33910672	0.64926938	0.64928557	0.33913310	0.33918150	60058	81123	0
60058	81227	0.00049562	0.07104023	0.43210592	0.07120860	0.43253302	0.64892409	0.64892911	0.33914148	0.33884952	0.64916321	0.64923248	0.33902890	0.33892529	60058	81225	0
60058	81230	0.00025193	0.07133084	0.43155442	0.07105103	0.43228549	0.64931128	0.64912919	0.33907969	0.33902397	0.64921720	0.64926420	0.33905750	0.33898733	60058	81228	0
60058	81233	0.00062106	0.07123208	0.43165402	0.07122819	0.43054664	0.64913133	0.64923717	0.33884895	0.33900113	0.64914020	0.64914037	0.33883810	0.33898848	60058	81232	0
60058	81237	0.00020977	0.07105622	0.43085630	0.07139551	0.43209017	0.64932813	0.64909156	0.33905660	0.33901263	0.64919740	0.64918359	0.33886998	0.33880786	60058	81235	0
60058	81240	0.00192678	0.07141282	0.43448151	0.07123022	0.42933047	0.64895951	0.64913133	0.33883547	0.33895248	0.64940323	0.64909279	0.33898313	0.33885100	60058	81238	0
60058	81342	-0.00043536	0.07128957	0.42641628	0.07108449	0.43350269	0.64977309	0.64989577	0.33947156	0.33956220	0.64975682	0.64980645	0.33938701	0.33941437	60058	81340	0
60058	81345	0.00093849	0.07140300	0.43269521	0.07120871	0.42857367	0.64963225	0.64969511	0.33962202	0.33966549	0.64974195	0.64974055	0.33940500	0.33933360	60058	81343	0
60058	81348	0.00086360	0.07133679	0.42978222	0.07146177	0.43000688	0.64983825	0.64992741	0.33959268	0.33950172	0.64960267	0.64980267	0.33933121	0.33949038	60058	81347	0
60058	81351	0.00059968	0.07084404	0.43043895	0.07140575	0.43123070	0.64960686	0.64957703	0.33943253	0.33946951	0.64959396	0.64952164	0.33930779	0.33918010	60058	81350	0
60058	81355	0.00103160	0.07165656	0.43182392	0.07156612	0.43052816	0.64943315	0.64938014	0.33928438	0.33910113	0.64945163	0.64953019	0.33920639	0.33905955	60058	81353	0
60058	81457	0.00087825	0.07156442	0.42959014	0.07155029	0.43005018	0.64980842	0.64967169	0.33956302	0.33943565	0.64993891	0.64985370	0.33951281	0.33955718	60058	81455	0
60058	81460	-0.00003770	0.07171248	0.43083591	0.07133322	0.43358377	0.64999364	0.64991385	0.33963673	0.33962095	0.64998254	0.64981064	0.33973147	0.33960443	60058	81458	0
60058	81463	0.00163866	0.07159070	0.43421810	0.07130184	0.42918902	0.64994368	0.64988903	0.33969301	0.33970994	0.65003538	0.64995428	0.33990945	0.33961150	60058	81461	0
60058	81466	0.00084581	0.07137600	0.43106518	0.07140618	0.43344371	0.65003103	0.65001599	0.33971191	0.33961043	0.65004179	0.64989873	0.33962539	0.33965300	60058	81465	0
60058	81470	0.00109665	0.07130256	0.43200742	0.07125438	0.43125492	0.64983176	0.64964523	0.33960756	0.33951215	0.64989207	0.64985814	0.33970008	0.33958882	60058	81468	0
60058	81571	0.00050784	0.07173325	0.43104848	0.07171752	0.43281489	0.64913848	0.64893050	0.33857334	0.33836997	0.64926847	0.64906904	0.33866817	0.33844812	60058	81570	0
60058	81575	0.00093103	0.07120996	0.43236178	0.07162041	0.43109221	0.64912623	0.64897192	0.33858107	0.33849898	0.64935245	0.64916181	0.33857778	0.33840226	60058	81573	0
60058	81578	0.00174335	0.07137672	0.43252958	0.07133579	0.43009262	0.64897635	0.64901325	0.33854048	0.33843464	0.64917480	0.64906625	0.33861123	0.33858247	60058	81576	0
60058	81581	0.00046445	0.07178962	0.43070283	0.07146815	0.43453953	0.64946404	0.64910495	0.33861123	0.33851550	0.64927686	0.64914908	0.33854984	0.33857293	60058	81580	0
60058	81584	0.00068731	0.07177900	0.43273545	0.07160944	0.43206689	0.64915713	0.64904825	0.33872972	0.33854171	0.64926067	0.64916362	0.33863670	0.33852125	60058	81583	0
60058	81686	0.00031254	0.07176112	0.43103548	0.07190989	0.43215978	0.64901728	0.64890766	0.33860169	0.33835978	0.64911637	0.64913404	0.33854196	0.33859109	60058	81685	0
60058	81690	0.00068772	0.07199778	0.43096208	0.07170733	0.42983653	0.64901169	0.64901621	0.33857721	0.33847540	0.64904521	0.64881209	0.33865798	0.33835263	60058	81688	0
60058	81693	0.00014671	0.07202817	0.43166575	0.07177637	0.43328878	0.64895926	0.64892196	0.33828903	0.33840399	0.64884356	0.64884965	0.33846932	0.33842256	60058	81691	0
60058	81696	0.00145753	0.07171863	0.43368379	0.07179405	0.42975132	0.64899492	0.64888621	0.33852544	0.33823907	0.64910167	0.64899402	0.33833924	0.33823053	60058	81694	0
60058	81699	0.00070385	0.07147937	0.42959762	0.07207094	0.43185867	0.64869755	0.64882015	0.33833431	0.33844392	0.64897430	0.64900027	0.33835953	0.33826052	60058	81698	0
60058	81801	0.00065852	0.07123860	0.43003806	0.07125711	0.43017406	0.64916880	0.64888925	0.33894131	0.33867179	0.64911687	0.64889131	0.33890918	0.33855206	60058	81800	0
60058	81804	0.00093295	0.07150067	0.43320703	0.07159879	0.43238373	0.64905302	0.64908885	0.33861328	0.33870416	0.64935377	0.64915343	0.33882348	0.33868773	60058	81803	0
60058	81808	0.00072078	0.07121418	0.43060200	0.07152816	0.43123853	0.64936881	0.64900363	0.33890671	0.33864401	0.64911276	0.64885844	0.33871846	0.33852338	60058	81806	0
60058	81811	0.00065716	0.07146587	0.43181889	0.07160090	0.43200974	0.64926075	0.64927579	0.33863070	0.33873670	0.64919099	0.64915795	0.33876226	0.33868148	60058	81809	0
60058	81814	0.00016814	0.07147565	0.42868431	0.07162778	0.43015139	0.64917283	0.64910462	0.33867565	0.33860827	0.64904776	0.64888810	0.33868436	0.33854450	60058	81813	0
60058	81916	0.00067151	0.07140586	0.43178486	0.07145810	0.43027474	0.64905647	0.64911424	0.33867425	0.33845855	0.64920126	0.64913848	0.33869101	0.33864960	60058	81914	0
60058	81919	0.00105957	0.07104235	0.43434667	0.07184882	0.43318250	0.64933684	0.64898572	0.33875338	0.33837753	0.64950965	0.64956183	0.33875462	0.33879283	60058	81918	0
60058	81923	0.00052920	0.07160282	0.43096056	0.07185544	0.43255167	0.64941351	0.64936387	0.33902192	0.33878789	0.64948294	0.64956947	0.33874919	0.33883679	60058	81921	0
60058	81926	0.00100811	0.07175461	0.43161640	0.07176410	0.43017966	0.64971647	0.64943627	0.33901707	0.33887648	0.64947366	0.64943717	0.33894221	0.33877278	60058	81924	0
60058	81929	-0.00021836	0.07195377	0.43027018	0.07172713	0.43394959	0.64961729	0.64973899	0.33895109	0.33894887	0.64962765	0.64948138	0.33888157	0.33887483	60058	81927	0
60058	82031	0.00043242	0.07169797	0.43276968	0.07189634	0.43081733	0.64967177	0.64960801	0.33890540	0.33889316	0.64938614	0.64943290	0.33893276	0.33887072	60058	82029	0
60058	82034	0.00033672	0.07135011	0.43049209	0.07200542	0.43077921	0.64976364	0.64945928	0.33899530	0.33886210	0.64969577	0.64956026	0.33910532	0.33899398	60058	82033	0
60058	82037	0.00157480	0.07183710	0.43376672	0.07178537	0.43005246	0.64972338	0.64942748	0.33891518	0.33865297	0.64948212	0.64945813	0.33886431	0.33879595	60058	82036	0
60058	82041	0.00096913	0.07190557	0.43054736	0.07222119	0.43236439	0.64916214	0.64924407	0.33888108	0.33869036	0.64954671	0.64927414	0.33895068	0.33865149	60058	82039	0
60058	82044	0.00177474	0.07216457	0.43420214	0.07235410	0.43178530	0.64924703	0.64933446	0.33886259	0.33866316	0.64908433	0.64923955	0.33870235	0.33859446	60058	82042	0
60058	82146	0.00079010	0.07156847	0.42975427	0.07128493	0.43270820	0.64861570	0.64870995	0.33840925	0.33847384	0.64903092	0.64900544	0.33864073	0.33855601	60058	82144	0
60058	82149	0.00053913	0.07108657	0.43151673	0.07084343	0.43226963	0.64906214	0.64879163	0.33857696	0.33856184	0.64875014	0.64868399	0.33843628	0.33844376	60058	82147	0
60058	82152	0.00026920	0.07118158	0.43133427	0.07087248	0.43214406	0.64895745	0.64877857	0.33863678	0.33845263	0.64896000	0.64890108	0.33855477	0.33844483	60058	82151	0
60058	82156	0.00054778	0.07133806	0.43207323	0.07149331	0.43123748	0.64891801	0.64883239	0.33843949	0.33849742	0.64888580	0.64891136	0.33833858	0.33838312	60058	82154	0
60058	82159	0.00112831	0.07113613	0.43254268	0.07106420	0.43080109	0.64900930	0.64869434	0.33839010	0.33831919	0.64869713	0.64879771	0.33840645	0.33830621	60058	82157	0
60058	82261	0.00089760	0.07178665	0.43127669	0.07180089	0.43196883	0.64974885	0.64965041	0.33909308	0.33890565	0.64983217	0.64978500	0.33900236	0.33907196	60058	82259	0
60058	82264	0.00055695	0.07179251	0.43044651	0.07200180	0.43146846	0.64944029	0.64958574	0.33882865	0.33898593	0.64961253	0.64985773	0.33910113	0.33906038	60058	82262	0
60058	82267	0.00031521	0.07180836	0.42916917	0.07170864	0.42989438	0.64968114	0.64975871	0.33897985	0.33918791	0.64974006	0.64957916	0.33919489	0.33899439	60058	82266	0
60058	82270	0.00107779	0.07201925	0.43217903	0.07201262	0.42989128	0.64972149	0.64976298	0.33928939	0.33907985	0.64964235	0.64963479	0.33916325	0.33901855	60058	82269	0
60058	82274	0.00082897	0.07174856	0.43142870	0.07182474	0.43217516	0.64977358	0.64966701	0.33919193	0.33918273	0.64982732	0.64987482	0.33918404	0.33925241	60058	82272	0
60058	82376	0.00063205	0.07130879	0.43052318	0.07156157	0.43111395	0.64996504	0.65000728	0.33941297	0.33950049	0.65001862	0.65015856	0.33946146	0.33947403	60058	82374	0
60058	82379	0.00056113	0.07188011	0.43032866	0.07179228	0.43054143	0.64999931	0.64993349	0.33940385	0.33920631	0.64993981	0.64998427	0.33969096	0.33945998	60058	82377	0
60058	82382	0.00060820	0.07130345	0.43191356	0.07197916	0.43177236	0.64997581	0.65010843	0.33927936	0.33950739	0.64998567	0.64997375	0.33918067	0.33934995	60058	82380	0
60058	82385	0.00038128	0.07195320	0.43209011	0.07159165	0.43277086	0.64994212	0.65005716	0.33928577	0.33928602	0.64997909	0.64976101	0.33936893	0.33920705	60058	82384	0
60058	82389	0.00109741	0.07226828	0.43340481	0.07200040	0.43125643	0.64990506	0.65001525	0.33924937	0.33927928	0.64998747	0.65006735	0.33914929	0.33915569	60058	82387	0
60058	82490	0.00056828	0.07153572	0.43139767	0.07168663	0.43298505	0.65036637	0.65029989	0.33983468	0.33971372	0.65017063	0.65018477	0.33975456	0.33976574	60058	82489	0
60058	82494	0.00048815	0.07129712	0.43036249	0.07105198	0.43060290	0.65044336	0.65030704	0.34005695	0.33968052	0.65027877	0.65014409	0.33983805	0.33983246	60058	82492	0
60058	82497	0.00023201	0.07133939	0.43092716	0.07161917	0.43169555	0.65025264	0.65013801	0.33984635	0.33969811	0.65003078	0.65014722	0.33966286	0.33967642	60058	82495	0
60058	82500	0.00077853	0.07168389	0.43168367	0.07141035	0.43004414	0.65009504	0.65035930	0.33983624	0.33994125	0.65023218	0.65025412	0.33976031	0.33960558	60058	82499	0
60058	82503	0.00024123	0.07163856	0.43028231	0.07152254	0.43189419	0.65003817	0.64982864	0.33967453	0.33958545	0.65011616	0.65012059	0.33972769	0.33967543	60058	82502	0
60058	82605	0.00067316	0.07220206	0.43253711	0.07210070	0.43124133	0.64971187	0.64973562	0.33890844	0.33891641	0.64973439	0.64979684	0.33915479	0.33907180	60058	82604	0
60058	82609	0.00058132	0.07182735	0.43329199	0.07150526	0.43356752	0.64987589	0.64997424	0.33917484	0.33901124	0.64972995	0.64963710	0.33898050	0.33899653	60058	82607	0
60058	82612	0.00099916	0.07166559	0.43197166	0.07206430	0.43071811	0.64992790	0.65000070	0.33909949	0.33922250	0.64990218	0.64978993	0.33906333	0.33893071	60058	82610	0
60058	82615	0.00139139	0.07183782	0.43325536	0.07229061	0.43207867	0.64956856	0.64963093	0.33908725	0.33886004	0.64987704	0.64965821	0.33894345	0.33892225	60058	82613	0
60058	82618	0.00095802	0.07217073	0.43151207	0.07177697	0.43281220	0.64976043	0.64960045	0.33904945	0.33893400	0.64973849	0.64962452	0.33896654	0.33888888	60058	82617	0
60058	82720	0.00057343	0.07148213	0.42977888	0.07178412	0.43093266	0.65068248	0.65052578	0.33955020	0.33962637	0.65067714	0.65056761	0.33968167	0.33969827	60058	82719	0
60058	82723	0.00043266	0.07194921	0.43169558	0.07199051	0.43211789	0.65075750	0.65050721	0.33996048	0.33969564	0.65061157	0.65060409	0.33964207	0.33966310	60058	82722	0
60058	82727	0.00002003	0.07163717	0.43155796	0.07197183	0.43279583	0.65052044	0.65048782	0.33962950	0.33966047	0.65046695	0.65054591	0.33974955	0.33972276	60058	82725	0
60058	82730	0.00106709	0.07161130	0.43539698	0.07173097	0.43225581	0.65046029	0.65032676	0.33962941	0.33952267	0.65041583	0.65023645	0.33972325	0.33967757	60058	82728	0
60058	82733	0.00070788	0.07196918	0.43052150	0.07202618	0.43159913	0.65045298	0.65055783	0.33979893	0.33971117	0.65068815	0.65045240	0.33979203	0.33963073	60058	82732	0
60058	82835	0.00051093	0.07147213	0.43068567	0.07150194	0.43127653	0.65038403	0.65041321	0.33963796	0.33951840	0.65031189	0.65030186	0.33965448	0.33966532	60058	82833	0
60058	82838	0.00049841	0.07127122	0.43136411	0.07152822	0.43140169	0.65044764	0.65040762	0.33972843	0.33983936	0.65005625	0.65017976	0.33972095	0.33971569	60058	82837	0
60058	82842	0.00088477	0.07144516	0.43167082	0.07159939	0.43051171	0.65056654	0.65060910	0.33979762	0.33986541	0.65072217	0.65053589	0.33986352	0.33989869	60058	82840	0
60058	82845	0.00057377	0.07119949	0.43107627	0.07145203	0.43200926	0.65053556	0.65046284	0.33994142	0.33975908	0.65048667	0.65049160	0.33991019	0.33981701	60058	82843	0
60058	82848	0.00119930	0.07170535	0.43301065	0.07153276	0.43113409	0.65057007	0.65037426	0.33998891	0.33987338	0.65075890	0.65064090	0.34018736	0.34010124	60058	82847	0
60058	82950	0.00068806	0.07142379	0.43130362	0.07161428	0.43283732	0.65077229	0.65079382	0.34016238	0.34013362	0.65083064	0.65076925	0.34023116	0.34023140	60058	82948	0
60058	82953	0.00154098	0.07149041	0.43291319	0.07177630	0.43035444	0.65090911	0.65084682	0.34001324	0.33994717	0.65081675	0.65050614	0.34003871	0.33981923	60058	82952	0
60058	82957	0.00108302	0.07141249	0.43098239	0.07156038	0.43235626	0.65048634	0.65070048	0.33997905	0.33989869	0.65062176	0.65049587	0.33994709	0.34002285	60058	82955	0
60058	82960	0.00156762	0.07167467	0.43266594	0.07165137	0.43121214	0.65061798	0.65055257	0.34015991	0.33983649	0.65068823	0.65063877	0.34007043	0.33984265	60058	82958	0
60058	82963	0.00060839	0.07151259	0.42915808	0.07196920	0.43203579	0.65078963	0.65078018	0.33996435	0.33988678	0.65055659	0.65071782	0.33987313	0.33970846	60058	82961	0
60058	83065	0.00087185	0.07170811	0.43260769	0.07183189	0.43181729	0.65054271	0.65057886	0.33981479	0.33973993	0.65075471	0.65064756	0.33977453	0.33970682	60058	83063	0
60058	83068	0.00096769	0.07196146	0.43287707	0.07204010	0.43258955	0.65101487	0.65086860	0.33986163	0.33983862	0.65092497	0.65080212	0.33987264	0.33985629	60058	83067	0
60058	83071	0.00123164	0.07178684	0.43276058	0.07173341	0.43196874	0.65067451	0.65031583	0.33977182	0.33983041	0.65093820	0.65089843	0.33995251	0.33990699	60058	83070	0
60058	83075	0.00116948	0.07197276	0.43185839	0.07201568	0.43204488	0.65071362	0.65070664	0.33989105	0.33987198	0.65107280	0.65067254	0.34014578	0.33977667	60058	83073	0
60058	83078	0.00136114	0.07194254	0.43168659	0.07231947	0.43111159	0.65102226	0.65080467	0.34000346	0.33984068	0.65095940	0.65099186	0.34004356	0.33986467	60058	83076	0
60058	83180	0.00130245	0.07193086	0.43041958	0.07179926	0.43059565	0.65021690	0.65023473	0.33937633	0.33923951	0.65044509	0.65027269	0.33928898	0.33922669	60058	83178	0
60058	83183	0.00091695	0.07194956	0.43076190	0.07200247	0.43191840	0.65040967	0.65034467	0.33918750	0.33926597	0.65044402	0.65027540	0.33936285	0.33928470	60058	83181	0
60058	83186	0.00149163	0.07154524	0.43189539	0.07201893	0.43017137	0.65032109	0.65016669	0.33939859	0.33923236	0.65030770	0.65021780	0.33915002	0.33917353	60058	83185	0
60058	83190	0.00061800	0.07149635	0.43105911	0.07195683	0.43368000	0.65034804	0.65028756	0.33913433	0.33920138	0.65018395	0.65026316	0.33922661	0.33927065	60058	83188	0
60058	83193	0.00078585	0.07174615	0.43214276	0.07182460	0.43163921	0.65024377	0.65014598	0.33912332	0.33914649	0.65036629	0.65003916	0.33940607	0.33922669	60058	83191	0
60058	83295	0.00038834	0.07137438	0.42998832	0.07149238	0.43118087	0.65096384	0.65103385	0.34040010	0.34043954	0.65112350	0.65109260	0.34032056	0.34047299	60058	83293	0
60058	83298	0.00011728	0.07157724	0.43152903	0.07167362	0.43234221	0.65103582	0.65107354	0.34038925	0.34034735	0.65115374	0.65116425	0.34040232	0.34036460	60058	83296	0
60058	83301	0.00070007	0.07129538	0.43226297	0.07127126	0.43051458	0.65116039	0.65125135	0.34031924	0.34040700	0.65096482	0.65094362	0.34046518	0.34027446	60058	83300	0
60058	83304	-0.00013226	0.07144091	0.42978044	0.07141082	0.43227744	0.65098561	0.65104231	0.34037052	0.34031957	0.65109186	0.65111355	0.34035121	0.34032952	60058	83303	0
60058	83308	0.00127377	0.07173478	0.43313795	0.07122702	0.42891986	0.65112826	0.65090155	0.34046912	0.34024677	0.65090730	0.65088709	0.34007840	0.34022606	60058	83306	0
60058	83410	0.00055839	0.07217149	0.42986373	0.07201252	0.43200986	0.65015264	0.65001837	0.33905512	0.33893695	0.65023276	0.65015174	0.33922743	0.33900787	60058	83408	0
60058	83413	0.00087996	0.07218451	0.43099352	0.07236817	0.43002881	0.65021682	0.65022109	0.33924995	0.33915150	0.65033662	0.65035207	0.33916654	0.33933992	60058	83411	0
60058	83416	0.00054208	0.07194028	0.43244786	0.07185129	0.43346149	0.65034533	0.65012634	0.33935603	0.33914255	0.65029940	0.65025215	0.33907550	0.33913647	60058	83414	0
60058	83419	0.00159466	0.07226345	0.43250657	0.07251629	0.42934885	0.65030844	0.65028945	0.33949227	0.33916506	0.65040671	0.65028789	0.33927312	0.33916925	60058	83418	0
60058	83423	0.00083504	0.07234771	0.43196910	0.07228629	0.43424796	0.65024212	0.65017655	0.33916309	0.33916416	0.65029833	0.65023226	0.33933697	0.33917977	60058	83421	0
60058	83524	0.00104488	0.07215195	0.43304218	0.07180728	0.43241266	0.65101470	0.65101577	0.34001504	0.34007445	0.65128496	0.65109630	0.34012129	0.33999146	60058	83523	0
60058	83528	0.00077248	0.07225628	0.43175404	0.07220892	0.43257122	0.65098841	0.65106696	0.33997223	0.33998267	0.65112128	0.65113253	0.34006090	0.34000962	60058	83526	0
60058	83531	0.00096526	0.07208458	0.43248280	0.07231907	0.43190446	0.65105990	0.65074485	0.33986714	0.33978924	0.65085759	0.65081691	0.34000453	0.33989236	60058	83529	0
60058	83534	0.00101214	0.07211632	0.43207811	0.07238263	0.43193747	0.65103886	0.65114100	0.33983295	0.33983377	0.65097534	0.65097189	0.34011858	0.33984610	60058	83533	0
60058	83537	0.00057807	0.07212203	0.43041236	0.07225605	0.43171458	0.65089909	0.65081083	0.33997034	0.33978340	0.65091511	0.65096573	0.33964823	0.33985802	60058	83536	0
60058	83639	0.00054025	0.07164232	0.43224266	0.07180832	0.43235610	0.65070138	0.65075192	0.33987313	0.33981159	0.65084682	0.65068938	0.34015367	0.33991603	60058	83638	0
60058	83643	0.00056225	0.07161922	0.43187802	0.07141491	0.43181203	0.65088635	0.65081231	0.34011694	0.34003394	0.65077961	0.65083548	0.33996550	0.33999319	60058	83641	0
60058	83646	0.00005035	0.07228136	0.43185327	0.07178943	0.43338898	0.65074296	0.65069505	0.34003657	0.33987897	0.65064197	0.65059464	0.34004602	0.33978800	60058	83644	0
60058	83649	0.00064943	0.07184680	0.43365222	0.07148448	0.43185499	0.65085175	0.65096942	0.33995843	0.33994421	0.65077624	0.65074551	0.33985366	0.33999327	60058	83647	0
60058	83652	0.00085263	0.07206422	0.43037839	0.07203618	0.42976879	0.65085373	0.65067911	0.33993098	0.33992104	0.65085389	0.65092735	0.34001710	0.34003641	60058	83651	0
60058	83754	0.00052909	0.07148275	0.43223893	0.07137096	0.43320955	0.64990867	0.64973069	0.33926917	0.33911321	0.65003702	0.64992034	0.33916942	0.33922020	60058	83753	0
60058	83757	0.00067616	0.07179703	0.43194249	0.07175940	0.43150128	0.65040819	0.65017483	0.33928692	0.33938011	0.65007310	0.65012396	0.33927821	0.33928134	60058	83756	0
60058	83761	0.00032517	0.07135809	0.43169792	0.07120131	0.43275091	0.65000744	0.65008961	0.33943532	0.33929210	0.64991705	0.65002560	0.33920886	0.33913926	60058	83759	0
60058	83764	0.00021313	0.07154189	0.43175640	0.07146220	0.43209250	0.65007071	0.65019619	0.33922727	0.33914403	0.64993168	0.64998928	0.33925340	0.33922176	60058	83762	0
60058	83767	0.00060449	0.07146034	0.43296909	0.07148658	0.43179503	0.64995617	0.64980563	0.33938315	0.33908823	0.64976134	0.64996102	0.33906448	0.33908651	60058	83766	0
60058	83869	0.00040065	0.07210461	0.43115694	0.07181671	0.43176846	0.65027195	0.65025815	0.33929136	0.33919703	0.65030950	0.65039242	0.33937986	0.33943311	60058	83867	0
60058	83872	0.00061381	0.07206504	0.43095729	0.07208645	0.43031782	0.65048691	0.65043761	0.33926112	0.33946869	0.65041477	0.65046111	0.33941117	0.33933812	60058	83871	0
60058	83876	0.00019618	0.07216190	0.43200445	0.07245817	0.43325733	0.65055947	0.65039776	0.33950369	0.33943475	0.65059185	0.65040565	0.33943327	0.33937764	60058	83874	0
60058	83879	0.00108702	0.07196679	0.43213827	0.07243687	0.42946573	0.65058618	0.65024229	0.33946737	0.33933006	0.65066194	0.65039809	0.33971758	0.33930229	60058	83877	0
60058	83882	0.00093844	0.07218984	0.43021516	0.07216324	0.43066091	0.65067459	0.65047262	0.33964305	0.33940533	0.65050787	0.65058067	0.33958208	0.33955866	60058	83880	0
60058	83984	0.00054684	0.07223715	0.43128428	0.07176485	0.43245908	0.65029332	0.64994680	0.33927846	0.33934863	0.65030597	0.65025379	0.33943532	0.33967321	60058	83983	0
60058	83988	0.00059783	0.07187793	0.43300273	0.07222490	0.43284977	0.65030819	0.65030063	0.33969704	0.33949638	0.65038214	0.65027310	0.33946170	0.33962185	60058	83986	0
60058	83991	0.00009473	0.07197208	0.43095292	0.07197139	0.43246219	0.65034936	0.65029890	0.33975826	0.33965209	0.65050992	0.65041863	0.33970789	0.33950640	60058	83989	0
60058	83994	0.00046608	0.07149976	0.43232326	0.07170540	0.43120922	0.65031821	0.65039118	0.33953147	0.33966031	0.65053227	0.65047229	0.33979236	0.33964141	60058	83992	0
60058	83997	0.00159503	0.07158461	0.43345770	0.07173596	0.43007085	0.65054567	0.65030770	0.33975119	0.33973147	0.65051115	0.65058486	0.33970608	0.33972301	60058	83996	0
60058	84099	0.00057098	0.07139803	0.42960122	0.07131184	0.43267335	0.65030400	0.65011369	0.33927583	0.33935455	0.65010309	0.65014738	0.33940706	0.33936367	60058	84098	0
60058	84102	0.00089412	0.07155793	0.43283448	0.07149167	0.43186506	0.65026612	0.65015075	0.33938331	0.33942160	0.65025108	0.65036201	0.33948405	0.33945316	60058	84101	0
60058	84106	0.00020004	0.07191674	0.42999303	0.07135877	0.43207528	0.65024911	0.65012963	0.33965842	0.33921404	0.64999701	0.64991081	0.33928347	0.33931585	60058	84104	0
60058	84109	0.00006853	0.07076750	0.43191629	0.07156765	0.43231082	0.65006020	0.65001130	0.33942661	0.33924551	0.65009693	0.65015223	0.33929218	0.33916827	60058	84107	0
60058	84112	-0.00024051	0.07137991	0.43004438	0.07156421	0.43097150	0.65008970	0.65011344	0.33929333	0.33931749	0.64998476	0.64998172	0.33938052	0.33913203	60058	84111	0
60058	84214	0.00038365	0.07217994	0.43223570	0.07210430	0.43036322	0.65031526	0.65032060	0.33923976	0.33914427	0.65048749	0.65034985	0.33956401	0.33930130	60058	84212	0
60058	84217	0.00137911	0.07208624	0.43347548	0.07179710	0.43048909	0.65052668	0.65042265	0.33961964	0.33943163	0.65042307	0.65036374	0.33945611	0.33920122	60058	84216	0
60058	84221	0.00059517	0.07179285	0.43027609	0.07213365	0.43262790	0.65057073	0.65041066	0.33949457	0.33947674	0.65035610	0.65026563	0.33929539	0.33929629	60058	84219	0
60058	84224	0.00112278	0.07183557	0.43288437	0.07206111	0.43130155	0.65057065	0.65033169	0.33966162	0.33944477	0.65072891	0.65053227	0.33945332	0.33946992	60058	84222	0
60058	84227	0.00087601	0.07211705	0.43054355	0.07194628	0.43128386	0.65050236	0.65059801	0.33986771	0.33945866	0.65080878	0.65040885	0.33963130	0.33948150	60058	84225	0
60058	84329	0.00070162	0.07216383	0.43244904	0.07227309	0.43297220	0.64986578	0.64981015	0.33896013	0.33888897	0.64998419	0.65005847	0.33896391	0.33888938	60058	84327	0
60058	84332	0.00073904	0.07265612	0.43121065	0.07201165	0.43109840	0.64996973	0.65000555	0.33880195	0.33892586	0.65010457	0.64993045	0.33882873	0.33884385	60058	84331	0
60058	84335	-0.00005553	0.07241415	0.43132069	0.07247708	0.43370440	0.64993620	0.64971582	0.33870802	0.33884993	0.64992461	0.64982387	0.33867836	0.33861336	60058	84334	0
60058	84339	0.00047368	0.07263504	0.43230958	0.07258627	0.43072195	0.64976167	0.64952756	0.33863423	0.33852642	0.64956577	0.64972239	0.33848542	0.33856340	60058	84337	0
60058	84342	0.00032728	0.07252646	0.43169581	0.07295086	0.43213500	0.64948508	0.64959741	0.33847079	0.33841286	0.64948475	0.64940381	0.33847293	0.33838953	60058	84340	0
60058	84444	0.00081993	0.07148148	0.43173957	0.07158045	0.43026162	0.64997474	0.65029315	0.33951215	0.33939317	0.65039726	0.65011755	0.33937772	0.33934346	60058	84442	0
60058	84447	0.00020308	0.07131361	0.42994615	0.07162774	0.43179669	0.65021879	0.65015132	0.33956080	0.33944436	0.65028625	0.65029726	0.33947107	0.33942374	60058	84445	0
60058	84450	0.00003861	0.07156839	0.43271847	0.07160889	0.43321190	0.65010983	0.64998920	0.33945710	0.33939629	0.65009085	0.65016160	0.33940706	0.33944223	60058	84449	0
60058	84454	0.00078467	0.07179264	0.43254631	0.07147891	0.43030812	0.65006291	0.65007113	0.33936211	0.33934962	0.65006480	0.65012067	0.33936844	0.33936630	60058	84452	0
60058	84457	0.00076809	0.07179646	0.43318447	0.07161535	0.43323420	0.65013941	0.65004910	0.33943023	0.33923392	0.65014286	0.65008337	0.33952974	0.33943081	60058	84455	0
60058	84559	0.00105313	0.07207350	0.43083376	0.07181795	0.42997865	0.64963011	0.64935056	0.33863925	0.33844310	0.64975156	0.64962025	0.33869833	0.33858386	60058	84557	0
60058	84562	0.00067829	0.07204786	0.42934317	0.07177536	0.43046767	0.64986446	0.64987621	0.33871452	0.33864738	0.64963833	0.64981738	0.33853283	0.33856348	60058	84560	0
60058	84565	0.00011844	0.07202184	0.43002911	0.07210308	0.43170866	0.64972683	0.64978065	0.33855740	0.33861484	0.64965517	0.64970160	0.33841147	0.33838895	60058	84564	0
60058	84568	0.00066916	0.07178596	0.43168198	0.07213111	0.43002982	0.64955607	0.64949256	0.33860646	0.33843546	0.64967144	0.64968443	0.33866053	0.33856907	60058	84567	0
60058	84572	0.00115974	0.07209912	0.43333156	0.07240156	0.43185983	0.64967539	0.64951236	0.33864705	0.33862248	0.64980530	0.64991705	0.33870145	0.33866645	60058	84570	0
60058	84674	0.00037814	0.07254244	0.42916870	0.07235317	0.43151350	0.65033194	0.65035125	0.33923294	0.33914238	0.65026069	0.65033613	0.33929637	0.33915002	60058	84672	0
60058	84677	0.00086736	0.07250268	0.43160323	0.07249573	0.43013557	0.65027968	0.65021287	0.33892126	0.33901567	0.65018321	0.65002462	0.33920245	0.33892060	60058	84675	0
60058	84680	0.00037207	0.07235444	0.43056437	0.07277015	0.43205025	0.65016998	0.65001549	0.33910598	0.33894829	0.65009454	0.65021460	0.33890269	0.33891082	60058	84678	0
60058	84683	0.00112852	0.07242900	0.43322109	0.07235814	0.43095171	0.64999857	0.64986594	0.33883999	0.33872035	0.64997638	0.65009660	0.33888305	0.33887483	60058	84682	0
60058	84687	0.00104874	0.07254128	0.43041639	0.07257438	0.43065575	0.65010703	0.65019036	0.33891411	0.33891600	0.64998904	0.65001960	0.33891641	0.33885092	60058	84685	0
60058	84788	0.00082905	0.07149901	0.43086049	0.07174583	0.43151954	0.65047902	0.65044123	0.33953434	0.33952119	0.65029061	0.65016406	0.33955225	0.33944625	60058	84787	0
60058	84792	0.00097774	0.07194746	0.43175867	0.07172117	0.43131259	0.65059957	0.65050532	0.33964273	0.33952251	0.65056062	0.65051789	0.33970361	0.33964946	60058	84790	0
60058	84795	0.00089432	0.07170666	0.43285277	0.07206526	0.43310302	0.65047829	0.65035338	0.33956779	0.33943952	0.65042709	0.65030088	0.33945554	0.33948101	60058	84793	0
60058	84798	0.00042408	0.07187683	0.43014649	0.07183179	0.43155722	0.65027113	0.65016907	0.33938816	0.33934050	0.65031542	0.65029069	0.33923113	0.33937723	60058	84797	0
60058	84802	0.00047241	0.07161474	0.43116781	0.07185956	0.43102282	0.65030121	0.65034336	0.33941067	0.33939391	0.65043383	0.65040901	0.33930944	0.33931478	60058	84800	0
60058	84903	0.00008759	0.07175583	0.43148756	0.07172884	0.43264203	0.65035100	0.65036407	0.33945020	0.33933951	0.65044714	0.65032824	0.33981036	0.33962555	60058	84902	0
60058	84907	0.00049014	0.07115424	0.43212826	0.07190130	0.43092059	0.65049842	0.65045109	0.33962251	0.33963722	0.65043063	0.65060910	0.33965645	0.33950649	60058	84905	0
60058	84910	0.00123139	0.07196410	0.43310340	0.07174512	0.43087966	0.65060491	0.65050540	0.33962432	0.33947633	0.65031444	0.65026439	0.33960936	0.33953656	60058	84908	0
60058	84913	0.00113288	0.07163909	0.43225015	0.07177264	0.43254566	0.65065791	0.65055520	0.33961479	0.33949432	0.65051485	0.65036037	0.33952744	0.33956573	60058	84912	0
60058	84916	0.00105201	0.07191046	0.43116009	0.07178196	0.43140272	0.65069941	0.65050852	0.33957206	0.33963599	0.65031526	0.65025749	0.33949851	0.33961158	60058	84915	0
60058	85018	0.00077060	0.07229576	0.43102042	0.07198062	0.43186465	0.64981261	0.64975337	0.33864656	0.33864237	0.64976389	0.64970028	0.33877031	0.33858000	60058	85017	0
60058	85021	0.00100871	0.07205984	0.43258722	0.07241846	0.43187288	0.65005165	0.64977859	0.33876078	0.33856677	0.64975764	0.64992765	0.33868954	0.33867918	60058	85020	0
60058	85025	0.00100660	0.07233196	0.43124620	0.07228766	0.43125253	0.64981639	0.64968221	0.33860893	0.33845239	0.64974441	0.64957686	0.33855428	0.33839733	60058	85023	0
60058	85028	-0.00035461	0.07230361	0.43080568	0.07243861	0.43488931	0.64969667	0.64970382	0.33865248	0.33848830	0.64969568	0.64960875	0.33846849	0.33833192	60058	85026	0
60058	85031	0.00088952	0.07256645	0.43277820	0.07216692	0.42904580	0.64983735	0.64991483	0.33854664	0.33851952	0.64987145	0.64969231	0.33879192	0.33858444	60058	85030	0
60058	85133	0.00107562	0.07208501	0.43142519	0.07174565	0.43086691	0.65069012	0.65058100	0.33966664	0.33970394	0.65078142	0.65054452	0.33996155	0.33969704	60058	85131	0
60058	85136	0.00089221	0.07217243	0.43128725	0.07208648	0.43183747	0.65064427	0.65063614	0.33994725	0.33980756	0.65070738	0.65054969	0.33991923	0.33967017	60058	85135	0
60058	85140	0.00146560	0.07196867	0.43347191	0.07174135	0.43175174	0.65099646	0.65063441	0.33980469	0.33985760	0.65057393	0.65066531	0.33978554	0.33964347	60058	85138	0
60058	85143	0.00056134	0.07208921	0.43025385	0.07138746	0.43296664	0.65066202	0.65064337	0.33959868	0.33969630	0.65064090	0.65063975	0.33966442	0.33967428	60058	85141	0
60058	85146	0.00152313	0.07211879	0.43388950	0.07220847	0.43100412	0.65067328	0.65061666	0.33977765	0.33960361	0.65060475	0.65046284	0.33955669	0.33950640	60058	85145	0
60058	85248	0.00103272	0.07117044	0.42998689	0.07129201	0.43145810	0.65069588	0.65053260	0.33975308	0.33981142	0.65101733	0.65072233	0.33979614	0.33984635	60058	85246	0
60058	85251	0.00024069	0.07153520	0.43051173	0.07140752	0.43288782	0.65088980	0.65076432	0.33978562	0.33977502	0.65062545	0.65060664	0.33986319	0.33965045	60058	85250	0
60058	85255	-0.00007353	0.07117866	0.43144902	0.07159951	0.43239169	0.65057434	0.65056062	0.33962432	0.33965152	0.65052044	0.65043334	0.33980091	0.33962350	60058	85253	0
60058	85258	-0.00055130	0.07162995	0.43095037	0.07173450	0.43238368	0.65059604	0.65052915	0.33981808	0.33975021	0.65047385	0.65036785	0.33975136	0.33947986	60058	85256	0
60058	85261	0.00088009	0.07089418	0.43297694	0.07128482	0.42868277	0.65054599	0.65049242	0.33959326	0.33969885	0.65053556	0.65050450	0.33964429	0.33946951	60058	85259	0
60058	85363	0.00033208	0.07188024	0.43093064	0.07173410	0.43257469	0.65046013	0.65024484	0.33907410	0.33906720	0.65045478	0.65027434	0.33908486	0.33908799	60058	85361	0
60058	85366	0.00051196	0.07122239	0.43198855	0.07173337	0.43144891	0.65054624	0.65057434	0.33916843	0.33925866	0.65045068	0.65028625	0.33936457	0.33930040	60058	85365	0
60058	85369	0.00074974	0.07178100	0.43151678	0.07215042	0.43080343	0.65070023	0.65055643	0.33940410	0.33935332	0.65077862	0.65052332	0.33945595	0.33932070	60058	85368	0
60058	85373	0.00031440	0.07186933	0.43180973	0.07163259	0.43311575	0.65043145	0.65035979	0.33935849	0.33924953	0.65035758	0.65020268	0.33923121	0.33920344	60058	85371	0
60058	85376	0.00003877	0.07223113	0.43161827	0.07194020	0.43244516	0.65061814	0.65051962	0.33949211	0.33933154	0.65110755	0.65076087	0.33986064	0.33946080	60058	85374	0
60058	85478	0.00046412	0.07242579	0.43140900	0.07269073	0.43013294	0.64967432	0.64972913	0.33861065	0.33852856	0.64993562	0.64961557	0.33866316	0.33859282	60058	85476	0
60058	85481	0.00156453	0.07224659	0.43331749	0.07257230	0.43001628	0.64975337	0.64977925	0.33855601	0.33850564	0.64990366	0.64998443	0.33863202	0.33866546	60058	85479	0
60058	85484	0.00005894	0.07261982	0.42919317	0.07231193	0.43370994	0.64968188	0.64974926	0.33879923	0.33849594	0.64996422	0.64955402	0.33849265	0.33844976	60058	85483	0
60058	85488	0.00063304	0.07208933	0.43232666	0.07220831	0.43060434	0.64970480	0.64961852	0.33871698	0.33844598	0.64973767	0.64957341	0.33872142	0.33846266	60058	85486	0
60058	85491	0.00068630	0.07219921	0.43250848	0.07237255	0.43234870	0.64964597	0.64968689	0.33843250	0.33856537	0.64981122	0.64976487	0.33872109	0.33861492	60058	85489	0
60058	85593	0.00136833	0.07151377	0.43249777	0.07150738	0.43045168	0.65042208	0.65038576	0.33964437	0.33935356	0.65025486	0.65019578	0.33955973	0.33942357	60058	85591	0
60058	85596	0.00109309	0.07178988	0.43158253	0.07202071	0.43240827	0.65040458	0.65033144	0.33949120	0.33944732	0.65032356	0.65034591	0.33943508	0.33944371	60058	85594	0
60058	85599	0.00141959	0.07177973	0.43223948	0.07210569	0.43125996	0.65052619	0.65047541	0.33949695	0.33940763	0.65050869	0.65039463	0.33949169	0.33936310	60058	85598	0
60058	85602	0.00010094	0.07181722	0.43012374	0.07178744	0.43407969	0.65052143	0.65032273	0.33948339	0.33934001	0.65021969	0.65024212	0.33955225	0.33927106	60058	85601	0
60058	85606	0.00178186	0.07164167	0.43517896	0.07195371	0.43013619	0.65005675	0.64988731	0.33912283	0.33906531	0.65038732	0.65014368	0.33912168	0.33916071	60058	85604	0
60058	85708	0.00123798	0.07187889	0.43088316	0.07206537	0.43251480	0.65062085	0.65061288	0.33946195	0.33939210	0.65082069	0.65055339	0.33933779	0.33942053	60058	85706	0
60058	85711	0.00100046	0.07233027	0.43261210	0.07215460	0.43332466	0.65084477	0.65078750	0.33962950	0.33952045	0.65082562	0.65069267	0.33957189	0.33957148	60058	85709	0
60058	85714	0.00009249	0.07201138	0.43122738	0.07215474	0.43395131	0.65085931	0.65074214	0.33958274	0.33950369	0.65094264	0.65074707	0.33978916	0.33971380	60058	85712	0
60058	85717	0.00034388	0.07237971	0.43277640	0.07235424	0.43202221	0.65096071	0.65088421	0.33965020	0.33964026	0.65097666	0.65084970	0.33975210	0.33959737	60058	85716	0
60058	85721	0.00127891	0.07155937	0.43411269	0.07218312	0.43130759	0.65084419	0.65102292	0.33985834	0.33973804	0.65084937	0.65087271	0.33976311	0.33969096	60058	85719	0
60058	85822	0.00050318	0.07166165	0.43134838	0.07160187	0.43367558	0.65099416	0.65106622	0.34027840	0.34006887	0.65147650	0.65135990	0.34049986	0.34028325	60058	85821	0
60058	85826	0.00062018	0.07182178	0.43211539	0.07152785	0.43176439	0.65154191	0.65135045	0.34056346	0.34042746	0.65136648	0.65126689	0.34026978	0.34031793	60058	85824	0
60058	85829	0.00093251	0.07160790	0.43323769	0.07171538	0.43230069	0.65126409	0.65122062	0.34023321	0.34015769	0.65126179	0.65122876	0.34035400	0.34025696	60058	85827	0
60058	85832	-0.00002457	0.07182905	0.43044895	0.07170596	0.43332019	0.65136853	0.65133221	0.34041875	0.34025918	0.65130920	0.65124790	0.34036518	0.34044078	60058	85831	0
60058	85836	0.00107137	0.07186893	0.43567071	0.07124490	0.43238291	0.65132695	0.65140888	0.34044012	0.34038145	0.65128554	0.65130510	0.34037997	0.34029960	60058	85834	0
60058	85937	0.00000272	0.07171237	0.43034933	0.07161934	0.43355528	0.65074255	0.65052553	0.34005687	0.33968217	0.65060458	0.65042307	0.33969786	0.33974437	60058	85936	0
60058	85941	-0.00032853	0.07203120	0.43175146	0.07165734	0.43274521	0.65105266	0.65077936	0.34008210	0.33982326	0.65102448	0.65092061	0.33998842	0.33983591	60058	85939	0
60058	85944	0.00129818	0.07140796	0.43487783	0.07169639	0.42999770	0.65066309	0.65093327	0.33974815	0.33997749	0.65059004	0.65076490	0.33945924	0.33975316	60058	85942	0
60058	85947	0.00051877	0.07178579	0.42922300	0.07175431	0.43156123	0.65067081	0.65081995	0.33989376	0.33978998	0.65092250	0.65095315	0.33982334	0.33983632	60058	85946	0
60058	85950	0.00047646	0.07154088	0.43177384	0.07151801	0.43190077	0.65070385	0.65108529	0.33976089	0.34000592	0.65113689	0.65120049	0.33997092	0.34010256	60058	85949	0
60058	86052	0.00041381	0.07240365	0.43267431	0.07170917	0.43286223	0.65016809	0.65037368	0.33910286	0.33926737	0.65109055	0.65104667	0.33991841	0.33973073	60058	86051	0
60058	86056	0.00048895	0.07226437	0.43102279	0.07244884	0.43079737	0.65094543	0.65078191	0.33983591	0.33967683	0.65110780	0.65093779	0.33980386	0.33972276	60058	86054	0
60058	86059	0.00108046	0.07202135	0.43191140	0.07215904	0.43013689	0.65086351	0.65080089	0.33941684	0.33961618	0.65088890	0.65085603	0.33971890	0.33952119	60058	86057	0
60058	86062	0.00064601	0.07218251	0.43091928	0.07238138	0.43222261	0.65108956	0.65085364	0.33974758	0.33952456	0.65100213	0.65087608	0.33957296	0.33954428	60058	86060	0
60058	86065	0.00108530	0.07202436	0.43167799	0.07209832	0.43036013	0.65092505	0.65095307	0.33952752	0.33964568	0.65104921	0.65075331	0.33976533	0.33948126	60058	86064	0
60058	86167	0.00097475	0.07185546	0.43184338	0.07152336	0.43217505	0.65176353	0.65155588	0.34036953	0.34037142	0.65165769	0.65166049	0.34056338	0.34042870	60058	86165	0
60058	86170	0.00104285	0.07170111	0.43004170	0.07179200	0.42983738	0.65170100	0.65184948	0.34063651	0.34058622	0.65166920	0.65155325	0.34042746	0.34027594	60058	86169	0
60058	86174	0.00035773	0.07234825	0.43080623	0.07189634	0.43286159	0.65154619	0.65138521	0.34060947	0.34036945	0.65134733	0.65141529	0.34050955	0.34044940	60058	86172	0
60058	86177	0.00109801	0.07177600	0.43256791	0.07209085	0.43034708	0.65146968	0.65163197	0.34070060	0.34028769	0.65159442	0.65154060	0.34038326	0.34042352	60058	86175	0
60058	86180	0.00069474	0.07194793	0.43094562	0.07170085	0.43215542	0.65144298	0.65153337	0.34038843	0.34040478	0.65132449	0.65112177	0.34039492	0.34028851	60058	86179	0
60058	86282	0.00101734	0.07228711	0.43233562	0.07195777	0.43136784	0.65050885	0.65047377	0.33960501	0.33938882	0.65082119	0.65069809	0.33978414	0.33962415	60058	86280	0
60058	86285	0.00122674	0.07221314	0.43229986	0.07168028	0.43167166	0.65075520	0.65070286	0.33970838	0.33970156	0.65076375	0.65090188	0.33984101	0.33974708	60058	86284	0
60058	86289	0.00103956	0.07199537	0.43065924	0.07165898	0.43122078	0.65100270	0.65082891	0.33962465	0.33963681	0.65075857	0.65065569	0.33977354	0.33969844	60058	86287	0
60058	86292	0.00006630	0.07194578	0.43005375	0.07222567	0.43297352	0.65066991	0.65058026	0.33977067	0.33954478	0.65091642	0.65076038	0.33995038	0.33978579	60058	86290	0
60058	86295	0.00030050	0.07204226	0.43167541	0.07201941	0.43097281	0.65093935	0.65092990	0.33975933	0.33983640	0.65108750	0.65086720	0.33985448	0.33985144	60058	86293	0
60058	86397	-0.00046741	0.07220342	0.43018054	0.07198734	0.43248426	0.65129219	0.65123730	0.33997905	0.33989598	0.65145802	0.65126656	0.34017290	0.33998513	60058	86395	0
