% File initiated 13/01/2023 16:21:37 UTC
% Raw fountain data
%
% File notes: maser 5 MHz no water cooling 200 mV 230mV 260 mV
%
%% fountain_code = ALPHA-CsF1
%% microwave_ref = ALPHA HM1
%% MJD_start = 59957.681680
%% clock_data = False
%% sequence = 6
%% density = LD
%
% Units: V.s, Hz
%
% Shot B MJD days	Shot B MJD seconds	freq error	shot A sum	shot A ratio	shot B sum	shot B ratio	shot A F=3 bg 1	shot A F=3 bg 2	shot A F=4 bg 1	shot A F=4 bg 2	shot B F=3 bg 1	shot B F=3 bg 2	shot B F=4 bg 1	shot B F=4 bg 2	Shot A MJD days	Shot A MJD seconds	Shot order (0=LF->HF)
59957	59144	0.00061030	0.00586346	0.47709331	0.00595877	0.47526243	0.57893876	0.57811105	0.31295792	0.31291519	0.57886826	0.57799732	0.31299030	0.31285587	59957	59143	0
59957	59148	0.00080153	0.00588329	0.47820324	0.00587537	0.47762955	0.57880860	0.57816972	0.31288520	0.31297288	0.57877039	0.57808377	0.31282382	0.31289835	59957	59146	0
59957	59151	0.00052322	0.00590278	0.47663536	0.00593122	0.47747028	0.57870983	0.57786272	0.31285110	0.31281585	0.57860547	0.57781794	0.31268939	0.31277550	59957	59149	0
59957	59154	0.00111806	0.00589265	0.48009615	0.00587988	0.47831163	0.57873522	0.57796133	0.31277747	0.31282670	0.57860375	0.57791416	0.31277575	0.31283006	59957	59153	0
59957	59157	0.00050771	0.00590963	0.47535066	0.00592607	0.47718171	0.57865905	0.57794276	0.31280278	0.31283467	0.57882035	0.57814252	0.31289071	0.31288569	59957	59156	0
59957	59161	0.00044543	0.00594312	0.47801232	0.00592598	0.47819917	0.57855757	0.57781753	0.31265816	0.31271601	0.57860950	0.57783224	0.31272990	0.31269251	59957	59159	0
59957	59164	0.00048487	0.00586400	0.47814278	0.00592651	0.47802447	0.57854565	0.57793750	0.31265487	0.31270130	0.57850810	0.57776716	0.31261264	0.31264584	59957	59162	0
59957	59167	0.00134236	0.00589447	0.47999383	0.00591378	0.47742136	0.57847203	0.57784350	0.31255997	0.31270796	0.57855551	0.57780800	0.31260672	0.31260656	59957	59166	0
59957	59171	0.00038895	0.00590806	0.47717890	0.00587762	0.48003911	0.57852996	0.57778565	0.31254493	0.31251535	0.57853711	0.57775491	0.31252028	0.31256827	59957	59169	0
59957	59174	0.00107712	0.00587955	0.47786990	0.00592866	0.47580541	0.57858074	0.57783733	0.31253293	0.31261519	0.57851886	0.57779165	0.31257747	0.31254871	59957	59172	0
59957	59177	0.00063367	0.00590976	0.47520579	0.00593273	0.47653614	0.57854795	0.57770956	0.31257205	0.31251395	0.57843661	0.57769025	0.31253063	0.31252652	59957	59175	0
59957	59180	-0.00004849	0.00591055	0.47612441	0.00586937	0.47817086	0.57838328	0.57770389	0.31251214	0.31251724	0.57833258	0.57768647	0.31241354	0.31247056	59957	59179	0
59957	59184	0.00106722	0.00588909	0.47944561	0.00592098	0.47609849	0.57833472	0.57760676	0.31231945	0.31234616	0.57832091	0.57759082	0.31237089	0.31245240	59957	59182	0
59957	59187	0.00096338	0.00589181	0.47679519	0.00591548	0.47710670	0.57824211	0.57758203	0.31236522	0.31241608	0.57832214	0.57765754	0.31240516	0.31237138	59957	59185	0
59957	59190	0.00102275	0.00590357	0.47561124	0.00593007	0.47543314	0.57847523	0.57770865	0.31239201	0.31246317	0.57863505	0.57766058	0.31253063	0.31242192	59957	59188	0
59957	59193	0.00062362	0.00585855	0.47562076	0.00596379	0.47681815	0.57838328	0.57763256	0.31242783	0.31230951	0.57818574	0.57752525	0.31224262	0.31229225	59957	59192	0
59957	59197	0.00111907	0.00594865	0.47797142	0.00590035	0.47648509	0.57836685	0.57752097	0.31242586	0.31237960	0.57825649	0.57755055	0.31238921	0.31241009	59957	59195	0
59957	59200	0.00060984	0.00589824	0.47702276	0.00591692	0.47855044	0.57833661	0.57745647	0.31237278	0.31230910	0.57832617	0.57762319	0.31243309	0.31240918	59957	59198	0
59957	59203	0.00016025	0.00593536	0.47621258	0.00588843	0.47756137	0.57827950	0.57770430	0.31242833	0.31245881	0.57822584	0.57754653	0.31242282	0.31236021	59957	59202	0
59957	59206	0.00006645	0.00597172	0.47694776	0.00592001	0.47722915	0.57831853	0.57755376	0.31243737	0.31236760	0.57830094	0.57762122	0.31236481	0.31230803	59957	59205	0
59957	59210	0.00037008	0.00589978	0.47764103	0.00592732	0.47673014	0.57837621	0.57768293	0.31238773	0.31240828	0.57833053	0.57769444	0.31235618	0.31240540	59957	59208	0
59957	59213	0.00021550	0.00590633	0.47625315	0.00588710	0.47671689	0.57829897	0.57760364	0.31237755	0.31228839	0.57827613	0.57747586	0.31231912	0.31229447	59957	59211	0
59957	59216	0.00042943	0.00591382	0.47791924	0.00592616	0.47727744	0.57818755	0.57754743	0.31230704	0.31231789	0.57819445	0.57745696	0.31228896	0.31231444	59957	59215	0
59957	59219	0.00170681	0.00589030	0.47758580	0.00588680	0.47375368	0.57818689	0.57744595	0.31225437	0.31225733	0.57818114	0.57740495	0.31236086	0.31224755	59957	59218	0
59957	59223	0.00034183	0.00593083	0.47640947	0.00587543	0.48050439	0.57815690	0.57752779	0.31235503	0.31235224	0.57816265	0.57756559	0.31230910	0.31233367	59957	59221	0
59957	59226	0.00077458	0.00591872	0.47798249	0.00592770	0.47668424	0.57812633	0.57748482	0.31227787	0.31227557	0.57813216	0.57740840	0.31215963	0.31220145	59957	59224	0
59957	59229	0.00061812	0.00591885	0.47608793	0.00591145	0.47655732	0.57810447	0.57750914	0.31223950	0.31220433	0.57806659	0.57732877	0.31214648	0.31223038	59957	59228	0
59957	59233	0.00025355	0.00591975	0.47400695	0.00589801	0.47510065	0.57791236	0.57717478	0.31211484	0.31208477	0.57807645	0.57733551	0.31206891	0.31214516	59957	59231	0
59957	59236	0.00080514	0.00589846	0.47777952	0.00592839	0.47612477	0.57820497	0.57738753	0.31215166	0.31219118	0.57815936	0.57734225	0.31212043	0.31215461	59957	59234	0
59957	59239	0.00066209	0.00592804	0.47579813	0.00592492	0.47622728	0.57811976	0.57733666	0.31213267	0.31215215	0.57817892	0.57744390	0.31217014	0.31220712	59957	59237	0
59957	59488	-0.00059526	0.00590368	0.47371709	0.00590194	0.47748912	0.57793692	0.57708020	0.31188238	0.31183850	0.57799683	0.57710231	0.31188558	0.31180571	59957	59486	0
59957	59491	0.00081683	0.00592558	0.47945628	0.00587808	0.47522002	0.57785311	0.57709286	0.31178640	0.31184795	0.57787119	0.57715868	0.31182938	0.31185066	59957	59489	0
59957	59494	0.00066287	0.00587677	0.47465159	0.00587212	0.47511346	0.57775352	0.57700625	0.31177868	0.31185000	0.57760931	0.57688036	0.31182502	0.31183645	59957	59493	0
59957	59498	0.00018873	0.00590362	0.47437631	0.00589939	0.47579875	0.57763987	0.57671824	0.31177391	0.31175115	0.57737052	0.57650065	0.31171039	0.31168172	59957	59496	0
59957	59501	0.00054275	0.00585274	0.47714235	0.00588824	0.47608027	0.57730979	0.57659884	0.31169026	0.31168969	0.57734480	0.57666401	0.31170160	0.31164679	59957	59499	0
59957	59504	0.00069704	0.00590288	0.47555690	0.00590027	0.47509404	0.57748128	0.57673377	0.31175493	0.31166972	0.57740026	0.57662884	0.31171220	0.31165698	59957	59503	0
59957	59507	0.00034137	0.00588956	0.47629075	0.00588208	0.47735777	0.57741497	0.57659712	0.31168098	0.31160817	0.57724898	0.57654543	0.31164384	0.31167481	59957	59506	0
59957	59511	0.00046418	0.00590832	0.47685196	0.00588186	0.47648351	0.57742434	0.57656762	0.31181779	0.31167251	0.57725367	0.57661059	0.31162683	0.31165797	59957	59509	0
59957	59514	0.00028493	0.00590349	0.47534314	0.00589441	0.47588089	0.57722631	0.57646129	0.31164104	0.31157251	0.57740708	0.57668644	0.31174220	0.31173472	59957	59512	0
59957	59517	0.00015463	0.00587730	0.47506157	0.00590328	0.47545247	0.57735646	0.57661898	0.31170703	0.31175337	0.57726862	0.57649309	0.31167136	0.31162379	59957	59516	0
59957	59520	0.00068339	0.00587098	0.47783033	0.00590102	0.47624406	0.57719968	0.57641026	0.31161943	0.31157695	0.57722548	0.57648816	0.31170924	0.31160472	59957	59519	0
59957	59524	0.00109642	0.00586883	0.47713276	0.00587511	0.47589368	0.57738925	0.57656072	0.31166709	0.31167161	0.57743075	0.57659671	0.31167383	0.31169388	59957	59522	0
59957	59527	0.00082373	0.00591723	0.47468216	0.00592558	0.47550021	0.57756173	0.57662325	0.31176578	0.31170555	0.57731061	0.57672933	0.31175633	0.31176208	59957	59525	0
59957	59530	0.00017340	0.00591467	0.47451837	0.00586798	0.47646935	0.57727314	0.57654173	0.31164909	0.31171228	0.57739295	0.57666466	0.31166684	0.31169684	59957	59529	0
59957	59534	0.00056815	0.00585821	0.47652827	0.00585985	0.47534404	0.57742927	0.57664026	0.31175033	0.31170842	0.57732614	0.57631626	0.31166767	0.31161072	59957	59532	0
59957	59537	-0.00008212	0.00589655	0.47651394	0.00591940	0.47846476	0.57710609	0.57634214	0.31159437	0.31159979	0.57725580	0.57646022	0.31172855	0.31165518	59957	59535	0
59957	59540	0.00141298	0.00593677	0.47832183	0.00591454	0.47383651	0.57719442	0.57644683	0.31159141	0.31161844	0.57727232	0.57649169	0.31169955	0.31170226	59957	59538	0
59957	59543	0.00129827	0.00592505	0.47358196	0.00590291	0.47392610	0.57728949	0.57647246	0.31165559	0.31161072	0.57727002	0.57654888	0.31170612	0.31173513	59957	59542	0
59957	59547	0.00081440	0.00589818	0.47352404	0.00590165	0.47497566	0.57723165	0.57651215	0.31164901	0.31164096	0.57721653	0.57635027	0.31165131	0.31161655	59957	59545	0
59957	59550	0.00081111	0.00587095	0.47655710	0.00589565	0.47656696	0.57723107	0.57645414	0.31162494	0.31165575	0.57735778	0.57650476	0.31167703	0.31171294	59957	59548	0
59957	59553	-0.00037387	0.00589034	0.47409476	0.00589898	0.47764971	0.57736772	0.57647353	0.31174671	0.31168919	0.57728407	0.57659400	0.31164753	0.31166389	59957	59551	0
59957	59556	0.00003343	0.00591096	0.47705916	0.00591403	0.47583725	0.57728941	0.57637912	0.31164351	0.31162740	0.57702449	0.57630902	0.31146339	0.31149313	59957	59555	0
59957	59560	0.00073430	0.00594647	0.47846246	0.00590003	0.47635984	0.57744883	0.57665349	0.31186184	0.31182486	0.57743995	0.57657123	0.31185469	0.31179692	59957	59558	0
59957	59563	0.00047310	0.00589885	0.47663120	0.00594256	0.47741482	0.57749484	0.57650558	0.31185904	0.31173086	0.57753001	0.57680575	0.31189323	0.31194056	59957	59561	0
59957	59566	0.00105132	0.00596957	0.47703112	0.00587916	0.47529645	0.57742590	0.57637747	0.31188000	0.31148385	0.57722672	0.57624805	0.31173784	0.31153340	59957	59565	0
59957	59569	0.00072007	0.00590905	0.47478059	0.00592208	0.47577435	0.57731250	0.57657468	0.31177276	0.31177893	0.57755359	0.57665431	0.31182634	0.31179955	59957	59568	0
59957	59573	0.00192467	0.00592367	0.47685704	0.00594076	0.47324322	0.57759074	0.57673862	0.31187572	0.31184770	0.57734340	0.57655069	0.31181648	0.31180391	59957	59571	0
59957	59576	0.00005176	0.00595616	0.47276249	0.00590086	0.47838124	0.57700288	0.57643483	0.31155772	0.31159864	0.57704577	0.57642283	0.31152222	0.31159552	59957	59574	0
59957	59579	0.00101023	0.00587697	0.47640439	0.00587128	0.47352896	0.57714915	0.57637829	0.31164252	0.31162781	0.57691578	0.57627936	0.31154745	0.31151433	59957	59578	0
59957	59582	-0.00131497	0.00588354	0.47267884	0.00586318	0.47965444	0.57712096	0.57639267	0.31163545	0.31168870	0.57721365	0.57646622	0.31169371	0.31158525	59957	59581	0
59957	59831	0.00017736	0.00588631	0.47783332	0.00587919	0.47335633	0.57822214	0.57744710	0.31277304	0.31286400	0.57829371	0.57759928	0.31279621	0.31282793	59957	59830	0
59957	59835	0.00114031	0.00585592	0.47778678	0.00589575	0.47489794	0.57822296	0.57751670	0.31278117	0.31277854	0.57832724	0.57759583	0.31288512	0.31286351	59957	59833	0
59957	59838	0.00094786	0.00592673	0.47568465	0.00592764	0.47626201	0.57816742	0.57763568	0.31277139	0.31275192	0.57817752	0.57750725	0.31279711	0.31283549	59957	59836	0
59957	59841	0.00104667	0.00588136	0.47661144	0.00589461	0.47631499	0.57817235	0.57746321	0.31283771	0.31275973	0.57819979	0.57732146	0.31282185	0.31274592	59957	59839	0
59957	59844	0.00130496	0.00588930	0.47756135	0.00591360	0.47678650	0.57809741	0.57737816	0.31277747	0.31283631	0.57812707	0.57743206	0.31280081	0.31282053	59957	59843	0
59957	59848	0.00071392	0.00587550	0.47483964	0.00587178	0.47661276	0.57808377	0.57740905	0.31279917	0.31280541	0.57807054	0.57729401	0.31281774	0.31283803	59957	59846	0
59957	59851	0.00090403	0.00586902	0.47809231	0.00584045	0.47752198	0.57821302	0.57753116	0.31277608	0.31282916	0.57814449	0.57732236	0.31279309	0.31276893	59957	59849	0
59957	59854	0.00020385	0.00591182	0.47486889	0.00594659	0.47696944	0.57804728	0.57744143	0.31277879	0.31277123	0.57826668	0.57739295	0.31287255	0.31285965	59957	59853	0
59957	59857	0.00046868	0.00594269	0.47712966	0.00599534	0.47633516	0.57817645	0.57742598	0.31275414	0.31279802	0.57807925	0.57739122	0.31277591	0.31274148	59957	59856	0
59957	59861	-0.00015969	0.00590812	0.47610960	0.00589340	0.47799470	0.57821105	0.57743905	0.31281601	0.31280829	0.57816774	0.57736846	0.31279432	0.31278503	59957	59859	0
59957	59864	0.00248962	0.00584055	0.47982884	0.00584406	0.47188092	0.57821927	0.57750577	0.31281774	0.31272735	0.57813652	0.57747775	0.31281092	0.31275899	59957	59862	0
59957	59867	-0.00131134	0.00591046	0.46934925	0.00589709	0.48075213	0.57825559	0.57749936	0.31279514	0.31278684	0.57818245	0.57760060	0.31282793	0.31283828	59957	59866	0
59957	59870	0.00050099	0.00591670	0.48022344	0.00585847	0.47478645	0.57838706	0.57752163	0.31291084	0.31283590	0.57824121	0.57749336	0.31281199	0.31284551	59957	59869	0
59957	59874	0.00089980	0.00587768	0.47633425	0.00592368	0.47513782	0.57822190	0.57736633	0.31275151	0.31272069	0.57814802	0.57737923	0.31270615	0.31273409	59957	59872	0
59957	59877	0.00098679	0.00593313	0.47757755	0.00588523	0.47731659	0.57824351	0.57753938	0.31274880	0.31268947	0.57824014	0.57741259	0.31271157	0.31269851	59957	59875	0
59957	59880	0.00024241	0.00590997	0.47392748	0.00588768	0.47616063	0.57839010	0.57776264	0.31279876	0.31287320	0.57822050	0.57736633	0.31271979	0.31270730	59957	59879	0
59957	59884	-0.00035554	0.00586809	0.47390835	0.00587845	0.47570219	0.57818229	0.57742984	0.31273516	0.31266654	0.57838106	0.57744570	0.31283179	0.31271979	59957	59882	0
59957	59887	0.00073263	0.00588213	0.47724622	0.00592809	0.47398169	0.57832650	0.57748523	0.31279358	0.31280730	0.57816125	0.57743017	0.31275167	0.31281881	59957	59885	0
59957	59890	0.00058640	0.00590090	0.47519025	0.00588843	0.47562894	0.57828163	0.57744398	0.31276909	0.31279194	0.57813414	0.57737158	0.31274362	0.31274781	59957	59888	0
59957	59893	0.00071709	0.00588627	0.47414080	0.00589195	0.47374874	0.57835362	0.57746797	0.31280812	0.31270311	0.57817424	0.57737840	0.31273055	0.31273236	59957	59892	0
59957	59897	0.00151788	0.00590136	0.47893057	0.00588578	0.47652820	0.57823751	0.57745450	0.31273253	0.31271338	0.57818508	0.57744628	0.31274617	0.31269744	59957	59895	0
59957	59900	0.00058872	0.00590177	0.47283589	0.00588378	0.47562336	0.57820834	0.57744151	0.31275882	0.31270385	0.57816068	0.57747150	0.31274387	0.31273442	59957	59898	0
59957	59903	0.00004439	0.00590586	0.47526397	0.00588775	0.47689697	0.57826109	0.57744184	0.31270590	0.31269350	0.57826923	0.57741300	0.31281001	0.31274847	59957	59901	0
59957	59906	0.00006157	0.00585709	0.47544241	0.00586539	0.47539087	0.57825649	0.57737808	0.31281001	0.31273269	0.57823907	0.57749887	0.31273014	0.31268339	59957	59905	0
59957	59910	0.00052647	0.00589083	0.47694562	0.00589921	0.47555090	0.57820768	0.57757981	0.31267739	0.31272488	0.57824909	0.57758096	0.31276359	0.31275652	59957	59908	0
59957	59913	0.00038985	0.00590512	0.47507887	0.00590376	0.47548872	0.57828172	0.57747528	0.31276104	0.31275693	0.57819034	0.57743091	0.31280533	0.31281149	59957	59911	0
59957	59916	0.00015409	0.00589953	0.47453766	0.00588306	0.47524495	0.57824564	0.57739287	0.31276441	0.31281248	0.57805418	0.57740643	0.31271864	0.31276071	59957	59915	0
59957	59919	0.00071156	0.00587128	0.47812930	0.00591004	0.47645690	0.57822551	0.57743420	0.31274000	0.31268659	0.57825780	0.57744012	0.31280139	0.31276145	59957	59918	0
59957	59923	0.00047098	0.00589785	0.47786638	0.00585994	0.47858810	0.57821631	0.57742434	0.31274970	0.31265249	0.57823882	0.57745219	0.31272932	0.31274099	59957	59921	0
59957	59926	0.00133944	0.00585093	0.47710129	0.00589877	0.47449592	0.57829388	0.57763273	0.31274847	0.31271281	0.57828303	0.57755729	0.31279087	0.31271921	59957	59924	0
59957	60175	0.00049592	0.00586654	0.47616551	0.00587528	0.47869607	0.57918043	0.57853135	0.31370914	0.31370799	0.57918265	0.57835846	0.31377389	0.31371283	59957	60173	0
59957	60178	0.00139279	0.00589373	0.47735262	0.00589456	0.47466199	0.57917903	0.57839635	0.31368941	0.31373864	0.57914016	0.57844474	0.31370330	0.31376887	59957	60176	0
59957	60181	0.00177897	0.00586928	0.47796417	0.00588738	0.47680564	0.57912718	0.57843497	0.31370486	0.31376131	0.57915421	0.57831705	0.31371341	0.31379007	59957	60180	0
59957	60185	0.00032936	0.00587423	0.47581061	0.00589397	0.48015944	0.57904410	0.57840736	0.31368596	0.31365745	0.57918725	0.57846619	0.31370815	0.31372319	59957	60183	0
59957	60188	-0.00013324	0.00586191	0.47806938	0.00587392	0.47945719	0.57908815	0.57837465	0.31362302	0.31369985	0.57913803	0.57831130	0.31377791	0.31373559	59957	60186	0
59957	60191	0.00062133	0.00588228	0.47642849	0.00586304	0.47416477	0.57914041	0.57836800	0.31369402	0.31368991	0.57916588	0.57831524	0.31369237	0.31367668	59957	60189	0
59957	60194	0.00108728	0.00588859	0.47668454	0.00587565	0.47528670	0.57910918	0.57843398	0.31365885	0.31365745	0.57918207	0.57838065	0.31371168	0.31365909	59957	60193	0
59957	60198	0.00108618	0.00589461	0.47784951	0.00585075	0.47785283	0.57918182	0.57837087	0.31369402	0.31371826	0.57918848	0.57843998	0.31355621	0.31363609	59957	60196	0
59957	60201	0.00000857	0.00584745	0.47455203	0.00585112	0.47778486	0.57918478	0.57850982	0.31371743	0.31368884	0.57922299	0.57845880	0.31370881	0.31364069	59957	60199	0
59957	60204	0.00072856	0.00586061	0.47827256	0.00588182	0.47611259	0.57918667	0.57841976	0.31367462	0.31360470	0.57915553	0.57852042	0.31360248	0.31368227	59957	60202	0
59957	60207	0.00097913	0.00592033	0.47708742	0.00590492	0.47633571	0.57914386	0.57841902	0.31355835	0.31362047	0.57914649	0.57848969	0.31357635	0.31362097	59957	60206	0
59957	60211	0.00072284	0.00588765	0.47677153	0.00590341	0.47754039	0.57925734	0.57843751	0.31354800	0.31365466	0.57919127	0.57845140	0.31362047	0.31360774	59957	60209	0
59957	60214	-0.00007520	0.00585242	0.47729442	0.00588185	0.47968855	0.57904501	0.57842116	0.31360207	0.31368243	0.57913597	0.57841492	0.31362228	0.31365507	59957	60212	0
59957	60217	0.00067052	0.00589308	0.47839760	0.00588018	0.47616043	0.57908782	0.57834639	0.31359434	0.31363773	0.57909226	0.57851311	0.31364693	0.31377274	59957	60216	0
59957	60220	0.00049406	0.00590611	0.47597042	0.00584664	0.47649981	0.57914616	0.57838533	0.31353115	0.31362195	0.57909949	0.57841681	0.31357010	0.31358218	59957	60219	0
59957	60224	0.00104995	0.00587990	0.47884780	0.00584572	0.47718013	0.57910121	0.57842034	0.31350108	0.31359073	0.57913030	0.57838698	0.31361628	0.31360461	59957	60222	0
59957	60227	0.00042190	0.00587746	0.47605962	0.00590014	0.47794378	0.57907755	0.57848788	0.31359927	0.31362524	0.57907163	0.57835616	0.31354389	0.31357684	59957	60225	0
59957	60230	0.00062484	0.00586152	0.47705351	0.00585060	0.47644468	0.57910187	0.57839618	0.31357224	0.31364225	0.57903769	0.57823685	0.31356114	0.31351020	59957	60229	0
59957	60233	-0.00044190	0.00587668	0.47629976	0.00590550	0.47949996	0.57904295	0.57827777	0.31353584	0.31358407	0.57905988	0.57830177	0.31356147	0.31359623	59957	60232	0
59957	60237	0.00074972	0.00585270	0.48002178	0.00588081	0.47644692	0.57906169	0.57846553	0.31352063	0.31359500	0.57904123	0.57835797	0.31355671	0.31354824	59957	60235	0
59957	60240	0.00071299	0.00591225	0.47665750	0.00594801	0.47676771	0.57888124	0.57815673	0.31343403	0.31345030	0.57900992	0.57823628	0.31348473	0.31352335	59957	60238	0
59957	60243	0.00070174	0.00588709	0.47656304	0.00586040	0.47659678	0.57903811	0.57817251	0.31357216	0.31355794	0.57917221	0.57828541	0.31354594	0.31351488	59957	60242	0
59957	60247	0.00148400	0.00582324	0.47831121	0.00587647	0.47596443	0.57900425	0.57830801	0.31341414	0.31352737	0.57901543	0.57819149	0.31352548	0.31350313	59957	60245	0
59957	60250	0.00006421	0.00585386	0.47479944	0.00586342	0.47905881	0.57899069	0.57814909	0.31348021	0.31341529	0.57891879	0.57814909	0.31346821	0.31345966	59957	60248	0
59957	60253	0.00140516	0.00585470	0.47914412	0.00588070	0.47512126	0.57887943	0.57822674	0.31337396	0.31348908	0.57888946	0.57808508	0.31352885	0.31341044	59957	60251	0
59957	60256	-0.00045912	0.00589829	0.47294523	0.00593732	0.47853806	0.57879685	0.57812773	0.31344923	0.31338653	0.57908765	0.57831467	0.31358933	0.31358391	59957	60255	0
59957	60260	0.00096999	0.00590217	0.47994729	0.00586791	0.47565995	0.57891641	0.57819272	0.31333764	0.31341776	0.57890137	0.57816783	0.31331570	0.31333345	59957	60258	0
59957	60263	0.00017741	0.00585187	0.47811206	0.00587963	0.48048981	0.57889792	0.57824597	0.31336804	0.31335424	0.57895347	0.57812214	0.31337511	0.31330871	59957	60261	0
59957	60266	0.00092486	0.00591177	0.47978022	0.00589960	0.47753787	0.57886949	0.57815484	0.31330666	0.31333747	0.57886431	0.57807522	0.31324421	0.31328743	59957	60264	0
59957	60269	0.00040214	0.00588867	0.47648644	0.00586883	0.47805461	0.57904640	0.57808664	0.31336738	0.31330929	0.57899833	0.57801104	0.31343904	0.31328817	59957	60268	0
59957	60518	-0.00015591	0.00586189	0.47536102	0.00588847	0.47703518	0.57926827	0.57846085	0.31363485	0.31365474	0.57925553	0.57847613	0.31356501	0.31349007	59957	60517	0
59957	60521	0.00065468	0.00588254	0.47735731	0.00590526	0.47492554	0.57926112	0.57850876	0.31352959	0.31352540	0.57913268	0.57841253	0.31347618	0.31346928	59957	60520	0
59957	60525	0.00027550	0.00587776	0.47491587	0.00585054	0.47605340	0.57917303	0.57836126	0.31358958	0.31357898	0.57911732	0.57844187	0.31356895	0.31357906	59957	60523	0
59957	60528	0.00055996	0.00587702	0.47617306	0.00586732	0.47531969	0.57924953	0.57845699	0.31358087	0.31356838	0.57927690	0.57846849	0.31356394	0.31358506	59957	60526	0
59957	60531	-0.00092706	0.00589028	0.47452197	0.00586542	0.47898301	0.57940623	0.57846143	0.31365425	0.31364455	0.57934165	0.57857030	0.31365137	0.31356903	59957	60530	0
59957	60534	0.00009215	0.00589629	0.47597024	0.00589434	0.47291260	0.57906424	0.57853924	0.31361521	0.31361020	0.57919908	0.57850095	0.31358801	0.31358695	59957	60533	0
59957	60538	0.00012845	0.00588043	0.47748221	0.00585765	0.47737333	0.57917887	0.57842280	0.31354430	0.31352770	0.57925068	0.57847145	0.31348892	0.31349196	59957	60536	0
59957	60541	0.00038854	0.00592301	0.47891630	0.00591203	0.47813603	0.57920779	0.57863933	0.31355654	0.31359952	0.57933129	0.57850999	0.31358777	0.31362984	59957	60539	0
59957	60544	0.00220668	0.00592358	0.48007050	0.00589192	0.47461607	0.57925364	0.57852815	0.31358111	0.31365014	0.57922077	0.57845765	0.31359253	0.31365835	59957	60543	0
59957	60548	-0.00001585	0.00588302	0.47331079	0.00585676	0.47997839	0.57911576	0.57849232	0.31353280	0.31361817	0.57921683	0.57844376	0.31369977	0.31359804	59957	60546	0
59957	60551	-0.00033860	0.00582870	0.47617770	0.00585618	0.47714594	0.57924345	0.57847786	0.31369221	0.31361143	0.57934272	0.57860416	0.31369960	0.31368777	59957	60549	0
59957	60554	0.00074459	0.00584854	0.47711103	0.00589435	0.47386148	0.57912808	0.57840456	0.31351546	0.31356640	0.57908001	0.57845009	0.31361332	0.31365753	59957	60552	0
59957	60557	0.00080810	0.00587657	0.47684994	0.00586937	0.47665942	0.57919629	0.57844244	0.31366715	0.31365663	0.57928010	0.57842215	0.31365630	0.31361546	59957	60556	0
59957	60561	0.00063094	0.00586022	0.47672088	0.00586313	0.47725236	0.57916868	0.57830201	0.31353485	0.31354233	0.57921543	0.57840769	0.31364907	0.31362828	59957	60559	0
59957	60564	0.00030126	0.00585173	0.47611923	0.00589248	0.47710826	0.57922381	0.57840177	0.31359607	0.31357692	0.57917862	0.57838312	0.31362894	0.31362433	59957	60562	0
59957	60567	0.00088263	0.00589786	0.47701878	0.00593939	0.47527466	0.57920746	0.57842839	0.31359689	0.31356312	0.57910697	0.57834310	0.31351948	0.31351003	59957	60565	0
59957	60570	0.00008534	0.00591222	0.47512489	0.00589699	0.47751678	0.57914698	0.57828755	0.31347141	0.31349623	0.57921099	0.57848846	0.31350494	0.31353123	59957	60569	0
59957	60574	0.00109484	0.00587916	0.47786285	0.00587243	0.47483436	0.57923261	0.57855699	0.31355474	0.31360437	0.57918536	0.57845789	0.31352228	0.31354068	59957	60572	0
59957	60577	-0.00031703	0.00590820	0.47453023	0.00585279	0.47876582	0.57920639	0.57843916	0.31355523	0.31354241	0.57924690	0.57848945	0.31349220	0.31352063	59957	60575	0
59957	60580	0.00088383	0.00587241	0.47834756	0.00585152	0.47474498	0.57918684	0.57835049	0.31355276	0.31349508	0.57929349	0.57840941	0.31366443	0.31359631	59957	60579	0
59957	60583	0.00072977	0.00583348	0.47680684	0.00588066	0.47726902	0.57929982	0.57845584	0.31362138	0.31364562	0.57911691	0.57836561	0.31351644	0.31360272	59957	60582	0
59957	60587	0.00012674	0.00584473	0.47608612	0.00588598	0.47789521	0.57910319	0.57824770	0.31346106	0.31345835	0.57904862	0.57842946	0.31362203	0.31360100	59957	60585	0
59957	60590	0.00047253	0.00591107	0.47717522	0.00587331	0.47613785	0.57909817	0.57830974	0.31354570	0.31353452	0.57902110	0.57836192	0.31350149	0.31351044	59957	60588	0
59957	60593	0.00111342	0.00586667	0.47726023	0.00583912	0.47533757	0.57917311	0.57828352	0.31350987	0.31349754	0.57916301	0.57852601	0.31362918	0.31362885	59957	60592	0
59957	60596	0.00140151	0.00581862	0.47769098	0.00584422	0.47682670	0.57907245	0.57836512	0.31356435	0.31352606	0.57911042	0.57844236	0.31357750	0.31366871	59957	60595	0
59957	60600	0.00097608	0.00583740	0.47560253	0.00585690	0.47687883	0.57912817	0.57839873	0.31358177	0.31360313	0.57920409	0.57840777	0.31369106	0.31364266	59957	60598	0
59957	60603	0.00041229	0.00586350	0.47529016	0.00585811	0.47698152	0.57921050	0.57843702	0.31363395	0.31364849	0.57926276	0.57839898	0.31356747	0.31359755	59957	60601	0
59957	60606	0.00017367	0.00585095	0.47521130	0.00586983	0.47592717	0.57930779	0.57852766	0.31362787	0.31360322	0.57906243	0.57831763	0.31352343	0.31352721	59957	60605	0
59957	60610	0.00121208	0.00587923	0.47781837	0.00592084	0.47470314	0.57915561	0.57837120	0.31354323	0.31359615	0.57906728	0.57835321	0.31358177	0.31353058	59957	60608	0
59957	60613	-0.00002218	0.00587802	0.47512139	0.00585735	0.47882415	0.57909480	0.57829355	0.31362968	0.31354027	0.57924132	0.57846430	0.31363658	0.31360198	59957	60611	0
59957	60862	0.00004699	0.00587175	0.47521490	0.00589612	0.47500739	0.57917706	0.57846759	0.31338661	0.31332367	0.57913211	0.57832543	0.31334840	0.31333936	59957	60860	0
59957	60865	0.00011181	0.00588423	0.47644078	0.00591840	0.47624633	0.57908872	0.57824079	0.31332244	0.31333641	0.57907089	0.57832732	0.31331496	0.31330715	59957	60863	0
59957	60868	-0.00138384	0.00590226	0.47523941	0.00589176	0.47972634	0.57909168	0.57832954	0.31331619	0.31334520	0.57919374	0.57841171	0.31335859	0.31336467	59957	60866	0
59957	60871	-0.00013494	0.00590454	0.47815869	0.00588180	0.47441200	0.57922316	0.57836126	0.31340321	0.31338595	0.57925857	0.57838188	0.31349253	0.31337651	59957	60870	0
59957	60875	0.00128962	0.00584726	0.47959005	0.00588464	0.47531638	0.57914000	0.57838484	0.31336591	0.31333624	0.57917862	0.57829141	0.31342819	0.31340535	59957	60873	0
59957	60878	0.00081510	0.00587052	0.47627822	0.00591585	0.47770177	0.57912940	0.57829560	0.31347749	0.31341036	0.57907097	0.57832231	0.31338842	0.31331249	59957	60876	0
59957	60881	0.00127191	0.00593686	0.47701917	0.00591947	0.47564873	0.57940106	0.57854047	0.31349130	0.31346574	0.57920721	0.57842001	0.31342384	0.31338883	59957	60880	0
59957	60884	-0.00006537	0.00589943	0.47635046	0.00592498	0.48036231	0.57930081	0.57835666	0.31344873	0.31346895	0.57918166	0.57836241	0.31337675	0.31339261	59957	60883	0
59957	60888	0.00115781	0.00591271	0.47905161	0.00590095	0.47538208	0.57908765	0.57850637	0.31326911	0.31331258	0.57923080	0.57833644	0.31343550	0.31335555	59957	60886	0
59957	60891	0.00030821	0.00591536	0.47539540	0.00588162	0.47794419	0.57914049	0.57839092	0.31337733	0.31333090	0.57923877	0.57841911	0.31341808	0.31332876	59957	60889	0
59957	60894	0.00047273	0.00590643	0.47850820	0.00589934	0.47801464	0.57906013	0.57845912	0.31334166	0.31331833	0.57910598	0.57826372	0.31335818	0.31333731	59957	60893	0
59957	60897	0.00154872	0.00591046	0.47815720	0.00587040	0.47492923	0.57908675	0.57839988	0.31333895	0.31334561	0.57921395	0.57834219	0.31341135	0.31337601	59957	60896	0
59957	60901	0.00066946	0.00590754	0.47397239	0.00595447	0.47661018	0.57909324	0.57834277	0.31346870	0.31340387	0.57913827	0.57824729	0.31344150	0.31339195	59957	60899	0
59957	60904	0.00138748	0.00594508	0.47725771	0.00587971	0.47510364	0.57914345	0.57836791	0.31340231	0.31344085	0.57913926	0.57836455	0.31344430	0.31345670	59957	60902	0
59957	60907	0.00103201	0.00590903	0.47637555	0.00586388	0.47744195	0.57921527	0.57850407	0.31352417	0.31353140	0.57922283	0.57862158	0.31359566	0.31357520	59957	60906	0
59957	60911	-0.00038026	0.00585783	0.47449273	0.00586900	0.47872956	0.57910943	0.57837860	0.31344709	0.31346739	0.57924395	0.57839544	0.31347289	0.31344216	59957	60909	0
59957	60914	0.00063283	0.00583064	0.47803294	0.00590031	0.47499367	0.57913137	0.57825895	0.31340346	0.31341808	0.57903671	0.57828114	0.31335481	0.31335933	59957	60912	0
59957	60917	0.00078593	0.00590861	0.47658497	0.00593082	0.47612567	0.57916342	0.57843472	0.31344356	0.31345465	0.57919604	0.57830530	0.31341611	0.31343592	59957	60915	0
59957	60920	0.00103333	0.00593412	0.47733896	0.00591229	0.47659677	0.57915462	0.57843431	0.31343394	0.31346443	0.57912176	0.57837367	0.31340132	0.31337675	59957	60919	0
59957	60924	0.00001667	0.00592098	0.47444365	0.00587552	0.47749363	0.57911288	0.57847433	0.31333723	0.31344956	0.57926827	0.57861928	0.31338587	0.31350708	59957	60922	0
59957	60927	0.00052601	0.00588518	0.47891534	0.00590706	0.47738731	0.57918749	0.57836956	0.31338423	0.31335153	0.57920746	0.57851936	0.31335169	0.31335374	59957	60925	0
59957	60930	0.00012145	0.00591037	0.47577029	0.00588316	0.47698398	0.57920196	0.57833225	0.31338834	0.31334848	0.57895281	0.57826799	0.31326146	0.31327790	59957	60928	0
59957	60933	0.00099442	0.00586786	0.47891698	0.00587085	0.47629805	0.57917632	0.57841697	0.31344191	0.31342186	0.57905438	0.57846151	0.31342293	0.31345654	59957	60932	0
59957	60937	0.00149644	0.00585356	0.47740862	0.00585620	0.47590258	0.57911485	0.57841303	0.31342885	0.31338653	0.57920878	0.57851492	0.31346443	0.31354233	59957	60935	0
59957	60940	0.00048540	0.00588730	0.47555142	0.00588589	0.47858453	0.57913474	0.57838098	0.31339171	0.31335514	0.57921067	0.57851286	0.31333057	0.31341841	59957	60938	0
59957	60943	0.00015297	0.00591565	0.47509794	0.00591303	0.47609524	0.57910253	0.57833825	0.31329614	0.31326541	0.57921428	0.57846249	0.31338957	0.31333049	59957	60942	0
59957	60946	0.00073398	0.00589606	0.47779779	0.00587187	0.47605475	0.57933146	0.57850777	0.31334602	0.31339245	0.57917344	0.57839815	0.31335769	0.31339853	59957	60945	0
59957	60950	0.00088107	0.00586540	0.47701659	0.00587573	0.47657532	0.57921929	0.57847860	0.31335169	0.31334996	0.57918404	0.57836931	0.31333649	0.31335670	59957	60948	0
59957	60953	-0.00036213	0.00589624	0.47637364	0.00590326	0.48010324	0.57919481	0.57837753	0.31336689	0.31328817	0.57935775	0.57840374	0.31332926	0.31328735	59957	60951	0
59957	60956	0.00125792	0.00588332	0.47878271	0.00587873	0.47392257	0.57917147	0.57837679	0.31328110	0.31330181	0.57914419	0.57843620	0.31329737	0.31332203	59957	60955	0
59957	61205	0.00103073	0.00588422	0.47773163	0.00583728	0.47841320	0.57934321	0.57863234	0.31353214	0.31347758	0.57929399	0.57853472	0.31327593	0.31339031	59957	61203	0
59957	61208	0.00022176	0.00590511	0.47391520	0.00589915	0.47634211	0.57930418	0.57852297	0.31345942	0.31343148	0.57919037	0.57853201	0.31340124	0.31341603	59957	61207	0
59957	61212	0.00022366	0.00587147	0.47569428	0.00588706	0.47568858	0.57929317	0.57851821	0.31343320	0.31337305	0.57928437	0.57866521	0.31339384	0.31340716	59957	61210	0
59957	61215	0.00028731	0.00584719	0.47515855	0.00585524	0.47496761	0.57940673	0.57855009	0.31340773	0.31340789	0.57933705	0.57849659	0.31346418	0.31336459	59957	61213	0
59957	61218	0.00008540	0.00587757	0.47717599	0.00587441	0.47778171	0.57916309	0.57843357	0.31328447	0.31331389	0.57919711	0.57852462	0.31336262	0.31335974	59957	61216	0
59957	61221	0.00047622	0.00586036	0.47699906	0.00585724	0.47582661	0.57920245	0.57838155	0.31337938	0.31338793	0.57917837	0.57826980	0.31338012	0.31336081	59957	61220	0
59957	61225	0.00117716	0.00587377	0.47849612	0.00586773	0.47639328	0.57917295	0.57859216	0.31331200	0.31336862	0.57934337	0.57852092	0.31339680	0.31334109	59957	61223	0
59957	61228	0.00088848	0.00588767	0.47604727	0.00587619	0.47691332	0.57933261	0.57847375	0.31337560	0.31328028	0.57908346	0.57842396	0.31323944	0.31324865	59957	61226	0
59957	61231	0.00082779	0.00590717	0.47580557	0.00591028	0.47598763	0.57900302	0.57841574	0.31323147	0.31326089	0.57904353	0.57828591	0.31312071	0.31320263	59957	61229	0
59957	61234	0.00067818	0.00588911	0.47620047	0.00587063	0.47664932	0.57907705	0.57843036	0.31324133	0.31325514	0.57914411	0.57846405	0.31317354	0.31320501	59957	61233	0
59957	61238	0.00079908	0.00587965	0.47783561	0.00588835	0.47747290	0.57915446	0.57833044	0.31313648	0.31310575	0.57910047	0.57842067	0.31305390	0.31312637	59957	61236	0
59957	61241	0.00029487	0.00592466	0.47582153	0.00589886	0.47733418	0.57902192	0.57840752	0.31307313	0.31312440	0.57909374	0.57839733	0.31306064	0.31315563	59957	61239	0
59957	61244	0.00167142	0.00592315	0.48032879	0.00586344	0.47619913	0.57910376	0.57831787	0.31301281	0.31302440	0.57911839	0.57829338	0.31309006	0.31304568	59957	61243	0
59957	61247	0.00027709	0.00583855	0.47456841	0.00585238	0.47875140	0.57908724	0.57832173	0.31309679	0.31311191	0.57908281	0.57832987	0.31303607	0.31310698	59957	61246	0
59957	61251	0.00063638	0.00590394	0.47747195	0.00593247	0.47639408	0.57899061	0.57825846	0.31300706	0.31302596	0.57913564	0.57840966	0.31305735	0.31311282	59957	61249	0
59957	61254	-0.00057502	0.00583118	0.47457036	0.00591818	0.47820457	0.57888173	0.57812107	0.31301873	0.31298635	0.57898223	0.57823800	0.31294502	0.31299893	59957	61252	0
59957	61257	0.00003860	0.00589386	0.47670455	0.00588981	0.47486368	0.57904797	0.57828796	0.31302514	0.31315201	0.57913227	0.57827638	0.31316146	0.31304708	59957	61256	0
59957	61260	0.00032022	0.00587937	0.47695265	0.00590630	0.47610780	0.57908166	0.57833414	0.31307461	0.31309416	0.57910770	0.57827703	0.31307165	0.31296984	59957	61259	0
59957	61264	0.00060385	0.00587639	0.47707465	0.00588361	0.47622376	0.57904673	0.57826627	0.31291634	0.31300024	0.57900598	0.57818262	0.31293426	0.31290887	59957	61262	0
59957	61267	0.00164516	0.00589155	0.47770131	0.00587998	0.47457739	0.57903934	0.57832962	0.31299153	0.31303623	0.57920943	0.57844746	0.31304807	0.31307798	59957	61265	0
59957	61270	-0.00000333	0.00590220	0.47394970	0.00589076	0.47889517	0.57906194	0.57829988	0.31288306	0.31295299	0.57899768	0.57838065	0.31298290	0.31296211	59957	61269	0
59957	61274	0.00069502	0.00592796	0.47687126	0.00591317	0.47477620	0.57916210	0.57831746	0.31299531	0.31295266	0.57907829	0.57829322	0.31288791	0.31293007	59957	61272	0
59957	61277	0.00090494	0.00591829	0.47702285	0.00592859	0.47639308	0.57902751	0.57834614	0.31281108	0.31289597	0.57902931	0.57815829	0.31289293	0.31287690	59957	61275	0
59957	61280	-0.00008701	0.00591350	0.47563720	0.00592317	0.47861306	0.57899718	0.57826347	0.31281174	0.31285669	0.57901222	0.57824112	0.31280985	0.31291955	59957	61278	0
59957	61283	-0.00077347	0.00591564	0.47557350	0.00590072	0.47763289	0.57909193	0.57833661	0.31287411	0.31292333	0.57917040	0.57830859	0.31290624	0.31289728	59957	61282	0
59957	61287	0.00137350	0.00591217	0.48120037	0.00587708	0.47475945	0.57905191	0.57836717	0.31286844	0.31294486	0.57901156	0.57821886	0.31283302	0.31284732	59957	61285	0
59957	61290	0.00049073	0.00590248	0.47588545	0.00589548	0.47853377	0.57903564	0.57827029	0.31284691	0.31282727	0.57904903	0.57819092	0.31294995	0.31297370	59957	61288	0
59957	61293	0.00055426	0.00588032	0.47704779	0.00587209	0.47685721	0.57897664	0.57817736	0.31304445	0.31293639	0.57896596	0.57815665	0.31293533	0.31298233	59957	61291	0
59957	61296	0.00069111	0.00585175	0.47706380	0.00587281	0.47665325	0.57893021	0.57826282	0.31293689	0.31299835	0.57888477	0.57819149	0.31291462	0.31297124	59957	61295	0
59957	61300	-0.00029760	0.00587887	0.47535841	0.00587003	0.47832452	0.57903646	0.57821491	0.31300320	0.31294157	0.57903728	0.57832872	0.31291552	0.31293607	59957	61298	0
59957	61548	0.00009728	0.00591225	0.47785444	0.00587254	0.47666980	0.57933138	0.57846447	0.31330041	0.31327231	0.57923096	0.57857178	0.31325432	0.31331479	59957	61547	0
59957	61552	0.00176575	0.00589241	0.47700282	0.00586767	0.47199741	0.57933622	0.57854031	0.31334101	0.31329877	0.57925570	0.57846586	0.31319688	0.31322227	59957	61550	0
59957	61555	0.00045669	0.00592557	0.47612503	0.00588675	0.48005221	0.57923639	0.57839824	0.31320625	0.31320920	0.57930656	0.57847260	0.31321331	0.31320674	59957	61553	0
59957	61558	0.00105143	0.00592166	0.47862700	0.00588086	0.47684281	0.57934822	0.57863292	0.31328595	0.31329417	0.57922069	0.57851780	0.31331562	0.31328743	59957	61557	0
59957	61561	0.00019237	0.00590826	0.47470853	0.00589083	0.47728571	0.57955677	0.57854138	0.31347766	0.31338982	0.57922907	0.57844943	0.31320304	0.31320000	59957	61560	0
59957	61565	0.00096671	0.00590263	0.47786818	0.00587048	0.47554516	0.57921494	0.57836159	0.31314125	0.31310320	0.57908470	0.57843012	0.31310961	0.31321150	59957	61563	0
59957	61568	-0.00028883	0.00589450	0.47360564	0.00591228	0.47737225	0.57925446	0.57850777	0.31332318	0.31322202	0.57916120	0.57838747	0.31328669	0.31324215	59957	61566	0
59957	61571	0.00090999	0.00591614	0.47912209	0.00586674	0.47552565	0.57936326	0.57859610	0.31325884	0.31323747	0.57924542	0.57857178	0.31312251	0.31315037	59957	61570	0
59957	61574	0.00081499	0.00589524	0.47542988	0.00592768	0.47571488	0.57933639	0.57852889	0.31317453	0.31323057	0.57899891	0.57823315	0.31307732	0.31301709	59957	61573	0
59957	61578	0.00101197	0.00593153	0.47639285	0.00590417	0.47580190	0.57907582	0.57838706	0.31305834	0.31305374	0.57919259	0.57838287	0.31315431	0.31306368	59957	61576	0
59957	61581	0.00060993	0.00589186	0.47570838	0.00589862	0.47691450	0.57921584	0.57847728	0.31317387	0.31315012	0.57915035	0.57840982	0.31310706	0.31310501	59957	61579	0
59957	61584	0.00092885	0.00587250	0.47621516	0.00591682	0.47525841	0.57911707	0.57854894	0.31312021	0.31314856	0.57899143	0.57822132	0.31302949	0.31305464	59957	61583	0
59957	61588	-0.00010408	0.00592911	0.47448923	0.00590422	0.47758800	0.57910351	0.57829897	0.31305480	0.31307107	0.57903917	0.57831730	0.31299991	0.31298750	59957	61586	0
59957	61591	0.00150104	0.00595551	0.47895767	0.00591985	0.47414230	0.57916391	0.57838772	0.31294560	0.31292193	0.57902200	0.57828393	0.31287633	0.31289851	59957	61589	0
59957	61594	-0.00000699	0.00594330	0.47430544	0.00590798	0.47882953	0.57896538	0.57824770	0.31280295	0.31286926	0.57910450	0.57840522	0.31286647	0.31293845	59957	61592	0
59957	61597	0.00070242	0.00590879	0.47704989	0.00589766	0.47492166	0.57901526	0.57820127	0.31293031	0.31287912	0.57902307	0.57822839	0.31287575	0.31285069	59957	61596	0
59957	61601	0.00104984	0.00593704	0.47731770	0.00593225	0.47627546	0.57901945	0.57817834	0.31287246	0.31285143	0.57903046	0.57823488	0.31292793	0.31286671	59957	61599	0
59957	61604	0.00119061	0.00590757	0.47591934	0.00591018	0.47549701	0.57890088	0.57812707	0.31286811	0.31283352	0.57896933	0.57820028	0.31279917	0.31274304	59957	61602	0
59957	61607	0.00059414	0.00594904	0.47580041	0.00593397	0.47758983	0.57891805	0.57813824	0.31272045	0.31270853	0.57892619	0.57820669	0.31272390	0.31264477	59957	61606	0
59957	61610	0.00061516	0.00594972	0.47626698	0.00594141	0.47620392	0.57894443	0.57803824	0.31261288	0.31261256	0.57900220	0.57820924	0.31268478	0.31260639	59957	61609	0
59957	61614	-0.00009167	0.00591141	0.47559247	0.00593195	0.47771298	0.57885988	0.57807579	0.31258076	0.31263055	0.57892734	0.57815583	0.31260656	0.31261519	59957	61612	0
59957	61617	0.00083675	0.00591007	0.47894936	0.00591646	0.47616411	0.57888313	0.57803693	0.31255347	0.31253022	0.57879381	0.57796338	0.31252776	0.31254444	59957	61615	0
59957	61620	0.00081420	0.00592097	0.47716290	0.00591662	0.47723054	0.57871295	0.57824778	0.31251296	0.31269144	0.57889743	0.57812847	0.31257837	0.31260483	59957	61619	0
59957	61623	0.00063931	0.00590392	0.47544012	0.00588121	0.47596480	0.57883333	0.57804638	0.31260869	0.31251206	0.57877738	0.57808188	0.31249045	0.31250787	59957	61622	0
59957	61627	0.00116927	0.00592779	0.47770565	0.00590483	0.47611576	0.57871041	0.57789978	0.31248462	0.31246596	0.57867992	0.57785015	0.31251592	0.31245766	59957	61625	0
59957	61630	0.00090807	0.00593774	0.47564146	0.00590555	0.47642506	0.57873678	0.57796840	0.31255101	0.31247245	0.57867869	0.57786371	0.31249760	0.31246728	59957	61628	0
59957	61633	0.00051104	0.00589709	0.47825734	0.00590468	0.47944841	0.57865264	0.57807177	0.31243909	0.31245019	0.57866168	0.57789395	0.31242356	0.31241296	59957	61632	0
59957	61637	0.00238463	0.00592535	0.47974116	0.00592684	0.47412040	0.57848846	0.57787743	0.31237886	0.31244821	0.57871114	0.57790619	0.31246448	0.31236768	59957	61635	0
59957	61640	0.00039502	0.00596330	0.47274964	0.00591707	0.47871848	0.57871887	0.57791811	0.31249522	0.31245725	0.57856348	0.57783043	0.31235487	0.31232759	59957	61638	0
59957	61643	-0.00007181	0.00595081	0.47494654	0.00590455	0.47634704	0.57856217	0.57782180	0.31236974	0.31234320	0.57861804	0.57792920	0.31238543	0.31237837	59957	61641	0
59957	61892	0.00057547	0.00589291	0.47803777	0.00586768	0.47609592	0.57892331	0.57808894	0.31278380	0.31277123	0.57899283	0.57827457	0.31286951	0.31280845	59957	61890	0
59957	61895	0.00007548	0.00588038	0.47504585	0.00591262	0.47654581	0.57897261	0.57814194	0.31280270	0.31279210	0.57906358	0.57826865	0.31286992	0.31284099	59957	61893	0
59957	61898	0.00015431	0.00590798	0.47657192	0.00591103	0.47633543	0.57909382	0.57819560	0.31280180	0.31280508	0.57918199	0.57822535	0.31282974	0.31278964	59957	61897	0
59957	61902	0.00117994	0.00590143	0.47642196	0.00592098	0.47334509	0.57897853	0.57832362	0.31280484	0.31280722	0.57910458	0.57832403	0.31273721	0.31277476	59957	61900	0
59957	61905	0.00109641	0.00591073	0.47515060	0.00590954	0.47540119	0.57904994	0.57819470	0.31285554	0.31281971	0.57897442	0.57817120	0.31286573	0.31276400	59957	61903	0
59957	61908	0.00031260	0.00588470	0.47509042	0.00588447	0.47744185	0.57895166	0.57827449	0.31279637	0.31279859	0.57903005	0.57837662	0.31282086	0.31289892	59957	61907	0
59957	61911	0.00052660	0.00591249	0.47703479	0.00592845	0.47639279	0.57904665	0.57827161	0.31287863	0.31291602	0.57899480	0.57813488	0.31278076	0.31267649	59957	61910	0
59957	61915	0.00108247	0.00593078	0.47670051	0.00594184	0.47503290	0.57899381	0.57826931	0.31280812	0.31280517	0.57903901	0.57822740	0.31282546	0.31281725	59957	61913	0
59957	61918	0.00108236	0.00588405	0.47550103	0.00593270	0.47550135	0.57901929	0.57825920	0.31282176	0.31282785	0.57903120	0.57818295	0.31277353	0.31281133	59957	61916	0
59957	61921	0.00133514	0.00590820	0.47768153	0.00591431	0.47692319	0.57904049	0.57821992	0.31282941	0.31277016	0.57901313	0.57811852	0.31286712	0.31285184	59957	61920	0
59957	61924	0.00085384	0.00588900	0.47561680	0.00589022	0.47706067	0.57891468	0.57824983	0.31284650	0.31285085	0.57903490	0.57826750	0.31290920	0.31287961	59957	61923	0
59957	61928	0.00033488	0.00587812	0.47464904	0.00587692	0.47620593	0.57902397	0.57830694	0.31288159	0.31294124	0.57914871	0.57841500	0.31294773	0.31301142	59957	61926	0
59957	61931	0.00030592	0.00590460	0.47602550	0.00588026	0.47611239	0.57907927	0.57834573	0.31293138	0.31297797	0.57901822	0.57825542	0.31295628	0.31291725	59957	61929	0
59957	61934	0.00076174	0.00591239	0.47750610	0.00590946	0.47613865	0.57897565	0.57827227	0.31286252	0.31290747	0.57894238	0.57820094	0.31286762	0.31290196	59957	61933	0
59957	61938	0.00111833	0.00586464	0.47741627	0.00591761	0.47634648	0.57898412	0.57828821	0.31289868	0.31289391	0.57924066	0.57843406	0.31305702	0.31297608	59957	61936	0
59957	61941	-0.00029304	0.00587145	0.47381998	0.00590995	0.47805411	0.57916794	0.57837917	0.31305768	0.31296688	0.57914263	0.57838221	0.31293705	0.31298405	59957	61939	0
59957	61944	0.00057412	0.00589121	0.47743694	0.00590227	0.47483546	0.57910097	0.57833735	0.31292481	0.31290385	0.57911255	0.57832272	0.31296351	0.31298857	59957	61942	0
59957	61947	-0.00052697	0.00591135	0.47391470	0.00585738	0.47721797	0.57907171	0.57843176	0.31296992	0.31301438	0.57914953	0.57835871	0.31298036	0.31293993	59957	61946	0
59957	61951	-0.00005313	0.00584951	0.47403448	0.00587995	0.47261294	0.57909357	0.57840251	0.31303426	0.31305784	0.57911337	0.57829577	0.31301191	0.31302037	59957	61949	0
59957	61954	0.00090422	0.00585339	0.47803268	0.00588063	0.47516064	0.57909037	0.57842059	0.31304445	0.31304330	0.57915553	0.57838985	0.31308225	0.31307724	59957	61952	0
59957	61957	0.00011596	0.00589754	0.47534751	0.00588347	0.47771230	0.57920845	0.57845855	0.31317461	0.31305604	0.57920163	0.57848238	0.31298693	0.31303065	59957	61955	0
59957	61960	-0.00014686	0.00590938	0.47617197	0.00595439	0.47696042	0.57930837	0.57868888	0.31310304	0.31319737	0.57926104	0.57849610	0.31303106	0.31302974	59957	61959	0
59957	61964	0.00055689	0.00588706	0.47771472	0.00589016	0.47560346	0.57927895	0.57844836	0.31310871	0.31310222	0.57923022	0.57854031	0.31309720	0.31312728	59957	61962	0
59957	61967	0.00100420	0.00586552	0.47806436	0.00587029	0.47672243	0.57916407	0.57846521	0.31301725	0.31310854	0.57925496	0.57839051	0.31312251	0.31304149	59957	61965	0
59957	61970	0.00039616	0.00588375	0.47412191	0.00591126	0.47594604	0.57922899	0.57847342	0.31308997	0.31300673	0.57899850	0.57832108	0.31295390	0.31290763	59957	61969	0
59957	61973	0.00048289	0.00585100	0.47703390	0.00591947	0.47677369	0.57913441	0.57833332	0.31300493	0.31297937	0.57904780	0.57835855	0.31296885	0.31296039	59957	61972	0
59957	61977	0.00065340	0.00588765	0.47714166	0.00594549	0.47663014	0.57928306	0.57845280	0.31299819	0.31294979	0.57925266	0.57838772	0.31300501	0.31300903	59957	61975	0
59957	61980	0.00024318	0.00587036	0.47664211	0.00593609	0.47787278	0.57914148	0.57835633	0.31295825	0.31292390	0.57911962	0.57846537	0.31295472	0.31295513	59957	61978	0
59957	61983	0.00099368	0.00588003	0.47749468	0.00592791	0.47524315	0.57925085	0.57849397	0.31301191	0.31311298	0.57911863	0.57846833	0.31295628	0.31297419	59957	61982	0
59957	61986	-0.00014137	0.00587587	0.47379494	0.00594678	0.47720010	0.57918338	0.57851402	0.31290246	0.31283294	0.57917139	0.57841467	0.31291330	0.31285521	59957	61985	0
59957	62235	-0.00033334	0.00592169	0.47658008	0.00597702	0.47715598	0.57861657	0.57772065	0.31235396	0.31229817	0.57858066	0.57782492	0.31237878	0.31241058	59957	62234	0
59957	62239	0.00142117	0.00592738	0.47956897	0.00595072	0.47430545	0.57847843	0.57777611	0.31231518	0.31231567	0.57845198	0.57766863	0.31230285	0.31229291	59957	62237	0
59957	62242	0.00055336	0.00591306	0.47460815	0.00595006	0.47721157	0.57847556	0.57765992	0.31237516	0.31235495	0.57867121	0.57774522	0.31246851	0.31231468	59957	62240	0
59957	62245	0.00037664	0.00592507	0.47695071	0.00593722	0.47748088	0.57859339	0.57784465	0.31238617	0.31237730	0.57855806	0.57779567	0.31235635	0.31233539	59957	62243	0
59957	62248	0.00056638	0.00596438	0.47780027	0.00594411	0.47723105	0.57842864	0.57783142	0.31231468	0.31232315	0.57874015	0.57795640	0.31242553	0.31243704	59957	62247	0
59957	62252	0.00085478	0.00589702	0.47598409	0.00590220	0.47511890	0.57855453	0.57796117	0.31242307	0.31243161	0.57870243	0.57789888	0.31244682	0.31246711	59957	62250	0
59957	62255	0.00016706	0.00590901	0.47543319	0.00596547	0.47749633	0.57861155	0.57799223	0.31239267	0.31247328	0.57871525	0.57797489	0.31254633	0.31250146	59957	62253	0
59957	62258	0.00086071	0.00593071	0.47723005	0.00594542	0.47514912	0.57858148	0.57792961	0.31249522	0.31256605	0.57868559	0.57794153	0.31260072	0.31259530	59957	62256	0
59957	62261	0.00090857	0.00592208	0.47432438	0.00593905	0.47418078	0.57869660	0.57783125	0.31264008	0.31260286	0.57860128	0.57793766	0.31252628	0.31254641	59957	62260	0
59957	62265	0.00069230	0.00594207	0.47653899	0.00592478	0.47718782	0.57869241	0.57795845	0.31252784	0.31252874	0.57867926	0.57812345	0.31254082	0.31260606	59957	62263	0
59957	62268	0.00107653	0.00593295	0.47720457	0.00592263	0.47605187	0.57869414	0.57796232	0.31254296	0.31257648	0.57877738	0.57801959	0.31265775	0.31254665	59957	62266	0
59957	62271	0.00089339	0.00593578	0.47550772	0.00591467	0.47605714	0.57866455	0.57791367	0.31253753	0.31255808	0.57864491	0.57792542	0.31245594	0.31248577	59957	62270	0
59957	62274	0.00111513	0.00593419	0.47700163	0.00592433	0.47633642	0.57870120	0.57794095	0.31249793	0.31249448	0.57879036	0.57804334	0.31258667	0.31261182	59957	62273	0
59957	62278	0.00107075	0.00594526	0.47700270	0.00596924	0.47713584	0.57873391	0.57794046	0.31246769	0.31253416	0.57860202	0.57775064	0.31253178	0.31252529	59957	62276	0
59957	62281	0.00053762	0.00598018	0.47484615	0.00594626	0.47644554	0.57862092	0.57787850	0.31256449	0.31265512	0.57890984	0.57816700	0.31269662	0.31270574	59957	62279	0
59957	62284	0.00064943	0.00593921	0.47775380	0.00596023	0.47741838	0.57879036	0.57795862	0.31252965	0.31258034	0.57872635	0.57798384	0.31253260	0.31253688	59957	62283	0
59957	62287	0.00092543	0.00594919	0.47807065	0.00593609	0.47724263	0.57875026	0.57806281	0.31257558	0.31255635	0.57878576	0.57794999	0.31259103	0.31252989	59957	62286	0
59957	62291	-0.00008247	0.00589103	0.47362216	0.00594759	0.47664588	0.57880030	0.57816898	0.31260113	0.31272743	0.57884615	0.57816742	0.31270122	0.31278643	59957	62289	0
59957	62294	0.00016319	0.00596811	0.47720971	0.00591884	0.47647272	0.57890260	0.57812460	0.31263491	0.31275315	0.57887039	0.57815098	0.31274395	0.31270796	59957	62292	0
59957	62297	0.00093476	0.00588729	0.47701884	0.00595466	0.47470413	0.57886735	0.57809773	0.31264682	0.31270179	0.57888001	0.57815049	0.31266942	0.31265693	59957	62296	0
59957	62301	0.00087885	0.00594398	0.47632754	0.00594535	0.47649528	0.57885527	0.57820521	0.31271149	0.31274132	0.57894994	0.57799001	0.31273737	0.31259793	59957	62299	0
59957	62304	0.00034531	0.00591908	0.47632460	0.00590634	0.47792519	0.57884048	0.57807719	0.31263203	0.31259472	0.57889784	0.57820702	0.31271765	0.31274189	59957	62302	0
59957	62307	0.00091073	0.00596235	0.47714195	0.00594060	0.47544570	0.57899644	0.57824047	0.31266153	0.31270746	0.57903695	0.57822362	0.31270738	0.31274978	59957	62305	0
59957	62310	0.00066111	0.00591906	0.47698808	0.00594254	0.47773694	0.57886489	0.57809050	0.31269875	0.31263376	0.57889242	0.57810842	0.31266408	0.31260015	59957	62309	0
59957	62314	0.00095203	0.00595565	0.47516638	0.00594626	0.47429362	0.57887787	0.57811696	0.31269818	0.31273507	0.57888633	0.57827284	0.31269941	0.31273524	59957	62312	0
59957	62317	-0.00050513	0.00593489	0.47475110	0.00590802	0.47912260	0.57883333	0.57814572	0.31272875	0.31266474	0.57900491	0.57817818	0.31281010	0.31274526	59957	62315	0
59957	62320	-0.00002786	0.00593568	0.47903632	0.00595539	0.47760449	0.57893317	0.57811022	0.31287419	0.31282875	0.57891394	0.57810406	0.31285537	0.31284888	59957	62318	0
59957	62323	0.00058658	0.00595789	0.47755624	0.00591238	0.47571291	0.57893128	0.57828911	0.31278142	0.31291067	0.57906070	0.57818410	0.31288372	0.31285924	59957	62322	0
59957	62327	0.00036284	0.00589030	0.47629820	0.00594095	0.47696944	0.57902405	0.57821697	0.31291626	0.31287920	0.57895289	0.57828385	0.31279185	0.31283310	59957	62325	0
59957	62330	0.00086254	0.00593719	0.47714057	0.00592438	0.47564146	0.57897738	0.57832650	0.31285554	0.31287715	0.57901847	0.57815410	0.31278356	0.31280172	59957	62328	0
59957	62579	0.00015146	0.00595007	0.47518870	0.00595525	0.47732196	0.57835855	0.57755795	0.31231879	0.31227951	0.57851089	0.57750889	0.31239119	0.31228905	59957	62577	0
59957	62582	0.00123520	0.00594597	0.47580700	0.00593004	0.47255577	0.57830037	0.57759386	0.31226957	0.31231764	0.57832609	0.57753231	0.31235947	0.31228921	59957	62580	0
59957	62585	0.00045507	0.00592124	0.47410310	0.00591212	0.47644349	0.57836496	0.57767989	0.31223810	0.31223564	0.57840958	0.57766592	0.31224796	0.31233523	59957	62584	0
59957	62589	0.00105746	0.00592340	0.47828539	0.00591596	0.47647823	0.57842445	0.57763848	0.31228009	0.31230277	0.57844417	0.57777932	0.31228749	0.31225741	59957	62587	0
59957	62592	-0.00004895	0.00598378	0.47541689	0.00594725	0.47873613	0.57846200	0.57775015	0.31227467	0.31234024	0.57849939	0.57770208	0.31228017	0.31229603	59957	62590	0
59957	62595	0.00146433	0.00598026	0.47874877	0.00594764	0.47420895	0.57837851	0.57781243	0.31227163	0.31225790	0.57836339	0.57762927	0.31222882	0.31220063	59957	62593	0
59957	62598	0.00050309	0.00593570	0.47584795	0.00594515	0.47873165	0.57846463	0.57774752	0.31223309	0.31225527	0.57836594	0.57774719	0.31225700	0.31237697	59957	62597	0
59957	62602	-0.00022073	0.00593104	0.47511851	0.00598551	0.47728998	0.57841730	0.57761218	0.31229192	0.31235068	0.57840670	0.57754160	0.31232742	0.31233021	59957	62600	0
59957	62605	0.00191390	0.00598787	0.48047771	0.00597793	0.47407381	0.57841738	0.57768975	0.31223268	0.31227549	0.57835542	0.57765524	0.31233432	0.31231033	59957	62603	0
59957	62608	0.00046428	0.00593706	0.47272083	0.00591532	0.47706968	0.57825057	0.57754817	0.31224960	0.31228231	0.57838336	0.57751842	0.31223564	0.31226177	59957	62606	0
59957	62611	0.00084106	0.00594261	0.47674105	0.00592379	0.47561073	0.57835805	0.57764793	0.31229735	0.31226119	0.57840169	0.57760051	0.31226053	0.31224525	59957	62610	0
59957	62615	0.00042630	0.00589687	0.47577976	0.00593898	0.47702404	0.57842322	0.57775606	0.31231929	0.31239390	0.57840571	0.57772747	0.31232282	0.31239349	59957	62613	0
59957	62618	0.00078531	0.00597073	0.47438630	0.00595465	0.47330924	0.57849520	0.57776749	0.31235026	0.31231197	0.57853152	0.57767102	0.31232594	0.31236752	59957	62616	0
59957	62621	0.00046400	0.00592712	0.47538346	0.00594744	0.47634741	0.57857819	0.57776979	0.31243046	0.31226481	0.57852404	0.57764012	0.31228929	0.31228864	59957	62620	0
59957	62624	0.00035609	0.00593880	0.47602603	0.00596909	0.47634975	0.57858394	0.57778441	0.31238700	0.31238576	0.57849372	0.57787653	0.31223925	0.31238839	59957	62623	0
59957	62628	0.00078328	0.00593742	0.47923788	0.00598132	0.47795630	0.57845608	0.57777562	0.31226990	0.31222545	0.57852913	0.57781868	0.31230145	0.31222076	59957	62626	0
59957	62631	0.00118773	0.00596018	0.47722268	0.00594481	0.47600934	0.57849980	0.57784974	0.31233317	0.31235495	0.57848575	0.57779173	0.31237262	0.31239119	59957	62629	0
59957	62634	0.00035070	0.00591555	0.47725893	0.00593267	0.47977003	0.57851738	0.57773955	0.31235667	0.31228864	0.57865469	0.57774111	0.31223868	0.31223539	59957	62633	0
59957	62637	0.00048413	0.00595753	0.47628814	0.00595289	0.47588785	0.57843464	0.57779789	0.31233991	0.31234049	0.57862191	0.57782262	0.31238239	0.31228371	59957	62636	0
59957	62641	0.00047877	0.00600627	0.47636919	0.00589288	0.47638527	0.57844663	0.57772911	0.31229406	0.31230860	0.57863012	0.57777431	0.31246218	0.31244213	59957	62639	0
59957	62644	0.00088752	0.00591417	0.47906373	0.00591855	0.47783746	0.57855239	0.57773922	0.31240778	0.31242923	0.57847852	0.57780570	0.31239940	0.31236128	59957	62642	0
59957	62647	0.00062851	0.00591548	0.47530921	0.00596887	0.47608625	0.57844006	0.57787102	0.31226842	0.31239020	0.57848953	0.57773799	0.31226103	0.31224007	59957	62646	0
59957	62651	-0.00026874	0.00596398	0.47501786	0.00594905	0.47770963	0.57868058	0.57780225	0.31235413	0.31229809	0.57863234	0.57773643	0.31236407	0.31225659	59957	62649	0
59957	62654	0.00047823	0.00593858	0.47752755	0.00595443	0.47528662	0.57865026	0.57778269	0.31226045	0.31227352	0.57856521	0.57771835	0.31237089	0.31233128	59957	62652	0
59957	62657	0.00149578	0.00595309	0.47854359	0.00596431	0.47549097	0.57856587	0.57793635	0.31228798	0.31240302	0.57865740	0.57780487	0.31235569	0.31236308	59957	62655	0
59957	62660	0.00070084	0.00595890	0.47564604	0.00593242	0.47803085	0.57862947	0.57788540	0.31234862	0.31243293	0.57853785	0.57767011	0.31242471	0.31235355	59957	62659	0
59957	62664	0.00024983	0.00591461	0.47727141	0.00592602	0.47862444	0.57858304	0.57788581	0.31244501	0.31241600	0.57856184	0.57783027	0.31238601	0.31239069	59957	62662	0
59957	62667	0.00077196	0.00594169	0.47862882	0.00600652	0.47706243	0.57851936	0.57786396	0.31236727	0.31237146	0.57924025	0.57839741	0.31284272	0.31286753	59957	62665	0
59957	62670	0.00066392	0.00604106	0.47772434	0.00593980	0.47804846	0.57917007	0.57825517	0.31290640	0.31278282	0.57884040	0.57811811	0.31263696	0.31267739	59957	62669	0
59957	62673	0.00104071	0.00595096	0.47780795	0.00597865	0.47667757	0.57879619	0.57809248	0.31258232	0.31257854	0.57900466	0.57793651	0.31271585	0.31255035	59957	62672	0
