% File initiated 02/05/2023 20:52:45 UTC
% Raw fountain data
%
% File notes: Collional shift map 3ms OP 350 mV RF 450 350 350 ms MOT 380 ms RF
%
%% fountain_code = ALPHA-CsF1
%% microwave_ref = ALPHA HM1
%% MJD_start = 60066.869977
%% clock_data = False
%% sequence = 3
%% density = HD
%
% Units: V.s, Hz
%
% Shot B MJD days	Shot B MJD seconds	freq error	shot A sum	shot A ratio	shot B sum	shot B ratio	shot A F=3 bg 1	shot A F=3 bg 2	shot A F=4 bg 1	shot A F=4 bg 2	shot B F=3 bg 1	shot B F=3 bg 2	shot B F=4 bg 1	shot B F=4 bg 2	Shot A MJD days	Shot A MJD seconds	Shot order (0=LF->HF)
60066	75336	0.00038835	0.07204384	0.47956655	0.07224738	0.48154526	0.68104174	0.68097880	0.35051057	0.35020876	0.68107272	0.68119992	0.35030317	0.35041517	60066	75334	0
60066	75339	0.00065586	0.07224343	0.48194067	0.07206171	0.48113815	0.68121455	0.68115966	0.35062339	0.35049101	0.68067739	0.68068470	0.35036242	0.35015806	60066	75337	0
60066	75342	0.00124266	0.07228910	0.48095136	0.07224927	0.47919096	0.68075233	0.68084683	0.35036792	0.35010571	0.68098562	0.68101692	0.35035132	0.35035740	60066	75340	0
60066	75345	0.00093106	0.07178795	0.48243258	0.07228013	0.48336737	0.68077509	0.68098874	0.35039389	0.35031336	0.68069851	0.68082070	0.35025978	0.35014811	60066	75344	0
60066	75349	0.00125747	0.07199467	0.48136929	0.07241894	0.48039006	0.68090813	0.68094938	0.35042265	0.35035946	0.68100756	0.68094839	0.35020711	0.35013365	60066	75347	0
60066	75793	0.00121207	0.07221522	0.47934234	0.07247278	0.47947855	0.68005716	0.67974088	0.34948417	0.34936017	0.68028330	0.68027393	0.34959222	0.34954045	60066	75792	0
60066	75797	0.00082752	0.07255798	0.47980438	0.07275826	0.48095803	0.68003736	0.67998748	0.34979108	0.34943495	0.68000383	0.68025823	0.34957160	0.34952870	60066	75795	0
60066	75800	0.00141090	0.07261581	0.48045669	0.07273390	0.47870655	0.68020614	0.68034755	0.34965114	0.34959723	0.68045742	0.68018502	0.34986470	0.34960734	60066	75798	0
60066	75803	0.00111119	0.07229804	0.47972030	0.07277824	0.48061943	0.68036440	0.68021074	0.34965574	0.34952336	0.68024229	0.68016604	0.34966322	0.34956124	60066	75801	0
60066	75806	0.00102141	0.07255645	0.47919056	0.07259774	0.47945990	0.68015059	0.67996768	0.34964925	0.34956494	0.68001944	0.68015741	0.34944103	0.34961638	60066	75805	0
60066	76251	0.00099591	0.07214263	0.48010677	0.07244586	0.48018327	0.68045684	0.68067517	0.35025091	0.35009791	0.68039941	0.68035265	0.35022256	0.35018402	60066	76249	0
60066	76254	0.00151151	0.07238711	0.48179670	0.07239271	0.48024991	0.68021131	0.68015166	0.35007194	0.34995246	0.68038503	0.68032479	0.35030079	0.35020382	60066	76253	0
60066	76258	0.00111842	0.07239011	0.47966892	0.07248461	0.48084820	0.68071199	0.68064526	0.35046078	0.35025140	0.68081035	0.68057632	0.35046406	0.35034960	60066	76256	0
60066	76261	0.00096726	0.07206007	0.48001369	0.07245761	0.48046717	0.68051477	0.68058782	0.35033900	0.35031369	0.68056999	0.68068166	0.35061781	0.35034508	60066	76259	0
60066	76264	0.00078870	0.07223555	0.48039361	0.07247974	0.48092927	0.68077509	0.68092949	0.35064550	0.35049825	0.68081815	0.68074732	0.35066021	0.35051747	60066	76262	0
60066	76709	0.00080393	0.07311690	0.48002624	0.07307338	0.47998056	0.68192969	0.68204308	0.35157264	0.35139515	0.68180602	0.68197480	0.35156631	0.35141881	60066	76707	0
60066	76712	0.00115673	0.07264206	0.48036233	0.07289633	0.47930393	0.68192508	0.68219247	0.35153944	0.35133681	0.68196559	0.68174907	0.35162827	0.35129326	60066	76710	0
60066	76715	0.00081952	0.07278766	0.47879180	0.07265502	0.47980342	0.68194686	0.68195212	0.35150698	0.35139926	0.68193338	0.68203150	0.35184167	0.35151274	60066	76714	0
60066	76718	0.00159612	0.07279113	0.48110321	0.07282014	0.47877343	0.68180027	0.68205607	0.35141479	0.35131561	0.68224564	0.68218162	0.35164610	0.35145891	60066	76717	0
60066	76722	0.00102962	0.07266947	0.47890238	0.07274447	0.48060187	0.68214933	0.68226100	0.35160247	0.35154675	0.68206280	0.68211063	0.35167379	0.35152128	60066	76720	0
60066	77166	0.00064194	0.07216731	0.47984249	0.07246318	0.48100554	0.68235065	0.68240677	0.35214036	0.35195704	0.68241327	0.68226963	0.35205310	0.35191423	60066	77165	0
60066	77170	0.00064966	0.07226597	0.47834285	0.07215953	0.47831967	0.68234547	0.68231228	0.35210281	0.35185687	0.68236240	0.68262288	0.35223921	0.35207421	60066	77168	0
60066	77173	0.00030247	0.07236824	0.47956653	0.07212540	0.48060811	0.68231137	0.68249675	0.35210322	0.35207372	0.68181169	0.68190520	0.35181159	0.35172523	60066	77171	0
60066	77176	0.00070296	0.07205595	0.48022285	0.07212603	0.47902138	0.68229987	0.68225098	0.35201431	0.35179286	0.68245854	0.68222271	0.35192417	0.35181324	60066	77175	0
60066	77179	0.00077075	0.07228449	0.48075953	0.07225105	0.48055617	0.68222690	0.68223783	0.35196197	0.35186114	0.68232912	0.68204998	0.35192203	0.35178185	60066	77178	0
60066	77624	0.00118563	0.07222309	0.48006824	0.07175941	0.47882360	0.68074905	0.68062981	0.35034187	0.35019668	0.68064740	0.68079186	0.35047384	0.35026159	60066	77622	0
60066	77627	0.00057108	0.07227142	0.47847380	0.07196046	0.48031745	0.68051140	0.68072456	0.35043029	0.35016389	0.68059464	0.68072078	0.35037096	0.35036546	60066	77626	0
60066	77631	0.00107647	0.07201257	0.48101357	0.07203141	0.47949741	0.68063154	0.68078939	0.35039931	0.35026701	0.68056178	0.68075587	0.35029117	0.35022905	60066	77629	0
60066	77634	0.00100164	0.07207168	0.47944000	0.07169525	0.47966449	0.68070853	0.68053639	0.35030859	0.35030679	0.68073483	0.68080040	0.35026036	0.35025658	60066	77632	0
60066	77637	0.00035542	0.07224061	0.47971204	0.07192990	0.48165070	0.68057484	0.68062645	0.35019207	0.35005731	0.68052085	0.68035717	0.35030679	0.35006684	60066	77636	0
60066	78082	0.00127462	0.07202753	0.48093296	0.07198947	0.47817536	0.68098553	0.68097033	0.35067565	0.35047384	0.68102259	0.68117971	0.35064188	0.35051846	60066	78080	0
60066	78085	0.00124565	0.07198111	0.48084123	0.07227129	0.48092814	0.68100665	0.68126147	0.35061271	0.35061246	0.68100419	0.68111931	0.35057688	0.35052306	60066	78083	0
60066	78088	0.00068217	0.07188611	0.48017995	0.07218707	0.48187038	0.68085932	0.68099844	0.35051788	0.35049570	0.68092892	0.68121915	0.35062594	0.35049989	60066	78087	0
60066	78092	0.00094020	0.07204374	0.48105739	0.07124015	0.48028331	0.68084412	0.68077320	0.35061230	0.35034573	0.68097855	0.68082218	0.35066596	0.35033177	60066	78090	0
60066	78095	0.00091288	0.07180217	0.48030873	0.07197904	0.48039068	0.68077246	0.68095152	0.35057187	0.35057968	0.68109474	0.68108981	0.35069537	0.35059628	60066	78093	0
60066	78539	0.00170790	0.07211917	0.48039118	0.07200185	0.47800613	0.68229173	0.68226412	0.35200453	0.35188169	0.68231400	0.68228105	0.35195375	0.35186928	60066	78538	0
60066	78543	0.00174150	0.07238665	0.48043733	0.07195846	0.48033652	0.68238615	0.68228031	0.35208736	0.35201111	0.68240283	0.68251245	0.35229238	0.35193345	60066	78541	0
60066	78546	0.00043611	0.07221030	0.47815469	0.07226562	0.48207086	0.68240324	0.68250710	0.35217290	0.35191036	0.68223208	0.68236676	0.35193986	0.35185950	60066	78544	0
60066	78549	0.00036638	0.07216785	0.48053282	0.07218091	0.48074201	0.68257325	0.68273949	0.35205433	0.35212615	0.68257638	0.68297811	0.35230051	0.35250126	60066	78548	0
60066	78553	0.00152577	0.07244641	0.48260986	0.07221097	0.47913170	0.68269478	0.68266496	0.35230725	0.35220470	0.68264688	0.68281081	0.35222220	0.35216460	60066	78551	0
60066	78997	0.00141933	0.07252661	0.48064158	0.07231560	0.48096091	0.68193864	0.68204185	0.35130837	0.35130862	0.68202558	0.68205976	0.35148209	0.35124995	60066	78996	0
60066	79000	0.00194639	0.07248757	0.48086184	0.07229004	0.47928065	0.68195960	0.68195647	0.35150781	0.35116499	0.68221877	0.68188926	0.35157149	0.35129367	60066	78999	0
60066	79004	0.00069115	0.07247223	0.47920112	0.07180403	0.48296685	0.68182944	0.68181358	0.35124905	0.35113434	0.68176830	0.68214350	0.35129893	0.35146754	60066	79002	0
60066	79007	0.00131252	0.07221171	0.48218549	0.07221963	0.48032138	0.68210767	0.68222386	0.35134601	0.35131766	0.68222805	0.68230505	0.35155662	0.35135768	60066	79005	0
60066	79010	-0.00005857	0.07214816	0.47732445	0.07226125	0.48143772	0.68228426	0.68227900	0.35157971	0.35139589	0.68211186	0.68222172	0.35135390	0.35139704	60066	79009	0
60066	79455	0.00072165	0.07170125	0.48269327	0.07175191	0.48035259	0.68219017	0.68196568	0.35170855	0.35152613	0.68185705	0.68194793	0.35150394	0.35150649	60066	79453	0
60066	79458	0.00050402	0.07175829	0.48039352	0.07204880	0.48104641	0.68214366	0.68225582	0.35155407	0.35147379	0.68192213	0.68227974	0.35160214	0.35159137	60066	79457	0
60066	79461	0.00182139	0.07160381	0.48304699	0.07213647	0.47909490	0.68246388	0.68216691	0.35175210	0.35155062	0.68202731	0.68221663	0.35167149	0.35148496	60066	79460	0
60066	79465	0.00118491	0.07169771	0.47814092	0.07231515	0.48005037	0.68205771	0.68205902	0.35167889	0.35145530	0.68192344	0.68197784	0.35158135	0.35155349	60066	79463	0
60066	79468	0.00003063	0.07170551	0.48006070	0.07218331	0.48352351	0.68205229	0.68201580	0.35158020	0.35152629	0.68208713	0.68193749	0.35178160	0.35129539	60066	79466	0
60066	79913	0.00100727	0.07160313	0.48113831	0.07169134	0.47820839	0.68142778	0.68126525	0.35079702	0.35056546	0.68135424	0.68154915	0.35069028	0.35061131	60066	79911	0
60066	79916	0.00145649	0.07169849	0.48227236	0.07143643	0.48092470	0.68121627	0.68124684	0.35062438	0.35048124	0.68132367	0.68113714	0.35067820	0.35063481	60066	79914	0
60066	79919	-0.00033748	0.07183689	0.47737923	0.07142520	0.48276114	0.68101331	0.68099918	0.35052544	0.35028370	0.68101051	0.68114018	0.35050630	0.35039200	60066	79917	0
60066	79922	0.00180014	0.07151455	0.48489777	0.07139698	0.47848493	0.68093853	0.68111956	0.35059439	0.35050408	0.68105563	0.68108891	0.35059726	0.35038814	60066	79921	0
60066	79926	0.00123042	0.07168779	0.47917188	0.07132826	0.48088103	0.68105398	0.68122383	0.35059332	0.35045815	0.68106524	0.68117979	0.35033867	0.35048863	60066	79924	0
60066	80370	0.00139004	0.07150329	0.48061674	0.07172241	0.48013787	0.68188761	0.68194916	0.35104181	0.35091223	0.68151365	0.68182294	0.35092850	0.35097805	60066	80369	0
60066	80374	0.00091523	0.07188615	0.48114300	0.07159922	0.48256743	0.68173979	0.68199271	0.35106934	0.35089554	0.68179287	0.68193914	0.35108249	0.35100319	60066	80372	0
60066	80377	0.00035944	0.07175432	0.48055624	0.07184207	0.48222363	0.68157980	0.68176912	0.35095627	0.35096416	0.68187488	0.68206913	0.35118635	0.35098396	60066	80375	0
60066	80380	0.00093204	0.07176348	0.48267820	0.07177250	0.48096039	0.68196091	0.68217842	0.35121782	0.35115940	0.68196239	0.68198384	0.35106564	0.35095873	60066	80378	0
60066	80383	0.00099291	0.07170080	0.48083991	0.07179361	0.48065730	0.68174422	0.68177068	0.35104912	0.35109966	0.68194563	0.68228376	0.35108158	0.35110336	60066	80382	0
60066	80828	0.00087353	0.07168495	0.48024059	0.07157855	0.48059873	0.68201712	0.68227062	0.35161298	0.35134773	0.68202377	0.68224564	0.35151824	0.35142309	60066	80826	0
60066	80831	0.00085094	0.07153663	0.48078700	0.07138410	0.48085475	0.68242313	0.68242732	0.35154593	0.35127181	0.68251236	0.68250834	0.35172318	0.35156220	60066	80830	0
60066	80834	0.00083822	0.07180343	0.48059495	0.07133724	0.48063311	0.68264902	0.68273004	0.35179072	0.35171266	0.68253184	0.68283645	0.35174076	0.35169507	60066	80833	0
60066	80838	0.00109996	0.07155212	0.48076860	0.07145064	0.47998338	0.68263669	0.68271730	0.35187774	0.35170083	0.68260883	0.68259610	0.35194734	0.35176582	60066	80836	0
60066	80841	0.00080553	0.07151017	0.48040726	0.07131002	0.48129055	0.68252855	0.68271048	0.35185909	0.35174487	0.68272519	0.68269068	0.35194356	0.35187561	60066	80839	0
60066	81286	0.00083818	0.07195421	0.47978108	0.07170204	0.47968315	0.68123608	0.68123862	0.35025444	0.35010826	0.68121085	0.68148711	0.35023234	0.35019750	60066	81284	0
60066	81289	0.00099392	0.07137681	0.48091754	0.07168562	0.48045031	0.68143789	0.68150018	0.35020769	0.35005740	0.68138629	0.68156238	0.35032191	0.35006931	60066	81287	0
60066	81292	0.00164051	0.07144201	0.48015676	0.07134989	0.47821700	0.68134693	0.68144627	0.35035009	0.34997021	0.68133674	0.68143633	0.35028591	0.35018016	60066	81290	0
60066	81295	0.00044267	0.07148491	0.47975625	0.07131889	0.48334976	0.68139245	0.68143929	0.35030826	0.35013801	0.68135268	0.68133920	0.35024056	0.35010004	60066	81294	0
60066	81299	0.00111903	0.07145124	0.48160136	0.07113939	0.47957230	0.68127116	0.68162573	0.35028863	0.35015559	0.68183157	0.68178227	0.35051706	0.35043366	60066	81297	0
60066	81743	0.00025564	0.07136478	0.47819096	0.07157638	0.48078111	0.68123534	0.68137947	0.35021985	0.35004753	0.68125793	0.68130650	0.35006274	0.34996660	60066	81742	0
60066	81747	0.00069016	0.07155045	0.48018171	0.07058378	0.47887817	0.68139064	0.68135785	0.34990505	0.35000333	0.68126147	0.68129984	0.35007884	0.34997785	60066	81745	0
60066	81750	0.00087175	0.07160698	0.48152086	0.07172036	0.48097609	0.68141110	0.68116763	0.35009963	0.34991425	0.68135958	0.68137421	0.35025683	0.35008854	60066	81748	0
60066	81753	0.00041636	0.07115872	0.47859359	0.07145106	0.47995974	0.68161086	0.68167627	0.35016340	0.35027934	0.68163847	0.68178211	0.35028937	0.35012313	60066	81751	0
60066	81756	0.00019123	0.07139775	0.48051645	0.07138197	0.48119183	0.68154833	0.68161686	0.35019717	0.35023028	0.68137766	0.68148234	0.35012773	0.35006561	60066	81755	0
60066	82201	0.00062763	0.07138536	0.48080124	0.07104950	0.47949205	0.68341748	0.68363335	0.35245434	0.35243848	0.68360081	0.68374773	0.35263734	0.35237981	60066	82199	0
60066	82204	0.00062821	0.07144950	0.48051053	0.07112431	0.48050881	0.68397559	0.68377674	0.35238080	0.35220289	0.68359465	0.68344912	0.35235138	0.35224225	60066	82203	0
60066	82207	0.00099941	0.07113357	0.48023411	0.07092334	0.47912050	0.68344649	0.68355578	0.35237291	0.35231530	0.68335939	0.68331214	0.35242040	0.35209550	60066	82206	0
60066	82211	0.00152868	0.07105596	0.48294608	0.07085912	0.48135825	0.68339480	0.68297392	0.35223264	0.35202047	0.68309693	0.68327886	0.35207701	0.35218662	60066	82209	0
60066	82214	0.00192281	0.07100703	0.48032285	0.07094830	0.47914047	0.68334657	0.68331436	0.35222212	0.35209435	0.68347747	0.68321419	0.35229304	0.35213214	60066	82212	0
60066	82659	0.00129024	0.07158809	0.47979944	0.07142497	0.48169714	0.68244728	0.68264458	0.35097196	0.35085388	0.68246232	0.68258837	0.35098560	0.35081608	60066	82657	0
60066	82662	0.00055596	0.07161909	0.47954730	0.07131413	0.48175014	0.68264104	0.68273332	0.35102628	0.35100582	0.68259848	0.68262708	0.35074690	0.35088297	60066	82660	0
60066	82665	-0.00003852	0.07163326	0.47900470	0.07132039	0.48078815	0.68254195	0.68267580	0.35095997	0.35079562	0.68223446	0.68263710	0.35076892	0.35075059	60066	82664	0
60066	82668	0.00030060	0.07133708	0.48153994	0.07136427	0.48052258	0.68254038	0.68245032	0.35082907	0.35073268	0.68255435	0.68217439	0.35085577	0.35080433	60066	82667	0
60066	82672	0.00153717	0.07131122	0.48256978	0.07144763	0.47886005	0.68242436	0.68229707	0.35090935	0.35072586	0.68242781	0.68233035	0.35078001	0.35076810	60066	82670	0
60066	83116	0.00093930	0.07099980	0.47929008	0.07133146	0.48108369	0.68121405	0.68115933	0.34968154	0.34933379	0.68116015	0.68127396	0.34970776	0.34953552	60066	83115	0
60066	83120	0.00203776	0.07095328	0.48148071	0.07118197	0.47818535	0.68127034	0.68139302	0.34975040	0.34968015	0.68145342	0.68149681	0.34984556	0.34974605	60066	83118	0
60066	83123	0.00004621	0.07131446	0.47701300	0.07139091	0.48298765	0.68152573	0.68181292	0.35000037	0.35003496	0.68130995	0.68135892	0.35004071	0.34980858	60066	83121	0
60066	83126	0.00046432	0.07137693	0.48194143	0.07116739	0.48068711	0.68160248	0.68165934	0.35024277	0.35013439	0.68152359	0.68154816	0.35009421	0.35010095	60066	83125	0
60066	83129	0.00087503	0.07138892	0.47997835	0.07124633	0.47874623	0.68175343	0.68187734	0.35057918	0.35054837	0.68192434	0.68202476	0.35070417	0.35044672	60066	83128	0
60066	83574	0.00144092	0.07121280	0.48179677	0.07092515	0.48009907	0.68221778	0.68234745	0.35120443	0.35113286	0.68217143	0.68226347	0.35106071	0.35107829	60066	83573	0
60066	83578	0.00107775	0.07079187	0.47989898	0.07098814	0.48098852	0.68160190	0.68184332	0.35087073	0.35089957	0.68183856	0.68200274	0.35098996	0.35095011	60066	83576	0
60066	83581	0.00016864	0.07104443	0.47923347	0.07103223	0.48196078	0.68195056	0.68206897	0.35103696	0.35101519	0.68238960	0.68240907	0.35116638	0.35096013	60066	83579	0
60066	83584	0.00029017	0.07095780	0.48081973	0.07104263	0.48045515	0.68212057	0.68206888	0.35121569	0.35112020	0.68226371	0.68203141	0.35110755	0.35107509	60066	83582	0
60066	83587	-0.00007658	0.07118179	0.48024216	0.07113603	0.48134240	0.68215886	0.68230866	0.35114042	0.35094559	0.68220496	0.68276069	0.35103515	0.35139704	60066	83586	0
60066	84032	0.00041486	0.07092880	0.48065500	0.07067145	0.47918068	0.68168440	0.68193593	0.35185818	0.35174873	0.68178309	0.68188079	0.35199360	0.35175251	60066	84030	0
60066	84035	0.00091468	0.07092737	0.48115255	0.07094124	0.47965307	0.68196979	0.68198433	0.35218901	0.35176229	0.68171809	0.68178950	0.35171060	0.35180707	60066	84034	0
60066	84039	0.00121106	0.07078333	0.48144876	0.07087246	0.48055964	0.68154898	0.68155720	0.35174084	0.35169532	0.68166780	0.68172574	0.35199837	0.35180905	60066	84037	0
60066	84042	0.00089233	0.07102945	0.48014500	0.07120567	0.48110118	0.68161949	0.68181843	0.35194660	0.35180058	0.68166008	0.68175121	0.35178185	0.35188662	60066	84040	0
60066	84045	0.00081236	0.07114301	0.47978685	0.07105884	0.48002675	0.68207743	0.68199460	0.35215926	0.35185539	0.68189213	0.68204867	0.35199960	0.35199590	60066	84043	0
60066	84490	0.00179705	0.07101491	0.48151446	0.07068249	0.47856041	0.68124175	0.68122317	0.35159902	0.35133985	0.68109458	0.68141069	0.35129654	0.35134732	60066	84488	0
60066	84493	0.00112006	0.07111142	0.48129925	0.07095668	0.48333020	0.68105949	0.68127338	0.35142235	0.35136663	0.68093377	0.68111931	0.35131511	0.35122686	60066	84491	0
60066	84496	0.00062765	0.07088759	0.47866841	0.07125662	0.48014566	0.68073327	0.68092267	0.35119103	0.35120739	0.68090123	0.68094190	0.35126589	0.35115299	60066	84495	0
60066	84500	0.00072897	0.07114300	0.47920564	0.07139849	0.47890166	0.68069835	0.68102958	0.35122431	0.35120426	0.68087008	0.68067558	0.35116211	0.35099571	60066	84498	0
60066	84503	0.00041698	0.07100820	0.48045949	0.07134873	0.48139547	0.68073680	0.68084313	0.35102094	0.35091798	0.68068816	0.68087362	0.35088125	0.35089316	60066	84501	0
60066	84947	0.00139641	0.07109418	0.48092409	0.07120918	0.47798581	0.68133353	0.68140017	0.35138134	0.35132777	0.68126837	0.68103977	0.35124140	0.35120073	60066	84946	0
60066	84951	0.00083310	0.07142676	0.48050628	0.07131559	0.48219621	0.68096844	0.68105645	0.35141684	0.35117222	0.68109088	0.68085702	0.35117378	0.35101297	60066	84949	0
60066	84954	0.00146381	0.07131421	0.48282668	0.07087888	0.48093454	0.68059826	0.68055964	0.35087130	0.35104756	0.68084223	0.68083919	0.35109037	0.35095832	60066	84952	0
60066	84957	0.00149236	0.07118980	0.48155840	0.07100903	0.48147275	0.68104774	0.68108751	0.35126055	0.35132604	0.68105678	0.68122868	0.35111535	0.35116383	60066	84956	0
60066	84961	0.00069826	0.07125557	0.47872915	0.07098656	0.48111142	0.68118127	0.68079588	0.35144790	0.35098971	0.68073187	0.68091939	0.35117575	0.35114444	60066	84959	0
60066	85405	0.00121101	0.07169182	0.48240814	0.07145211	0.48086991	0.67962675	0.67986209	0.34995131	0.34999790	0.67988953	0.68016415	0.35020506	0.34992789	60066	85404	0
60066	85408	0.00071967	0.07110046	0.47846834	0.07167975	0.47994236	0.68010975	0.68017089	0.35031278	0.35016800	0.68007228	0.68031526	0.35022971	0.35009445	60066	85407	0
60066	85412	0.00123961	0.07160373	0.47944068	0.07178525	0.47788086	0.68009710	0.68013777	0.35004203	0.35008813	0.68004977	0.68005815	0.35026932	0.35003373	60066	85410	0
60066	85415	0.00098578	0.07193679	0.47870288	0.07179265	0.47946436	0.67997606	0.68011082	0.35020826	0.35011533	0.67988813	0.67999824	0.34986980	0.34986922	60066	85413	0
60066	85418	0.00137766	0.07164242	0.48241509	0.07141761	0.48123947	0.68004303	0.67989635	0.35013677	0.34994268	0.68014936	0.68001681	0.35020169	0.34988525	60066	85417	0
60066	85863	0.00073144	0.07173344	0.47947286	0.07136869	0.48141152	0.68130502	0.68152548	0.35164980	0.35156081	0.68143074	0.68133723	0.35157519	0.35134930	60066	85861	0
60066	85866	0.00088828	0.07126758	0.48059352	0.07142900	0.48012299	0.68128094	0.68133238	0.35154832	0.35145259	0.68127741	0.68144307	0.35166179	0.35154462	60066	85865	0
60066	85869	0.00122445	0.07141157	0.47982298	0.07121919	0.47881446	0.68130724	0.68159936	0.35162630	0.35148135	0.68121446	0.68134479	0.35155834	0.35145070	60066	85868	0
60066	85873	0.00082309	0.07172978	0.47943454	0.07160819	0.48063864	0.68136755	0.68139951	0.35164889	0.35155481	0.68104141	0.68130773	0.35136795	0.35144314	60066	85871	0
60066	85876	0.00106278	0.07165373	0.48114828	0.07118764	0.48042921	0.68122605	0.68118891	0.35151479	0.35137970	0.68124133	0.68106048	0.35142982	0.35121363	60066	85874	0
60066	86321	0.00103628	0.07133145	0.47998275	0.07127572	0.48006223	0.68082407	0.68108891	0.35131347	0.35133089	0.68119187	0.68118135	0.35140558	0.35137411	60066	86319	0
60066	86324	0.00049642	0.07123470	0.47849270	0.07119588	0.48011228	0.68110509	0.68125596	0.35141495	0.35123426	0.68106113	0.68097633	0.35123886	0.35127132	60066	86322	0
60066	86327	0.00192645	0.07116608	0.48202637	0.07135098	0.47773628	0.68119926	0.68112966	0.35130476	0.35113327	0.68091832	0.68100107	0.35131626	0.35115217	60066	86326	0
60066	86331	0.00148644	0.07109605	0.47836449	0.07164238	0.47968451	0.68083097	0.68085620	0.35114683	0.35125702	0.68111109	0.68115004	0.35118684	0.35112143	60066	86329	0
60066	86334	0.00074630	0.07144607	0.47903319	0.07147511	0.48125362	0.68111972	0.68094050	0.35127312	0.35117411	0.68109959	0.68118891	0.35129490	0.35118372	60066	86332	0
60067	379	0.00063984	0.07147992	0.48005161	0.07153769	0.48037099	0.67947284	0.67954326	0.34998796	0.34972329	0.67963365	0.67974154	0.34997900	0.34977341	60067	377	0
60067	382	0.00075563	0.07136811	0.48201020	0.07171130	0.48166281	0.67966077	0.67985798	0.34977900	0.34982214	0.67978213	0.67989873	0.35001771	0.34982271	60067	380	0
60067	385	0.00120851	0.07143446	0.48031423	0.07173547	0.47895562	0.67973456	0.67951343	0.34981967	0.34964835	0.67970202	0.67987983	0.34987292	0.34970841	60067	383	0
60067	388	0.00153522	0.07156706	0.48053731	0.07156447	0.47955718	0.67959544	0.67996020	0.34966749	0.34987029	0.67970440	0.67987803	0.34988056	0.34968647	60067	387	0
60067	392	0.00076595	0.07145419	0.47691745	0.07134175	0.47922524	0.67948878	0.67973620	0.34977251	0.34974588	0.67958237	0.67975477	0.34973898	0.34965582	60067	390	0
60067	836	0.00039445	0.07155564	0.47983189	0.07157693	0.48094642	0.67897299	0.67909362	0.34899993	0.34894192	0.67890068	0.67915155	0.34899533	0.34904767	60067	835	0
60067	839	0.00143975	0.07158187	0.48308104	0.07168868	0.47994513	0.67892484	0.67908483	0.34924053	0.34902688	0.67905787	0.67921975	0.34904784	0.34897248	60067	838	0
60067	843	0.00098167	0.07199538	0.47892186	0.07206539	0.48029610	0.67891859	0.67903100	0.34907832	0.34888234	0.67896872	0.67906929	0.34902261	0.34890445	60067	841	0
60067	846	0.00186818	0.07215463	0.48171856	0.07170487	0.47905903	0.67913232	0.67931228	0.34901612	0.34908982	0.67906108	0.67910011	0.34908021	0.34893723	60067	844	0
60067	849	0.00061473	0.07155007	0.47920331	0.07154370	0.48296366	0.67890372	0.67904703	0.34903403	0.34894668	0.67850132	0.67863584	0.34910708	0.34883748	60067	848	0
60067	1294	0.00115270	0.07154282	0.48070346	0.07205070	0.47908954	0.67920833	0.67921244	0.34902943	0.34916871	0.67886337	0.67906478	0.34920018	0.34899599	60067	1292	0
60067	1297	0.00058909	0.07176704	0.48039042	0.07165503	0.48208124	0.67880881	0.67920044	0.34907955	0.34910864	0.67907291	0.67896107	0.34904175	0.34910782	60067	1296	0
60067	1300	0.00146824	0.07184067	0.48167238	0.07148234	0.47903495	0.67915738	0.67887438	0.34923864	0.34902228	0.67922821	0.67900824	0.34933913	0.34898144	60067	1299	0
60067	1304	-0.00022534	0.07194060	0.47783914	0.07190230	0.48291987	0.67921835	0.67924613	0.34907544	0.34904751	0.67881481	0.67875581	0.34916041	0.34884725	60067	1302	0
60067	1307	0.00080232	0.07177107	0.48197731	0.07183703	0.47889434	0.67901284	0.67931729	0.34907134	0.34921538	0.67918064	0.67930389	0.34901916	0.34909196	60067	1305	0
60067	1752	0.00110406	0.07209335	0.48052041	0.07230028	0.47961518	0.67957646	0.67968246	0.34949690	0.34954218	0.67966003	0.67987425	0.34974884	0.34968935	60067	1750	0
60067	1755	0.00079027	0.07228416	0.47970185	0.07232188	0.48064323	0.67978180	0.67985485	0.34980488	0.34975467	0.67997326	0.67980457	0.35003422	0.34964629	60067	1753	0
60067	1758	0.00097812	0.07213859	0.47953411	0.07189531	0.47897056	0.67950497	0.67974031	0.34971080	0.34963824	0.67961656	0.67995280	0.34967144	0.34975566	60067	1757	0
60067	1761	0.00122860	0.07176882	0.48072033	0.07175158	0.47996887	0.67968706	0.67960538	0.34962706	0.34958359	0.68003432	0.67993374	0.35024425	0.34981507	60067	1760	0
60067	1765	0.00118705	0.07194088	0.48014560	0.07176282	0.48027027	0.67975674	0.67990720	0.35003702	0.34978664	0.67987499	0.68001912	0.34993249	0.34975418	60067	1763	0
60067	2209	0.00092389	0.07207413	0.47865647	0.07171978	0.47944595	0.67938278	0.67947752	0.34946806	0.34933823	0.67956857	0.67939017	0.34968992	0.34937537	60067	2208	0
60067	2213	0.00106197	0.07204603	0.48025747	0.07190166	0.47984324	0.67933060	0.67942888	0.34949263	0.34920289	0.67932953	0.67936339	0.34938803	0.34920791	60067	2211	0
60067	2216	0.00229814	0.07214862	0.48145091	0.07205898	0.47774240	0.67934120	0.67957777	0.34950537	0.34934604	0.67950546	0.67950883	0.34957143	0.34943306	60067	2214	0
60067	2219	-0.00000849	0.07196891	0.47769607	0.07229588	0.48461596	0.67955361	0.67938927	0.34935458	0.34926501	0.67927407	0.67938672	0.34928498	0.34915121	60067	2218	0
60067	2222	-0.00007072	0.07205851	0.48150891	0.07201491	0.48169559	0.67945460	0.67951450	0.34930454	0.34934751	0.67948796	0.67958336	0.34942936	0.34926206	60067	2221	0
60067	2667	0.00137716	0.07173869	0.48311720	0.07199222	0.47877356	0.67959051	0.67957950	0.34967053	0.34967604	0.67980235	0.67989775	0.34972715	0.34970332	60067	2666	0
60067	2670	0.00088498	0.07182131	0.47936201	0.07161780	0.48083856	0.67962436	0.67949051	0.34973183	0.34956009	0.67973661	0.67962970	0.34962164	0.34958877	60067	2669	0
60067	2674	0.00077670	0.07196880	0.48046859	0.07171128	0.48079341	0.67972478	0.67972585	0.34974169	0.34958368	0.67977014	0.67972437	0.34966659	0.34961203	60067	2672	0
60067	2677	0.00137623	0.07215446	0.48223235	0.07184490	0.48043377	0.68010383	0.67984302	0.34995180	0.34951909	0.67993456	0.68004590	0.34983865	0.34968401	60067	2675	0
60067	2680	0.00070459	0.07199444	0.47838480	0.07198837	0.48039973	0.67970448	0.67981270	0.34984794	0.34965862	0.67988476	0.67999561	0.35013644	0.34984539	60067	2679	0
60067	3125	0.00067894	0.07201127	0.48157786	0.07242380	0.48165482	0.68049719	0.68061280	0.35052898	0.35043530	0.68055906	0.68056276	0.35061723	0.35057746	60067	3123	0
60067	3128	0.00086173	0.07209629	0.48098125	0.07215580	0.48043286	0.68047262	0.68041231	0.35063966	0.35031361	0.68008436	0.68083730	0.35042265	0.35054467	60067	3127	0
60067	3131	0.00132185	0.07223917	0.47991944	0.07221802	0.47853908	0.68019948	0.68016472	0.35039496	0.35014729	0.68030548	0.68027878	0.35050112	0.35023365	60067	3130	0
60067	3135	0.00088792	0.07198702	0.47918538	0.07223195	0.48048716	0.68039669	0.68037484	0.35057294	0.35047565	0.68043671	0.68050302	0.35031377	0.35024984	60067	3133	0
60067	3138	0.00050307	0.07225459	0.48014535	0.07238651	0.48129991	0.68049062	0.68017746	0.35049849	0.35008961	0.68008083	0.68020647	0.35005912	0.35019314	60067	3136	0
60067	3583	0.00138133	0.07220713	0.48075572	0.07229864	0.47812094	0.68015470	0.68028609	0.34989075	0.34973068	0.68027533	0.68037796	0.34979888	0.34974736	60067	3581	0
60067	3586	0.00147428	0.07212371	0.48048808	0.07209838	0.48020922	0.68036613	0.68038979	0.34990267	0.34981491	0.68031912	0.68022734	0.34978623	0.34972764	60067	3584	0
60067	3589	0.00025222	0.07210945	0.47839141	0.07234409	0.48205759	0.67972815	0.67985789	0.34967004	0.34962690	0.68020154	0.68030622	0.34980275	0.34967579	60067	3588	0
60067	3593	0.00000906	0.07223840	0.48035828	0.07241158	0.48108773	0.68025421	0.68028741	0.34993570	0.34977308	0.68009808	0.68008756	0.34964087	0.34960849	60067	3591	0
60067	3596	0.00028727	0.07199735	0.48019612	0.07235572	0.47936151	0.68027163	0.68030121	0.34977555	0.34973668	0.68035824	0.68031633	0.35001245	0.34978927	60067	3594	0
60067	4040	0.00083541	0.07208659	0.48002487	0.07215987	0.47838045	0.68076992	0.68083606	0.35009224	0.35009643	0.68093886	0.68092678	0.35031919	0.35025781	60067	4039	0
60067	4044	0.00027887	0.07253081	0.47970931	0.07213531	0.48137894	0.68087855	0.68106179	0.35035740	0.35022987	0.68103821	0.68099219	0.35036085	0.35029610	60067	4042	0
60067	4047	0.00112149	0.07265337	0.48179141	0.07203646	0.47926354	0.68090764	0.68110904	0.35038707	0.35033859	0.68109441	0.68106746	0.35054903	0.35041673	60067	4045	0
60067	4050	0.00133547	0.07230650	0.48190283	0.07177750	0.48126088	0.68072900	0.68096910	0.35035412	0.35028871	0.68104642	0.68108389	0.35046949	0.35042725	60067	4049	0
60067	4054	0.00131778	0.07228707	0.48164074	0.07222062	0.48169382	0.68107625	0.68122819	0.35051690	0.35046414	0.68070829	0.68091347	0.35060679	0.35032240	60067	4052	0
60067	4498	0.00127491	0.07132851	0.48101141	0.07207625	0.48114002	0.68073434	0.68078791	0.35062027	0.35066251	0.68106828	0.68117946	0.35065429	0.35080351	60067	4497	0
60067	4502	0.00075717	0.07227065	0.47914358	0.07189372	0.48069679	0.68085176	0.68089243	0.35060934	0.35054434	0.68103328	0.68089334	0.35072011	0.35065601	60067	4500	0
60067	4505	0.00181608	0.07223688	0.48153070	0.07214977	0.47835398	0.68115218	0.68103517	0.35065643	0.35048387	0.68096614	0.68101758	0.35072471	0.35062241	60067	4503	0
60067	4508	-0.00047358	0.07215671	0.47709387	0.07218003	0.48396286	0.68091232	0.68084420	0.35062487	0.35047327	0.68064888	0.68063055	0.35055215	0.35042897	60067	4506	0
60067	4511	0.00084012	0.07224992	0.48289230	0.07178517	0.47895119	0.68073351	0.68062291	0.35053309	0.35024376	0.68079095	0.68102761	0.35045576	0.35037515	60067	4510	0
60067	4956	0.00210128	0.07248120	0.48173834	0.07223826	0.47795487	0.68147503	0.68156312	0.35107501	0.35090089	0.68150790	0.68164299	0.35095175	0.35096432	60067	4954	0
60067	4959	0.00077937	0.07220800	0.47922295	0.07249874	0.48318869	0.68161867	0.68182681	0.35098092	0.35099900	0.68155950	0.68169566	0.35111724	0.35087336	60067	4958	0
60067	4963	0.00150331	0.07227446	0.48182397	0.07260750	0.47965213	0.68161982	0.68167553	0.35114576	0.35087730	0.68141562	0.68157635	0.35110204	0.35092258	60067	4961	0
60067	4966	0.00055389	0.07229219	0.47840486	0.07271405	0.48125313	0.68182771	0.68152746	0.35105594	0.35087747	0.68168424	0.68158958	0.35086711	0.35097870	60067	4964	0
60067	4969	0.00149125	0.07258620	0.48146139	0.07262351	0.47864931	0.68149409	0.68162023	0.35117041	0.35097081	0.68170051	0.68171530	0.35107871	0.35111371	60067	4967	0
60067	5414	0.00156702	0.07262917	0.48157445	0.07285784	0.48134712	0.68143370	0.68128595	0.35058773	0.35042922	0.68113410	0.68107559	0.35035642	0.35038115	60067	5412	0
60067	5417	0.00077946	0.07275717	0.47911328	0.07233745	0.48147595	0.68132885	0.68128661	0.35048576	0.35029577	0.68089350	0.68112416	0.35038115	0.35014893	60067	5415	0
60067	5420	0.00117981	0.07224560	0.48198882	0.07257904	0.48078780	0.68076055	0.68094938	0.35018747	0.35006553	0.68097954	0.68110805	0.35014343	0.35012017	60067	5419	0
60067	5423	0.00140271	0.07273426	0.47966760	0.07260788	0.47899888	0.68124889	0.68104749	0.35019980	0.35003866	0.68098389	0.68111504	0.35004170	0.35011155	60067	5422	0
60067	5427	0.00064182	0.07278314	0.48007220	0.07260569	0.48235488	0.68050417	0.68068931	0.35015041	0.34985681	0.68060590	0.68069670	0.34996635	0.34990234	60067	5425	0
60067	5871	0.00113794	0.07248410	0.48067242	0.07260282	0.47918407	0.68068306	0.68081815	0.34988336	0.34967711	0.68060344	0.68090616	0.34993233	0.34972896	60067	5870	0
60067	5875	0.00027839	0.07269124	0.47957623	0.07238396	0.48215487	0.68077172	0.68074436	0.34994811	0.34972920	0.68081733	0.68080131	0.34982345	0.34982953	60067	5873	0
60067	5878	0.00034154	0.07231878	0.47972729	0.07212855	0.47953785	0.68071420	0.68080262	0.34991450	0.34988418	0.68057731	0.68080007	0.34979765	0.34994145	60067	5876	0
60067	5881	0.00150279	0.07255157	0.48149322	0.07232920	0.47800946	0.68094190	0.68081339	0.35011040	0.34983496	0.68104634	0.68094774	0.34995033	0.34988303	60067	5880	0
60067	5884	0.00178089	0.07273767	0.47966083	0.07239152	0.47882653	0.68089194	0.68096713	0.35010916	0.34997021	0.68094207	0.68104807	0.34985123	0.34979732	60067	5883	0
60067	6329	0.00090647	0.07235795	0.47924186	0.07285819	0.48186514	0.68191629	0.68193938	0.35096605	0.35083120	0.68178408	0.68210323	0.35109333	0.35088264	60067	6328	0
60067	6332	0.00020103	0.07258008	0.47965468	0.07256367	0.48177099	0.68193116	0.68221605	0.35103844	0.35097459	0.68204505	0.68211424	0.35119843	0.35093178	60067	6331	0
60067	6336	0.00156286	0.07274786	0.48209011	0.07242035	0.47800462	0.68231302	0.68223660	0.35098314	0.35108240	0.68218664	0.68230973	0.35119662	0.35106704	60067	6334	0
60067	6339	0.00091710	0.07246675	0.47976190	0.07197414	0.48169918	0.68232362	0.68236421	0.35113614	0.35114411	0.68215097	0.68200561	0.35107345	0.35081461	60067	6337	0
60067	6342	0.00092277	0.07277095	0.47950170	0.07237570	0.47948469	0.68234851	0.68222961	0.35126918	0.35101387	0.68215015	0.68221860	0.35114091	0.35109448	60067	6341	0
60067	6787	0.00137931	0.07229862	0.47951108	0.07237971	0.47814147	0.68228237	0.68229001	0.35111133	0.35087878	0.68232378	0.68252518	0.35132736	0.35125595	60067	6785	0
60067	6790	0.00040675	0.07250219	0.47843653	0.07235869	0.48135423	0.68226840	0.68217899	0.35122538	0.35111059	0.68220628	0.68225862	0.35118980	0.35101560	60067	6789	0
60067	6793	0.00159116	0.07230355	0.48080647	0.07257953	0.47725322	0.68257884	0.68261204	0.35129334	0.35108314	0.68249305	0.68256446	0.35136285	0.35118668	60067	6792	0
60067	6797	0.00068269	0.07252008	0.47902449	0.07251124	0.48174992	0.68266808	0.68247826	0.35156672	0.35127066	0.68230850	0.68239576	0.35119942	0.35124666	60067	6795	0
60067	6800	0.00073767	0.07257361	0.47939888	0.07260556	0.47923393	0.68228450	0.68252148	0.35143336	0.35126343	0.68223224	0.68250932	0.35110508	0.35135505	60067	6798	0
60067	7245	0.00086920	0.07325494	0.48013208	0.07273589	0.47973749	0.68197365	0.68207653	0.35077582	0.35054377	0.68194004	0.68215558	0.35085109	0.35058502	60067	7243	0
60067	7248	0.00092321	0.07278929	0.48087364	0.07268239	0.48071161	0.68171809	0.68179805	0.35065289	0.35061016	0.68197069	0.68194867	0.35060630	0.35061822	60067	7246	0
60067	7251	0.00143571	0.07277194	0.48093182	0.07284587	0.47939432	0.68194283	0.68185162	0.35056250	0.35049356	0.68168449	0.68178137	0.35059578	0.35046053	60067	7250	0
60067	7254	0.00056402	0.07315534	0.47920858	0.07271265	0.48182366	0.68184135	0.68181859	0.35061230	0.35054369	0.68183445	0.68178391	0.35076949	0.35052577	60067	7253	0
60067	7258	0.00046592	0.07284937	0.47928804	0.07283164	0.47958234	0.68178227	0.68178851	0.35055511	0.35047869	0.68172196	0.68181752	0.35054500	0.35043621	60067	7256	0
60067	7702	0.00173286	0.07236465	0.48196613	0.07230166	0.47816529	0.68209518	0.68180092	0.35116088	0.35073843	0.68177520	0.68195935	0.35098692	0.35100804	60067	7701	0
60067	7706	0.00094127	0.07217954	0.48049943	0.07226257	0.48287421	0.68207628	0.68206338	0.35104370	0.35089423	0.68189583	0.68201013	0.35093910	0.35071173	60067	7704	0
60067	7709	0.00136314	0.07220889	0.48110063	0.07259379	0.47983501	0.68138349	0.68154594	0.35083515	0.35090467	0.68209608	0.68204711	0.35124116	0.35092061	60067	7707	0
60067	7712	0.00056023	0.07222190	0.47945140	0.07223740	0.48186012	0.68213725	0.68221121	0.35112752	0.35100607	0.68203166	0.68205820	0.35096506	0.35089349	60067	7711	0
60067	7715	0.00110227	0.07233330	0.48108151	0.07237270	0.47945541	0.68191933	0.68194168	0.35093762	0.35097032	0.68214350	0.68191194	0.35122357	0.35092077	60067	7714	0
60067	8160	0.00219559	0.07311523	0.48160373	0.07265275	0.47832376	0.68199403	0.68210068	0.35071970	0.35075405	0.68228039	0.68224095	0.35083030	0.35075676	60067	8159	0
60067	8163	0.00084398	0.07297150	0.47899484	0.07284804	0.48304965	0.68233397	0.68236084	0.35085240	0.35089908	0.68234975	0.68235049	0.35102817	0.35082915	60067	8162	0
60067	8167	0.00085320	0.07294513	0.48042112	0.07261927	0.48039349	0.68218976	0.68229412	0.35091617	0.35079332	0.68166345	0.68188318	0.35092439	0.35072734	60067	8165	0
60067	8170	0.00205098	0.07306870	0.47986405	0.07267491	0.47627071	0.68218072	0.68235287	0.35112258	0.35098643	0.68218014	0.68232633	0.35112111	0.35093162	60067	8168	0
60067	8173	0.00075531	0.07293825	0.47712350	0.07287976	0.48101049	0.68235040	0.68240998	0.35107755	0.35094057	0.68236585	0.68249675	0.35128931	0.35116803	60067	8172	0
60067	8618	0.00133785	0.07271097	0.48165843	0.07302473	0.47991083	0.68359555	0.68374995	0.35254637	0.35244357	0.68390772	0.68373302	0.35256281	0.35243528	60067	8616	0
60067	8621	0.00126298	0.07262813	0.47861225	0.07281416	0.47883684	0.68363368	0.68382316	0.35244275	0.35242928	0.68360516	0.68375562	0.35245204	0.35236600	60067	8620	0
60067	8624	0.00180438	0.07281360	0.48068759	0.07288666	0.47906340	0.68360253	0.68371536	0.35257201	0.35237225	0.68371297	0.68371881	0.35247554	0.35242977	60067	8623	0
60067	8628	0.00071902	0.07271397	0.47847662	0.07250982	0.48173270	0.68389194	0.68382341	0.35241358	0.35243248	0.68333983	0.68357846	0.35252895	0.35242451	60067	8626	0
60067	8631	0.00121418	0.07243037	0.47994075	0.07233167	0.47845527	0.68350648	0.68380221	0.35258072	0.35258549	0.68346966	0.68367254	0.35251276	0.35233256	60067	8629	0
60067	9076	0.00168900	0.07246926	0.48218474	0.07304022	0.48076027	0.68318707	0.68334690	0.35225474	0.35203066	0.68361116	0.68369342	0.35230972	0.35202705	60067	9074	0
60067	9079	0.00095005	0.07281381	0.47974211	0.07291419	0.48195896	0.68374239	0.68382851	0.35222549	0.35201743	0.68359810	0.68370492	0.35221538	0.35213486	60067	9077	0
60067	9082	0.00052881	0.07278135	0.48023562	0.07289204	0.48149933	0.68356252	0.68355298	0.35231695	0.35205392	0.68360475	0.68404955	0.35208325	0.35243174	60067	9081	0
60067	9085	0.00081854	0.07271064	0.48158981	0.07299300	0.48072062	0.68361297	0.68368890	0.35225474	0.35189089	0.68371626	0.68362834	0.35206115	0.35198917	60067	9084	0
60067	9089	0.00142391	0.07278899	0.48148206	0.07287915	0.47966597	0.68350532	0.68352110	0.35217742	0.35204644	0.68385981	0.68377616	0.35222483	0.35203411	60067	9087	0
60067	9534	0.00104383	0.07249139	0.47925039	0.07255295	0.48039063	0.68276069	0.68253915	0.35139203	0.35127164	0.68244244	0.68265920	0.35134420	0.35143582	60067	9532	0
60067	9537	0.00089572	0.07254751	0.48040615	0.07249058	0.48085048	0.68253702	0.68277753	0.35148315	0.35130492	0.68263225	0.68294237	0.35149992	0.35164668	60067	9535	0
60067	9540	0.00077145	0.07264591	0.48150597	0.07262122	0.48187878	0.68276849	0.68292692	0.35147633	0.35155563	0.68305215	0.68279314	0.35159943	0.35141996	60067	9539	0
60067	9543	0.00028914	0.07259831	0.47894617	0.07233067	0.48039308	0.68306965	0.68321731	0.35188957	0.35172844	0.68311748	0.68320293	0.35178045	0.35171718	60067	9542	0
60067	9547	0.00109858	0.07247813	0.48058682	0.07279176	0.47815850	0.68294845	0.68312906	0.35166344	0.35179935	0.68305741	0.68323999	0.35204217	0.35181899	60067	9545	0
60067	9991	0.00137597	0.07233644	0.47980442	0.07213705	0.47897225	0.68274475	0.68287868	0.35152859	0.35139490	0.68278567	0.68295740	0.35160789	0.35156943	60067	9990	0
60067	9995	0.00082870	0.07215483	0.47819926	0.07209593	0.47984106	0.68265173	0.68268879	0.35142325	0.35123467	0.68247884	0.68245542	0.35131215	0.35125956	60067	9993	0
60067	9998	0.00184586	0.07164693	0.48124231	0.07263716	0.47819084	0.68232115	0.68227949	0.35117427	0.35105767	0.68281788	0.68264713	0.35140772	0.35120936	60067	9996	0
60067	10001	0.00121925	0.07238772	0.47865605	0.07244890	0.48053589	0.68250850	0.68252978	0.35124527	0.35116014	0.68252584	0.68251384	0.35134905	0.35127559	60067	9999	0
60067	10004	0.00108089	0.07230730	0.47975264	0.07218899	0.48016772	0.68246774	0.68257005	0.35137411	0.35109703	0.68243636	0.68237941	0.35108840	0.35101157	60067	10003	0
60067	10449	0.00037877	0.07244115	0.47973617	0.07219370	0.48184254	0.68241606	0.68241343	0.35116934	0.35101272	0.68256512	0.68254104	0.35132177	0.35107361	60067	10447	0
60067	10452	0.00160196	0.07253369	0.48214011	0.07241269	0.47847052	0.68234284	0.68242124	0.35113269	0.35110763	0.68230299	0.68233060	0.35117337	0.35102899	60067	10451	0
60067	10456	0.00038218	0.07231066	0.47702607	0.07242041	0.48068542	0.68232337	0.68236824	0.35103573	0.35099464	0.68216650	0.68253167	0.35106975	0.35091403	60067	10454	0
60067	10459	0.00118073	0.07238333	0.48066958	0.07259664	0.47827393	0.68234991	0.68247629	0.35112941	0.35112094	0.68249922	0.68242945	0.35103754	0.35106630	60067	10457	0
60067	10462	0.00111306	0.07259413	0.47985087	0.07252749	0.48005387	0.68235944	0.68229099	0.35118528	0.35088059	0.68228286	0.68261812	0.35102110	0.35096777	60067	10460	0
60067	10907	0.00066014	0.07255040	0.47977464	0.07246195	0.48113340	0.68186691	0.68197817	0.35041879	0.35040399	0.68189969	0.68198589	0.35042618	0.35045560	60067	10905	0
60067	10910	0.00060721	0.07254363	0.48035316	0.07240847	0.48051192	0.68201769	0.68210644	0.35042897	0.35043801	0.68183626	0.68182500	0.35059710	0.35037778	60067	10908	0
60067	10913	0.00088274	0.07246547	0.48079847	0.07242272	0.47997189	0.68185442	0.68192229	0.35055930	0.35033538	0.68187718	0.68179221	0.35045543	0.35038772	60067	10912	0
60067	10917	0.00117666	0.07241952	0.48010665	0.07223457	0.47922488	0.68170330	0.68164077	0.35036389	0.35030983	0.68174940	0.68174579	0.35045601	0.35027918	60067	10915	0
60067	10920	-0.00007487	0.07202872	0.47955446	0.07245821	0.48330907	0.68148974	0.68140560	0.34999577	0.35002798	0.68174718	0.68180544	0.35018295	0.35014803	60067	10918	0
60067	11365	0.00074734	0.07247195	0.48184686	0.07218802	0.47938020	0.68184102	0.68186074	0.35032979	0.35016816	0.68226946	0.68173740	0.35038748	0.35010152	60067	11363	0
60067	11368	0.00158022	0.07242405	0.48239500	0.07234289	0.47989636	0.68189731	0.68178112	0.35053621	0.35009815	0.68205253	0.68184406	0.35031435	0.35021968	60067	11366	0
60067	11371	0.00206648	0.07248129	0.48040140	0.07254375	0.47894264	0.68182138	0.68178317	0.35050203	0.35031697	0.68207349	0.68209830	0.35046151	0.35030983	60067	11369	0
60067	11374	0.00063522	0.07238927	0.47621919	0.07264677	0.48051296	0.68198088	0.68186321	0.35031969	0.35031237	0.68199608	0.68209518	0.35031229	0.35029635	60067	11373	0
60067	11378	0.00137438	0.07251689	0.47986129	0.07232298	0.47764381	0.68201621	0.68213881	0.35040950	0.35030029	0.68191169	0.68179353	0.35043596	0.35031024	60067	11376	0
60067	11822	0.00046214	0.07297330	0.47696401	0.07260923	0.47970072	0.68388134	0.68387962	0.35232706	0.35225203	0.68388282	0.68385694	0.35224497	0.35218137	60067	11821	0
60067	11826	0.00091893	0.07305815	0.48040006	0.07262637	0.47902970	0.68374609	0.68364691	0.35237833	0.35206131	0.68334616	0.68358462	0.35210988	0.35207043	60067	11824	0
60067	11829	0.00052723	0.07267732	0.47898871	0.07279717	0.48016379	0.68353630	0.68354748	0.35216937	0.35200889	0.68363844	0.68373179	0.35211530	0.35193156	60067	11827	0
60067	11832	0.00125716	0.07294335	0.48069759	0.07261314	0.47850780	0.68332923	0.68365019	0.35201020	0.35192918	0.68343589	0.68355841	0.35186024	0.35192655	60067	11830	0
60067	11835	0.00118789	0.07304117	0.48016645	0.07280810	0.48037425	0.68333696	0.68348306	0.35184537	0.35183994	0.68330762	0.68353869	0.35179861	0.35182655	60067	11834	0
60067	12280	0.00173170	0.07288081	0.48080466	0.07273927	0.47917325	0.68304262	0.68305133	0.35146105	0.35118923	0.68286850	0.68304393	0.35126934	0.35136088	60067	12278	0
60067	12283	0.00233567	0.07258024	0.48076946	0.07271493	0.47895754	0.68319562	0.68325733	0.35151479	0.35139934	0.68332677	0.68344904	0.35159524	0.35158431	60067	12282	0
60067	12287	0.00059879	0.07256550	0.47670258	0.07258341	0.48191322	0.68318962	0.68295708	0.35159951	0.35131215	0.68308272	0.68340639	0.35156417	0.35157880	60067	12285	0
60067	12290	0.00122366	0.07259632	0.48117930	0.07262355	0.47930470	0.68325906	0.68329464	0.35145365	0.35164758	0.68341313	0.68350327	0.35166377	0.35169902	60067	12288	0
60067	12293	0.00082258	0.07278785	0.47791637	0.07276222	0.47911961	0.68369982	0.68339505	0.35199878	0.35178702	0.68362464	0.68350861	0.35198925	0.35174109	60067	12291	0
60067	12738	0.00200712	0.07248869	0.48077998	0.07231487	0.47722637	0.68180561	0.68183930	0.35014433	0.35022494	0.68177668	0.68223265	0.35030292	0.35053563	60067	12736	0
60067	12741	0.00160396	0.07247789	0.47980989	0.07241225	0.48101935	0.68164817	0.68174759	0.35023653	0.35021032	0.68182204	0.68188942	0.35048756	0.35020350	60067	12739	0
60067	12744	0.00110095	0.07211246	0.47845525	0.07254518	0.47996429	0.68203043	0.68197743	0.35039109	0.35017983	0.68183437	0.68210767	0.35011787	0.35013447	60067	12743	0
60067	12748	0.00085721	0.07211410	0.47961583	0.07232142	0.48034706	0.68135802	0.68149672	0.35003028	0.35000924	0.68168071	0.68176304	0.35023793	0.35015559	60067	12746	0
60067	12751	0.00062441	0.07240424	0.47988695	0.07237929	0.48058536	0.68174620	0.68161604	0.35040564	0.35006504	0.68147684	0.68144397	0.35010160	0.34999642	60067	12749	0
60067	13196	0.00008632	0.07268930	0.47999429	0.07260660	0.48160856	0.68193256	0.68222731	0.35066777	0.35065232	0.68228294	0.68235977	0.35065306	0.35072668	60067	13194	0
60067	13199	0.00155061	0.07248903	0.48283598	0.07264419	0.47844310	0.68224917	0.68231491	0.35061583	0.35067697	0.68260136	0.68243118	0.35121232	0.35085487	60067	13197	0
60067	13202	0.00016673	0.07267640	0.47802497	0.07252836	0.48217662	0.68235123	0.68252042	0.35072660	0.35066095	0.68220644	0.68224826	0.35092094	0.35079982	60067	13200	0
60067	13205	0.00044826	0.07242412	0.47983329	0.07281076	0.47898871	0.68247851	0.68270801	0.35082389	0.35084558	0.68230833	0.68248508	0.35099292	0.35077927	60067	13204	0
60067	13209	0.00142883	0.07246858	0.48251179	0.07218209	0.47957008	0.68229428	0.68251015	0.35075881	0.35066514	0.68249560	0.68242460	0.35082249	0.35076621	60067	13207	0
60067	13653	-0.00074153	0.07244083	0.47755527	0.07268177	0.48406635	0.68108324	0.68128374	0.34951679	0.34954933	0.68079572	0.68088816	0.34938531	0.34932599	60067	13652	0
60067	13656	0.00148786	0.07211649	0.48419068	0.07265676	0.47750250	0.68134446	0.68099794	0.34968491	0.34944571	0.68112276	0.68126360	0.34974416	0.34966108	60067	13655	0
60067	13660	0.00026192	0.07258514	0.47906362	0.07253629	0.48274145	0.68138292	0.68161900	0.34984326	0.34988960	0.68136098	0.68112884	0.34987202	0.34955368	60067	13658	0
60067	13663	0.00081627	0.07242929	0.48036521	0.07242152	0.47870214	0.68114922	0.68117100	0.34972822	0.34968162	0.68132622	0.68140354	0.34980965	0.34973043	60067	13661	0
60067	13666	0.00176117	0.07269208	0.48222646	0.07249300	0.47939177	0.68136533	0.68154562	0.35000423	0.34997399	0.68139360	0.68144241	0.34996939	0.35002888	60067	13665	0
60067	14111	0.00057118	0.07242241	0.47819747	0.07259276	0.48176745	0.68254038	0.68247728	0.35116195	0.35115833	0.68236437	0.68247210	0.35111264	0.35093507	60067	14109	0
60067	14114	0.00129084	0.07252728	0.48126288	0.07240406	0.47910389	0.68233898	0.68235205	0.35091108	0.35087163	0.68236487	0.68254803	0.35119670	0.35090886	60067	14113	0
60067	14117	0.00156379	0.07197693	0.48117389	0.07291037	0.48035503	0.68245747	0.68256339	0.35110171	0.35093375	0.68242091	0.68257859	0.35103450	0.35095274	60067	14116	0
60067	14121	0.00080648	0.07238852	0.48040634	0.07254463	0.48267828	0.68228935	0.68247251	0.35107287	0.35079020	0.68244950	0.68278164	0.35120451	0.35107525	60067	14119	0
60067	14124	0.00090643	0.07283530	0.48177681	0.07226091	0.48147694	0.68238771	0.68253882	0.35102513	0.35099021	0.68264556	0.68249042	0.35122390	0.35086859	60067	14122	0
60067	14569	-0.00008400	0.07265404	0.47894065	0.07250166	0.48191196	0.68146065	0.68139869	0.34979888	0.34983446	0.68136459	0.68147733	0.34974112	0.34974687	60067	14567	0
60067	14572	0.00155529	0.07201713	0.48217469	0.07243823	0.47725683	0.68149631	0.68173486	0.34994794	0.34976141	0.68159147	0.68151817	0.35002370	0.34985558	60067	14570	0
60067	14575	0.00107968	0.07245925	0.48076997	0.07206549	0.48219678	0.68181029	0.68160462	0.34982477	0.34962830	0.68183995	0.68181423	0.34999084	0.34980702	60067	14574	0
60067	14578	0.00080709	0.07200143	0.47877568	0.07222576	0.47959344	0.68177800	0.68198384	0.34989708	0.34996881	0.68148317	0.68155367	0.34993332	0.34968401	60067	14577	0
60067	14582	0.00097423	0.07237305	0.48250805	0.07241454	0.48200665	0.68153748	0.68157397	0.34996265	0.34975287	0.68168177	0.68157060	0.34977004	0.34973380	60067	14580	0
60067	15026	0.00165324	0.07249200	0.48192390	0.07262728	0.47988688	0.68268969	0.68302380	0.35110508	0.35116392	0.68269421	0.68280005	0.35120985	0.35107739	60067	15025	0
60067	15030	0.00078611	0.07253620	0.47886579	0.07281303	0.48146718	0.68286414	0.68282790	0.35110936	0.35122136	0.68310523	0.68310088	0.35119235	0.35132218	60067	15028	0
60067	15033	0.00129206	0.07222025	0.48021021	0.07265476	0.47869233	0.68311098	0.68316612	0.35135916	0.35126959	0.68290736	0.68309381	0.35117698	0.35130583	60067	15031	0
60067	15036	-0.00000115	0.07240689	0.47767764	0.07270859	0.48155728	0.68309151	0.68293916	0.35150986	0.35126704	0.68333383	0.68269273	0.35168127	0.35118134	60067	15035	0
60067	15039	0.00161965	0.07288283	0.48340631	0.07265328	0.47854390	0.68281385	0.68309143	0.35152506	0.35124190	0.68313276	0.68311378	0.35155662	0.35127288	60067	15038	0
60067	15484	0.00088184	0.07189006	0.47870824	0.07243621	0.48092169	0.68290654	0.68310786	0.35144075	0.35128044	0.68302405	0.68327837	0.35128635	0.35120089	60067	15483	0
60067	15487	0.00077114	0.07255107	0.47926529	0.07257277	0.47959738	0.68308609	0.68307762	0.35151939	0.35132974	0.68325158	0.68323860	0.35134987	0.35139383	60067	15486	0
60067	15491	0.00090352	0.07250324	0.47966812	0.07233561	0.47927098	0.68315741	0.68315256	0.35155095	0.35135932	0.68314344	0.68334862	0.35168669	0.35157297	60067	15489	0
60067	15494	0.00166808	0.07232129	0.48169899	0.07224467	0.47940529	0.68332825	0.68344600	0.35159039	0.35155029	0.68351436	0.68337747	0.35167691	0.35156442	60067	15492	0
60067	15497	-0.00001366	0.07249631	0.47923705	0.07225903	0.48428227	0.68336218	0.68335339	0.35180066	0.35160994	0.68326464	0.68331830	0.35167757	0.35157519	60067	15496	0
60067	15942	0.00088845	0.07304982	0.48262493	0.07298253	0.47991862	0.68276899	0.68295338	0.35080631	0.35076843	0.68268501	0.68286455	0.35096835	0.35086309	60067	15940	0
60067	15945	0.00100245	0.07238205	0.47928115	0.07291644	0.47893915	0.68262708	0.68260998	0.35072422	0.35063194	0.68313169	0.68305297	0.35096892	0.35090048	60067	15944	0
60067	15948	0.00079082	0.07264395	0.48064925	0.07282057	0.48128413	0.68299011	0.68314706	0.35097936	0.35082833	0.68273743	0.68283382	0.35108224	0.35082019	60067	15947	0
60067	15952	0.00161462	0.07277716	0.48013043	0.07300481	0.47765903	0.68286743	0.68289520	0.35089037	0.35067072	0.68290712	0.68290235	0.35099925	0.35084986	60067	15950	0
60067	15955	0.00089948	0.07285695	0.47945234	0.07272023	0.48159775	0.68314476	0.68312643	0.35103228	0.35086161	0.68299907	0.68327385	0.35118988	0.35100097	60067	15953	0
60067	16400	0.00117332	0.07282749	0.48144489	0.07276347	0.48062338	0.68344033	0.68323851	0.35126565	0.35086489	0.68314607	0.68319817	0.35103474	0.35079308	60067	16398	0
60067	16403	0.00126634	0.07286059	0.48054933	0.07256729	0.48027024	0.68292404	0.68301353	0.35111215	0.35080170	0.68292339	0.68302553	0.35091157	0.35094666	60067	16401	0
60067	16406	0.00056812	0.07272845	0.47908756	0.07300274	0.48118224	0.68289627	0.68308140	0.35076284	0.35081510	0.68340951	0.68350426	0.35125883	0.35102998	60067	16405	0
60067	16409	0.00167743	0.07259382	0.48243943	0.07265140	0.47911151	0.68316842	0.68320507	0.35105290	0.35093162	0.68306554	0.68354132	0.35113343	0.35121774	60067	16408	0
60067	16413	0.00083458	0.07250193	0.47905602	0.07254405	0.48158457	0.68313325	0.68322668	0.35114444	0.35105282	0.68320408	0.68332110	0.35118010	0.35108857	60067	16411	0
