% File initiated 03/05/2023 04:42:29 UTC
% Raw fountain data
%
% File notes: Collional shift map 250 ms MOT RF 250 350 380 410 510 mV RF
%
%% fountain_code = ALPHA-CsF1
%% microwave_ref = ALPHA HM1
%% MJD_start = 60067.196171
%% clock_data = False
%% sequence = 9
%% density = HD
%
% Units: V.s, Hz
%
% Shot B MJD days	Shot B MJD seconds	freq error	shot A sum	shot A ratio	shot B sum	shot B ratio	shot A F=3 bg 1	shot A F=3 bg 2	shot A F=4 bg 1	shot A F=4 bg 2	shot B F=3 bg 1	shot B F=3 bg 2	shot B F=4 bg 1	shot B F=4 bg 2	Shot A MJD days	Shot A MJD seconds	Shot order (0=LF->HF)
60067	17476	0.00051185	0.05088280	0.35010175	0.05083263	0.35094330	0.68045545	0.68029899	0.34943996	0.34950997	0.68058076	0.68083993	0.34969584	0.34968746	60067	17475	0
60067	17479	0.00111237	0.05091125	0.35131419	0.05077892	0.34951263	0.68081314	0.68131323	0.34976799	0.35013340	0.68085168	0.68086688	0.34988360	0.34987678	60067	17478	0
60067	17483	0.00084299	0.05101276	0.34957605	0.05075079	0.35038418	0.68117814	0.68095817	0.34993866	0.34985829	0.68102720	0.68102457	0.35012601	0.35016274	60067	17481	0
60067	17486	0.00022337	0.05076715	0.34736915	0.05083126	0.34922801	0.68112136	0.68136804	0.35009782	0.35034286	0.68114659	0.68109532	0.35007835	0.35009100	60067	17484	0
60067	17489	0.00095743	0.05087333	0.35083800	0.05087723	0.34863583	0.68124692	0.68140938	0.35028846	0.35028526	0.68123838	0.68119187	0.35010867	0.35032026	60067	17488	0
60067	18049	0.00045077	0.05073574	0.34902758	0.05112349	0.35054756	0.68157553	0.68185885	0.35107304	0.35112916	0.68176608	0.68186272	0.35115488	0.35124247	60067	18047	0
60067	18052	0.00112378	0.05105709	0.35092871	0.05093769	0.34890969	0.68158621	0.68172664	0.35097739	0.35103630	0.68176600	0.68173658	0.35102735	0.35113228	60067	18050	0
60067	18055	0.00079777	0.05115846	0.34906405	0.05091052	0.35004209	0.68153009	0.68176871	0.35101436	0.35107879	0.68184513	0.68186099	0.35114732	0.35131092	60067	18054	0
60067	18059	0.00088568	0.05113915	0.34906185	0.05116400	0.34879812	0.68190323	0.68202878	0.35117370	0.35109974	0.68191720	0.68225303	0.35110212	0.35144001	60067	18057	0
60067	18062	0.00038609	0.05052652	0.34845174	0.05102558	0.34995049	0.68202952	0.68187463	0.35125044	0.35122045	0.68213824	0.68225081	0.35134453	0.35139959	60067	18060	0
60067	18622	0.00078710	0.05079842	0.35051343	0.05084918	0.34931042	0.68135539	0.68165720	0.35063514	0.35069020	0.68108003	0.68125834	0.35035379	0.35064344	60067	18621	0
60067	18625	0.00105432	0.05081486	0.34970481	0.05082252	0.34890313	0.68176140	0.68157125	0.35081436	0.35084509	0.68143386	0.68141685	0.35068001	0.35073252	60067	18624	0
60067	18629	0.00103611	0.05087165	0.34979818	0.05096191	0.34985282	0.68147314	0.68156098	0.35072561	0.35073843	0.68157281	0.68171119	0.35070532	0.35087361	60067	18627	0
60067	18632	0.00030830	0.05093766	0.34986737	0.05081976	0.35205080	0.68167315	0.68164003	0.35095298	0.35081600	0.68186198	0.68186600	0.35096136	0.35091962	60067	18630	0
60067	18635	0.00088273	0.05107319	0.35008967	0.05093819	0.34836636	0.68149064	0.68167052	0.35091543	0.35092537	0.68137158	0.68139458	0.35062947	0.35090039	60067	18634	0
60067	19196	0.00000425	0.05142500	0.34699356	0.05097862	0.34962900	0.68088438	0.68090238	0.35020826	0.35009766	0.68094502	0.68098406	0.35001425	0.35015649	60067	19194	0
60067	19199	0.00014684	0.05105497	0.35023085	0.05074596	0.34980308	0.68078931	0.68075332	0.35004334	0.35017884	0.68086121	0.68078002	0.35000382	0.35012962	60067	19198	0
60067	19202	0.00100766	0.05102622	0.35075266	0.05089498	0.34817020	0.68078791	0.68079268	0.34989872	0.34999223	0.68047763	0.68054189	0.34970488	0.34986758	60067	19201	0
60067	19206	0.00069041	0.05116873	0.34910688	0.05112809	0.35005865	0.68048067	0.68054263	0.34967899	0.34984975	0.68033457	0.68048240	0.34943634	0.34981203	60067	19204	0
60067	19209	0.00038557	0.05112390	0.34906718	0.05119618	0.34998169	0.68024961	0.68036046	0.34954555	0.34953224	0.68024689	0.68046046	0.34960085	0.34962106	60067	19207	0
60067	19769	0.00025412	0.05081954	0.34936924	0.05090801	0.34976360	0.68089572	0.68093590	0.35013431	0.35027490	0.68099720	0.68092358	0.35022971	0.35026562	60067	19768	0
60067	19772	0.00090425	0.05092324	0.35137456	0.05084393	0.34942417	0.68097567	0.68108233	0.35032560	0.35033209	0.68105168	0.68110526	0.35027096	0.35040679	60067	19771	0
60067	19776	0.00128262	0.05091256	0.35010081	0.05060626	0.34896570	0.68114076	0.68104248	0.35029504	0.35040145	0.68109984	0.68126804	0.35051312	0.35054007	60067	19774	0
60067	19779	0.00100662	0.05099620	0.34970148	0.05074780	0.35052948	0.68125333	0.68109803	0.35047146	0.35046110	0.68126755	0.68123147	0.35030079	0.35040252	60067	19777	0
60067	19782	0.00066782	0.05083053	0.34876553	0.05093658	0.34978192	0.68133435	0.68131406	0.35059217	0.35053908	0.68136443	0.68126253	0.35045584	0.35063054	60067	19781	0
60067	20343	-0.00016051	0.05079447	0.34865888	0.05097585	0.35114389	0.67963710	0.67963751	0.34920659	0.34925277	0.67987729	0.67975904	0.34919755	0.34931834	60067	20341	0
60067	20346	0.00111717	0.05079279	0.35143507	0.05068715	0.34760203	0.67979964	0.67982026	0.34927397	0.34930750	0.67971557	0.67974014	0.34925105	0.34925425	60067	20344	0
60067	20349	0.00138720	0.05049822	0.34921637	0.05058063	0.34840628	0.67999561	0.68008707	0.34932894	0.34943922	0.67982141	0.67986611	0.34938318	0.34944686	60067	20347	0
60067	20352	0.00170676	0.05071270	0.35013637	0.05049656	0.34917769	0.68006324	0.68014459	0.34940134	0.34946058	0.67969643	0.67981911	0.34933157	0.34940027	60067	20351	0
60067	20356	0.00104709	0.05088165	0.34748700	0.05061262	0.34946599	0.67980826	0.68000958	0.34947431	0.34955319	0.68014467	0.68033556	0.34969551	0.34957308	60067	20354	0
60067	20915	0.00070401	0.05085850	0.34978886	0.05105594	0.35081812	0.68105908	0.68092243	0.35030637	0.35024943	0.68108907	0.68107239	0.35014943	0.35038625	60067	20913	0
60067	20918	0.00054608	0.05092721	0.35115030	0.05098314	0.35162407	0.68103418	0.68100271	0.35029241	0.35051969	0.68098784	0.68097740	0.35037491	0.35029766	60067	20916	0
60067	20921	0.00131971	0.05081706	0.35171887	0.05103528	0.34939797	0.68092990	0.68089646	0.35037072	0.35029068	0.68106261	0.68106721	0.35058855	0.35039274	60067	20919	0
60067	20924	0.00137210	0.05079925	0.34960862	0.05113418	0.34945147	0.68108603	0.68122967	0.35033489	0.35045995	0.68106902	0.68098208	0.35041197	0.35043768	60067	20923	0
60067	20928	0.00026693	0.05087581	0.34832303	0.05080595	0.35163853	0.68106861	0.68123994	0.35066242	0.35046365	0.68120888	0.68119967	0.35047129	0.35054114	60067	20926	0
60067	21487	0.00144011	0.05100859	0.35144928	0.05096903	0.34792973	0.68109844	0.68116574	0.35045091	0.35043604	0.68106483	0.68100649	0.35036767	0.35036324	60067	21485	0
60067	21490	0.00106759	0.05091523	0.34871709	0.05120104	0.34983464	0.68085973	0.68098373	0.35026208	0.35042076	0.68089695	0.68085858	0.35029882	0.35015830	60067	21488	0
60067	21493	0.00065607	0.05093082	0.34830890	0.05119933	0.34954348	0.68089054	0.68081947	0.35037384	0.35029052	0.68071568	0.68081141	0.35009906	0.35013513	60067	21491	0
60067	21496	0.00102460	0.05108852	0.35216278	0.05115429	0.35105720	0.68068166	0.68082982	0.34992880	0.34999897	0.68093746	0.68103558	0.35011303	0.35030457	60067	21495	0
60067	21500	0.00084966	0.05126667	0.34813048	0.05101036	0.34865530	0.68085957	0.68079843	0.34999363	0.35017704	0.68084149	0.68100608	0.35004425	0.35016693	60067	21498	0
60067	22058	0.00057092	0.05080883	0.34813071	0.05091517	0.34896694	0.68015116	0.68027048	0.34947192	0.34959387	0.68014393	0.68021674	0.34959715	0.34972822	60067	22057	0
60067	22062	0.00051221	0.05080870	0.34985513	0.05092784	0.35003124	0.68023597	0.68038314	0.34948047	0.34961942	0.68037500	0.68021690	0.34952755	0.34972296	60067	22060	0
60067	22065	0.00162023	0.05074880	0.35107811	0.05101714	0.34775404	0.68028116	0.68023367	0.34954859	0.34951087	0.68022471	0.68041748	0.34941186	0.34951334	60067	22063	0
60067	22068	0.00066636	0.05070197	0.34872451	0.05094564	0.35158614	0.68039217	0.68026226	0.34951621	0.34963996	0.68037147	0.68051313	0.34957973	0.34966248	60067	22067	0
60067	22072	0.00028162	0.05083341	0.34987580	0.05090522	0.35103002	0.68015659	0.68019751	0.34942098	0.34952205	0.68030639	0.68024468	0.34947200	0.34945771	60067	22070	0
60067	22630	0.00118650	0.05106547	0.35106642	0.05106584	0.34835178	0.68047969	0.68055487	0.34971392	0.34960438	0.68057106	0.68046522	0.34968409	0.34981597	60067	22629	0
60067	22634	0.00082780	0.05110623	0.34953868	0.05134804	0.35061479	0.68027886	0.68041379	0.34946272	0.34954045	0.68045257	0.68087362	0.34946749	0.34982386	60067	22632	0
60067	22637	0.00095657	0.05106020	0.35003834	0.05122800	0.34965201	0.68047393	0.68068150	0.34964046	0.34958762	0.68059695	0.68065570	0.34968015	0.34968409	60067	22635	0
60067	22640	0.00081547	0.05120691	0.34887968	0.05110522	0.34930299	0.68069407	0.68058339	0.34965738	0.34962328	0.68055175	0.68046194	0.34946962	0.34968582	60067	22639	0
60067	22643	0.00080607	0.05115230	0.35023271	0.05124865	0.35026093	0.68051083	0.68047813	0.34947661	0.34954588	0.68046555	0.68055118	0.34957924	0.34967973	60067	22642	0
60067	23202	0.00086053	0.05057757	0.35068359	0.05085922	0.35052020	0.68146295	0.68161538	0.35094731	0.35108988	0.68154529	0.68145137	0.35078617	0.35082825	60067	23201	0
60067	23206	0.00111154	0.05080514	0.35141169	0.05064343	0.35065866	0.68141726	0.68126336	0.35073391	0.35084279	0.68166896	0.68167734	0.35101954	0.35097238	60067	23204	0
60067	23209	0.00094924	0.05086814	0.35034350	0.05086357	0.35083038	0.68163494	0.68153576	0.35090910	0.35102743	0.68163502	0.68163814	0.35071345	0.35083909	60067	23207	0
60067	23212	0.00050433	0.05064935	0.34932157	0.05074185	0.35065632	0.68147478	0.68154085	0.35097689	0.35088544	0.68163625	0.68165564	0.35082217	0.35104140	60067	23211	0
60067	23216	0.00008117	0.05064052	0.34990294	0.05071792	0.35117241	0.68118069	0.68116738	0.35069743	0.35080351	0.68129064	0.68131882	0.35073178	0.35079291	60067	23214	0
60067	23774	0.00079427	0.05095316	0.35146051	0.05095211	0.34932122	0.68182516	0.68188868	0.35110204	0.35122965	0.68177734	0.68171341	0.35107147	0.35108528	60067	23773	0
60067	23778	0.00099760	0.05120782	0.35113232	0.05093530	0.35052232	0.68165720	0.68176255	0.35101708	0.35112291	0.68150634	0.68169730	0.35096112	0.35117616	60067	23776	0
60067	23781	0.00079229	0.05095933	0.34950628	0.05103547	0.35012221	0.68189920	0.68182475	0.35110508	0.35117526	0.68185310	0.68178186	0.35107254	0.35107780	60067	23779	0
60067	23784	0.00079444	0.05093345	0.35112329	0.05114473	0.35111685	0.68154315	0.68163732	0.35105101	0.35110664	0.68140502	0.68152359	0.35086325	0.35112193	60067	23783	0
60067	23788	0.00081737	0.05095521	0.34913303	0.05090865	0.34906423	0.68175869	0.68180454	0.35107969	0.35126984	0.68162721	0.68169410	0.35106975	0.35108659	60067	23786	0
60067	24346	-0.00006692	0.05117742	0.34909673	0.05111419	0.35174960	0.68091429	0.68107757	0.35031804	0.35049775	0.68123016	0.68113385	0.35048198	0.35056037	60067	24345	0
60067	24350	0.00032883	0.05072428	0.35100537	0.05119675	0.34981813	0.68101717	0.68094289	0.35021944	0.35027375	0.68087822	0.68100074	0.35041459	0.35031451	60067	24348	0
60067	24353	0.00056276	0.05086786	0.35137161	0.05101870	0.35066982	0.68091454	0.68115226	0.35023489	0.35052092	0.68103714	0.68118916	0.35041172	0.35042667	60067	24351	0
60067	24356	0.00003790	0.05087941	0.34883860	0.05089245	0.35041316	0.68091947	0.68083179	0.35027745	0.35023949	0.68077937	0.68087460	0.35021229	0.35031377	60067	24355	0
60067	24360	0.00091877	0.05101591	0.35171326	0.05074629	0.34907067	0.68082916	0.68083837	0.35019429	0.35023719	0.68081158	0.68079408	0.35025592	0.35013866	60067	24358	0
60067	24918	0.00039987	0.05113879	0.34954028	0.05143960	0.35109695	0.68103623	0.68105135	0.35049611	0.35060112	0.68096737	0.68108554	0.35040334	0.35052783	60067	24917	0
60067	24922	0.00031927	0.05135143	0.34975864	0.05133083	0.35000044	0.68125358	0.68098184	0.35047737	0.35038797	0.68100263	0.68128472	0.35050728	0.35054623	60067	24920	0
60067	24925	0.00114377	0.05109131	0.35168965	0.05136190	0.34921616	0.68130255	0.68135999	0.35058633	0.35064492	0.68116409	0.68112925	0.35062619	0.35054295	60067	24923	0
60067	24928	0.00032221	0.05135531	0.34802867	0.05134207	0.35049335	0.68129014	0.68132515	0.35055453	0.35063457	0.68133583	0.68133813	0.35060893	0.35051402	60067	24927	0
60067	24931	-0.00033448	0.05124198	0.34948247	0.05118619	0.35145256	0.68114519	0.68127535	0.35053054	0.35056365	0.68117584	0.68117141	0.35048066	0.35038822	60067	24930	0
60067	25490	0.00069957	0.05146638	0.35050133	0.05031923	0.34739916	0.68089063	0.68107214	0.34988311	0.35012280	0.68124627	0.68089720	0.35015041	0.34988681	60067	25489	0
60067	25494	0.00057776	0.05138816	0.34925793	0.05140015	0.34962336	0.68105119	0.68110140	0.35006627	0.35009363	0.68108907	0.68116056	0.35011516	0.35012215	60067	25492	0
60067	25497	-0.00007677	0.05147985	0.34778021	0.05135433	0.34974380	0.68099926	0.68108808	0.34999675	0.35005690	0.68116968	0.68116919	0.34998837	0.35000226	60067	25495	0
60067	25500	0.00061044	0.05153270	0.35116744	0.05138366	0.34910583	0.68112202	0.68174135	0.35009371	0.35058083	0.68111044	0.68110148	0.35008878	0.35008180	60067	25499	0
60067	25503	0.00084564	0.05145133	0.34926813	0.05134613	0.34856251	0.68106861	0.68092999	0.34991943	0.35005452	0.68098126	0.68096039	0.35007843	0.34999651	60067	25502	0
60067	26063	0.00002006	0.05146611	0.34918464	0.05129847	0.35166140	0.68214744	0.68197915	0.35110467	0.35103450	0.68211893	0.68192673	0.35118397	0.35097459	60067	26061	0
60067	26066	0.00030738	0.05149693	0.35144722	0.05136995	0.35058526	0.68194563	0.68206239	0.35101050	0.35100697	0.68194752	0.68198507	0.35107649	0.35118882	60067	26065	0
60067	26069	0.00095180	0.05129114	0.35183053	0.05138366	0.34989725	0.68193092	0.68194308	0.35100319	0.35084764	0.68221457	0.68192459	0.35116301	0.35102472	60067	26068	0
60067	26073	0.00132776	0.05172810	0.35236679	0.05141428	0.35123891	0.68200306	0.68198852	0.35102069	0.35111207	0.68195803	0.68217751	0.35092644	0.35106153	60067	26071	0
60067	26076	0.00041682	0.05167679	0.34960281	0.05143192	0.35233565	0.68207957	0.68208022	0.35109350	0.35101510	0.68198236	0.68194785	0.35108848	0.35100960	60067	26074	0
60067	26635	-0.00005560	0.05150525	0.34877840	0.05162882	0.35019565	0.68110600	0.68115054	0.34997859	0.35010300	0.68112818	0.68121175	0.35011352	0.35018016	60067	26634	0
60067	26638	0.00023498	0.05143460	0.34960425	0.05155271	0.34873252	0.68159270	0.68131274	0.35032330	0.35023300	0.68161604	0.68146558	0.35029955	0.35022815	60067	26637	0
60067	26642	0.00042569	0.05178751	0.34983392	0.05131779	0.34926178	0.68135120	0.68155696	0.35025058	0.35040580	0.68086006	0.68122186	0.34999905	0.35006611	60067	26640	0
60067	26645	0.00032940	0.05144883	0.35003841	0.05141138	0.35032730	0.68157002	0.68178128	0.35031278	0.35066850	0.68163288	0.68158654	0.35056489	0.35040449	60067	26643	0
60067	26648	0.00016282	0.05138913	0.35006908	0.05165710	0.35056881	0.68158144	0.68145178	0.35038789	0.35057680	0.68158391	0.68136443	0.35058650	0.35054377	60067	26647	0
60067	27207	0.00076462	0.05116829	0.35012274	0.05131721	0.34831734	0.68102440	0.68087805	0.34974942	0.34988451	0.68096039	0.68112736	0.34981039	0.34980792	60067	27206	0
60067	27210	0.00114504	0.05147737	0.35101736	0.05126676	0.34987610	0.68097362	0.68109860	0.34976799	0.34993767	0.68091791	0.68105554	0.34975796	0.34986758	60067	27209	0
60067	27214	0.00098350	0.05136331	0.34925824	0.05114123	0.34974286	0.68073483	0.68074543	0.34960340	0.34966264	0.68095127	0.68087986	0.34975517	0.34977538	60067	27212	0
60067	27217	0.00089977	0.05140551	0.34937080	0.05129530	0.34962199	0.68090229	0.68092859	0.34966084	0.34978368	0.68076581	0.68095521	0.34967513	0.34974046	60067	27215	0
60067	27220	0.00122567	0.05080617	0.35030342	0.05131728	0.34932570	0.68085160	0.68076811	0.34970874	0.34953421	0.68104840	0.68089474	0.34970628	0.34977998	60067	27219	0
60067	27779	0.00004573	0.05153022	0.34855090	0.05145095	0.35209075	0.68147577	0.68150609	0.35058477	0.35045880	0.68133312	0.68116886	0.35018944	0.35041410	60067	27778	0
60067	27782	0.00046395	0.05142491	0.35125438	0.05172249	0.34999970	0.68150363	0.68216667	0.35045930	0.35093491	0.68161291	0.68174348	0.35050942	0.35058033	60067	27781	0
60067	27786	0.00027435	0.05142782	0.34964223	0.05149107	0.35021104	0.68145605	0.68143099	0.35035601	0.35046201	0.68167931	0.68162335	0.35052701	0.35045354	60067	27784	0
60067	27789	0.00097343	0.05161677	0.35058040	0.05163538	0.34848316	0.68164324	0.68152548	0.35035182	0.35029175	0.68164135	0.68157306	0.35033818	0.35036184	60067	27787	0
60067	27792	0.00112685	0.05163704	0.34974075	0.05147823	0.34928051	0.68171727	0.68156903	0.35028345	0.35033719	0.68147733	0.68167553	0.35018312	0.35048230	60067	27791	0
60067	28351	0.00092432	0.05148762	0.34924588	0.05088489	0.34985345	0.68288361	0.68292955	0.35174438	0.35170740	0.68273727	0.68298165	0.35164889	0.35178982	60067	28350	0
60067	28355	0.00029820	0.05144853	0.34799821	0.05123483	0.34987657	0.68276307	0.68279733	0.35166467	0.35178760	0.68287022	0.68290629	0.35164585	0.35180247	60067	28353	0
60067	28358	-0.00064130	0.05129001	0.34839452	0.05128641	0.35121303	0.68282938	0.68270004	0.35167322	0.35173526	0.68240562	0.68254195	0.35146089	0.35162506	60067	28356	0
60067	28361	0.00035075	0.05118805	0.35230720	0.05134022	0.34933104	0.68263554	0.68250308	0.35166788	0.35160345	0.68260653	0.68264556	0.35165136	0.35163139	60067	28359	0
60067	28364	0.00027544	0.05126895	0.35104256	0.05113545	0.35126849	0.68241754	0.68261064	0.35159655	0.35161570	0.68259684	0.68254293	0.35153657	0.35173090	60067	28363	0
60067	28924	0.00062069	0.05157071	0.34992111	0.05140964	0.34888536	0.68175400	0.68230998	0.35062495	0.35083145	0.68192574	0.68206206	0.35058921	0.35067993	60067	28922	0
60067	28927	0.00078487	0.05149109	0.34920987	0.05098234	0.34871732	0.68206330	0.68197850	0.35072233	0.35066234	0.68203298	0.68215648	0.35063079	0.35077007	60067	28925	0
60067	28930	0.00050375	0.05151949	0.35037898	0.05148770	0.35122233	0.68208893	0.68226108	0.35067968	0.35090705	0.68189641	0.68196239	0.35069529	0.35073539	60067	28928	0
60067	28933	0.00094427	0.05146984	0.35088199	0.05142223	0.34956044	0.68188983	0.68197455	0.35060170	0.35063103	0.68181604	0.68198392	0.35054697	0.35063071	60067	28932	0
60067	28937	0.00077820	0.05153483	0.34888502	0.05142540	0.34938324	0.68213060	0.68235632	0.35079152	0.35094855	0.68188268	0.68209789	0.35065388	0.35088634	60067	28935	0
60067	29496	0.00174518	0.05129588	0.35095661	0.05155034	0.34805566	0.68289898	0.68296447	0.35166401	0.35176130	0.68342743	0.68326456	0.35197865	0.35187289	60067	29494	0
60067	29499	0.00129609	0.05152377	0.34817585	0.05150596	0.34952312	0.68315264	0.68314221	0.35191472	0.35196517	0.68338379	0.68339283	0.35188062	0.35183740	60067	29497	0
60067	29502	0.00081334	0.05154390	0.34992393	0.05156304	0.35137217	0.68325380	0.68334419	0.35183304	0.35207923	0.68329907	0.68328338	0.35190124	0.35197413	60067	29501	0
60067	29505	0.00104240	0.05139970	0.34892774	0.05159159	0.34824056	0.68325528	0.68324928	0.35187183	0.35202787	0.68305946	0.68320712	0.35178768	0.35182606	60067	29504	0
60067	29509	0.00103218	0.05136377	0.35022691	0.05155428	0.35025756	0.68348141	0.68344542	0.35204882	0.35199262	0.68354945	0.68330228	0.35191217	0.35205301	60067	29507	0
60067	30068	-0.00024860	0.05088769	0.34782767	0.05109554	0.35167003	0.68155087	0.68163798	0.35021344	0.35027638	0.68146402	0.68176271	0.35020070	0.35040367	60067	30066	0
60067	30071	0.00011591	0.05122654	0.34968873	0.05138930	0.34859519	0.68183995	0.68187981	0.35037343	0.35031320	0.68170314	0.68171464	0.35023489	0.35023464	60067	30069	0
60067	30074	0.00096396	0.05129581	0.35063031	0.05111443	0.34808616	0.68160478	0.68162869	0.35031073	0.35041386	0.68188219	0.68155794	0.35050194	0.35032462	60067	30073	0
60067	30077	0.00117626	0.05137665	0.35015678	0.05144680	0.34951987	0.68151866	0.68163107	0.35018451	0.35029717	0.68161464	0.68161669	0.35017482	0.35039068	60067	30076	0
60067	30081	0.00068428	0.05132111	0.35034253	0.05146633	0.35181848	0.68159936	0.68162746	0.35024844	0.35031320	0.68177430	0.68176148	0.35025650	0.35026964	60067	30079	0
60067	30640	-0.00029921	0.05103589	0.34561713	0.05156761	0.34856759	0.68325602	0.68322175	0.35204135	0.35207766	0.68325018	0.68347032	0.35201234	0.35201735	60067	30638	0
60067	30643	0.00008456	0.05174887	0.34946821	0.05168264	0.34831692	0.68351050	0.68341543	0.35206616	0.35206066	0.68338987	0.68349448	0.35201875	0.35217824	60067	30641	0
60067	30646	0.00037520	0.05172720	0.34947830	0.05169501	0.34860637	0.68356211	0.68356252	0.35205745	0.35216271	0.68366268	0.68346342	0.35195391	0.35215285	60067	30645	0
60067	30649	0.00082528	0.05124414	0.35021828	0.05147903	0.34886806	0.68353524	0.68343868	0.35211160	0.35209952	0.68352242	0.68352110	0.35207898	0.35221045	60067	30648	0
60067	30653	0.00131611	0.05166100	0.34953903	0.05186986	0.34806653	0.68358363	0.68359719	0.35205301	0.35217586	0.68351634	0.68394478	0.35205375	0.35249871	60067	30651	0
60067	31212	0.00131277	0.05182052	0.34982415	0.05195919	0.34983416	0.68322980	0.68308157	0.35197898	0.35179080	0.68309159	0.68310162	0.35166549	0.35168209	60067	31210	0
60067	31215	0.00122799	0.05178170	0.34883009	0.05161312	0.34908442	0.68335594	0.68333359	0.35163090	0.35181102	0.68299455	0.68315371	0.35144001	0.35162646	60067	31214	0
60067	31219	0.00114630	0.05177192	0.34904166	0.05197807	0.34928674	0.68286981	0.68306562	0.35130887	0.35147411	0.68284105	0.68283045	0.35136540	0.35132119	60067	31217	0
60067	31222	0.00057905	0.05199081	0.34792164	0.05197079	0.34962339	0.68278682	0.68278098	0.35121840	0.35131068	0.68256405	0.68261212	0.35088116	0.35098922	60067	31220	0
60067	31225	0.00048567	0.05183127	0.34826161	0.05187772	0.34854174	0.68242822	0.68235583	0.35103137	0.35087443	0.68240250	0.68221400	0.35076325	0.35070474	60067	31223	0
60067	31784	0.00054257	0.05167305	0.34855470	0.05182768	0.34838399	0.68041896	0.68047870	0.35046981	0.35054747	0.68073409	0.68076499	0.35065232	0.35058806	60067	31782	0
60067	31787	0.00100366	0.05169871	0.34888226	0.05168493	0.34749899	0.68061930	0.68069415	0.35056464	0.35059373	0.68063359	0.68089802	0.35050507	0.35072151	60067	31786	0
60067	31791	0.00050646	0.05182146	0.34776284	0.05176656	0.34925444	0.68071281	0.68060064	0.35060655	0.35063350	0.68021288	0.68043983	0.35041279	0.35044204	60067	31789	0
60067	31794	0.00067490	0.05153960	0.34835383	0.05165544	0.34784850	0.68068807	0.68072595	0.35080384	0.35068658	0.68067903	0.68075628	0.35070762	0.35078741	60067	31792	0
60067	31797	0.00037855	0.05175101	0.34765535	0.05151549	0.34854443	0.68083812	0.68061971	0.35077557	0.35072027	0.68068618	0.68080657	0.35077681	0.35072274	60067	31796	0
60067	32356	0.00093374	0.05145274	0.34921759	0.05159966	0.34755200	0.68089925	0.68084371	0.35143862	0.35128331	0.68086376	0.68086162	0.35134584	0.35147247	60067	32354	0
60067	32359	0.00152347	0.05121533	0.35058281	0.05127958	0.34881362	0.68079843	0.68081191	0.35133894	0.35148693	0.68095341	0.68086819	0.35136573	0.35151347	60067	32358	0
60067	32363	0.00047399	0.05144417	0.34716064	0.05122101	0.35030908	0.68101142	0.68080377	0.35156656	0.35144675	0.68092654	0.68095398	0.35153402	0.35167527	60067	32361	0
60067	32366	0.00052491	0.05169410	0.34862923	0.05149526	0.34847647	0.68100468	0.68104462	0.35171036	0.35176007	0.68105439	0.68113698	0.35155053	0.35170091	60067	32364	0
60067	32369	0.00032574	0.05154349	0.34829595	0.05156199	0.34889347	0.68128973	0.68084198	0.35187618	0.35173337	0.68093968	0.68096902	0.35169918	0.35175900	60067	32368	0
60067	32928	0.00060398	0.05169468	0.35022311	0.05157882	0.34938840	0.68045791	0.68038774	0.35064213	0.35054204	0.68050845	0.68039217	0.35047014	0.35057310	60067	32927	0
60067	32931	-0.00004008	0.05187936	0.34802846	0.05164827	0.34996062	0.68035429	0.68025643	0.35046176	0.35044262	0.68021534	0.68034180	0.35048329	0.35054590	60067	32930	0
60067	32935	0.00116563	0.05191877	0.35107838	0.05187294	0.34746127	0.68037525	0.68042693	0.35059488	0.35062890	0.68048248	0.68044534	0.35067401	0.35077738	60067	32933	0
60067	32938	0.00131922	0.05142353	0.34879873	0.05160436	0.34833794	0.68020055	0.68036177	0.35052520	0.35053366	0.68062562	0.68047048	0.35072833	0.35079735	60067	32936	0
60067	32941	0.00048866	0.05163153	0.34800701	0.05173020	0.35049870	0.68046317	0.68028987	0.35052684	0.35065092	0.68049218	0.68031304	0.35076440	0.35071493	60067	32940	0
60067	33500	0.00030681	0.05124312	0.34875234	0.05137560	0.34929789	0.68026473	0.68024821	0.35044886	0.35035732	0.67992675	0.68017327	0.35039077	0.35039405	60067	33499	0
60067	33503	0.00098749	0.05119733	0.35027259	0.05131313	0.34823055	0.68026070	0.68010679	0.35042454	0.35028723	0.68004820	0.68012898	0.35038164	0.35045897	60067	33502	0
60067	33507	0.00092353	0.05143631	0.34866433	0.05138550	0.34885621	0.68002265	0.68013432	0.35031525	0.35037523	0.68023005	0.68019652	0.35037992	0.35037408	60067	33505	0
60067	33510	0.00170301	0.05120979	0.35029938	0.05090891	0.34796094	0.67999257	0.68037878	0.35018879	0.35048658	0.68004418	0.68012635	0.35030317	0.35025962	60067	33508	0
60067	33513	0.00037417	0.05126635	0.34714064	0.05131343	0.35112716	0.68005412	0.68001114	0.35014063	0.35022141	0.68000942	0.68027533	0.35017769	0.35026866	60067	33512	0
60067	34072	0.00138696	0.05095001	0.35098068	0.05110425	0.34794233	0.68062825	0.68085653	0.35095906	0.35093647	0.68073425	0.68079794	0.35094312	0.35091798	60067	34071	0
60067	34075	0.00133258	0.05098726	0.34915329	0.05113077	0.34931644	0.68065874	0.68061404	0.35088256	0.35079620	0.68058273	0.68061511	0.35078313	0.35081493	60067	34074	0
60067	34079	0.00107781	0.05113968	0.34889781	0.05119806	0.34966211	0.68047328	0.68056515	0.35081050	0.35078461	0.68093623	0.68096540	0.35100122	0.35116499	60067	34077	0
60067	34082	0.00056212	0.05122999	0.34837239	0.05098812	0.34991947	0.68065019	0.68060993	0.35092225	0.35094304	0.68088676	0.68081371	0.35090721	0.35100763	60067	34080	0
60067	34085	0.00067562	0.05130992	0.34854436	0.05099292	0.34820386	0.68046564	0.68060845	0.35077861	0.35081214	0.68047048	0.68061198	0.35080606	0.35095241	60067	34084	0
60067	34644	0.00086010	0.05098801	0.34979154	0.05094909	0.34923811	0.68039702	0.68067854	0.35076621	0.35067187	0.68045084	0.68048478	0.35064279	0.35063399	60067	34643	0
60067	34648	0.00098933	0.05091609	0.34933858	0.05117940	0.34895089	0.68019751	0.68043088	0.35055815	0.35065100	0.68024484	0.68062225	0.35066842	0.35079456	60067	34646	0
60067	34651	0.00168129	0.05090069	0.34987886	0.05110894	0.34780298	0.68068520	0.68075167	0.35082915	0.35083811	0.68096121	0.68067739	0.35089826	0.35074123	60067	34649	0
60067	34654	0.00086799	0.05098814	0.34778360	0.05097450	0.35022350	0.68041288	0.68051888	0.35057565	0.35061896	0.68037878	0.68046268	0.35061000	0.35054771	60067	34652	0
60067	34657	0.00074009	0.05088999	0.34924704	0.05091864	0.34963073	0.68041559	0.68069481	0.35053974	0.35090951	0.68022150	0.68063162	0.35050383	0.35069776	60067	34656	0
60067	35216	0.00012130	0.05120300	0.34840003	0.05101733	0.35025639	0.68104437	0.68111306	0.35088445	0.35092850	0.68089999	0.68105760	0.35085807	0.35089505	60067	35215	0
60067	35220	0.00011511	0.05112653	0.35019899	0.05117275	0.35021756	0.68092045	0.68096746	0.35079702	0.35085076	0.68076170	0.68085957	0.35074229	0.35071280	60067	35218	0
60067	35223	0.00105181	0.05080342	0.35083438	0.05124097	0.34802430	0.68079687	0.68092506	0.35065528	0.35061698	0.68096072	0.68105522	0.35081937	0.35076999	60067	35221	0
60067	35226	0.00083884	0.05141155	0.34962772	0.05113147	0.35026661	0.68097148	0.68091207	0.35067795	0.35071830	0.68104815	0.68100312	0.35075306	0.35080655	60067	35224	0
60067	35229	0.00069536	0.05127424	0.34971202	0.05126090	0.35014247	0.68097411	0.68105817	0.35070696	0.35076292	0.68115407	0.68100871	0.35077147	0.35077410	60067	35228	0
60067	35788	0.00007222	0.05102370	0.34921064	0.05100871	0.35108006	0.68084173	0.68090008	0.35028287	0.35045165	0.68058955	0.68060557	0.35034762	0.35037219	60067	35787	0
60067	35792	0.00090088	0.05105811	0.35086229	0.05109511	0.34837633	0.68089358	0.68079465	0.35049997	0.35036546	0.68082489	0.68087247	0.35033513	0.35042528	60067	35790	0
60067	35795	0.00185421	0.05094860	0.35106785	0.05099254	0.34820786	0.68062694	0.68057369	0.35025830	0.35035231	0.68079917	0.68088479	0.35025806	0.35051452	60067	35793	0
60067	35798	0.00134717	0.05102250	0.34850699	0.05103003	0.35002810	0.68076770	0.68085340	0.35037836	0.35036603	0.68065438	0.68077559	0.35029331	0.35041772	60067	35796	0
60067	35801	0.00116694	0.05084699	0.34938104	0.05120636	0.34992172	0.68082193	0.68062119	0.35030711	0.35037770	0.68104494	0.68085529	0.35058436	0.35045576	60067	35800	0
60067	36360	0.00100321	0.05132400	0.35001414	0.05122937	0.35050535	0.68304903	0.68298469	0.35247628	0.35258532	0.68287474	0.68313153	0.35251449	0.35256938	60067	36359	0
60067	36364	0.00065716	0.05114788	0.34989439	0.05144157	0.35093255	0.68270267	0.68269528	0.35233067	0.35221432	0.68266898	0.68268172	0.35223379	0.35239049	60067	36362	0
60067	36367	0.00004196	0.05090620	0.34954770	0.05129974	0.35139328	0.68258237	0.68282552	0.35219394	0.35231046	0.68280769	0.68254022	0.35220651	0.35234045	60067	36365	0
60067	36370	0.00066383	0.05125832	0.35285338	0.05139322	0.35098778	0.68266972	0.68270004	0.35235425	0.35229468	0.68258451	0.68270407	0.35208144	0.35212163	60067	36369	0
60067	36373	0.00104936	0.05140440	0.35073860	0.05113915	0.34958200	0.68255583	0.68242904	0.35209410	0.35205022	0.68257983	0.68250620	0.35209878	0.35216838	60067	36372	0
60067	36932	0.00013984	0.05110581	0.34823539	0.05063104	0.35096395	0.68091101	0.68089087	0.35064320	0.35059915	0.68093114	0.68098973	0.35044089	0.35058683	60067	36931	0
60067	36936	0.00012328	0.05112041	0.35070085	0.05112207	0.35075052	0.68078158	0.68085981	0.35040063	0.35053169	0.68095020	0.68100394	0.35053613	0.35057499	60067	36934	0
60067	36939	0.00036539	0.05095473	0.34972076	0.05082637	0.34899445	0.68087156	0.68077707	0.35047006	0.35045987	0.68080772	0.68085373	0.35035979	0.35050794	60067	36937	0
60067	36942	0.00056505	0.05116683	0.34977972	0.05120423	0.34918074	0.68066063	0.68101035	0.35038477	0.35061140	0.68064033	0.68061305	0.35044607	0.35045889	60067	36941	0
60067	36945	-0.00044561	0.05109550	0.34937173	0.05124342	0.35240372	0.68097329	0.68093697	0.35071501	0.35061813	0.68091109	0.68117494	0.35055675	0.35064698	60067	36944	0
60067	37504	0.00058476	0.05158534	0.35257663	0.05141569	0.34948551	0.68226840	0.68246281	0.35169737	0.35165448	0.68219222	0.68220751	0.35148209	0.35159269	60067	37503	0
60067	37508	0.00083521	0.05149458	0.35060061	0.05149441	0.34984924	0.68215549	0.68234876	0.35159770	0.35170354	0.68236068	0.68227440	0.35155053	0.35151536	60067	37506	0
60067	37511	0.00040120	0.05147549	0.34961225	0.05132389	0.35091429	0.68211244	0.68213339	0.35151898	0.35155637	0.68216576	0.68184612	0.35142473	0.35144445	60067	37509	0
60067	37514	0.00060311	0.05148948	0.35028550	0.05155669	0.34967977	0.68207488	0.68237834	0.35150945	0.35177174	0.68196798	0.68227744	0.35151857	0.35185917	60067	37513	0
60067	37517	0.00057655	0.05150785	0.35162780	0.05151600	0.35170747	0.68243085	0.68234547	0.35169014	0.35172030	0.68229781	0.68233463	0.35157568	0.35163879	60067	37516	0
60067	38076	0.00063909	0.05132201	0.35039165	0.05150481	0.35020405	0.68194464	0.68195467	0.35100344	0.35107829	0.68178391	0.68212928	0.35089407	0.35117107	60067	38075	0
60067	38080	0.00073774	0.05170314	0.35048510	0.05143344	0.35018916	0.68175318	0.68190668	0.35088223	0.35101946	0.68172023	0.68202270	0.35095602	0.35108470	60067	38078	0
60067	38083	0.00039903	0.05143449	0.35057978	0.05147779	0.35159590	0.68184439	0.68200528	0.35099497	0.35103951	0.68199797	0.68187159	0.35094731	0.35108889	60067	38081	0
60067	38086	0.00034497	0.05154597	0.35166556	0.05145917	0.35182772	0.68189871	0.68208211	0.35101017	0.35120287	0.68225040	0.68211383	0.35129383	0.35111774	60067	38085	0
60067	38089	0.00111476	0.05150879	0.35289428	0.05139875	0.35058493	0.68195352	0.68194144	0.35107435	0.35112801	0.68173790	0.68154652	0.35085996	0.35101839	60067	38088	0
60067	38648	0.00038572	0.05120635	0.35120466	0.05119410	0.35339178	0.68101471	0.68106426	0.35020235	0.35029438	0.68108513	0.68105078	0.35030802	0.35025452	60067	38647	0
60067	38652	0.00033796	0.05127389	0.35142937	0.05110512	0.35157266	0.68113155	0.68121882	0.35020465	0.35040876	0.68133378	0.68109343	0.35042955	0.35016956	60067	38650	0
60067	38655	0.00060787	0.05140534	0.35258924	0.05121181	0.35177949	0.68062669	0.68080550	0.34999281	0.35016011	0.68105407	0.68132909	0.35022856	0.35028723	60067	38653	0
60067	38658	0.00072372	0.05127820	0.35044126	0.05141319	0.35009372	0.68112556	0.68111200	0.35021262	0.35019561	0.68101717	0.68119762	0.35021837	0.35030974	60067	38657	0
60067	38662	0.00126978	0.05143376	0.35210973	0.05138855	0.35047156	0.68104708	0.68101249	0.35008648	0.35018953	0.68100090	0.68107395	0.35021747	0.35027794	60067	38660	0
60067	39220	0.00136286	0.05194232	0.35197265	0.05179190	0.35169342	0.68349941	0.68339990	0.35246141	0.35243067	0.68331847	0.68330844	0.35246527	0.35245409	60067	39219	0
60067	39224	0.00043125	0.05152951	0.34904809	0.05197193	0.35184291	0.68306086	0.68318560	0.35210207	0.35228441	0.68325659	0.68340606	0.35227093	0.35252451	60067	39222	0
60067	39227	0.00082190	0.05163489	0.35173883	0.05198547	0.35056689	0.68341198	0.68322233	0.35255081	0.35218942	0.68340097	0.68315971	0.35230840	0.35222319	60067	39225	0
60067	39230	0.00026718	0.05208259	0.35009628	0.05183302	0.35176042	0.68314328	0.68334583	0.35224957	0.35231695	0.68341970	0.68375274	0.35237094	0.35254736	60067	39229	0
60067	39234	0.00099576	0.05202041	0.35120879	0.05203704	0.34902304	0.68334443	0.68350007	0.35234407	0.35228400	0.68315396	0.68321772	0.35220059	0.35229057	60067	39232	0
60067	39792	0.00108199	0.05132785	0.35125313	0.05151994	0.35099446	0.68156953	0.68149557	0.35073178	0.35078018	0.68185055	0.68180676	0.35058527	0.35070967	60067	39791	0
60067	39796	0.00105669	0.05159324	0.35127932	0.05150716	0.35135522	0.68158703	0.68154299	0.35077410	0.35062627	0.68172311	0.68164241	0.35061041	0.35069833	60067	39794	0
60067	39799	0.00000142	0.05148674	0.34982081	0.05151109	0.35298661	0.68162401	0.68178161	0.35078790	0.35081337	0.68193725	0.68182705	0.35080590	0.35075733	60067	39797	0
60067	39802	0.00082999	0.05151448	0.35304812	0.05147091	0.35056242	0.68166271	0.68159171	0.35069858	0.35069061	0.68166460	0.68184620	0.35049134	0.35070729	60067	39801	0
60067	39805	0.00062585	0.05143175	0.35270222	0.05143730	0.35331464	0.68143321	0.68159418	0.35059587	0.35071173	0.68161382	0.68159862	0.35038518	0.35055971	60067	39804	0
60067	40364	0.00048833	0.05164726	0.35149397	0.05182911	0.35190653	0.68328971	0.68321978	0.35201423	0.35203518	0.68331460	0.68323071	0.35197109	0.35221596	60067	40363	0
60067	40368	0.00090323	0.05173528	0.35168747	0.05164673	0.35044276	0.68328100	0.68334903	0.35208843	0.35202179	0.68324665	0.68336547	0.35206090	0.35205761	60067	40366	0
60067	40371	-0.00008515	0.05167709	0.35193026	0.05170548	0.35489539	0.68349883	0.68351757	0.35234234	0.35252706	0.68351231	0.68360574	0.35239879	0.35243988	60067	40369	0
60067	40374	0.00035053	0.05178169	0.35085804	0.05163620	0.34955101	0.68335783	0.68361116	0.35245302	0.35244957	0.68375981	0.68360155	0.35255319	0.35255171	60067	40373	0
60067	40377	0.00078633	0.05165365	0.35217694	0.05154526	0.35086954	0.68372308	0.68364839	0.35252082	0.35265615	0.68358503	0.68378093	0.35256387	0.35264194	60067	40376	0
60067	40936	0.00053496	0.05142412	0.35279748	0.05174650	0.35355158	0.68337558	0.68346268	0.35209089	0.35219862	0.68315125	0.68328806	0.35199788	0.35206411	60067	40935	0
60067	40940	0.00086990	0.05166975	0.35179785	0.05156661	0.35079303	0.68320910	0.68343392	0.35207586	0.35214924	0.68277186	0.68312364	0.35186007	0.35193345	60067	40938	0
60067	40943	0.00101414	0.05155582	0.35070724	0.05174285	0.35027453	0.68346555	0.68335684	0.35208375	0.35234365	0.68323063	0.68323490	0.35196690	0.35213395	60067	40941	0
60067	40946	-0.00036501	0.05178888	0.35060176	0.05180405	0.35473920	0.68299775	0.68320047	0.35198078	0.35205145	0.68356515	0.68331280	0.35217364	0.35204611	60067	40945	0
60067	40949	0.00002456	0.05162435	0.35162434	0.05174919	0.35045565	0.68309627	0.68333917	0.35192014	0.35201924	0.68311871	0.68309184	0.35180584	0.35197520	60067	40948	0
60067	41508	0.00093991	0.05192247	0.35394528	0.05202359	0.35119923	0.68353417	0.68357287	0.35162695	0.35168110	0.68350787	0.68353219	0.35169121	0.35165333	60067	41507	0
60067	41512	0.00079758	0.05172382	0.35090178	0.05200082	0.35132875	0.68344205	0.68366046	0.35165169	0.35177273	0.68360179	0.68369621	0.35173049	0.35184947	60067	41510	0
60067	41515	0.00031188	0.05182364	0.35064278	0.05179458	0.35209988	0.68347632	0.68356087	0.35150016	0.35170469	0.68324854	0.68308329	0.35151594	0.35146491	60067	41513	0
60067	41518	0.00150397	0.05183825	0.35427168	0.05197081	0.35069542	0.68307064	0.68322192	0.35134453	0.35136565	0.68328067	0.68328609	0.35143804	0.35145037	60067	41517	0
60067	41521	0.00108956	0.05187402	0.35125493	0.05180909	0.35249816	0.68316974	0.68329644	0.35146549	0.35154265	0.68329677	0.68328946	0.35153122	0.35144724	60067	41520	0
60067	42080	0.00103305	0.05139003	0.35167437	0.05153142	0.35184389	0.68296735	0.68305108	0.35121478	0.35116482	0.68305889	0.68298871	0.35124017	0.35118241	60067	42079	0
60067	42084	0.00072818	0.05141839	0.35183020	0.05163299	0.35274482	0.68259692	0.68277424	0.35109999	0.35110344	0.68269068	0.68290597	0.35100738	0.35111757	60067	42082	0
60067	42087	0.00070926	0.05147909	0.35263798	0.05151331	0.35269474	0.68260546	0.68252921	0.35095643	0.35095142	0.68297400	0.68298156	0.35107632	0.35102776	60067	42085	0
60067	42090	0.00087440	0.05142817	0.35288018	0.05130437	0.35238475	0.68257638	0.68261648	0.35090195	0.35098560	0.68306209	0.68311953	0.35106523	0.35137707	60067	42089	0
60067	42093	0.00096543	0.05133161	0.35138845	0.05139100	0.35111537	0.68263406	0.68270333	0.35086950	0.35097402	0.68261237	0.68249864	0.35100327	0.35101354	60067	42092	0
60067	42652	0.00024491	0.05183646	0.35151852	0.05190611	0.35368006	0.68401084	0.68459574	0.35186837	0.35204537	0.68421759	0.68416385	0.35195687	0.35205195	60067	42651	0
60067	42656	0.00109914	0.05187352	0.35448636	0.05163018	0.35192369	0.68410592	0.68394437	0.35192261	0.35196123	0.68399531	0.68409137	0.35183107	0.35198251	60067	42654	0
60067	42659	0.00084061	0.05199033	0.35085498	0.05183273	0.35163055	0.68428710	0.68430995	0.35185547	0.35210437	0.68464702	0.68428094	0.35207462	0.35204397	60067	42657	0
60067	42662	0.00061723	0.05180074	0.35260664	0.05171377	0.35327678	0.68414306	0.68413057	0.35184413	0.35191143	0.68394831	0.68402547	0.35184142	0.35184134	60067	42661	0
60067	42665	-0.00014946	0.05175175	0.35203714	0.05188650	0.35433723	0.68422244	0.68417552	0.35191135	0.35178316	0.68407042	0.68396696	0.35179113	0.35184734	60067	42664	0
60067	43224	0.00025127	0.05166530	0.35294372	0.05166739	0.35174155	0.68377444	0.68377263	0.35140871	0.35147929	0.68372086	0.68356843	0.35144453	0.35124913	60067	43223	0
60067	43228	0.00006343	0.05173449	0.35203993	0.05181661	0.35260342	0.68342636	0.68350837	0.35116162	0.35133796	0.68350680	0.68359949	0.35130213	0.35130336	60067	43226	0
60067	43231	0.00086453	0.05174885	0.35245274	0.05184630	0.35004944	0.68368692	0.68351551	0.35134601	0.35124305	0.68336309	0.68343252	0.35116975	0.35121840	60067	43229	0
60067	43234	0.00054200	0.05181449	0.35132250	0.05167650	0.35229011	0.68325199	0.68346399	0.35119251	0.35111724	0.68331460	0.68331271	0.35104699	0.35116047	60067	43233	0
60067	43237	-0.00020602	0.05178259	0.35067868	0.05177104	0.35292272	0.68322249	0.68344156	0.35106038	0.35102538	0.68370196	0.68379950	0.35128570	0.35132982	60067	43236	0
60067	43796	0.00103265	0.05193141	0.35580781	0.05183722	0.35209182	0.68492147	0.68486880	0.35205170	0.35209566	0.68471218	0.68489789	0.35203403	0.35209213	60067	43795	0
60067	43800	0.00018611	0.05201225	0.35302933	0.05163378	0.35556895	0.68486329	0.68484521	0.35202836	0.35196164	0.68486773	0.68492484	0.35215556	0.35218309	60067	43798	0
60067	43803	0.00021256	0.05196381	0.35440181	0.05175591	0.35432244	0.68485836	0.68499370	0.35207808	0.35218884	0.68488704	0.68480889	0.35215195	0.35211366	60067	43801	0
60067	43806	0.00037853	0.05175428	0.35504357	0.05169473	0.35454566	0.68476592	0.68473634	0.35204644	0.35207717	0.68488720	0.68477545	0.35217857	0.35209007	60067	43805	0
60067	43809	0.00084359	0.05192264	0.35396669	0.05151634	0.35257153	0.68464011	0.68483248	0.35213790	0.35208761	0.68472845	0.68493240	0.35216230	0.35229123	60067	43808	0
60067	44368	0.00063515	0.05202777	0.35389699	0.05218162	0.35452229	0.68421644	0.68410871	0.35095882	0.35105011	0.68420247	0.68452713	0.35096687	0.35118019	60067	44367	0
60067	44372	0.00100330	0.05195595	0.35206232	0.05191034	0.35095788	0.68443822	0.68448851	0.35122201	0.35121264	0.68425415	0.68468210	0.35110492	0.35132941	60067	44370	0
60067	44375	0.00009094	0.05204536	0.35002967	0.05186554	0.35276676	0.68441743	0.68450560	0.35113302	0.35117197	0.68429795	0.68439713	0.35105299	0.35124412	60067	44373	0
60067	44378	0.00055586	0.05192210	0.35304599	0.05181078	0.35165123	0.68411865	0.68436426	0.35099473	0.35111141	0.68415875	0.68433386	0.35104419	0.35113885	60067	44377	0
60067	44381	0.00054104	0.05198029	0.35188451	0.05200049	0.35192896	0.68441611	0.68426073	0.35116885	0.35121692	0.68419507	0.68427083	0.35103458	0.35110911	60067	44380	0
60067	44940	0.00096769	0.05208191	0.35317738	0.05206661	0.35189742	0.68526240	0.68533167	0.35154618	0.35168521	0.68500339	0.68502007	0.35139038	0.35129777	60067	44939	0
60067	44944	0.00062019	0.05192857	0.35293034	0.05180190	0.35397285	0.68488942	0.68512230	0.35133944	0.35169935	0.68483116	0.68460815	0.35133204	0.35126589	60067	44942	0
60067	44947	0.00047180	0.05187085	0.35390480	0.05210129	0.35434995	0.68501194	0.68498671	0.35149671	0.35141355	0.68506330	0.68500849	0.35133237	0.35145645	60067	44945	0
60067	44950	0.00077264	0.05192686	0.35302762	0.05205173	0.35212510	0.68491103	0.68484373	0.35126943	0.35153459	0.68485064	0.68493766	0.35127386	0.35141668	60067	44949	0
60067	44953	0.00114146	0.05195949	0.35415002	0.05179730	0.35304357	0.68483289	0.68502714	0.35136400	0.35142711	0.68476115	0.68470166	0.35144207	0.35133270	60067	44952	0
60067	45512	0.00062346	0.05169651	0.35135582	0.05198719	0.35290982	0.68703541	0.68709712	0.35317934	0.35334040	0.68714043	0.68704774	0.35321747	0.35329290	60067	45511	0
60067	45516	0.00054238	0.05216026	0.35303607	0.05202512	0.35327932	0.68726517	0.68721627	0.35314064	0.35336554	0.68709293	0.68704790	0.35331747	0.35322905	60067	45514	0
60067	45519	0.00063163	0.05201078	0.35247736	0.05208902	0.35220960	0.68707412	0.68702670	0.35329841	0.35338707	0.68706483	0.68715432	0.35344138	0.35329816	60067	45517	0
60067	45522	0.00100011	0.05211941	0.35406206	0.05189049	0.35295663	0.68713788	0.68713747	0.35323883	0.35331722	0.68700271	0.68716656	0.35325198	0.35333768	60067	45521	0
60067	45526	0.00068819	0.05222046	0.35113246	0.05188750	0.35206822	0.68717511	0.68723780	0.35348724	0.35326611	0.68705398	0.68717075	0.35322511	0.35334902	60067	45524	0
60067	46084	0.00054655	0.05195759	0.35222661	0.05173397	0.35265153	0.68581673	0.68593440	0.35190568	0.35176558	0.68594212	0.68585584	0.35190806	0.35183312	60067	46083	0
60067	46088	0.00107019	0.05198176	0.35500296	0.05218498	0.35343205	0.68597368	0.68597417	0.35187561	0.35182663	0.68608683	0.68598436	0.35191160	0.35198645	60067	46086	0
60067	46091	0.00069659	0.05166703	0.35287591	0.05187455	0.35399670	0.68601714	0.68614024	0.35198136	0.35196788	0.68610729	0.68616645	0.35206715	0.35205515	60067	46089	0
60067	46094	0.00078986	0.05168942	0.35350471	0.05171310	0.35322487	0.68609849	0.68619825	0.35207035	0.35216000	0.68613761	0.68603046	0.35209106	0.35195227	60067	46093	0
60067	46098	0.00070775	0.05164387	0.35389664	0.05173699	0.35414298	0.68600309	0.68616546	0.35198325	0.35210453	0.68615396	0.68650631	0.35214217	0.35239164	60067	46096	0
60067	46656	0.00120887	0.05218603	0.35485677	0.05201381	0.35335342	0.68591739	0.68605075	0.35174684	0.35185629	0.68606135	0.68605979	0.35187224	0.35202655	60067	46655	0
60067	46660	0.00096760	0.05214230	0.35469799	0.05229118	0.35542180	0.68615618	0.68619373	0.35195079	0.35203535	0.68602717	0.68627122	0.35209673	0.35226173	60067	46658	0
60067	46663	0.00042183	0.05182402	0.35336687	0.05197032	0.35500417	0.68629932	0.68642422	0.35222861	0.35233248	0.68629817	0.68651642	0.35211366	0.35240495	60067	46661	0
60067	46666	0.00123701	0.05198883	0.35631755	0.05169607	0.35387202	0.68628691	0.68610441	0.35200001	0.35217274	0.68646909	0.68651995	0.35231161	0.35241268	60067	46665	0
60067	46669	0.00144292	0.05177013	0.35358866	0.05190245	0.35297092	0.68660130	0.68658511	0.35246173	0.35246913	0.68674165	0.68669259	0.35260077	0.35264177	60067	46668	0
60067	47228	0.00078787	0.05169354	0.35259142	0.05182688	0.35455658	0.68772549	0.68790356	0.35316734	0.35330572	0.68780865	0.68793741	0.35341788	0.35340211	60067	47227	0
60067	47232	0.00061127	0.05154526	0.35391839	0.05191017	0.35444819	0.68775729	0.68785245	0.35325674	0.35342314	0.68788400	0.68816149	0.35325313	0.35346308	60067	47230	0
60067	47235	0.00031532	0.05171755	0.35354763	0.05156779	0.35443549	0.68780018	0.68797735	0.35338838	0.35356283	0.68791999	0.68787710	0.35331698	0.35336735	60067	47233	0
60067	47238	0.00035681	0.05166135	0.35494214	0.05159593	0.35481765	0.68764258	0.68759763	0.35341205	0.35333867	0.68775154	0.68810340	0.35325305	0.35337918	60067	47237	0
60067	47241	-0.00000120	0.05184256	0.35473503	0.05149420	0.35580907	0.68789443	0.68791366	0.35345124	0.35345198	0.68798967	0.68785614	0.35339586	0.35337220	60067	47240	0
60067	47800	0.00094820	0.05171801	0.35568662	0.05174418	0.35283843	0.68870497	0.68871311	0.35416762	0.35414157	0.68856290	0.68849453	0.35409999	0.35401231	60067	47799	0
60067	47804	0.00143183	0.05126045	0.35496275	0.05178217	0.35351187	0.68848607	0.68834145	0.35410549	0.35398018	0.68857983	0.68882963	0.35413261	0.35431405	60067	47802	0
60067	47807	0.00104688	0.05176938	0.35332646	0.05168220	0.35448131	0.68871204	0.68888140	0.35418306	0.35431536	0.68871352	0.68895880	0.35421634	0.35433804	60067	47805	0
60067	47810	0.00079706	0.05173376	0.35449969	0.05202011	0.35524914	0.68884762	0.68878189	0.35419859	0.35429745	0.68886759	0.68864836	0.35422029	0.35419325	60067	47809	0
60067	47813	0.00189091	0.05217547	0.35465948	0.05123533	0.35137794	0.68868476	0.68878641	0.35409843	0.35411092	0.68854704	0.68864458	0.35433434	0.35412579	60067	47812	0
60067	48372	0.00085649	0.05182721	0.35255859	0.05175334	0.35566185	0.68854688	0.68849651	0.35392373	0.35384822	0.68866635	0.68892183	0.35400147	0.35400179	60067	48371	0
60067	48376	0.00069742	0.05152032	0.35534997	0.05175750	0.35582716	0.68869405	0.68850932	0.35403639	0.35386186	0.68869142	0.68885814	0.35386679	0.35400861	60067	48374	0
60067	48379	0.00010635	0.05195412	0.35431086	0.05185153	0.35608409	0.68849609	0.68861771	0.35400681	0.35383170	0.68856356	0.68852617	0.35379365	0.35382611	60067	48377	0
60067	48382	0.00000703	0.05190249	0.35450201	0.05173888	0.35479996	0.68861245	0.68866381	0.35378388	0.35396284	0.68879742	0.68870736	0.35404962	0.35408051	60067	48381	0
60067	48385	0.00070134	0.05188582	0.35632154	0.05162323	0.35423861	0.68861746	0.68894097	0.35399547	0.35399292	0.68833882	0.68847038	0.35383778	0.35385799	60067	48384	0
60067	48944	0.00138005	0.05168181	0.35510195	0.05196106	0.35306583	0.68696466	0.68714626	0.35211744	0.35223839	0.68700337	0.68716566	0.35225401	0.35229805	60067	48943	0
60067	48948	0.00112608	0.05190087	0.35443658	0.05128596	0.35519850	0.68719918	0.68740157	0.35254481	0.35238170	0.68749993	0.68718045	0.35254818	0.35246634	60067	48946	0
60067	48951	0.00076138	0.05175416	0.35418849	0.05189173	0.35528258	0.68735901	0.68739286	0.35240085	0.35249707	0.68716188	0.68772171	0.35241983	0.35270603	60067	48949	0
60067	48954	-0.00004717	0.05191179	0.35407780	0.05189380	0.35650346	0.68740387	0.68731948	0.35265771	0.35259025	0.68731545	0.68727831	0.35249789	0.35259773	60067	48953	0
60067	48958	0.00016296	0.05175878	0.35517199	0.05184209	0.35454160	0.68749089	0.68750979	0.35258261	0.35269592	0.68703656	0.68703615	0.35242747	0.35249378	60067	48956	0
60067	49516	0.00068901	0.05174536	0.35507280	0.05169951	0.35349465	0.68823840	0.68834646	0.35346562	0.35352849	0.68832666	0.68825336	0.35335387	0.35345092	60067	49515	0
60067	49520	0.00145480	0.05187688	0.35516124	0.05174984	0.35286388	0.68830603	0.68813158	0.35351197	0.35348239	0.68821227	0.68812583	0.35341953	0.35330802	60067	49518	0
60067	49523	0.00088284	0.05179099	0.35386700	0.05178965	0.35558288	0.68818918	0.68822033	0.35335987	0.35339644	0.68805533	0.68807004	0.35320810	0.35342150	60067	49521	0
60067	49526	0.00023885	0.05193207	0.35353417	0.05164390	0.35546613	0.68823816	0.68820849	0.35341386	0.35338666	0.68821523	0.68824112	0.35344549	0.35329339	60067	49525	0
60067	49530	0.00087735	0.05179653	0.35558191	0.05153081	0.35366640	0.68813076	0.68832247	0.35330843	0.35345568	0.68826528	0.68825944	0.35338280	0.35349447	60067	49528	0
60067	50088	0.00058132	0.05193090	0.35552483	0.05187346	0.35641294	0.68822370	0.68803840	0.35289585	0.35283545	0.68803068	0.68798187	0.35293792	0.35282403	60067	50087	0
60067	50092	0.00011548	0.05192580	0.35501766	0.05175444	0.35641517	0.68800775	0.68790216	0.35265467	0.35300711	0.68763609	0.68725506	0.35271228	0.35258113	60067	50090	0
60067	50095	0.00077123	0.05179812	0.35498137	0.05186060	0.35301412	0.68803569	0.68813733	0.35275862	0.35302658	0.68802657	0.68818680	0.35289281	0.35289798	60067	50093	0
60067	50098	0.00064435	0.05190252	0.35455896	0.05152814	0.35493960	0.68802862	0.68796058	0.35286372	0.35296610	0.68817431	0.68812024	0.35295485	0.35302823	60067	50097	0
60067	50101	0.00021697	0.05179828	0.35484462	0.05186377	0.35612678	0.68807751	0.68831031	0.35301097	0.35301179	0.68801375	0.68819190	0.35294137	0.35310999	60067	50100	0
60067	50660	0.00106019	0.05205885	0.35548849	0.05228896	0.35295881	0.68910573	0.68905453	0.35343202	0.35330555	0.68923153	0.68911657	0.35344097	0.35349644	60067	50659	0
60067	50664	0.00030420	0.05216222	0.35227767	0.05194388	0.35454564	0.68924016	0.68909085	0.35334722	0.35354073	0.68887482	0.68897466	0.35324721	0.35337910	60067	50662	0
60067	50667	0.00059140	0.05208471	0.35441395	0.05212899	0.35355236	0.68890712	0.68888041	0.35330251	0.35342848	0.68892692	0.68889734	0.35336743	0.35344862	60067	50665	0
60067	50670	0.00048482	0.05206522	0.35293114	0.05206598	0.35325087	0.68896603	0.68897072	0.35336061	0.35348469	0.68897400	0.68905774	0.35333883	0.35338584	60067	50669	0
60067	50673	0.00090205	0.05189696	0.35500786	0.05223432	0.35375619	0.68903572	0.68900605	0.35332667	0.35342914	0.68898222	0.68895535	0.35325264	0.35347425	60067	50672	0
60067	51232	0.00061470	0.05201224	0.35515781	0.05198378	0.35601984	0.68772459	0.68777389	0.35251326	0.35259576	0.68790339	0.68800800	0.35241794	0.35253626	60067	51231	0
60067	51236	0.00093613	0.05203991	0.35574617	0.05184075	0.35478187	0.68782705	0.68780281	0.35248729	0.35243618	0.68772500	0.68775113	0.35245795	0.35251769	60067	51234	0
60067	51239	-0.00023131	0.05102610	0.35334632	0.05188062	0.35684865	0.68787537	0.68776633	0.35237948	0.35241399	0.68808778	0.68809962	0.35263643	0.35247751	60067	51237	0
60067	51242	0.00063607	0.05182711	0.35686175	0.05182635	0.35425960	0.68781875	0.68790117	0.35233051	0.35256585	0.68797266	0.68804128	0.35247521	0.35250981	60067	51241	0
60067	51245	0.00015903	0.05203228	0.35505023	0.05201698	0.35648136	0.68789279	0.68787849	0.35246666	0.35239493	0.68776132	0.68774636	0.35254777	0.35234300	60067	51244	0
60067	51804	0.00047901	0.05217453	0.35582802	0.05191248	0.35486808	0.68970706	0.68943375	0.35390023	0.35377401	0.68936580	0.68954140	0.35374887	0.35392242	60067	51803	0
60067	51808	0.00098868	0.05176253	0.35596368	0.05210270	0.35443466	0.69004199	0.68975587	0.35417518	0.35402373	0.68983697	0.68988110	0.35381025	0.35393745	60067	51806	0
60067	51811	0.00099380	0.05220336	0.35478360	0.05235133	0.35476824	0.68970106	0.69001224	0.35392899	0.35404041	0.68994938	0.69003221	0.35385988	0.35395602	60067	51809	0
60067	51814	0.00107684	0.05205199	0.35469984	0.05220300	0.35445073	0.68979514	0.68987937	0.35385011	0.35385101	0.68968479	0.68970163	0.35371756	0.35378256	60067	51813	0
60067	51817	0.00145742	0.05191952	0.35560942	0.05209526	0.35446768	0.68973228	0.68960179	0.35373654	0.35363252	0.68966194	0.68947895	0.35382488	0.35378675	60067	51816	0
60067	52376	0.00068672	0.05215287	0.35411228	0.05214519	0.35642438	0.68821170	0.68839059	0.35233634	0.35230848	0.68844983	0.68862223	0.35248335	0.35261753	60067	52375	0
60067	52380	0.00047883	0.05208797	0.35550602	0.05211169	0.35612969	0.68835599	0.68846429	0.35236239	0.35257045	0.68844802	0.68834145	0.35249814	0.35245837	60067	52378	0
60067	52383	0.00045768	0.05209366	0.35597195	0.05222573	0.35603541	0.68840472	0.68846881	0.35236231	0.35237061	0.68823882	0.68830373	0.35229953	0.35236707	60067	52381	0
60067	52386	0.00068267	0.05175216	0.35443799	0.05206263	0.35376300	0.68851598	0.68844835	0.35242394	0.35238310	0.68854811	0.68828459	0.35244399	0.35223437	60067	52384	0
60067	52389	0.00059106	0.05218009	0.35588895	0.05204722	0.35616378	0.68840883	0.68843595	0.35232418	0.35235960	0.68830981	0.68816766	0.35229148	0.35225688	60067	52388	0
60067	52948	0.00087818	0.05228103	0.35598051	0.05248382	0.35511915	0.68980040	0.68983746	0.35337655	0.35345289	0.68982210	0.68980616	0.35347384	0.35336143	60067	52947	0
60067	52952	0.00065057	0.05244227	0.35435579	0.05244893	0.35503864	0.68961757	0.68976992	0.35324039	0.35341624	0.68962119	0.68975809	0.35327416	0.35332692	60067	52950	0
60067	52955	0.00048847	0.05233635	0.35477954	0.05243610	0.35526583	0.68958857	0.68992029	0.35327926	0.35343563	0.68966326	0.68982686	0.35335708	0.35331583	60067	52953	0
60067	52958	0.00031513	0.05227910	0.35428099	0.05218070	0.35480100	0.68968487	0.68957460	0.35323390	0.35336858	0.68962883	0.68967534	0.35334763	0.35340498	60067	52957	0
60067	52961	0.00080617	0.05241689	0.35696946	0.05230168	0.35549636	0.68969613	0.68967542	0.35321426	0.35330317	0.68982612	0.68952291	0.35324516	0.35325905	60067	52960	0
60067	53520	0.00054914	0.05196286	0.35497496	0.05212813	0.35574603	0.69046114	0.69060149	0.35402612	0.35403532	0.69029705	0.69031907	0.35384296	0.35377656	60067	53519	0
60067	53524	0.00017104	0.05191817	0.35479492	0.05207381	0.35592922	0.69003394	0.69049475	0.35385175	0.35398692	0.69062508	0.69029442	0.35415792	0.35395849	60067	53522	0
60067	53527	0.00061924	0.05185793	0.35565445	0.05203907	0.35430986	0.69037478	0.69054118	0.35399637	0.35417624	0.69016903	0.69024429	0.35383466	0.35399103	60067	53525	0
60067	53530	0.00012084	0.05195798	0.35457217	0.05191675	0.35606737	0.69039491	0.69047733	0.35400787	0.35406876	0.69040823	0.69035071	0.35410681	0.35421659	60067	53529	0
60067	53533	-0.00010964	0.05202702	0.35557765	0.05195761	0.35626907	0.69044734	0.69047388	0.35389390	0.35414502	0.69045580	0.69056238	0.35404863	0.35420188	60067	53532	0
60067	54092	-0.00005479	0.05213711	0.35618084	0.05231860	0.35601631	0.69033715	0.69040929	0.35361123	0.35353777	0.69031923	0.69032532	0.35338411	0.35345675	60067	54091	0
60067	54096	0.00067258	0.05217954	0.35648282	0.05225103	0.35430069	0.69038875	0.69044824	0.35338534	0.35351230	0.69038892	0.69027158	0.35346990	0.35354895	60067	54094	0
60067	54099	0.00080573	0.05215129	0.35516262	0.05201400	0.35476320	0.69038809	0.69026163	0.35360302	0.35350293	0.69047750	0.69048152	0.35340235	0.35362915	60067	54097	0
60067	54102	0.00036234	0.05223540	0.35501027	0.05215629	0.35634043	0.69044167	0.69049714	0.35346620	0.35348773	0.69065893	0.69038021	0.35359521	0.35352306	60067	54101	0
60067	54106	0.00071263	0.05215455	0.35631569	0.05208276	0.35526483	0.69050913	0.69065852	0.35347195	0.35352816	0.69031693	0.69062532	0.35348543	0.35358190	60067	54104	0
60067	54664	0.00069700	0.05209962	0.35584489	0.05190678	0.35589177	0.69122633	0.69107431	0.35410443	0.35408347	0.69115040	0.69122296	0.35401026	0.35412218	60067	54663	0
60067	54668	0.00115753	0.05205496	0.35498200	0.05216748	0.35360040	0.69112747	0.69110044	0.35396654	0.35411429	0.69094070	0.69113208	0.35406145	0.35422070	60067	54666	0
60067	54671	0.00073392	0.05219515	0.35514949	0.05194602	0.35642033	0.69090832	0.69094596	0.35394148	0.35400212	0.69057832	0.69059295	0.35359825	0.35372972	60067	54669	0
60067	54674	0.00054241	0.05204931	0.35406488	0.05205771	0.35463940	0.69083174	0.69088835	0.35388281	0.35391740	0.69081374	0.69093741	0.35373991	0.35395652	60067	54673	0
60067	54678	0.00100696	0.05197193	0.35574858	0.05199307	0.35435493	0.69086855	0.69091974	0.35383942	0.35388495	0.69069468	0.69067068	0.35373490	0.35382685	60067	54676	0
60067	55236	0.00043699	0.05193295	0.35493352	0.05181200	0.35664342	0.68957525	0.68960204	0.35243207	0.35232788	0.68947665	0.68955545	0.35252262	0.35245516	60067	55235	0
60067	55240	0.00082090	0.05197719	0.35746933	0.05169046	0.35631762	0.68935117	0.68956671	0.35235918	0.35241818	0.68899915	0.68928576	0.35212171	0.35228277	60067	55238	0
60067	55243	0.00069430	0.05180614	0.35604576	0.05198647	0.35642555	0.68963787	0.68952562	0.35247135	0.35250816	0.68954123	0.68943507	0.35242583	0.35234456	60067	55241	0
60067	55246	0.00027100	0.05185811	0.35367031	0.05171996	0.35494022	0.68938158	0.68953261	0.35232451	0.35238655	0.68935331	0.68943326	0.35231835	0.35242566	60067	55245	0
60067	55250	0.00102577	0.05191200	0.35660724	0.05175448	0.35434292	0.68958117	0.68950335	0.35225507	0.35237751	0.68935314	0.68950220	0.35229213	0.35240956	60067	55248	0
60067	55809	0.00183206	0.05169267	0.35732730	0.05149746	0.35490843	0.69174590	0.69135821	0.35434478	0.35419416	0.69146692	0.69165559	0.35423212	0.35424814	60067	55807	0
60067	55812	0.00041902	0.05184726	0.35268004	0.05166883	0.35691917	0.69154803	0.69153324	0.35425283	0.35434092	0.69154178	0.69176800	0.35423434	0.35443098	60067	55810	0
60067	55815	0.00036415	0.05196342	0.35610723	0.05156302	0.35627182	0.69136232	0.69166405	0.35412686	0.35431799	0.69156619	0.69168476	0.35421659	0.35417920	60067	55813	0
60067	55818	0.00088224	0.05181474	0.35726024	0.05154954	0.35570599	0.69160793	0.69172930	0.35435439	0.35429810	0.69145583	0.69162124	0.35414946	0.35424782	60067	55817	0
60067	55822	0.00014120	0.05172454	0.35388900	0.05186738	0.35611210	0.69176406	0.69149799	0.35434289	0.35422752	0.69138377	0.69143693	0.35403688	0.35407526	60067	55820	0
60067	56381	0.00092318	0.05152773	0.35759951	0.05147705	0.35525359	0.69085294	0.69091679	0.35335017	0.35340054	0.69071193	0.69102418	0.35326529	0.35336685	60067	56379	0
60067	56384	0.00010210	0.05163487	0.35495930	0.05137860	0.35742251	0.69079049	0.69090339	0.35324442	0.35338296	0.69075483	0.69107373	0.35318739	0.35333078	60067	56382	0
60067	56387	0.00012449	0.05127193	0.35544892	0.05151336	0.35538176	0.69040650	0.69048621	0.35301795	0.35298993	0.69093634	0.69085154	0.35315986	0.35328329	60067	56386	0
60067	56390	0.00033638	0.05124827	0.35667419	0.05123202	0.35603851	0.69088868	0.69088104	0.35313801	0.35324524	0.69076830	0.69089715	0.35315493	0.35302050	60067	56389	0
60067	56394	0.00043710	0.05119850	0.35532281	0.05105594	0.35502065	0.69093667	0.69062524	0.35317901	0.35299158	0.69055490	0.69077118	0.35299125	0.35312231	60067	56392	0
60067	56953	-0.00010599	0.05137408	0.35483589	0.05133965	0.35646516	0.69152995	0.69142403	0.35386991	0.35396613	0.69163710	0.69169429	0.35396851	0.35401979	60067	56951	0
60067	56956	0.00109294	0.05110467	0.35740455	0.05105340	0.35380777	0.69167350	0.69199175	0.35410722	0.35416704	0.69162856	0.69174910	0.35412439	0.35400368	60067	56954	0
60067	56959	0.00089256	0.05098964	0.35580099	0.05123846	0.35640213	0.69169405	0.69190745	0.35394773	0.35407394	0.69187104	0.69181352	0.35405044	0.35416860	60067	56958	0
60067	56962	0.00161880	0.05115468	0.35518168	0.05088774	0.35300297	0.69145016	0.69153085	0.35377853	0.35389661	0.69141129	0.69125509	0.35385988	0.35387730	60067	56961	0
60067	56966	0.00069015	0.05111267	0.35520140	0.05125841	0.35798735	0.69139149	0.69136002	0.35377360	0.35383671	0.69137432	0.69151080	0.35374657	0.35388897	60067	56964	0
60067	57525	0.00089142	0.05105075	0.35548541	0.05117391	0.35488159	0.69327831	0.69344570	0.35540857	0.35550077	0.69327100	0.69345441	0.35521522	0.35544990	60067	57523	0
60067	57528	0.00095497	0.05105623	0.35508237	0.05112609	0.35489174	0.69341053	0.69332573	0.35556100	0.35539748	0.69356066	0.69339344	0.35550225	0.35544563	60067	57526	0
60067	57531	0.00113070	0.05076305	0.35659064	0.05125712	0.35606343	0.69365573	0.69327798	0.35563684	0.35552673	0.69335416	0.69355293	0.35543741	0.35566445	60067	57530	0
60067	57535	0.00056660	0.05115094	0.35453095	0.05105809	0.35622327	0.69363633	0.69354389	0.35552690	0.35549543	0.69344060	0.69362056	0.35542739	0.35558310	60067	57533	0
60067	57538	0.00102981	0.05110658	0.35587535	0.05135789	0.35448571	0.69338012	0.69336164	0.35553142	0.35542155	0.69342096	0.69349196	0.35533289	0.35538449	60067	57536	0
60067	58097	0.00097637	0.05055469	0.35597481	0.05051445	0.35613515	0.69220844	0.69239374	0.35418635	0.35433114	0.69229776	0.69212347	0.35402718	0.35389398	60067	58095	0
60067	58100	0.00095818	0.05050079	0.35639046	0.05076427	0.35644502	0.69232627	0.69245372	0.35418019	0.35418890	0.69205478	0.69224443	0.35390812	0.35397714	60067	58098	0
60067	58103	0.00054721	0.05073456	0.35503200	0.05082484	0.35626490	0.69225544	0.69226818	0.35416203	0.35407986	0.69231042	0.69241288	0.35404830	0.35413845	60067	58102	0
60067	58107	0.00004730	0.05102847	0.35438576	0.05091740	0.35588550	0.69219521	0.69223145	0.35393811	0.35399580	0.69215922	0.69214829	0.35392307	0.35400500	60067	58105	0
60067	58110	-0.00064527	0.05004955	0.35424840	0.05073927	0.35632612	0.69219012	0.69231584	0.35400631	0.35407295	0.69189233	0.69188148	0.35388963	0.35397180	60067	58108	0
60067	58669	0.00097454	0.05073783	0.35936057	0.05091598	0.35450113	0.69291890	0.69280180	0.35478826	0.35485712	0.69296771	0.69297946	0.35493641	0.35496682	60067	58667	0
60067	58672	0.00003747	0.05113370	0.35474632	0.05086337	0.35755756	0.69303673	0.69287017	0.35485120	0.35479935	0.69278077	0.69301536	0.35474019	0.35485054	60067	58670	0
60067	58675	0.00061991	0.05090198	0.35717127	0.05091960	0.35542394	0.69283122	0.69332359	0.35481537	0.35516165	0.69283434	0.69319368	0.35490683	0.35494290	60067	58674	0
60067	58679	0.00096385	0.05083128	0.35582945	0.05072677	0.35479763	0.69277099	0.69292941	0.35484964	0.35485104	0.69263549	0.69330313	0.35466434	0.35506468	60067	58677	0
60067	58682	0.00110412	0.05082010	0.35629679	0.05082384	0.35587599	0.69259818	0.69281388	0.35460904	0.35466911	0.69270706	0.69277888	0.35475153	0.35458447	60067	58680	0
60067	59241	0.00103955	0.05053408	0.35619016	0.05043944	0.35638386	0.69265192	0.69288348	0.35463624	0.35480740	0.69246145	0.69234156	0.35453180	0.35450386	60067	59239	0
60067	59244	0.00097231	0.05016326	0.35465788	0.05044762	0.35485962	0.69226588	0.69241707	0.35450214	0.35458291	0.69247394	0.69249341	0.35449310	0.35463813	60067	59242	0
60067	59247	0.00046182	0.05031105	0.35344790	0.05062656	0.35497937	0.69233490	0.69271166	0.35447724	0.35465876	0.69258873	0.69272004	0.35465489	0.35457453	60067	59246	0
60067	59251	0.00047300	0.05058846	0.35534646	0.05050458	0.35531291	0.69257197	0.69267230	0.35448833	0.35448266	0.69263647	0.69274050	0.35455259	0.35463230	60067	59249	0
60067	59254	0.00042201	0.05045260	0.35571109	0.05034232	0.35586407	0.69247583	0.69281700	0.35444601	0.35475555	0.69268331	0.69244937	0.35456311	0.35442383	60067	59252	0
60067	59813	0.00098503	0.05054206	0.35657937	0.05045761	0.35489030	0.69252423	0.69294273	0.35472926	0.35486772	0.69264485	0.69277616	0.35496846	0.35488990	60067	59811	0
60067	59816	0.00042423	0.05038662	0.35536282	0.05058240	0.35704522	0.69267912	0.69269457	0.35476065	0.35471915	0.69264748	0.69261585	0.35478941	0.35479730	60067	59815	0
60067	59819	0.00104062	0.05056830	0.35614547	0.05023060	0.35429629	0.69309104	0.69273442	0.35510791	0.35478949	0.69326730	0.69313221	0.35514570	0.35516953	60067	59818	0
60067	59823	0.00071391	0.05035351	0.35508107	0.05017610	0.35606118	0.69385179	0.69382927	0.35544612	0.35558130	0.69380454	0.69374324	0.35562641	0.35553018	60067	59821	0
60067	59826	0.00101436	0.05031861	0.35626531	0.05052023	0.35536396	0.69320296	0.69344052	0.35507775	0.35513814	0.69300501	0.69311874	0.35484422	0.35496698	60067	59824	0
60067	60385	0.00070884	0.05031252	0.35520072	0.05076311	0.35611729	0.69196151	0.69199340	0.35398174	0.35409144	0.69195593	0.69175403	0.35398750	0.35394978	60067	60383	0
60067	60388	0.00084575	0.05059798	0.35661600	0.05075253	0.35620525	0.69196702	0.69220014	0.35416638	0.35424330	0.69204443	0.69229784	0.35417937	0.35440197	60067	60387	0
60067	60391	0.00092589	0.05082766	0.35545032	0.05077549	0.35520990	0.69223572	0.69223079	0.35442531	0.35431996	0.69243030	0.69249226	0.35442021	0.35459195	60067	60390	0
60067	60395	0.00020602	0.05089183	0.35384433	0.05070816	0.35600394	0.69249226	0.69242792	0.35457658	0.35446475	0.69261133	0.69263959	0.35467954	0.35474479	60067	60393	0
60067	60398	0.00082452	0.05078830	0.35667641	0.05059211	0.35482091	0.69272341	0.69266852	0.35484233	0.35475218	0.69254189	0.69272357	0.35465629	0.35478744	60067	60396	0
60067	60957	0.00045395	0.05028296	0.35415198	0.05032439	0.35526370	0.69251428	0.69288405	0.35450066	0.35475835	0.69249210	0.69290994	0.35445628	0.35484298	60067	60955	0
60067	60960	0.00081632	0.05052589	0.35697489	0.05049480	0.35588777	0.69248026	0.69289671	0.35447921	0.35469253	0.69243803	0.69243137	0.35445259	0.35453961	60067	60959	0
60067	60964	0.00070073	0.05056969	0.35669040	0.05052651	0.35703718	0.69234139	0.69243302	0.35444232	0.35447584	0.69176291	0.69219250	0.35405299	0.35440706	60067	60962	0
60067	60967	0.00081220	0.05053276	0.35588524	0.05065139	0.35555084	0.69270204	0.69247114	0.35470395	0.35441553	0.69223589	0.69229267	0.35429679	0.35431791	60067	60965	0
60067	60970	0.00045545	0.05057549	0.35529966	0.05044819	0.35636990	0.69232586	0.69233260	0.35437978	0.35426565	0.69227648	0.69244485	0.35411059	0.35433549	60067	60968	0
60067	61529	0.00066420	0.05044378	0.35395403	0.05074474	0.35332778	0.69362475	0.69372919	0.35554218	0.35569034	0.69364710	0.69370963	0.35562780	0.35559913	60067	61527	0
60067	61532	0.00071668	0.05057097	0.35232643	0.05065349	0.35216900	0.69365606	0.69384045	0.35554284	0.35568779	0.69376526	0.69374398	0.35541367	0.35549156	60067	61531	0
60067	61535	0.00051629	0.05059111	0.35212639	0.05076596	0.35272757	0.69357413	0.69380199	0.35538951	0.35541736	0.69336336	0.69363338	0.35514160	0.35515565	60067	61534	0
60067	61539	0.00053985	0.05062807	0.35272769	0.05067979	0.35265701	0.69277666	0.69280213	0.35496353	0.35485022	0.69295973	0.69323723	0.35488062	0.35489220	60067	61537	0
60067	61542	0.00034474	0.05082124	0.35349117	0.05080389	0.35407649	0.69280418	0.69296697	0.35460263	0.35463484	0.69275825	0.69283533	0.35432892	0.35454684	60067	61540	0
60067	62101	0.00075851	0.05054365	0.35372778	0.05041568	0.35248647	0.69228880	0.69225487	0.35519271	0.35531909	0.69213432	0.69226514	0.35534456	0.35528950	60067	62099	0
60067	62104	0.00094633	0.05052762	0.35297964	0.05013849	0.35241619	0.69211641	0.69221797	0.35513354	0.35536740	0.69215273	0.69229768	0.35515450	0.35539608	60067	62103	0
60067	62108	0.00133752	0.05039460	0.35389437	0.05051167	0.35272081	0.69148607	0.69191673	0.35512968	0.35517471	0.69215618	0.69223720	0.35519599	0.35530462	60067	62106	0
60067	62111	0.00055451	0.05011728	0.35178045	0.05066458	0.35412946	0.69202429	0.69235191	0.35517833	0.35532492	0.69205240	0.69210877	0.35528729	0.35536075	60067	62109	0
60067	62114	0.00054392	0.05024728	0.35299654	0.05036874	0.35302832	0.69202158	0.69192856	0.35513453	0.35523166	0.69206061	0.69200523	0.35513634	0.35525236	60067	62112	0
60067	62673	-0.00026174	0.05093087	0.35388022	0.05091161	0.35629718	0.68834802	0.68833775	0.35257020	0.35254892	0.68853020	0.68866085	0.35274991	0.35277736	60067	62671	0
60067	62676	0.00012965	0.05094595	0.35405822	0.05082142	0.35288407	0.68840094	0.68860440	0.35260726	0.35264637	0.68864893	0.68876069	0.35255015	0.35272846	60067	62675	0
60067	62680	0.00024721	0.05053920	0.35332736	0.05100967	0.35297468	0.68830135	0.68843578	0.35255245	0.35259420	0.68843093	0.68848245	0.35244325	0.35254843	60067	62678	0
60067	62683	0.00154965	0.05115737	0.35554712	0.05115119	0.35163981	0.68833159	0.68838188	0.35255681	0.35258655	0.68848344	0.68849577	0.35265122	0.35267357	60067	62681	0
60067	62686	0.00047213	0.05109480	0.35209331	0.05094445	0.35532587	0.68814736	0.68841064	0.35248293	0.35242246	0.68857662	0.68869553	0.35250750	0.35259296	60067	62684	0
60067	63245	-0.00014484	0.05106316	0.35209974	0.05104000	0.35395063	0.68802977	0.68788704	0.35245048	0.35234193	0.68789961	0.68791161	0.35232623	0.35238211	60067	63243	0
60067	63248	0.00020222	0.05029250	0.35313929	0.05116993	0.35209812	0.68797891	0.68802238	0.35249469	0.35252484	0.68769131	0.68800159	0.35231424	0.35242500	60067	63247	0
60067	63252	0.00069989	0.05077779	0.35364955	0.05100682	0.35215653	0.68807751	0.68797809	0.35257078	0.35258253	0.68812386	0.68805031	0.35263857	0.35254982	60067	63250	0
60067	63255	0.00098949	0.05086313	0.35415413	0.05127760	0.35328534	0.68797061	0.68805393	0.35240175	0.35266642	0.68815755	0.68810455	0.35249518	0.35263503	60067	63253	0
60067	63258	0.00143502	0.05093234	0.35313075	0.05104008	0.35179416	0.68767931	0.68725202	0.35228342	0.35224012	0.68803183	0.68797480	0.35251736	0.35258433	60067	63256	0
60067	63817	0.00062785	0.05168707	0.35173583	0.05147911	0.35415735	0.68791350	0.68795294	0.35239698	0.35246765	0.68802123	0.68809551	0.35249025	0.35246962	60067	63815	0
60067	63820	-0.00018052	0.05173244	0.35306930	0.05174072	0.35549440	0.68803667	0.68809214	0.35252723	0.35265582	0.68805475	0.68829527	0.35252460	0.35271827	60067	63819	0
60067	63824	0.00093694	0.05164411	0.35351704	0.05153083	0.35016466	0.68829601	0.68820940	0.35255434	0.35266347	0.68790504	0.68800430	0.35243371	0.35242163	60067	63822	0
60067	63827	0.00032476	0.05148839	0.35197269	0.05121119	0.35380923	0.68795623	0.68803035	0.35230799	0.35254078	0.68787841	0.68806231	0.35244292	0.35256601	60067	63825	0
60067	63830	0.00042831	0.05143201	0.35480969	0.05109481	0.35449903	0.68776543	0.68796962	0.35238203	0.35249321	0.68797784	0.68808598	0.35257743	0.35260258	60067	63828	0
60067	64389	-0.00044034	0.05176110	0.35144844	0.05145250	0.35405439	0.68796666	0.68822731	0.35282230	0.35288936	0.68794694	0.68803971	0.35269798	0.35264572	60067	64387	0
60067	64392	0.00121775	0.05165067	0.35505598	0.05161143	0.35008173	0.68789706	0.68787603	0.35266774	0.35257291	0.68813585	0.68823158	0.35280948	0.35284161	60067	64391	0
60067	64396	0.00103203	0.05184267	0.35223313	0.05159131	0.35279027	0.68806757	0.68807916	0.35259773	0.35268762	0.68810611	0.68788178	0.35267555	0.35268508	60067	64394	0
60067	64399	0.00044712	0.05162179	0.35301425	0.05148133	0.35476899	0.68770199	0.68805615	0.35232763	0.35251400	0.68798901	0.68795647	0.35242443	0.35252492	60067	64397	0
60067	64402	0.00103981	0.05161842	0.35307643	0.05096661	0.35129835	0.68796190	0.68804317	0.35239000	0.35259337	0.68758046	0.68762417	0.35230175	0.35237521	60067	64400	0
60067	64961	0.00021135	0.05207540	0.34966174	0.05208145	0.35214714	0.68749147	0.68756813	0.35222763	0.35226452	0.68739952	0.68747733	0.35220224	0.35222500	60067	64959	0
60067	64964	0.00106990	0.05195084	0.35466617	0.05189210	0.35209050	0.68738744	0.68737281	0.35217438	0.35222147	0.68738374	0.68752359	0.35221974	0.35224505	60067	64963	0
60067	64967	0.00102985	0.05212913	0.35312529	0.05175857	0.35324544	0.68748013	0.68758235	0.35226526	0.35214159	0.68713123	0.68718176	0.35196328	0.35197807	60067	64966	0
60067	64971	0.00078759	0.05175494	0.35240313	0.05174945	0.35312992	0.68733361	0.68744734	0.35204751	0.35212196	0.68715563	0.68727486	0.35206296	0.35219451	60067	64969	0
60067	64974	0.00017781	0.05202575	0.35246010	0.05191116	0.35428945	0.68696056	0.68725087	0.35209459	0.35210996	0.68672407	0.68717313	0.35181258	0.35200503	60067	64972	0
60067	65533	-0.00009981	0.05206660	0.35307246	0.05213166	0.35390532	0.68822591	0.68820504	0.35305206	0.35321689	0.68824087	0.68836174	0.35316134	0.35319249	60067	65531	0
60067	65536	-0.00002299	0.05199700	0.35486331	0.05208796	0.35463286	0.68857999	0.68834621	0.35350498	0.35337367	0.68826560	0.68817020	0.35329758	0.35306241	60067	65535	0
60067	65540	0.00041623	0.05198803	0.35521959	0.05189259	0.35390192	0.68830291	0.68831959	0.35312757	0.35330465	0.68826371	0.68830094	0.35319955	0.35320440	60067	65538	0
60067	65543	0.00067143	0.05193185	0.35420924	0.05186669	0.35344365	0.68817949	0.68828007	0.35307498	0.35312042	0.68808195	0.68817768	0.35300177	0.35311697	60067	65541	0
60067	65546	0.00086799	0.05192986	0.35430239	0.05185691	0.35371270	0.68830833	0.68820324	0.35324047	0.35318731	0.68830998	0.68829527	0.35304565	0.35309043	60067	65544	0
60067	66105	0.00190413	0.05209046	0.35413257	0.05124495	0.35102418	0.68726155	0.68706853	0.35193600	0.35200585	0.68703270	0.68706582	0.35190806	0.35195391	60067	66103	0
60067	66108	0.00029185	0.05226539	0.35020573	0.05196526	0.35504256	0.68727749	0.68755950	0.35210380	0.35225203	0.68727815	0.68721997	0.35196994	0.35182581	60067	66107	0
60067	66112	0.00104738	0.05210092	0.35419908	0.05203276	0.35193249	0.68704684	0.68719672	0.35186755	0.35201464	0.68733279	0.68739787	0.35207923	0.35204332	60067	66110	0
60067	66115	0.00111077	0.05200872	0.35260553	0.05218960	0.35241536	0.68739656	0.68741398	0.35205006	0.35212984	0.68730518	0.68736007	0.35205030	0.35206854	60067	66113	0
60067	66118	0.00081359	0.05229825	0.35273276	0.05215579	0.35362429	0.68716615	0.68732564	0.35201111	0.35197602	0.68740108	0.68745679	0.35191809	0.35213173	60067	66117	0
60067	66677	-0.00037966	0.05224300	0.35259802	0.05218199	0.35617777	0.68897910	0.68882774	0.35397895	0.35374238	0.68892215	0.68863447	0.35376547	0.35382126	60067	66675	0
60067	66680	0.00057664	0.05224149	0.35483061	0.05237395	0.35196171	0.68889413	0.68918371	0.35377936	0.35395052	0.68907927	0.68897031	0.35398174	0.35386966	60067	66679	0
60067	66684	0.00146221	0.05237641	0.35587425	0.05226949	0.35321755	0.68891936	0.68890301	0.35375068	0.35387122	0.68888255	0.68890605	0.35379941	0.35386810	60067	66682	0
60067	66687	0.00029657	0.05217667	0.35108069	0.05211875	0.35457760	0.68857539	0.68865830	0.35362947	0.35373580	0.68893875	0.68878583	0.35381198	0.35387229	60067	66685	0
60067	66690	0.00011481	0.05224717	0.35285894	0.05225948	0.35340421	0.68881533	0.68878978	0.35395520	0.35377500	0.68879158	0.68895091	0.35367894	0.35390705	60067	66688	0
60067	67249	0.00032799	0.05247685	0.35358875	0.05238727	0.35294923	0.68901345	0.68892437	0.35369710	0.35367705	0.68896077	0.68890671	0.35362142	0.35351263	60067	67247	0
60067	67252	0.00079506	0.05220325	0.35437227	0.05176109	0.35297106	0.68891320	0.68880588	0.35364591	0.35371551	0.68881163	0.68910745	0.35358223	0.35393984	60067	67251	0
60067	67256	0.00019964	0.05235254	0.35157800	0.05249188	0.35336425	0.68881246	0.68877260	0.35360080	0.35359011	0.68881550	0.68882552	0.35359488	0.35373071	60067	67254	0
60067	67259	0.00159805	0.05224811	0.35572926	0.05244650	0.35153401	0.68879249	0.68863546	0.35352364	0.35362208	0.68922405	0.68916152	0.35383712	0.35375659	60067	67257	0
60067	67262	0.00044609	0.05239807	0.35117705	0.05236939	0.35463294	0.68908403	0.68884442	0.35368765	0.35372520	0.68908502	0.68902906	0.35359784	0.35366473	60067	67260	0
60067	67821	-0.00000891	0.05246233	0.35369435	0.05253860	0.35505936	0.68850004	0.68845180	0.35279009	0.35291121	0.68859059	0.68831228	0.35306520	0.35288936	60067	67819	0
60067	67824	0.00013693	0.05257690	0.35477515	0.05234957	0.35433764	0.68819888	0.68833093	0.35278524	0.35279667	0.68840439	0.68862625	0.35291754	0.35299823	60067	67823	0
60067	67828	0.00037699	0.05252652	0.35482096	0.05252561	0.35410079	0.68841105	0.68852280	0.35277407	0.35296060	0.68859289	0.68868509	0.35302387	0.35301311	60067	67826	0
60067	67831	0.00060000	0.05278509	0.35367326	0.05271597	0.35300422	0.68862971	0.68862625	0.35294112	0.35311434	0.68859182	0.68857662	0.35289305	0.35283824	60067	67829	0
60067	67834	0.00030432	0.05280213	0.35467774	0.05286937	0.35556477	0.68846364	0.68857005	0.35285049	0.35292896	0.68858040	0.68862995	0.35309807	0.35293085	60067	67832	0
60067	68393	-0.00037660	0.05261782	0.35209355	0.05262155	0.35413631	0.68888855	0.68895165	0.35337589	0.35322289	0.68909825	0.68877400	0.35326209	0.35318706	60067	68391	0
60067	68396	-0.00026493	0.05243854	0.35369189	0.05246151	0.35335689	0.68901378	0.68901189	0.35347162	0.35340523	0.68872420	0.68906464	0.35314261	0.35350236	60067	68395	0
60067	68400	0.00041704	0.05251543	0.35509678	0.05257420	0.35305087	0.68896792	0.68903645	0.35348863	0.35346341	0.68928437	0.68933244	0.35358855	0.35362356	60067	68398	0
60067	68403	0.00086412	0.05245720	0.35425325	0.05257329	0.35291200	0.68937788	0.68964017	0.35366834	0.35370425	0.68940171	0.68941880	0.35371608	0.35373030	60067	68401	0
60067	68406	0.00067956	0.05259235	0.35281257	0.05256490	0.35336626	0.68930565	0.68924657	0.35378223	0.35371764	0.68932430	0.68929102	0.35382439	0.35383268	60067	68405	0
60067	68965	0.00074192	0.05241343	0.35507123	0.05247793	0.35488415	0.68767364	0.68778474	0.35199451	0.35212557	0.68814292	0.68806091	0.35214316	0.35227594	60067	68963	0
60067	68968	0.00048122	0.05233803	0.35488721	0.05267203	0.35566930	0.68791227	0.68788515	0.35205934	0.35211900	0.68775672	0.68798967	0.35208843	0.35211316	60067	68967	0
60067	68972	0.00099511	0.05270254	0.35449898	0.05266855	0.35295730	0.68782582	0.68814399	0.35197725	0.35216781	0.68798310	0.68786378	0.35199459	0.35200289	60067	68970	0
60067	68975	0.00083410	0.05277971	0.35458870	0.05261019	0.35507174	0.68808113	0.68810364	0.35203321	0.35213017	0.68793092	0.68791465	0.35209599	0.35217956	60067	68973	0
60067	68978	0.00047850	0.05273386	0.35326988	0.05277635	0.35433668	0.68793256	0.68817776	0.35199467	0.35231917	0.68842395	0.68829929	0.35227512	0.35221538	60067	68977	0
60067	69537	0.00095849	0.05283188	0.35460576	0.05283140	0.35316580	0.68966581	0.68946325	0.35340556	0.35327112	0.68969958	0.68968397	0.35347450	0.35361904	60067	69535	0
60067	69540	0.00085191	0.05282069	0.35416782	0.05281659	0.35448754	0.69005801	0.69003780	0.35387377	0.35391371	0.68957386	0.68958175	0.35350244	0.35354385	60067	69539	0
60067	69544	0.00030313	0.05244065	0.35253352	0.05279258	0.35417986	0.68956112	0.68956063	0.35346645	0.35346719	0.68963705	0.68983261	0.35361090	0.35373876	60067	69542	0
60067	69547	0.00060908	0.05287578	0.35523734	0.05289615	0.35431950	0.68984650	0.68997855	0.35379365	0.35391601	0.68989161	0.68991150	0.35392036	0.35394748	60067	69545	0
60067	69550	0.00097389	0.05297506	0.35433713	0.05304518	0.35324268	0.69014873	0.69001241	0.35398766	0.35397336	0.69014010	0.69009326	0.35412604	0.35402924	60067	69549	0
60067	70109	0.00034729	0.05276280	0.35246652	0.05267740	0.35434633	0.68996179	0.69009384	0.35372397	0.35371386	0.68996680	0.68997075	0.35366760	0.35372356	60067	70108	0
60067	70112	0.00136481	0.05263660	0.35537436	0.05274424	0.35232180	0.69002827	0.69010189	0.35385873	0.35374862	0.68995004	0.68999441	0.35375889	0.35375750	60067	70111	0
60067	70116	0.00101519	0.05273885	0.35260012	0.05261152	0.35364896	0.69008940	0.69003007	0.35375807	0.35383326	0.68998537	0.69018636	0.35366974	0.35385684	60067	70114	0
60067	70119	0.00036064	0.05285084	0.35108799	0.05248410	0.35305165	0.69000263	0.69014914	0.35373342	0.35377319	0.68991955	0.68997321	0.35387098	0.35390935	60067	70117	0
60067	70122	0.00108116	0.05272335	0.35379310	0.05255486	0.35163155	0.69004297	0.69010140	0.35382110	0.35381789	0.68992604	0.69004232	0.35385413	0.35388240	60067	70121	0
60067	70681	0.00016843	0.05274656	0.35188433	0.05279236	0.35462250	0.68980476	0.68970057	0.35390196	0.35380327	0.68959440	0.68967797	0.35382537	0.35372520	60067	70680	0
60067	70684	0.00019635	0.05273835	0.35306129	0.05275519	0.35297755	0.68950376	0.68941510	0.35361411	0.35356472	0.68966696	0.68947804	0.35371559	0.35352676	60067	70683	0
60067	70688	0.00084989	0.05263334	0.35441475	0.05264701	0.35245412	0.68946687	0.68946555	0.35353588	0.35362775	0.68945709	0.68955775	0.35348255	0.35360564	60067	70686	0
60067	70691	0.00045531	0.05272086	0.35270587	0.05277920	0.35388961	0.68959465	0.68949867	0.35368075	0.35367746	0.68987222	0.68958733	0.35376917	0.35367664	60067	70689	0
60067	70694	0.00031222	0.05278004	0.35314296	0.05265563	0.35357223	0.68974617	0.68978939	0.35371485	0.35383827	0.68971240	0.69052557	0.35381354	0.35430731	60067	70693	0
60067	71253	0.00032178	0.05275486	0.35317800	0.05298917	0.35314935	0.69020419	0.69022696	0.35415891	0.35418413	0.69027018	0.69035753	0.35428110	0.35434593	60067	71252	0
60067	71257	0.00070996	0.05293156	0.35375837	0.05264832	0.35259381	0.69018891	0.69030025	0.35421010	0.35418364	0.69024717	0.69028875	0.35422522	0.35422785	60067	71255	0
60067	71260	0.00168299	0.05271455	0.35382820	0.05294232	0.35090912	0.69029812	0.69023427	0.35426310	0.35423081	0.69014947	0.69019483	0.35426302	0.35409580	60067	71258	0
60067	71263	0.00108989	0.05271030	0.35277661	0.05297156	0.35455590	0.69008521	0.69014487	0.35421117	0.35403162	0.69014396	0.69028530	0.35416679	0.35424798	60067	71261	0
60067	71266	0.00070198	0.05277473	0.35354285	0.05271669	0.35470659	0.69042507	0.69027141	0.35421774	0.35425743	0.68984132	0.69025539	0.35397936	0.35439630	60067	71265	0
60067	71827	0.00009985	0.05247907	0.35351119	0.05251950	0.35531757	0.68942841	0.68923120	0.35340161	0.35326858	0.68929291	0.68909611	0.35312157	0.35306865	60067	71825	0
60067	71830	0.00055879	0.05239808	0.35693512	0.05232131	0.35555830	0.68943975	0.68917072	0.35338658	0.35318468	0.68889471	0.68921575	0.35305830	0.35310612	60067	71828	0
60067	71833	-0.00000703	0.05190052	0.35519403	0.05238802	0.35689149	0.68903604	0.68893292	0.35297309	0.35298624	0.68899027	0.68904130	0.35296421	0.35298320	60067	71831	0
60067	71836	0.00028816	0.05252825	0.35523534	0.05252076	0.35434976	0.68891032	0.68901550	0.35291524	0.35293299	0.68911279	0.68892782	0.35312075	0.35292740	60067	71835	0
60067	71840	0.00017748	0.05251018	0.35514623	0.05253097	0.35547827	0.68896028	0.68900014	0.35297366	0.35300793	0.68882848	0.68908411	0.35282189	0.35297333	60067	71838	0
60067	72400	0.00009155	0.05261523	0.35370836	0.05280790	0.35396616	0.69037421	0.69031973	0.35429457	0.35423040	0.69033896	0.69023953	0.35429227	0.35432678	60067	72398	0
60067	72403	0.00055757	0.05268558	0.35624215	0.05299516	0.35484409	0.69036648	0.69017494	0.35416186	0.35413984	0.69025161	0.69040740	0.35419966	0.35420755	60067	72402	0
60067	72407	0.00034832	0.05232119	0.35467566	0.05304717	0.35530340	0.69001158	0.69015834	0.35400631	0.35410089	0.69026213	0.69016689	0.35409736	0.35404896	60067	72405	0
60067	72410	-0.00003289	0.05276411	0.35563873	0.05289566	0.35678237	0.68989104	0.69017231	0.35396186	0.35412259	0.68995760	0.68986211	0.35391946	0.35368913	60067	72408	0
60067	72413	0.00036317	0.05297415	0.35584261	0.05288383	0.35465444	0.69036254	0.69004823	0.35398939	0.35394838	0.69005267	0.68989186	0.35383827	0.35370417	60067	72412	0
