% File initiated 12/06/2023 09:28:06 UTC
% Raw fountain data
%
% File notes: 250 ms MOT 1600ms sequence
%
%% fountain_code = ALPHA-CsF1
%% microwave_ref = ALPHA HM1
%% MJD_start = 60107.394514
%% clock_data = True
%% sequence = 1
%% density = HD
%
% Units: V.s, Hz
%
% Shot B MJD days	Shot B MJD seconds	freq error	shot A sum	shot A ratio	shot B sum	shot B ratio	shot A F=3 bg 1	shot A F=3 bg 2	shot A F=4 bg 1	shot A F=4 bg 2	shot B F=3 bg 1	shot B F=3 bg 2	shot B F=4 bg 1	shot B F=4 bg 2	Shot A MJD days	Shot A MJD seconds	Shot order (0=LF->HF)
60107	34102	0.00053333	0.02647923	0.47786703	0.02669518	0.47660335	0.53083850	0.53118888	0.23097955	0.23103937	0.53090169	0.53097006	0.23088020	0.23100182	60107	34100	0
60107	34105	0.00027566	0.02663150	0.47446870	0.02669855	0.47524169	0.53105938	0.53179341	0.23103526	0.23139361	0.53113678	0.53132495	0.23099105	0.23103173	60107	34104	0
60107	34109	0.00060843	0.02675295	0.47853952	0.02649363	0.47754124	0.53119553	0.53123432	0.23106188	0.23101225	0.53111460	0.53147853	0.23116846	0.23101414	60107	34107	0
60107	34112	0.00116855	0.02650966	0.47651265	0.02656979	0.47483229	0.53144492	0.53150598	0.23139394	0.23132220	0.53137393	0.53178791	0.23141128	0.23135754	60107	34110	0
60107	34115	0.00098510	0.02670280	0.47510838	0.02659322	0.47565872	0.53150935	0.53182653	0.23124981	0.23156568	0.53138847	0.53169127	0.23141308	0.23142525	60107	34113	0
60107	34217	-0.00028340	0.02679861	0.47437868	0.02705492	0.47818418	0.53662518	0.53708370	0.23594871	0.23601855	0.53703169	0.53734123	0.23607895	0.23615463	60107	34215	0
60107	34220	-0.00037824	0.02686855	0.47447364	0.02682224	0.47475816	0.53696743	0.53724443	0.23614995	0.23616539	0.53706505	0.53771543	0.23632645	0.23636458	60107	34219	0
60107	34223	0.00106270	0.02702090	0.47651638	0.02711411	0.47219356	0.53739817	0.53754394	0.23645242	0.23644092	0.53717417	0.53756670	0.23631314	0.23647042	60107	34222	0
60107	34227	0.00043371	0.02689485	0.47572273	0.02690837	0.47760968	0.53739488	0.53758339	0.23643508	0.23644396	0.53713982	0.53761954	0.23639605	0.23649137	60107	34225	0
60107	34230	-0.00015802	0.02705187	0.47321435	0.02703542	0.47498954	0.53736275	0.53762201	0.23625915	0.23634551	0.53699085	0.53744213	0.23609744	0.23621913	60107	34228	0
60107	34332	0.00037243	0.02710882	0.47645669	0.02704209	0.47486534	0.53607480	0.53653036	0.23516233	0.23546266	0.53620537	0.53658706	0.23538739	0.23537186	60107	34330	0
60107	34335	0.00063484	0.02743661	0.47798548	0.02741947	0.47719824	0.53612961	0.53623232	0.23530144	0.23544048	0.53604448	0.53609288	0.23524918	0.23518369	60107	34334	0
60107	34338	0.00089603	0.02729401	0.47630971	0.02749331	0.47552617	0.53604324	0.53623265	0.23513414	0.23513669	0.53579919	0.53600216	0.23498558	0.23506282	60107	34337	0
60107	34342	-0.00004321	0.02743393	0.47604085	0.02738599	0.47885857	0.53582631	0.53613421	0.23502469	0.23495049	0.53546048	0.53617677	0.23474013	0.23486741	60107	34340	0
60107	34345	0.00093147	0.02736887	0.47783961	0.02730948	0.47491557	0.53548177	0.53585491	0.23473906	0.23486413	0.53547856	0.53572162	0.23464555	0.23458162	60107	34343	0
60107	34447	0.00074767	0.02636395	0.47474807	0.02663431	0.47529946	0.53134591	0.53159555	0.23055373	0.23076311	0.53151222	0.53171091	0.23072629	0.23092663	60107	34445	0
60107	34450	0.00090919	0.02671243	0.47653510	0.02658052	0.47605052	0.53143786	0.53170861	0.23081471	0.23088464	0.53104417	0.53141707	0.23063098	0.23072457	60107	34448	0
60107	34453	-0.00055292	0.02680663	0.47099259	0.02654394	0.47537894	0.53113251	0.53169768	0.23055686	0.23065735	0.53132200	0.53184830	0.23056828	0.23065382	60107	34452	0
60107	34457	0.00116198	0.02650179	0.47727666	0.02646653	0.47213196	0.53135215	0.53181544	0.23074692	0.23078455	0.53141797	0.53171478	0.23064963	0.23069466	60107	34455	0
60107	34460	0.00140144	0.02670258	0.47513322	0.02654747	0.47441482	0.53117359	0.53149834	0.23045694	0.23052284	0.53130408	0.53131887	0.23067699	0.23040352	60107	34458	0
60107	34562	0.00108419	0.02643614	0.47360336	0.02669966	0.47455511	0.53259935	0.53293757	0.23174382	0.23179066	0.53274233	0.53318244	0.23199149	0.23205624	60107	34560	0
60107	34565	0.00129481	0.02653676	0.47529858	0.02652277	0.47466673	0.53283839	0.53285466	0.23197078	0.23183931	0.53305491	0.53365049	0.23198664	0.23219232	60107	34563	0
60107	34568	0.00109873	0.02713576	0.47268202	0.02665766	0.47327026	0.53307455	0.53330241	0.23211130	0.23216002	0.53305302	0.53310635	0.23208886	0.23208221	60107	34567	0
60107	34572	0.00118858	0.02682625	0.47512730	0.02690978	0.47485774	0.53270083	0.53320808	0.23191293	0.23204605	0.53287364	0.53309025	0.23197842	0.23197045	60107	34570	0
60107	34575	-0.00049723	0.02684254	0.47111686	0.02699143	0.47617431	0.53320997	0.53342238	0.23206972	0.23213628	0.53324662	0.53350308	0.23204876	0.23218426	60107	34573	0
60107	34677	0.00090377	0.02715370	0.47629823	0.02695767	0.47209522	0.53644876	0.53669486	0.23533349	0.23533743	0.53630274	0.53661639	0.23516668	0.23519380	60107	34675	0
60107	34680	-0.00040446	0.02729175	0.47326793	0.02704954	0.47719262	0.53678739	0.53686710	0.23547745	0.23536997	0.53660349	0.53678591	0.23529421	0.23527581	60107	34678	0
60107	34683	-0.00015185	0.02722693	0.47766885	0.02754120	0.47691104	0.53660546	0.53689364	0.23530613	0.23537622	0.53632715	0.53631482	0.23502206	0.23516356	60107	34682	0
60107	34686	0.00021702	0.02738434	0.47585782	0.02727868	0.47475120	0.53655460	0.53699035	0.23518114	0.23530440	0.53656791	0.53666224	0.23531122	0.23516126	60107	34685	0
60107	34690	0.00046723	0.02766213	0.47533855	0.02737817	0.47458791	0.53652428	0.53672404	0.23519799	0.23514088	0.53661343	0.53704664	0.23530719	0.23542906	60107	34688	0
60107	34792	-0.00049316	0.02714573	0.47478689	0.02737765	0.47766807	0.53339058	0.53381286	0.23242001	0.23257417	0.53337185	0.53372576	0.23239635	0.23245058	60107	34790	0
60107	34795	-0.00067738	0.02733788	0.47518143	0.02739900	0.47573410	0.53328179	0.53356347	0.23228575	0.23255346	0.53292368	0.53327250	0.23218804	0.23214942	60107	34793	0
60107	34798	-0.00009978	0.02729405	0.47916548	0.02728178	0.47743267	0.53292713	0.53325229	0.23229824	0.23232987	0.53250633	0.53297455	0.23188204	0.23213833	60107	34796	0
60107	34801	0.00048745	0.02766772	0.47666088	0.02739091	0.47489918	0.53310348	0.53349108	0.23201236	0.23225994	0.53257528	0.53308285	0.23185936	0.23200316	60107	34800	0
60107	34805	0.00056801	0.02748068	0.47487675	0.02772080	0.47463509	0.53287471	0.53319403	0.23175788	0.23183545	0.53261636	0.53301202	0.23149978	0.23171737	60107	34803	0
60107	34906	0.00147205	0.02680711	0.47690751	0.02680868	0.47419539	0.53077605	0.53109060	0.23047945	0.23039843	0.53118814	0.53138362	0.23056318	0.23062202	60107	34905	0
60107	34910	0.00094783	0.02679860	0.47345101	0.02694443	0.47502365	0.53103711	0.53130918	0.23049884	0.23069055	0.53089142	0.53140228	0.23060090	0.23084413	60107	34908	0
60107	34913	0.00035250	0.02694634	0.47491948	0.02681991	0.47670548	0.53126801	0.53141452	0.23085834	0.23059104	0.53103965	0.53136883	0.23060345	0.23074026	60107	34911	0
60107	34916	0.00038319	0.02672701	0.47540929	0.02663077	0.47531722	0.53123506	0.53175110	0.23072087	0.23103362	0.53124673	0.53157328	0.23072293	0.23085728	60107	34915	0
60107	34920	0.00050249	0.02668005	0.47472989	0.02678982	0.47437200	0.53120301	0.53142397	0.23071109	0.23073114	0.53147935	0.53199564	0.23096862	0.23119401	60107	34918	0
60107	35021	0.00044609	0.02726193	0.47646220	0.02736052	0.47663140	0.53541439	0.53559023	0.23422656	0.23421530	0.53557355	0.53612459	0.23435244	0.23465048	60107	35020	0
60107	35025	0.00081054	0.02762282	0.47646088	0.02744808	0.47536752	0.53574094	0.53611391	0.23463331	0.23466313	0.53577421	0.53589213	0.23468343	0.23470077	60107	35023	0
60107	35028	0.00007299	0.02762650	0.47385168	0.02746379	0.47606433	0.53596797	0.53629830	0.23475771	0.23476388	0.53602771	0.53622558	0.23486848	0.23474736	60107	35026	0
60107	35031	-0.00090805	0.02777803	0.47562745	0.02762879	0.47857058	0.53586904	0.53627661	0.23483528	0.23494046	0.53563641	0.53602788	0.23470529	0.23468318	60107	35030	0
60107	35034	0.00005800	0.02764681	0.47672288	0.02765713	0.47382472	0.53605992	0.53618483	0.23498714	0.23487990	0.53635443	0.53651244	0.23518049	0.23515214	60107	35033	0
60107	35136	0.00002297	0.02782991	0.47565836	0.02803040	0.47576346	0.53360020	0.53413004	0.23273892	0.23279891	0.53372781	0.53409134	0.23274878	0.23276908	60107	35135	0
60107	35140	0.00084803	0.02783094	0.47649324	0.02774893	0.47401804	0.53346561	0.53393448	0.23247055	0.23261772	0.53318335	0.53340521	0.23228640	0.23223694	60107	35138	0
60107	35143	0.00097303	0.02793020	0.47449305	0.02761943	0.47411805	0.53313306	0.53343265	0.23217161	0.23216495	0.53298186	0.53324062	0.23212814	0.23215731	60107	35141	0
60107	35146	-0.00015081	0.02766202	0.47411298	0.02771415	0.47748451	0.53256574	0.53329354	0.23177940	0.23214441	0.53246262	0.53285523	0.23177546	0.23181729	60107	35144	0
60107	35149	0.00013480	0.02765534	0.47552955	0.02769254	0.47467271	0.53246352	0.53271620	0.23168967	0.23171613	0.53242022	0.53255777	0.23173643	0.23161744	60107	35148	0
60107	35251	0.00152172	0.02697167	0.47677507	0.02712099	0.47261430	0.53125642	0.53134673	0.23021519	0.23029514	0.53138445	0.53158708	0.23036819	0.23039958	60107	35250	0
60107	35255	0.00115898	0.02688949	0.47261322	0.02708592	0.47370145	0.53133802	0.53150968	0.23014682	0.23035932	0.53130918	0.53150853	0.23028783	0.23024559	60107	35253	0
60107	35258	0.00083032	0.02698110	0.47311711	0.02703855	0.47410309	0.53121172	0.53153252	0.23029103	0.23029424	0.53120482	0.53136579	0.23029276	0.23025093	60107	35256	0
60107	35261	-0.00053492	0.02721204	0.47147879	0.02717039	0.47557450	0.53128305	0.53173943	0.23019095	0.23028158	0.53128017	0.53168372	0.23009020	0.23025627	60107	35259	0
60107	35264	0.00014362	0.02714917	0.47318680	0.02708816	0.47115119	0.53134541	0.53170722	0.23018396	0.23020598	0.53112487	0.53144813	0.23012858	0.23027106	60107	35263	0
60107	35366	0.00047701	0.02759199	0.47575528	0.02771996	0.47475509	0.53566591	0.53583239	0.23402433	0.23400362	0.53571965	0.53603897	0.23393961	0.23421267	60107	35365	0
60107	35369	0.00097904	0.02777823	0.47551049	0.02792588	0.47400442	0.53616962	0.53621687	0.23423058	0.23432294	0.53585277	0.53618187	0.23408645	0.23427750	60107	35368	0
60107	35373	0.00088769	0.02781890	0.47432212	0.02774191	0.47459616	0.53594324	0.53617332	0.23406879	0.23429090	0.53580084	0.53635204	0.23420174	0.23456190	60107	35371	0
60107	35376	0.00057847	0.02798249	0.47415215	0.02771915	0.47507979	0.53614571	0.53620603	0.23439903	0.23439156	0.53635887	0.53656701	0.23450405	0.23464497	60107	35374	0
60107	35379	-0.00098559	0.02771683	0.47353139	0.02804814	0.47822359	0.53638483	0.53668878	0.23451391	0.23464637	0.53598613	0.53623717	0.23433527	0.23449197	60107	35378	0
60107	35481	0.00091557	0.02789776	0.47712354	0.02790130	0.47142007	0.53655369	0.53680013	0.23499511	0.23500530	0.53663373	0.53714081	0.23496117	0.23511154	60107	35479	0
60107	35484	0.00174280	0.02811616	0.47450668	0.02776552	0.47202497	0.53624193	0.53668640	0.23470586	0.23480644	0.53645887	0.53679331	0.23476979	0.23487242	60107	35483	0
60107	35488	0.00054131	0.02822430	0.47279796	0.02807549	0.47640244	0.53626798	0.53638951	0.23446214	0.23455984	0.53606921	0.53633019	0.23453478	0.23447447	60107	35486	0
60107	35491	0.00101327	0.02818971	0.47474984	0.02830746	0.47333397	0.53574332	0.53614374	0.23411472	0.23427726	0.53564545	0.53601103	0.23405128	0.23424899	60107	35489	0
60107	35494	-0.00022809	0.02832427	0.47159626	0.02822571	0.47532033	0.53550592	0.53577191	0.23405317	0.23426123	0.53536492	0.53554783	0.23388152	0.23394717	60107	35493	0
60107	35596	0.00062350	0.02770579	0.47628846	0.02788211	0.47373368	0.53167763	0.53210986	0.23070641	0.23086163	0.53184329	0.53225062	0.23078168	0.23084117	60107	35594	0
60107	35599	-0.00100722	0.02782880	0.47210547	0.02756473	0.47699764	0.53204979	0.53235875	0.23110001	0.23104882	0.53207370	0.53248366	0.23109886	0.23123264	60107	35598	0
60107	35603	0.00092889	0.02770028	0.47805834	0.02790245	0.47225001	0.53221421	0.53275885	0.23128202	0.23136616	0.53218628	0.53259598	0.23112967	0.23118333	60107	35601	0
60107	35606	0.00042896	0.02794317	0.47396069	0.02784276	0.47546047	0.53202785	0.53250921	0.23097297	0.23112277	0.53221093	0.53243139	0.23116082	0.23107733	60107	35604	0
60107	35609	0.00020996	0.02776617	0.47310805	0.02793239	0.47376507	0.53269015	0.53267010	0.23140478	0.23142590	0.53241537	0.53261431	0.23124899	0.23138482	60107	35607	0
60107	35711	0.00069412	0.02807210	0.47378072	0.02786777	0.47232824	0.53198101	0.53220509	0.23087790	0.23086935	0.53212572	0.53237560	0.23104947	0.23103559	60107	35709	0
60107	35714	0.00001242	0.02798714	0.47453638	0.02813074	0.47658146	0.53237346	0.53276033	0.23106147	0.23122672	0.53279640	0.53282138	0.23138309	0.23137052	60107	35713	0
60107	35717	0.00044858	0.02807972	0.47480650	0.02829828	0.47349803	0.53257930	0.53298794	0.23135129	0.23151720	0.53292919	0.53320759	0.23158384	0.23156444	60107	35716	0
60107	35721	-0.00020428	0.02827481	0.47497859	0.02824900	0.47693716	0.53292763	0.53318047	0.23174243	0.23170027	0.53288588	0.53333183	0.23164489	0.23172599	60107	35719	0
60107	35724	0.00070386	0.02812393	0.47730921	0.02845479	0.47458477	0.53327069	0.53337127	0.23192920	0.23197210	0.53311219	0.53348253	0.23193216	0.23214589	60107	35722	0
60107	35826	0.00036002	0.02847167	0.47442355	0.02854256	0.47545508	0.53779950	0.53777189	0.23562988	0.23562043	0.53791166	0.53799457	0.23577574	0.23565527	60107	35824	0
60107	35829	0.00046738	0.02842348	0.47427298	0.02860218	0.47395091	0.53809564	0.53839992	0.23593268	0.23593523	0.53817823	0.53861283	0.23585388	0.23617197	60107	35827	0
60107	35832	-0.00000480	0.02838447	0.47553190	0.02824390	0.47694842	0.53818406	0.53835054	0.23605972	0.23607008	0.53809474	0.53831447	0.23609966	0.23608487	60107	35831	0
60107	35836	-0.00032598	0.02843699	0.47450968	0.02855739	0.47547324	0.53856912	0.53884332	0.23635143	0.23640985	0.53847100	0.53879172	0.23637986	0.23651282	60107	35834	0
60107	35839	0.00043755	0.02854718	0.47519970	0.02849078	0.47290911	0.53886460	0.53902599	0.23669277	0.23661931	0.53886132	0.53904505	0.23662128	0.23660312	60107	35837	0
60107	35941	0.00124367	0.02884711	0.47611317	0.02876499	0.47369481	0.53861817	0.53904193	0.23636466	0.23657970	0.53861579	0.53882508	0.23641889	0.23640090	60107	35939	0
60107	35944	0.00113330	0.02871750	0.47480227	0.02891920	0.47513338	0.53847182	0.53878942	0.23633754	0.23634560	0.53870133	0.53867265	0.23645530	0.23637658	60107	35942	0
60107	35947	-0.00042443	0.02898080	0.47290710	0.02887401	0.47758027	0.53857511	0.53885318	0.23622965	0.23642752	0.53840954	0.53885351	0.23622932	0.23638759	60107	35946	0
60107	35951	0.00006409	0.02911689	0.47546381	0.02888167	0.47399825	0.53831553	0.53858210	0.23620089	0.23628791	0.53832778	0.53860560	0.23612201	0.23647756	60107	35949	0
60107	35954	0.00091508	0.02881676	0.47712369	0.02902791	0.47457073	0.53826713	0.53851694	0.23622226	0.23634888	0.53835300	0.53865852	0.23621560	0.23628684	60107	35952	0
60107	36056	0.00049158	0.02868520	0.47416019	0.02881542	0.47543068	0.53631318	0.53679709	0.23432746	0.23436165	0.53640932	0.53690038	0.23453232	0.23451284	60107	36054	0
60107	36059	-0.00023123	0.02886883	0.47332029	0.02882484	0.47548871	0.53637579	0.53673332	0.23425811	0.23431078	0.53665320	0.53676529	0.23451539	0.23445680	60107	36057	0
60107	36062	-0.00005606	0.02881933	0.47443584	0.02877372	0.47391035	0.53607398	0.53665649	0.23408128	0.23426715	0.53622262	0.53628450	0.23407889	0.23409319	60107	36061	0
60107	36065	-0.00012964	0.02867996	0.47414916	0.02882588	0.47436987	0.53604259	0.53648163	0.23403165	0.23398686	0.53614251	0.53610528	0.23397396	0.23376253	60107	36064	0
60107	36069	0.00123621	0.02861388	0.47698038	0.02881304	0.47288283	0.53546960	0.53596945	0.23352046	0.23367469	0.53540444	0.53577914	0.23337074	0.23354182	60107	36067	0
60107	36171	0.00012448	0.02894189	0.47469299	0.02883704	0.47802820	0.53441921	0.53455183	0.23269899	0.23282208	0.53432660	0.53475677	0.23282915	0.23293194	60107	36169	0
60107	36174	0.00191364	0.02888970	0.47784849	0.02897286	0.47248101	0.53439595	0.53471905	0.23281189	0.23291723	0.53458495	0.53464444	0.23297262	0.23303605	60107	36172	0
60107	36177	0.00055453	0.02884585	0.47444681	0.02879116	0.47852415	0.53463219	0.53496630	0.23313409	0.23300795	0.53470294	0.53496203	0.23326827	0.23315348	60107	36176	0
60107	36180	0.00060968	0.02876831	0.47766014	0.02903255	0.47749467	0.53490196	0.53533542	0.23341889	0.23342226	0.53447919	0.53486737	0.23313893	0.23318331	60107	36179	0
60107	36184	0.00024130	0.02893571	0.47619546	0.02886693	0.47730059	0.53470993	0.53498118	0.23310845	0.23322447	0.53460228	0.53500114	0.23303696	0.23318421	60107	36182	0
60107	36286	0.00045870	0.02862823	0.47494752	0.02846712	0.47429534	0.53619592	0.53629699	0.23393928	0.23407035	0.53617825	0.53644712	0.23417323	0.23429558	60107	36284	0
60107	36289	0.00065601	0.02877773	0.47658400	0.02861405	0.47599207	0.53647793	0.53659848	0.23422237	0.23427249	0.53637152	0.53669388	0.23430692	0.23442212	60107	36287	0
60107	36292	-0.00031763	0.02876937	0.47385917	0.02866100	0.47678009	0.53649305	0.53670275	0.23444332	0.23444612	0.53644260	0.53676948	0.23452599	0.23452591	60107	36290	0
60107	36295	0.00162492	0.02872445	0.47820239	0.02885225	0.47237474	0.53669100	0.53708214	0.23463035	0.23470767	0.53683037	0.53686291	0.23480455	0.23465508	60107	36294	0
60107	36299	0.00066958	0.02859631	0.47430727	0.02864202	0.47717330	0.53685888	0.53706529	0.23469502	0.23480077	0.53696850	0.53739940	0.23478113	0.23508287	60107	36297	0
60107	36400	0.00074365	0.02878928	0.47672263	0.02862496	0.47650042	0.53912657	0.53952502	0.23675341	0.23680017	0.53942658	0.53984770	0.23707857	0.23697996	60107	36399	0
60107	36404	0.00188881	0.02877280	0.47915381	0.02876152	0.47571833	0.53945501	0.54001279	0.23688620	0.23698900	0.53958476	0.53988123	0.23688103	0.23712935	60107	36402	0
60107	36407	0.00036325	0.02888923	0.47337042	0.02897823	0.47794708	0.53956191	0.53987433	0.23693173	0.23703206	0.53945156	0.53975230	0.23690560	0.23688119	60107	36405	0
60107	36410	0.00108962	0.02888006	0.47879176	0.02878487	0.47661265	0.53963266	0.53988493	0.23704463	0.23701275	0.53970210	0.53990457	0.23707224	0.23710388	60107	36409	0
60107	36414	0.00126265	0.02881854	0.47444997	0.02899086	0.47393088	0.53972190	0.53990366	0.23711439	0.23709221	0.53952608	0.54001295	0.23704940	0.23708079	60107	36412	0
60107	36515	0.00096924	0.02949409	0.47599580	0.02928751	0.47687604	0.54103977	0.54108167	0.23825124	0.23835297	0.54105661	0.54131759	0.23840934	0.23851065	60107	36514	0
60107	36519	0.00059239	0.02964111	0.47750308	0.02961710	0.47863364	0.54126393	0.54167495	0.23862183	0.23867179	0.54139376	0.54186345	0.23877968	0.23888774	60107	36517	0
60107	36522	0.00088317	0.02961463	0.47974528	0.02961782	0.47887292	0.54182796	0.54190240	0.23888881	0.23896177	0.54188811	0.54219978	0.23902644	0.23904337	60107	36520	0
60107	36525	0.00084293	0.02948074	0.47693379	0.02963549	0.47705451	0.54178482	0.54209025	0.23904304	0.23906613	0.54191867	0.54231375	0.23912217	0.23911018	60107	36524	0
60107	36528	0.00009284	0.02936608	0.47463826	0.02969494	0.47688854	0.54212361	0.54220981	0.23936417	0.23914272	0.54200389	0.54229231	0.23918553	0.23927214	60107	36527	0
60107	36630	0.00080419	0.02944752	0.47810950	0.02957642	0.47597544	0.54267038	0.54296521	0.23962580	0.23966048	0.54257900	0.54315560	0.23959285	0.23972885	60107	36629	0
60107	36634	0.00077725	0.02950167	0.47631426	0.02951461	0.47639509	0.54314065	0.54338774	0.23966533	0.23989820	0.54319554	0.54340853	0.23994036	0.23989853	60107	36632	0
60107	36637	0.00091806	0.02965065	0.47720271	0.02935398	0.47678026	0.54298748	0.54306382	0.23977823	0.23972844	0.54281212	0.54321945	0.23971603	0.23979919	60107	36635	0
60107	36640	0.00097025	0.02959938	0.47694157	0.02945016	0.47678500	0.54312922	0.54354321	0.23989590	0.23995950	0.54312142	0.54363474	0.23984471	0.23999878	60107	36638	0
60107	36643	0.00044807	0.02962730	0.47539594	0.02949043	0.47696248	0.54305141	0.54353096	0.23966516	0.23995359	0.54322504	0.54350163	0.23984200	0.23983181	60107	36642	0
60107	36745	0.00051181	0.02968852	0.47608243	0.02949469	0.47589120	0.54438193	0.54448974	0.24094474	0.24087703	0.54434553	0.54461784	0.24086511	0.24101582	60107	36744	0
60107	36748	0.00097672	0.02942284	0.47952366	0.02945609	0.47812892	0.54446188	0.54463748	0.24098821	0.24108279	0.54426985	0.54460289	0.24089692	0.24102001	60107	36747	0
60107	36752	0.00051162	0.02951245	0.47773032	0.02956542	0.47912564	0.54436582	0.54481908	0.24115682	0.24112272	0.54430502	0.54459040	0.24094992	0.24100251	60107	36750	0
60107	36755	-0.00028255	0.02937826	0.47607234	0.02965516	0.47845485	0.54418242	0.54450675	0.24094457	0.24094079	0.54412909	0.54436796	0.24092148	0.24091779	60107	36753	0
60107	36758	0.00100116	0.02944380	0.47925771	0.02959878	0.47540659	0.54419154	0.54465096	0.24087029	0.24101031	0.54384058	0.54441882	0.24063405	0.24090719	60107	36757	0
60107	36860	0.00050611	0.02955031	0.47664539	0.02944278	0.47813053	0.54231104	0.54267819	0.23898782	0.23914855	0.54238524	0.54290440	0.23906786	0.23933204	60107	36859	0
60107	36863	-0.00043431	0.02959686	0.47637928	0.02945595	0.47920054	0.54251729	0.54292133	0.23908232	0.23932390	0.54250973	0.54266060	0.23901313	0.23907805	60107	36862	0
60107	36867	-0.00042113	0.02934533	0.47556375	0.02944015	0.47552422	0.54244917	0.54312076	0.23901946	0.23933401	0.54227653	0.54258476	0.23871181	0.23890795	60107	36865	0
60107	36870	0.00081663	0.02937973	0.47619219	0.02941570	0.47247890	0.54228721	0.54256446	0.23890121	0.23889275	0.54228721	0.54255082	0.23868962	0.23882981	60107	36868	0
60107	36873	0.00028134	0.02933546	0.47489162	0.02933195	0.47649748	0.54243060	0.54259930	0.23883663	0.23889801	0.54219724	0.54271524	0.23871493	0.23886046	60107	36872	0
60107	36975	-0.00075665	0.02931366	0.47671480	0.02973869	0.47982878	0.54114002	0.54120123	0.23803036	0.23814745	0.54095587	0.54139039	0.23783685	0.23818591	60107	36973	0
60107	36978	0.00079588	0.02941448	0.48051381	0.02959024	0.47585620	0.54111997	0.54151784	0.23808188	0.23813916	0.54067041	0.54101446	0.23791779	0.23811911	60107	36977	0
60107	36982	0.00099239	0.02936877	0.47734047	0.02934120	0.47675094	0.54093533	0.54128020	0.23791524	0.23800850	0.54093640	0.54118554	0.23786224	0.23788533	60107	36980	0
60107	36985	-0.00006233	0.02937514	0.47584327	0.02925146	0.47900744	0.54101487	0.54162483	0.23813176	0.23816734	0.54070278	0.54115809	0.23787045	0.23813710	60107	36983	0
60107	36988	0.00042407	0.02942923	0.47668283	0.02952282	0.47522364	0.54099367	0.54129737	0.23820095	0.23822626	0.54105727	0.54136377	0.23818986	0.23822478	60107	36987	0
60107	37090	0.00018424	0.02925525	0.47656028	0.02929449	0.47727975	0.54014336	0.54051551	0.23696961	0.23703222	0.54018847	0.54047812	0.23699993	0.23710683	60107	37088	0
60107	37093	0.00032634	0.02924764	0.47818157	0.02914441	0.47775529	0.54034402	0.54066285	0.23718769	0.23722902	0.54002824	0.54042463	0.23718366	0.23723839	60107	37092	0
60107	37097	0.00009011	0.02910644	0.47699519	0.02928742	0.47770387	0.54019915	0.54061469	0.23714726	0.23722533	0.54026974	0.54052209	0.23706123	0.23719903	60107	37095	0
60107	37100	-0.00029213	0.02913054	0.47772123	0.02921851	0.47886796	0.54024336	0.54046539	0.23718572	0.23709180	0.54024073	0.54066055	0.23716370	0.23724447	60107	37098	0
60107	37103	-0.00054528	0.02894580	0.47784799	0.02907239	0.47860742	0.54044197	0.54082168	0.23733190	0.23742591	0.54033893	0.54064403	0.23721588	0.23728260	60107	37101	0
60107	37205	0.00079823	0.02915039	0.47922477	0.02900845	0.47519425	0.54196066	0.54227850	0.23866859	0.23889283	0.54201391	0.54268854	0.23889234	0.23902496	60107	37203	0
60107	37208	0.00004586	0.02896956	0.47676226	0.02907376	0.47901937	0.54237193	0.54253093	0.23898322	0.23899136	0.54221835	0.54268731	0.23888355	0.23902250	60107	37207	0
60107	37212	0.00096110	0.02903887	0.48015955	0.02917684	0.47741384	0.54226174	0.54251762	0.23884649	0.23904633	0.54219403	0.54258722	0.23902669	0.23901453	60107	37210	0
60107	37215	-0.00005043	0.02893718	0.47540855	0.02916659	0.47844312	0.54210052	0.54243060	0.23887640	0.23892685	0.54218779	0.54250801	0.23896293	0.23903630	60107	37213	0
60107	37218	0.00046570	0.02893311	0.47790547	0.02892568	0.47635708	0.54222246	0.54257999	0.23887065	0.23896860	0.54201186	0.54248303	0.23878075	0.23900968	60107	37217	0
60107	37320	0.00003135	0.02906798	0.47713533	0.02912305	0.47843838	0.54154397	0.54193289	0.23824968	0.23833505	0.54135843	0.54172327	0.23822667	0.23824516	60107	37318	0
60107	37323	0.00040398	0.02885495	0.47738982	0.02915877	0.47627193	0.54185524	0.54203873	0.23848723	0.23840260	0.54174529	0.54196403	0.23851862	0.23845913	60107	37322	0
60107	37326	0.00013143	0.02897717	0.47677182	0.02917134	0.47758946	0.54162943	0.54188014	0.23841049	0.23835017	0.54148694	0.54180084	0.23831163	0.23827687	60107	37325	0
60107	37330	0.00012478	0.02913471	0.47626700	0.02899222	0.47628698	0.54179583	0.54196387	0.23830177	0.23851714	0.54188498	0.54210718	0.23847179	0.23838016	60107	37328	0
60107	37333	0.00081864	0.02939053	0.48051990	0.02931864	0.47843833	0.54161439	0.54192533	0.23840712	0.23846677	0.54176493	0.54185376	0.23846250	0.23837343	60107	37331	0
60107	37435	0.00055209	0.02931035	0.47755709	0.02929027	0.47835674	0.54276496	0.54302552	0.23939063	0.23926606	0.54286282	0.54337788	0.23946409	0.23967437	60107	37433	0
60107	37438	-0.00083652	0.02928609	0.47604743	0.02923537	0.48021325	0.54262132	0.54305100	0.23929942	0.23939605	0.54290473	0.54315798	0.23931536	0.23925307	60107	37436	0
60107	37441	-0.00004829	0.02933883	0.48091510	0.02907594	0.47855040	0.54290309	0.54342028	0.23941281	0.23960164	0.54296455	0.54355742	0.23958948	0.23964552	60107	37440	0
60107	37445	-0.00015518	0.02919961	0.47769159	0.02915324	0.47801226	0.54291459	0.54353063	0.23954700	0.23964232	0.54318543	0.54344361	0.23952679	0.23953714	60107	37443	0
60107	37448	0.00043303	0.02909427	0.47753066	0.02921764	0.47576604	0.54337245	0.54354329	0.23953237	0.23970592	0.54320868	0.54357821	0.23951931	0.23957979	60107	37446	0
60107	37550	0.00010396	0.02884880	0.47789638	0.02893273	0.47888359	0.54650048	0.54656243	0.24264364	0.24257872	0.54653877	0.54683771	0.24247650	0.24255637	60107	37548	0
60107	37553	0.00146713	0.02900345	0.48018683	0.02899678	0.47609732	0.54686474	0.54699564	0.24276048	0.24284611	0.54708751	0.54720428	0.24288760	0.24293576	60107	37551	0
60107	37556	0.00104581	0.02904291	0.47619148	0.02912622	0.47745544	0.54694544	0.54720009	0.24295983	0.24290502	0.54689909	0.54723312	0.24285473	0.24292540	60107	37555	0
60107	37560	-0.00016722	0.02949804	0.47699222	0.02940963	0.48063129	0.54713188	0.54764932	0.24302467	0.24328351	0.54688660	0.54727059	0.24291423	0.24300232	60107	37558	0
60107	37563	0.00027908	0.02928260	0.47793901	0.02940850	0.47660012	0.54699474	0.54722548	0.24296008	0.24287142	0.54681380	0.54735079	0.24282080	0.24296846	60107	37561	0
60107	37665	-0.00005803	0.02972323	0.47706806	0.02956901	0.47807939	0.54966466	0.55029310	0.24522695	0.24544248	0.54983516	0.55027692	0.24522029	0.24547856	60107	37663	0
60107	37668	0.00065843	0.02949830	0.47988325	0.02963827	0.47773387	0.55012819	0.55055055	0.24551225	0.24550781	0.55007108	0.55036213	0.24542136	0.24530616	60107	37666	0
60107	37671	0.00053028	0.02956667	0.47612027	0.02975404	0.47650472	0.54994741	0.55038588	0.24526392	0.24530156	0.54995858	0.55044159	0.24532037	0.24554298	60107	37669	0
60107	37674	0.00011392	0.02960010	0.47718209	0.02960111	0.47843117	0.55013911	0.55034849	0.24540329	0.24550674	0.55001808	0.55040519	0.24545242	0.24555941	60107	37673	0
60107	37678	0.00005003	0.02965536	0.47858761	0.02964386	0.47877927	0.55029401	0.55046690	0.24555144	0.24551997	0.55008184	0.55053255	0.24531035	0.24545431	60107	37676	0
60107	37779	0.00123518	0.02990594	0.48027252	0.02967467	0.47671707	0.54955446	0.55004815	0.24504592	0.24510221	0.54985020	0.55017724	0.24515431	0.24521922	60107	37778	0
60107	37783	-0.00029102	0.02990758	0.47646094	0.02989636	0.48103953	0.54996729	0.55025358	0.24522497	0.24544404	0.54939949	0.54973064	0.24488528	0.24488782	60107	37781	0
60107	37786	0.00107339	0.03005448	0.48163290	0.02993429	0.47753967	0.54964304	0.54993467	0.24513327	0.24522045	0.54953055	0.54973738	0.24504658	0.24496022	60107	37784	0
60107	37789	0.00108639	0.02991095	0.47777340	0.02973788	0.47773440	0.54956186	0.55006705	0.24491535	0.24515899	0.54927771	0.54977189	0.24467286	0.24489218	60107	37788	0
60107	37793	0.00044190	0.03002728	0.47949673	0.02994274	0.48143021	0.54909858	0.54972374	0.24470557	0.24472948	0.54933227	0.54942118	0.24485685	0.24472019	60107	37791	0
60107	37894	0.00078684	0.02957098	0.47906515	0.02960441	0.47803033	0.55192495	0.55234222	0.24713324	0.24734763	0.55216875	0.55238453	0.24721681	0.24735576	60107	37893	0
60107	37898	0.00044084	0.02981887	0.48030828	0.02968370	0.48134628	0.55192092	0.55225027	0.24715181	0.24729085	0.55197869	0.55238421	0.24728091	0.24733613	60107	37896	0
60107	37901	0.00145098	0.02987683	0.48082581	0.02961455	0.47779539	0.55212216	0.55258996	0.24718362	0.24741854	0.55195478	0.55240516	0.24719717	0.24733358	60107	37899	0
60107	37904	-0.00024082	0.02974727	0.47636142	0.02983620	0.48143683	0.55196069	0.55219028	0.24709323	0.24714606	0.55187622	0.55216201	0.24695345	0.24690793	60107	37903	0
60107	37907	0.00117733	0.02974047	0.47992277	0.02960395	0.47566831	0.55143093	0.55172765	0.24688977	0.24680176	0.55157556	0.55201846	0.24677950	0.24703858	60107	37906	0
60107	38009	0.00035746	0.02980480	0.47831748	0.02955550	0.48077710	0.55038703	0.55075195	0.24552646	0.24567988	0.55037396	0.55096740	0.24568366	0.24582984	60107	38008	0
60107	38013	-0.00063802	0.02999100	0.47795645	0.02971790	0.48094287	0.55026328	0.55085368	0.24559959	0.24565144	0.55060100	0.55077323	0.24577339	0.24583189	60107	38011	0
60107	38016	0.00122380	0.02972411	0.48043426	0.02979807	0.47484880	0.55047618	0.55073880	0.24566295	0.24577035	0.55061859	0.55067586	0.24574085	0.24567158	60107	38014	0
60107	38019	0.00048862	0.02990929	0.47711043	0.02998935	0.47931599	0.55003788	0.55047815	0.24551553	0.24545341	0.55027462	0.55068860	0.24563821	0.24552317	60107	38017	0
60107	38022	0.00052905	0.03000865	0.47817452	0.03022797	0.47805321	0.55021521	0.55051102	0.24551282	0.24557437	0.55020214	0.55051094	0.24542432	0.24553345	60107	38021	0
60107	38124	0.00062518	0.02963033	0.47907392	0.02972186	0.47878553	0.54981881	0.55024610	0.24529679	0.24531503	0.54999227	0.55026500	0.24522522	0.24541323	60107	38123	0
60107	38127	0.00065355	0.03001072	0.47907219	0.02981087	0.47898708	0.55004273	0.55045227	0.24510155	0.24535735	0.55011438	0.55036040	0.24513401	0.24524198	60107	38126	0
60107	38131	-0.00005437	0.02982969	0.47829888	0.02987526	0.48042263	0.54995924	0.55030609	0.24525858	0.24519934	0.54973598	0.55020272	0.24511905	0.24515324	60107	38129	0
60107	38134	0.00098070	0.02987663	0.48058590	0.02993115	0.47748070	0.54993097	0.55016976	0.24515907	0.24522555	0.54977000	0.55025646	0.24499563	0.24519564	60107	38132	0
60107	38137	0.00051603	0.02968285	0.47710353	0.02972068	0.47849754	0.54978668	0.55011997	0.24493261	0.24500319	0.54977205	0.55017634	0.24504050	0.24512579	60107	38136	0
60107	38239	0.00002245	0.02984164	0.47792146	0.02976463	0.47940222	0.54879495	0.54930680	0.24444097	0.24434615	0.54893128	0.54959670	0.24440482	0.24461370	60107	38237	0
60107	38242	0.00032962	0.02981329	0.48038987	0.03001234	0.47946835	0.54872486	0.54904541	0.24434820	0.24450967	0.54861459	0.54925150	0.24413291	0.24436234	60107	38241	0
60107	38246	-0.00053977	0.02995335	0.47873156	0.02998441	0.48133971	0.54877252	0.54923704	0.24436702	0.24443062	0.54902742	0.54920458	0.24441599	0.24448642	60107	38244	0
60107	38249	0.00033332	0.02991696	0.48166443	0.03001815	0.47904518	0.54886907	0.54925988	0.24430432	0.24434335	0.54866750	0.54897795	0.24421722	0.24428534	60107	38247	0
60107	38252	0.00031893	0.02994191	0.47953027	0.02978022	0.47957343	0.54867983	0.54887581	0.24428090	0.24426159	0.54894968	0.54926497	0.24441180	0.24429339	60107	38250	0
60107	38354	0.00025166	0.02924963	0.47805562	0.02953935	0.47825744	0.54955101	0.55001816	0.24507682	0.24520090	0.54967279	0.55011767	0.24520131	0.24531495	60107	38352	0
60107	38357	0.00058590	0.02915168	0.47974553	0.02918332	0.47874280	0.54995883	0.55040371	0.24517871	0.24537642	0.54970459	0.55037043	0.24519728	0.24545037	60107	38356	0
60107	38360	0.00094627	0.02933379	0.47986370	0.02925794	0.47878257	0.54992514	0.55033312	0.24530871	0.24537362	0.54993040	0.54998019	0.24519432	0.24516400	60107	38359	0
60107	38364	0.00059017	0.02937574	0.47947338	0.02930131	0.48054169	0.54969440	0.55010699	0.24505882	0.24526894	0.54951116	0.54994881	0.24495627	0.24508479	60107	38362	0
60107	38367	0.00007550	0.02946335	0.47747885	0.02952313	0.47902287	0.54929825	0.54994034	0.24503491	0.24514436	0.54967994	0.55005661	0.24506457	0.24518701	60107	38365	0
60107	38469	0.00105686	0.02965651	0.47921740	0.02939341	0.47627332	0.54935914	0.54941748	0.24496745	0.24487805	0.54935232	0.54980098	0.24484000	0.24491412	60107	38467	0
60107	38472	0.00090107	0.02935564	0.47690250	0.02950656	0.47736987	0.54948684	0.54986746	0.24498084	0.24502719	0.54967164	0.54990682	0.24505603	0.24507090	60107	38470	0
60107	38475	-0.00013596	0.02943177	0.47690870	0.02967539	0.48001979	0.54959374	0.55001241	0.24501872	0.24506564	0.54936867	0.54996121	0.24487796	0.24507082	60107	38474	0
60107	38479	0.00029450	0.02948878	0.48024463	0.02943891	0.47895326	0.54931937	0.54951814	0.24492636	0.24474386	0.54925437	0.54957813	0.24484230	0.24484074	60107	38477	0
60107	38482	-0.00006893	0.02960605	0.47890510	0.02965873	0.47999538	0.54914714	0.54934271	0.24471543	0.24475569	0.54924057	0.54952201	0.24477402	0.24487098	60107	38480	0
60107	38584	-0.00000167	0.02970014	0.48003064	0.02959164	0.47982885	0.54840718	0.54873669	0.24388969	0.24417786	0.54843882	0.54883037	0.24405296	0.24417630	60107	38582	0
60107	38587	0.00020941	0.02964546	0.47893181	0.02955415	0.47829858	0.54849125	0.54881484	0.24407580	0.24430638	0.54866594	0.54902758	0.24430063	0.24432930	60107	38585	0
60107	38590	0.00032043	0.02987878	0.47944000	0.02965632	0.47910694	0.54856159	0.54888214	0.24416677	0.24427178	0.54849963	0.54891435	0.24414105	0.24432068	60107	38589	0
60107	38594	0.00094424	0.02953989	0.48025700	0.02972158	0.47838555	0.54856364	0.54897598	0.24419569	0.24445174	0.54873028	0.54901854	0.24420046	0.24428066	60107	38592	0
60107	38597	0.00072383	0.02945071	0.47986697	0.02980321	0.48052821	0.54858344	0.54902561	0.24431188	0.24439003	0.54847563	0.54897680	0.24428049	0.24427022	60107	38595	0
60107	38699	0.00055042	0.02942803	0.48029069	0.02957915	0.48081092	0.54873891	0.54911583	0.24426505	0.24431575	0.54891681	0.54931633	0.24435009	0.24455495	60107	38697	0
60107	38702	0.00045065	0.02963962	0.47914280	0.02969454	0.47944210	0.54891911	0.54902018	0.24449036	0.24439923	0.54885502	0.54925692	0.24426628	0.24439989	60107	38700	0
60107	38705	0.00093261	0.02951478	0.47962186	0.02968603	0.47817598	0.54862749	0.54903744	0.24429159	0.24430999	0.54885543	0.54928568	0.24428206	0.24435420	60107	38703	0
60107	38708	-0.00058314	0.02969972	0.47719859	0.02968243	0.48174584	0.54915273	0.54922701	0.24460277	0.24443276	0.54897433	0.54935421	0.24435502	0.24448149	60107	38707	0
60107	38712	0.00019786	0.02938598	0.48110718	0.02965888	0.47876420	0.54906341	0.54945635	0.24444410	0.24464739	0.54931395	0.54967641	0.24438198	0.24466793	60107	38710	0
60107	38814	0.00115847	0.02931445	0.48187258	0.02923738	0.47899075	0.55007929	0.55043370	0.24554446	0.24573370	0.55072368	0.55083930	0.24589212	0.24599689	60107	38812	0
60107	38817	0.00118787	0.02917150	0.47853627	0.02933403	0.47844807	0.55045506	0.55084242	0.24593461	0.24594093	0.55077562	0.55109173	0.24585030	0.24610873	60107	38815	0
60107	38820	0.00105956	0.02930477	0.47847181	0.02937594	0.47885672	0.55084546	0.55089123	0.24602516	0.24599369	0.55045465	0.55079698	0.24577183	0.24595055	60107	38818	0
60107	38823	0.00070541	0.02941097	0.47890627	0.02948970	0.47996871	0.55044118	0.55054126	0.24561784	0.24581653	0.55026426	0.55070708	0.24571948	0.24578974	60107	38822	0
60107	38827	0.00003927	0.02949284	0.47852980	0.02938299	0.48052821	0.55037413	0.55078367	0.24580387	0.24578703	0.55040905	0.55070322	0.24576632	0.24596156	60107	38825	0
60107	38928	0.00115455	0.02951179	0.48153778	0.02958005	0.47819196	0.55157868	0.55223400	0.24679716	0.24686175	0.55194549	0.55231148	0.24692206	0.24700119	60107	38927	0
60107	38932	-0.00024607	0.02962969	0.47891622	0.02974231	0.48311807	0.55207910	0.55232800	0.24700645	0.24691541	0.55167638	0.55237352	0.24684712	0.24714779	60107	38930	0
60107	38935	0.00055688	0.02979780	0.48128060	0.02976282	0.47887176	0.55190137	0.55247081	0.24701722	0.24706948	0.55196579	0.55204081	0.24688615	0.24692124	60107	38933	0
60107	38938	0.00089471	0.02962731	0.48062189	0.02945338	0.47960839	0.55177614	0.55209718	0.24678147	0.24684745	0.55191295	0.55236013	0.24675460	0.24695797	60107	38937	0
60107	38942	0.00000644	0.02971833	0.47740299	0.02966646	0.48006779	0.55192133	0.55220704	0.24678870	0.24680398	0.55150998	0.55187877	0.24659034	0.24660907	60107	38940	0
60107	39043	0.00032227	0.02960517	0.48097428	0.02976108	0.48002680	0.55236013	0.55267205	0.24777262	0.24773745	0.55262415	0.55313755	0.24783614	0.24807411	60107	39042	0
60107	39047	-0.00014812	0.02976583	0.47853131	0.02991433	0.47994249	0.55284149	0.55313082	0.24803302	0.24801199	0.55287773	0.55303254	0.24787484	0.24770023	60107	39045	0
60107	39050	0.00119396	0.02991375	0.48496226	0.03006995	0.48093600	0.55237139	0.55283418	0.24765569	0.24777558	0.55238716	0.55265997	0.24775109	0.24778799	60107	39048	0
60107	39053	0.00137498	0.02985337	0.48099880	0.02975948	0.48045575	0.55282949	0.55279597	0.24783869	0.24778412	0.55294766	0.55296162	0.24793902	0.24799194	60107	39052	0
60107	39056	0.00085360	0.03002831	0.47905972	0.02966006	0.48062384	0.55276269	0.55309934	0.24780048	0.24804494	0.55290123	0.55336772	0.24804502	0.24821692	60107	39055	0
60107	39158	0.00026690	0.02966962	0.47834681	0.02956778	0.48010693	0.55345605	0.55391810	0.24827839	0.24836039	0.55357397	0.55406486	0.24838398	0.24863616	60107	39157	0
60107	39162	0.00075469	0.02969724	0.48062059	0.02980932	0.47915722	0.55375589	0.55388154	0.24839630	0.24831955	0.55399542	0.55438278	0.24855958	0.24868522	60107	39160	0
60107	39165	0.00126615	0.02959750	0.48121611	0.02982934	0.47968172	0.55385656	0.55419527	0.24869097	0.24876501	0.55385549	0.55441623	0.24860362	0.24875367	60107	39163	0
60107	39168	0.00073593	0.02960530	0.47950992	0.02966747	0.48110059	0.55410800	0.55452675	0.24871817	0.24875547	0.55380027	0.55404678	0.24863723	0.24870478	60107	39166	0
60107	39171	0.00030467	0.02962460	0.47999902	0.02955149	0.48129280	0.55410348	0.55453513	0.24884044	0.24888227	0.55407341	0.55452083	0.24890766	0.24894858	60107	39170	0
60107	39273	0.00001464	0.02953254	0.47970362	0.02954704	0.48057370	0.55459404	0.55506045	0.24947333	0.24960324	0.55449437	0.55479643	0.24939321	0.24935845	60107	39272	0
60107	39276	0.00110867	0.02972031	0.48234900	0.02964100	0.47906692	0.55476595	0.55502643	0.24954687	0.24943898	0.55506752	0.55514172	0.24970727	0.24989963	60107	39275	0
60107	39280	0.00075701	0.02975569	0.47914518	0.02971411	0.48020014	0.55470925	0.55511452	0.24957834	0.24982535	0.55475748	0.55494196	0.24965936	0.24954769	60107	39278	0
60107	39283	0.00063007	0.02983305	0.47958883	0.02986833	0.47996965	0.55475173	0.55511781	0.24952263	0.24966018	0.55489742	0.55522101	0.24964515	0.24967317	60107	39281	0
60107	39286	-0.00006650	0.02971277	0.47976981	0.02980306	0.48185954	0.55507105	0.55528470	0.24962699	0.24990037	0.55473809	0.55524509	0.24953758	0.24968533	60107	39285	0
60107	39388	0.00060692	0.02979421	0.48124878	0.02987420	0.47922851	0.55536251	0.55561544	0.24984096	0.24987868	0.55530154	0.55570566	0.24998821	0.24993398	60107	39386	0
60107	39391	0.00056033	0.03002789	0.47997604	0.02986833	0.48011579	0.55561010	0.55613608	0.25018049	0.25022314	0.55567772	0.55584437	0.25012790	0.25004458	60107	39390	0
60107	39395	0.00133940	0.03010645	0.48259488	0.03004920	0.48025768	0.55566975	0.55574108	0.25021796	0.25020350	0.55549555	0.55598077	0.25018838	0.25028370	60107	39393	0
60107	39398	0.00023378	0.03005175	0.48018132	0.03005383	0.48349817	0.55570262	0.55592144	0.25020761	0.25019192	0.55559046	0.55608275	0.25030030	0.25049628	60107	39396	0
60107	39401	0.00051985	0.03015904	0.48061790	0.03018420	0.47975970	0.55566236	0.55605925	0.25037672	0.25042972	0.55583442	0.55590082	0.25057327	0.25041822	60107	39400	0
60107	39503	0.00047792	0.03007191	0.48183160	0.02981997	0.48195740	0.55680618	0.55707456	0.25153328	0.25169541	0.55688384	0.55734063	0.25174438	0.25162901	60107	39501	0
60107	39506	-0.00020685	0.03030899	0.47900399	0.03008005	0.48105828	0.55676132	0.55701022	0.25152589	0.25154947	0.55685508	0.55708762	0.25160568	0.25156032	60107	39505	0
60107	39510	0.00003786	0.03019217	0.48256025	0.03005122	0.48182614	0.55689772	0.55713076	0.25174668	0.25151907	0.55708984	0.55707406	0.25174184	0.25151323	60107	39508	0
60107	39513	0.00039397	0.02989251	0.47930517	0.03001022	0.47823683	0.55682237	0.55728434	0.25150403	0.25163920	0.55668243	0.55737769	0.25152556	0.25182475	60107	39511	0
60107	39516	0.00026149	0.02991395	0.48196156	0.02998479	0.48235901	0.55642663	0.55688811	0.25125226	0.25151537	0.55655647	0.55685614	0.25120164	0.25133607	60107	39514	0
60107	39618	0.00040506	0.02965443	0.48049453	0.02981481	0.48006384	0.55761500	0.55820639	0.25211588	0.25237702	0.55777762	0.55819653	0.25236642	0.25250710	60107	39616	0
60107	39621	0.00064799	0.02983496	0.48095546	0.02992958	0.48022666	0.55781476	0.55822208	0.25224670	0.25231663	0.55777606	0.55817451	0.25222073	0.25227381	60107	39620	0
60107	39625	-0.00007439	0.02975994	0.47890848	0.02969008	0.48107563	0.55788239	0.55811887	0.25223873	0.25230175	0.55772651	0.55808067	0.25215220	0.25227455	60107	39623	0
60107	39628	0.00023883	0.02984687	0.48068488	0.02970264	0.47974521	0.55782067	0.55824468	0.25223815	0.25240167	0.55771476	0.55814780	0.25228466	0.25226428	60107	39626	0
60107	39631	-0.00000992	0.02985576	0.48080193	0.02963308	0.48154818	0.55783284	0.55825372	0.25232369	0.25217833	0.55782100	0.55820047	0.25243191	0.25240274	60107	39629	0
60107	39733	0.00061420	0.02978430	0.48159154	0.02984076	0.47971918	0.55766545	0.55807105	0.25236692	0.25253578	0.55788329	0.55831584	0.25239017	0.25254309	60107	39731	0
60107	39736	0.00077155	0.02994947	0.48127158	0.03008538	0.48079955	0.55790679	0.55808535	0.25249691	0.25249938	0.55846186	0.55840763	0.25286989	0.25252066	60107	39735	0
60107	39739	-0.00047099	0.02987601	0.47870928	0.02991425	0.48243690	0.55818124	0.55858980	0.25274885	0.25274334	0.55835528	0.55868085	0.25290161	0.25281155	60107	39738	0
60107	39743	0.00172009	0.03006074	0.48166897	0.03000418	0.47509574	0.55853820	0.55892736	0.25297868	0.25302462	0.55843031	0.55852727	0.25288090	0.25283842	60107	39741	0
60107	39746	0.00058052	0.03018319	0.47917125	0.03007195	0.48258994	0.55828766	0.55878915	0.25270711	0.25278114	0.55831789	0.55882530	0.25269092	0.25286997	60107	39744	0
60107	39848	0.00080786	0.03029026	0.48176578	0.03008374	0.48108377	0.55867994	0.55914117	0.25329340	0.25329356	0.55871109	0.55893903	0.25316751	0.25334303	60107	39846	0
60107	39851	0.00064352	0.03024054	0.48043433	0.03036495	0.48092734	0.55854091	0.55908875	0.25307334	0.25326867	0.55871478	0.55913936	0.25313596	0.25314212	60107	39849	0
60107	39854	0.00056209	0.03022240	0.48099029	0.03025230	0.48123459	0.55880961	0.55934734	0.25342578	0.25348133	0.55910230	0.55928867	0.25340063	0.25351214	60107	39853	0
60107	39858	-0.00079895	0.03037090	0.47902975	0.03043688	0.48311288	0.55902942	0.55935515	0.25352274	0.25377747	0.55907313	0.55959254	0.25368470	0.25380147	60107	39856	0
60107	39861	0.00074919	0.03035019	0.48266605	0.03046328	0.47802161	0.55917338	0.55964579	0.25366473	0.25368634	0.55919565	0.55948777	0.25353827	0.25362340	60107	39859	0
60107	39963	-0.00076188	0.03024894	0.47916686	0.03039155	0.48370009	0.55893607	0.55925580	0.25348995	0.25352693	0.55903312	0.55953165	0.25352011	0.25365734	60107	39961	0
60107	39966	0.00054036	0.03028706	0.48308838	0.03044929	0.47918164	0.55927675	0.55949336	0.25345191	0.25353572	0.55916418	0.55965269	0.25345922	0.25363778	60107	39964	0
60107	39969	0.00041846	0.03036660	0.47910531	0.03035693	0.47947101	0.55909080	0.55949500	0.25356810	0.25350351	0.55906303	0.55949812	0.25340195	0.25361559	60107	39968	0
60107	39973	-0.00029714	0.03034731	0.48149706	0.03040063	0.48364387	0.55890813	0.55932203	0.25333473	0.25355947	0.55882202	0.55940543	0.25326234	0.25351929	60107	39971	0
60107	39976	-0.00016162	0.03033227	0.48036049	0.03035507	0.47995392	0.55880131	0.55921874	0.25318181	0.25336834	0.55889655	0.55911578	0.25321846	0.25331255	60107	39974	0
60107	40078	0.00013087	0.02993450	0.48148626	0.02994387	0.48060881	0.56022321	0.56038254	0.25447987	0.25448324	0.56008853	0.56049429	0.25438357	0.25449680	60107	40076	0
60107	40081	0.00053670	0.02996466	0.48102308	0.03015635	0.47980559	0.55965154	0.56023356	0.25423829	0.25435070	0.56023586	0.56060095	0.25448185	0.25454183	60107	40079	0
60107	40084	0.00093336	0.02984999	0.48080185	0.02986981	0.47961186	0.56009904	0.56046463	0.25455950	0.25450124	0.56039609	0.56057646	0.25472738	0.25469623	60107	40083	0
60107	40087	0.00033365	0.02983652	0.47994444	0.02995719	0.48174358	0.56020718	0.56051467	0.25443616	0.25450066	0.56015969	0.56054754	0.25442071	0.25459664	60107	40086	0
60107	40091	0.00049776	0.02990113	0.48052767	0.03005489	0.48003532	0.56012822	0.56065000	0.25438398	0.25455013	0.55996502	0.56067005	0.25429244	0.25451151	60107	40089	0
60107	40193	0.00122856	0.03022011	0.48190688	0.03018481	0.47971448	0.56010315	0.56043751	0.25425850	0.25427806	0.55984974	0.56019017	0.25411635	0.25425136	60107	40191	0
60107	40196	0.00084224	0.03033222	0.48068245	0.03016274	0.48184141	0.55987694	0.55997743	0.25438423	0.25410764	0.55999419	0.56037572	0.25408447	0.25431298	60107	40194	0
60107	40199	-0.00048222	0.03019105	0.48004822	0.03029580	0.48402163	0.56014580	0.56030858	0.25415439	0.25409712	0.56030842	0.56027711	0.25429893	0.25417954	60107	40197	0
60107	40202	0.00093186	0.03024986	0.48372305	0.03055253	0.47948081	0.56019371	0.56067918	0.25440009	0.25437075	0.56034556	0.56060029	0.25434971	0.25433032	60107	40201	0
60107	40206	0.00034206	0.03051646	0.48127704	0.03061084	0.48304644	0.56029379	0.56064039	0.25415595	0.25424437	0.56030866	0.56060440	0.25430008	0.25433336	60107	40204	0
60107	40307	0.00057803	0.03052732	0.48134292	0.03068087	0.48063500	0.56132488	0.56152045	0.25568673	0.25550201	0.56137887	0.56171174	0.25568574	0.25576339	60107	40306	0
60107	40311	0.00016876	0.03050388	0.48052437	0.03056560	0.48175217	0.56157895	0.56195998	0.25579881	0.25602371	0.56173820	0.56192794	0.25612635	0.25584483	60107	40309	0
60107	40314	0.00000113	0.03070876	0.48024849	0.03060697	0.48075138	0.56169605	0.56209417	0.25592987	0.25591804	0.56153491	0.56200888	0.25599011	0.25592511	60107	40312	0
60107	40317	-0.00003088	0.03074782	0.48078802	0.03073420	0.48088405	0.56161864	0.56224191	0.25582946	0.25605699	0.56163664	0.56202843	0.25594844	0.25589150	60107	40316	0
60107	40321	0.00037194	0.03057472	0.48290225	0.03065981	0.48169380	0.56200485	0.56238333	0.25613029	0.25623103	0.56184544	0.56206311	0.25601303	0.25611492	60107	40319	0
60107	40422	-0.00029445	0.03040217	0.48037273	0.03062687	0.48237191	0.56177041	0.56215440	0.25589832	0.25600013	0.56206648	0.56227955	0.25596102	0.25596282	60107	40421	0
60107	40426	0.00113196	0.03040876	0.48328766	0.03049551	0.47900841	0.56184100	0.56243321	0.25587063	0.25611862	0.56212704	0.56259813	0.25596677	0.25609183	60107	40424	0
60107	40429	-0.00039910	0.03048075	0.47915800	0.03029414	0.48375119	0.56206911	0.56251555	0.25613473	0.25611402	0.56226599	0.56251029	0.25630318	0.25618140	60107	40427	0
60107	40432	0.00144033	0.03048132	0.48451349	0.03033509	0.47899519	0.56214783	0.56250873	0.25615075	0.25626719	0.56259887	0.56292131	0.25627237	0.25643876	60107	40431	0
60107	40435	-0.00038991	0.03048591	0.47867512	0.03037445	0.48416585	0.56253609	0.56294662	0.25628962	0.25638280	0.56246024	0.56266797	0.25634862	0.25644986	60107	40434	0
60107	40537	-0.00050936	0.03045653	0.48112283	0.03032822	0.48148119	0.56239985	0.56288030	0.25654049	0.25666071	0.56252508	0.56311638	0.25667205	0.25694798	60107	40536	0
60107	40541	-0.00049304	0.03037926	0.48076576	0.03027090	0.48071678	0.56290331	0.56302641	0.25690270	0.25681207	0.56254283	0.56309099	0.25679054	0.25683779	60107	40539	0
60107	40544	0.00134994	0.03051443	0.48290196	0.03048286	0.47737303	0.56266132	0.56302033	0.25674033	0.25675118	0.56263083	0.56294974	0.25670212	0.25683220	60107	40542	0
60107	40547	0.00018984	0.03050970	0.47941549	0.03034635	0.48289581	0.56264858	0.56306568	0.25663967	0.25694198	0.56284382	0.56306034	0.25685981	0.25682973	60107	40546	0
60107	40550	-0.00013843	0.03061689	0.48139653	0.03044113	0.48238133	0.56261103	0.56314293	0.25677361	0.25683984	0.56259196	0.56306692	0.25664189	0.25678659	60107	40549	0
60107	40652	0.00045342	0.03062070	0.48140233	0.03063622	0.47962677	0.56282821	0.56333019	0.25663737	0.25680796	0.56288630	0.56329987	0.25669933	0.25675800	60107	40651	0
60107	40656	-0.00007956	0.03046588	0.48038621	0.03064754	0.48198515	0.56294654	0.56353036	0.25669538	0.25680549	0.56296511	0.56323372	0.25676096	0.25661642	60107	40654	0
60107	40659	0.00090329	0.03040893	0.48290636	0.03063967	0.47995781	0.56280586	0.56320932	0.25674099	0.25677279	0.56303553	0.56324408	0.25665044	0.25687452	60107	40657	0
60107	40662	-0.00053216	0.03051602	0.47877069	0.03077380	0.48307705	0.56278326	0.56298392	0.25646785	0.25669473	0.56292008	0.56328837	0.25668059	0.25675570	60107	40660	0
60107	40665	0.00061487	0.03073133	0.48377266	0.03073112	0.48033158	0.56282311	0.56351393	0.25656194	0.25682949	0.56281210	0.56323537	0.25667583	0.25675077	60107	40664	0
60107	40767	0.00006951	0.03059198	0.47969207	0.03059776	0.48132813	0.56353308	0.56386850	0.25769755	0.25755498	0.56374943	0.56388797	0.25785565	0.25764627	60107	40766	0
60107	40770	-0.00018548	0.03089310	0.48064617	0.03071877	0.48141115	0.56379323	0.56420499	0.25764841	0.25779648	0.56378041	0.56416399	0.25760215	0.25798178	60107	40769	0
60107	40774	-0.00022560	0.03101193	0.48045578	0.03090566	0.48057613	0.56369323	0.56424821	0.25772771	0.25781366	0.56372684	0.56394048	0.25765490	0.25779007	60107	40772	0
60107	40777	0.00071040	0.03073738	0.48316376	0.03087805	0.48035577	0.56350399	0.56404172	0.25756747	0.25772039	0.56375050	0.56403301	0.25771579	0.25776592	60107	40775	0
60107	40780	-0.00027787	0.03091501	0.47940340	0.03099677	0.48236823	0.56369914	0.56395683	0.25763304	0.25773633	0.56374294	0.56387655	0.25767643	0.25772861	60107	40779	0
60107	40882	0.00041477	0.03080083	0.48228077	0.03090523	0.48020283	0.56502506	0.56520716	0.25853159	0.25879051	0.56496196	0.56536665	0.25877967	0.25872740	60107	40880	0
60107	40885	0.00121426	0.03073086	0.48135546	0.03080987	0.47895701	0.56456137	0.56508538	0.25848960	0.25877046	0.56492983	0.56541858	0.25877852	0.25883267	60107	40884	0
60107	40889	0.00004560	0.03083708	0.47974322	0.03074159	0.48324920	0.56494733	0.56524118	0.25863915	0.25879791	0.56479572	0.56500756	0.25867564	0.25864573	60107	40887	0
60107	40892	0.00042646	0.03082824	0.48220350	0.03065266	0.48106090	0.56476039	0.56503484	0.25852822	0.25870481	0.56457066	0.56505793	0.25861417	0.25870744	60107	40890	0
60107	40895	0.00159776	0.03072585	0.48253534	0.03062550	0.47902147	0.56492588	0.56483311	0.25871837	0.25856602	0.56461848	0.56504774	0.25849593	0.25856594	60107	40894	0
60107	40997	0.00058016	0.03113499	0.47737818	0.03118646	0.48043099	0.56469350	0.56494215	0.25837374	0.25837004	0.56469268	0.56494495	0.25859840	0.25853899	60107	40995	0
60107	41000	0.00108299	0.03120865	0.48167845	0.03119227	0.48016993	0.56494158	0.56532885	0.25858747	0.25856142	0.56506295	0.56566502	0.25871327	0.25900441	60107	40999	0
60107	41004	0.00047522	0.03135266	0.48026629	0.03108277	0.48208962	0.56471569	0.56507108	0.25853019	0.25866142	0.56492868	0.56511496	0.25867925	0.25869454	60107	41002	0
60107	41007	0.00042214	0.03110367	0.48154333	0.03112772	0.48170257	0.56488192	0.56529261	0.25878164	0.25864433	0.56484388	0.56512449	0.25873053	0.25862206	60107	41005	0
60107	41010	0.00023773	0.03115524	0.48007600	0.03107455	0.48062924	0.56508226	0.56520822	0.25882116	0.25872174	0.56496122	0.56536106	0.25867514	0.25892363	60107	41008	0
60107	41112	-0.00017148	0.03115524	0.47855765	0.03108831	0.47978528	0.56463565	0.56529360	0.25847456	0.25864606	0.56490082	0.56537018	0.25874622	0.25891648	60107	41110	0
60107	41115	0.00081434	0.03133511	0.48069680	0.03130854	0.47773931	0.56540716	0.56607103	0.25894089	0.25912963	0.56517585	0.56564784	0.25880974	0.25890999	60107	41114	0
60107	41118	0.00082544	0.03128144	0.48077095	0.03115622	0.48073767	0.56510387	0.56540724	0.25883521	0.25888016	0.56533600	0.56576748	0.25893587	0.25908452	60107	41117	0
60107	41122	0.00057772	0.03115803	0.47915026	0.03098759	0.47989343	0.56534488	0.56567430	0.25905067	0.25896587	0.56526550	0.56572130	0.25885641	0.25924862	60107	41120	0
60107	41125	0.00103785	0.03105290	0.48093327	0.03133205	0.47955287	0.56534257	0.56571251	0.25889980	0.25895190	0.56494478	0.56566937	0.25877786	0.25883620	60107	41123	0
60107	41227	0.00054450	0.03122653	0.48031216	0.03124975	0.48179222	0.56529196	0.56528637	0.25883719	0.25875797	0.56529689	0.56568942	0.25889027	0.25879717	60107	41225	0
60107	41230	0.00088485	0.03109960	0.48299339	0.03122165	0.48197233	0.56525227	0.56559460	0.25894746	0.25899775	0.56547528	0.56600874	0.25907146	0.25907285	60107	41228	0
60107	41233	-0.00002615	0.03113517	0.48002674	0.03115515	0.48275975	0.56539221	0.56588565	0.25894935	0.25903300	0.56556616	0.56581942	0.25902478	0.25904105	60107	41232	0
60107	41237	0.00035274	0.03118517	0.48140775	0.03086412	0.48027107	0.56568342	0.56583651	0.25905642	0.25909742	0.56574620	0.56574291	0.25927516	0.25900350	60107	41235	0
60107	41240	0.00109597	0.03128725	0.48070566	0.03096550	0.47847599	0.56568277	0.56579288	0.25904163	0.25888181	0.56559476	0.56579542	0.25901081	0.25908806	60107	41238	0
60107	41342	0.00031622	0.03092699	0.48096894	0.03114353	0.48330819	0.56608976	0.56615057	0.25951691	0.25952924	0.56584021	0.56649930	0.25943285	0.25956128	60107	41340	0
60107	41345	0.00032220	0.03106887	0.48089239	0.03124576	0.48087444	0.56602641	0.56649059	0.25954912	0.25969473	0.56591416	0.56645099	0.25941535	0.25962447	60107	41343	0
60107	41348	0.00030923	0.03108066	0.48068418	0.03114409	0.48072309	0.56600348	0.56635575	0.25937599	0.25952406	0.56604941	0.56630521	0.25966408	0.25956465	60107	41347	0
60107	41352	0.00023435	0.03123641	0.48044855	0.03118220	0.48067318	0.56600307	0.56668246	0.25958314	0.25963137	0.56598212	0.56627719	0.25956325	0.25960376	60107	41350	0
60107	41355	0.00016076	0.03113130	0.47932615	0.03114448	0.47954692	0.56580257	0.56608409	0.25930482	0.25932783	0.56584177	0.56605122	0.25960681	0.25947360	60107	41353	0
60107	41457	0.00031550	0.03118170	0.48115533	0.03139127	0.48069112	0.56761388	0.56772193	0.26095951	0.26102468	0.56738166	0.56790682	0.26105360	0.26119592	60107	41455	0
60107	41460	0.00071766	0.03130990	0.48079478	0.03121685	0.47958828	0.56781471	0.56811701	0.26113807	0.26123421	0.56833962	0.56843913	0.26176874	0.26165378	60107	41458	0
60107	41463	0.00200600	0.03140545	0.48273932	0.03141377	0.47887433	0.56785834	0.56819343	0.26124457	0.26142008	0.56808686	0.56858876	0.26130274	0.26147818	60107	41462	0
60107	41467	0.00054977	0.03129907	0.47862584	0.03140975	0.48299451	0.56842828	0.56827577	0.26152444	0.26133150	0.56801093	0.56851990	0.26138105	0.26141228	60107	41465	0
60107	41470	0.00068490	0.03128514	0.48017175	0.03128260	0.47976636	0.56809885	0.56843329	0.26127472	0.26146134	0.56800863	0.56855507	0.26132830	0.26163644	60107	41468	0
60107	41572	0.00003160	0.03130057	0.47943580	0.03131561	0.48139571	0.56698050	0.56701214	0.26058547	0.26052211	0.56681361	0.56725840	0.26052614	0.26049146	60107	41570	0
60107	41575	0.00038377	0.03133063	0.48082863	0.03131378	0.47977212	0.56678041	0.56704205	0.26049598	0.26050412	0.56664154	0.56728338	0.26027387	0.26068038	60107	41573	0
60107	41578	0.00080480	0.03138184	0.48225816	0.03146786	0.48099506	0.56723523	0.56757345	0.26038456	0.26072878	0.56682988	0.56718445	0.26047988	0.26051439	60107	41577	0
60107	41581	0.00082364	0.03134765	0.48034524	0.03158059	0.48028872	0.56698543	0.56721436	0.26045810	0.26061801	0.56728084	0.56725027	0.26076731	0.26055523	60107	41580	0
60107	41585	0.00091588	0.03121862	0.48125921	0.03156133	0.48098251	0.56713498	0.56766860	0.26063995	0.26079681	0.56711838	0.56734164	0.26056755	0.26065104	60107	41583	0
60107	41687	0.00037496	0.03122661	0.47984291	0.03131195	0.48146566	0.56867102	0.56917695	0.26206982	0.26214607	0.56912781	0.56936232	0.26232685	0.26242324	60107	41685	0
60107	41690	0.00015400	0.03138338	0.48131100	0.03146359	0.48197389	0.56910061	0.56927613	0.26246169	0.26225413	0.56881120	0.56910143	0.26199907	0.26217261	60107	41688	0
60107	41693	0.00079821	0.03142089	0.48062799	0.03131503	0.47869535	0.56892205	0.56914991	0.26207442	0.26209036	0.56891359	0.56936446	0.26210770	0.26220441	60107	41691	0
60107	41696	0.00057687	0.03157041	0.48060396	0.03131843	0.48126799	0.56888417	0.56933784	0.26219184	0.26229653	0.56893700	0.56903693	0.26216604	0.26212446	60107	41695	0
60107	41700	0.00016750	0.03146271	0.48025540	0.03129931	0.48148353	0.56887472	0.56926002	0.26222479	0.26225717	0.56907078	0.56935016	0.26236013	0.26225889	60107	41698	0
60107	41801	0.00048296	0.03153759	0.48050176	0.03151026	0.47955538	0.56727352	0.56785045	0.26084340	0.26085055	0.56749835	0.56787181	0.26083387	0.26088161	60107	41800	0
60107	41805	-0.00055530	0.03145279	0.47965540	0.03176949	0.48277018	0.56753179	0.56816057	0.26087710	0.26114456	0.56746252	0.56774034	0.26078786	0.26081711	60107	41803	0
60107	41808	0.00142003	0.03166389	0.48387917	0.03168879	0.47795317	0.56747715	0.56788521	0.26092599	0.26092903	0.56736408	0.56808332	0.26078975	0.26093133	60107	41806	0
60107	41811	0.00115491	0.03184055	0.48080997	0.03160250	0.48160532	0.56762851	0.56787387	0.26090479	0.26095245	0.56755250	0.56785579	0.26081629	0.26085631	60107	41810	0
60107	41815	0.00014307	0.03178239	0.48094472	0.03167409	0.48398025	0.56736087	0.56788792	0.26085121	0.26078925	0.56738289	0.56785702	0.26093371	0.26086428	60107	41813	0
60107	41916	-0.00000615	0.03178084	0.48065736	0.03186809	0.48110503	0.56894654	0.56946759	0.26218362	0.26235216	0.56880767	0.56915402	0.26199981	0.26204525	60107	41915	0
60107	41920	0.00059094	0.03188761	0.48255601	0.03201323	0.48076471	0.56882106	0.56927046	0.26206184	0.26219069	0.56902444	0.56916331	0.26211509	0.26208436	60107	41918	0
60107	41923	0.00130856	0.03193589	0.48349240	0.03178614	0.48133954	0.56872747	0.56904194	0.26195650	0.26202405	0.56860610	0.56897464	0.26185855	0.26200301	60107	41921	0
60107	41926	0.00081744	0.03153531	0.48172904	0.03200221	0.48320242	0.56862689	0.56882607	0.26191048	0.26200285	0.56843666	0.56898738	0.26181508	0.26198526	60107	41925	0
60107	41929	-0.00040399	0.03197064	0.47821158	0.03191346	0.48187586	0.56859550	0.56904720	0.26172124	0.26183546	0.56861990	0.56884267	0.26177786	0.26180662	60107	41928	0
60107	42031	-0.00012961	0.03170373	0.48195310	0.03174866	0.48112998	0.56822606	0.56884547	0.26167679	0.26171607	0.56836164	0.56923077	0.26165501	0.26208025	60107	42030	0
60107	42035	0.00084526	0.03168813	0.48369406	0.03175108	0.48076946	0.56837216	0.56891737	0.26167252	0.26187951	0.56851818	0.56865286	0.26171623	0.26181262	60107	42033	0
60107	42038	0.00003341	0.03146281	0.47958447	0.03175925	0.48201999	0.56860388	0.56894103	0.26169495	0.26185042	0.56842154	0.56896618	0.26180144	0.26193021	60107	42036	0
60107	42041	0.00071641	0.03151259	0.48219029	0.03168357	0.48014131	0.56861580	0.56884522	0.26191903	0.26184902	0.56845729	0.56878203	0.26187055	0.26200186	60107	42040	0
60107	42044	0.00078805	0.03158534	0.48009027	0.03166153	0.47987533	0.56862442	0.56900397	0.26186792	0.26193538	0.56881391	0.56888400	0.26178410	0.26199808	60107	42043	0
60107	42146	-0.00062856	0.03160626	0.47900631	0.03164555	0.48325614	0.56874620	0.56918188	0.26216103	0.26224673	0.56892073	0.56914432	0.26212701	0.26223358	60107	42145	0
60107	42150	0.00075560	0.03169820	0.48534800	0.03165236	0.48119552	0.56885919	0.56933020	0.26211254	0.26219973	0.56910496	0.56920760	0.26231395	0.26220704	60107	42148	0
60107	42153	0.00082869	0.03175665	0.48045353	0.03176507	0.48023428	0.56894892	0.56916700	0.26205231	0.26219094	0.56857783	0.56898573	0.26193218	0.26208674	60107	42151	0
60107	42156	0.00030424	0.03183886	0.48250039	0.03175259	0.48407373	0.56855441	0.56944655	0.26189257	0.26240647	0.56853075	0.56894678	0.26184236	0.26195971	60107	42154	0
60107	42159	-0.00008112	0.03178029	0.48083305	0.03168779	0.48198914	0.56850766	0.56898738	0.26176200	0.26183982	0.56870224	0.56904358	0.26200843	0.26206899	60107	42158	0
60107	42261	0.00224315	0.03168922	0.48503424	0.03174656	0.47806142	0.56856715	0.56899822	0.26178715	0.26212890	0.56849730	0.56877365	0.26200301	0.26193842	60107	42260	0
60107	42264	0.00016404	0.03174125	0.47603445	0.03176158	0.48227180	0.56859073	0.56888310	0.26195790	0.26199561	0.56824627	0.56881416	0.26184960	0.26191048	60107	42263	0
60107	42268	0.00074984	0.03201197	0.48279781	0.03193698	0.48104040	0.56860429	0.56925986	0.26197647	0.26218954	0.56846575	0.56895270	0.26193086	0.26197729	60107	42266	0
60107	42271	0.00004530	0.03193263	0.48146164	0.03196290	0.48357525	0.56845983	0.56896396	0.26186110	0.26202725	0.56836263	0.56875582	0.26172042	0.26190095	60107	42269	0
60107	42274	0.00025132	0.03197797	0.48186638	0.03185475	0.48124833	0.56844094	0.56866370	0.26171344	0.26185412	0.56836928	0.56869969	0.26177482	0.26186480	60107	42273	0
60107	42376	-0.00027541	0.03172061	0.47983660	0.03189729	0.48141678	0.56925082	0.56958131	0.26238552	0.26263869	0.56918262	0.56959290	0.26237771	0.26237328	60107	42375	0
60107	42379	0.00086925	0.03188808	0.48179212	0.03195980	0.47835815	0.56908253	0.56959947	0.26235298	0.26243449	0.56907859	0.56948279	0.26232520	0.26229957	60107	42378	0
60107	42383	-0.00116172	0.03203412	0.47908222	0.03199170	0.48517513	0.56918549	0.56937744	0.26226333	0.26240713	0.56898507	0.56961369	0.26243153	0.26238322	60107	42381	0
60107	42386	0.00000000	0.03186474	0.48227112	0.03199655	0.47878595	0.56925074	0.56949922	0.26233046	0.26247665	0.56892534	0.56933093	0.26230844	0.26234846	60107	42384	0
60107	42389	0.00072729	0.03207827	0.48107350	0.03203808	0.47889162	0.56884522	0.56918212	0.26215273	0.26217154	0.56901071	0.56948846	0.26232463	0.26224895	60107	42388	0
60107	42491	0.00092885	0.03161403	0.48119954	0.03170222	0.48059487	0.56984508	0.57031897	0.26333731	0.26334052	0.56995971	0.57031666	0.26335103	0.26336098	60107	42489	0
60107	42494	0.00010792	0.03166470	0.48048624	0.03161609	0.48294903	0.57029933	0.57064395	0.26347125	0.26362499	0.57018979	0.57033088	0.26340330	0.26358941	60107	42493	0
60107	42498	0.00116522	0.03172890	0.48208639	0.03159574	0.47891448	0.57024559	0.57044962	0.26344676	0.26355909	0.57020771	0.57082761	0.26351538	0.26368104	60107	42496	0
60107	42501	0.00092439	0.03164588	0.48066866	0.03176530	0.48139114	0.57042850	0.57054831	0.26383930	0.26374316	0.57045586	0.57089943	0.26384620	0.26398080	60107	42499	0
60107	42504	-0.00018244	0.03160729	0.47898983	0.03163957	0.48231033	0.57014936	0.57051010	0.26367159	0.26375409	0.57017566	0.57055710	0.26363658	0.26367159	60107	42503	0
60107	42606	0.00128027	0.03182044	0.48404355	0.03190220	0.47965541	0.56883166	0.56896264	0.26193982	0.26220942	0.56884711	0.56914868	0.26235076	0.26216941	60107	42604	0
60107	42609	0.00138010	0.03198807	0.48091044	0.03180189	0.48061094	0.56896848	0.56923989	0.26223038	0.26236366	0.56872689	0.56903602	0.26215708	0.26225026	60107	42608	0
60107	42613	-0.00005223	0.03189986	0.48053968	0.03215619	0.48483668	0.56882262	0.56952330	0.26221214	0.26249596	0.56900011	0.56930283	0.26230507	0.26226777	60107	42611	0
60107	42616	0.00069661	0.03181833	0.48267499	0.03191031	0.48042848	0.56892451	0.56933808	0.26229143	0.26241806	0.56875541	0.56920998	0.26222463	0.26233745	60107	42614	0
60107	42619	0.00050237	0.03197466	0.48025631	0.03191894	0.48083902	0.56910817	0.56931886	0.26229965	0.26227303	0.56887981	0.56915484	0.26221189	0.26241042	60107	42617	0
60107	42721	0.00085951	0.03190941	0.48020708	0.03182316	0.47913566	0.56851062	0.56881145	0.26190219	0.26207261	0.56856510	0.56910587	0.26191336	0.26216596	60107	42719	0
60107	42724	0.00036262	0.03198076	0.48160439	0.03194850	0.48309506	0.56851957	0.56898113	0.26206727	0.26226267	0.56888606	0.56914704	0.26213276	0.26222249	60107	42723	0
60107	42727	0.00118349	0.03178540	0.48238823	0.03181143	0.47992563	0.56887817	0.56947835	0.26229529	0.26237927	0.56903627	0.56923545	0.26240877	0.26238453	60107	42726	0
60107	42731	0.00063529	0.03186031	0.48224415	0.03182358	0.48388875	0.56879600	0.56921836	0.26226793	0.26236752	0.56887414	0.56926232	0.26229151	0.26254986	60107	42729	0
60107	42734	0.00103461	0.03199174	0.48125358	0.03180618	0.48005562	0.56891687	0.56922896	0.26235010	0.26252915	0.56890167	0.56922921	0.26258380	0.26252242	60107	42732	0
60107	42836	0.00083292	0.03190389	0.48108770	0.03189050	0.48169275	0.56889469	0.56922419	0.26224977	0.26221781	0.56896790	0.56937892	0.26225939	0.26236062	60107	42834	0
60107	42839	0.00098472	0.03193561	0.48240350	0.03199106	0.48194813	0.56876099	0.56914860	0.26214213	0.26230951	0.56887455	0.56920694	0.26217467	0.26227574	60107	42837	0
60107	42842	0.00048831	0.03185118	0.48018426	0.03174613	0.48167348	0.56879427	0.56908615	0.26221197	0.26223399	0.56888088	0.56922313	0.26224829	0.26229529	60107	42841	0
60107	42846	0.00131495	0.03173523	0.48271989	0.03184987	0.48023994	0.56895492	0.56920020	0.26230984	0.26231091	0.56900332	0.56913266	0.26218001	0.26216103	60107	42844	0
60107	42849	0.00016545	0.03181752	0.47958144	0.03185127	0.48302994	0.56879830	0.56930111	0.26214681	0.26222290	0.56901416	0.56929905	0.26218510	0.26243425	60107	42847	0
60107	42951	-0.00060004	0.03173298	0.48034091	0.03162580	0.48263739	0.56920086	0.56962174	0.26272768	0.26276417	0.56915648	0.56951032	0.26274206	0.26283302	60107	42949	0
60107	42954	0.00081513	0.03153739	0.48200987	0.03164078	0.47776436	0.56908245	0.56953415	0.26249530	0.26265274	0.56900455	0.56954442	0.26253967	0.26269300	60107	42952	0
60107	42957	0.00094219	0.03147073	0.48213448	0.03174759	0.48175332	0.56890216	0.56918179	0.26246720	0.26250278	0.56880783	0.56935238	0.26256186	0.26254411	60107	42956	0
60107	42961	0.00025676	0.03187808	0.48122184	0.03178894	0.48327811	0.56909921	0.56944146	0.26241691	0.26257090	0.56878285	0.56939281	0.26239012	0.26259686	60107	42959	0
60107	42964	0.00120931	0.03170511	0.48323566	0.03180564	0.48037802	0.56911219	0.56955666	0.26253556	0.26258577	0.56869879	0.56907719	0.26235807	0.26237549	60107	42962	0
60107	43066	0.00058405	0.03184814	0.48081160	0.03192226	0.48268738	0.56881473	0.56938919	0.26243975	0.26262053	0.56888861	0.56910151	0.26246991	0.26269054	60107	43064	0
60107	43069	0.00064260	0.03205442	0.48128582	0.03213307	0.48111017	0.56915550	0.56974713	0.26252710	0.26283155	0.56879337	0.56910546	0.26247821	0.26244098	60107	43067	0
60107	43072	0.00032602	0.03175620	0.48088377	0.03179383	0.48183351	0.56909264	0.56921014	0.26256334	0.26240047	0.56889551	0.56892706	0.26228839	0.26215815	60107	43071	0
60107	43076	0.00059341	0.03180507	0.48140118	0.03169678	0.48059901	0.56855819	0.56943332	0.26226062	0.26272127	0.56871769	0.56903923	0.26246909	0.26238856	60107	43074	0
60107	43079	-0.00038096	0.03185956	0.48015501	0.03175308	0.48307813	0.56881153	0.56915796	0.26229201	0.26224312	0.56902222	0.56943595	0.26248856	0.26263737	60107	43077	0
60107	43181	0.00074163	0.03181813	0.48180018	0.03199705	0.47843240	0.56936569	0.56961467	0.26267139	0.26275357	0.56938722	0.56961517	0.26289630	0.26287682	60107	43179	0
60107	43184	0.00067068	0.03212524	0.48018807	0.03197058	0.48040091	0.56969208	0.56977063	0.26313501	0.26309877	0.56957901	0.56979340	0.26316796	0.26320436	60107	43182	0
60107	43187	0.00084320	0.03211438	0.48093875	0.03191644	0.48042122	0.56965633	0.57003013	0.26314996	0.26336328	0.56971747	0.56995429	0.26319548	0.26321915	60107	43186	0
60107	43190	0.00052971	0.03202837	0.48039815	0.03198763	0.48133861	0.56966324	0.57000343	0.26320345	0.26320674	0.56985420	0.57008042	0.26332893	0.26334463	60107	43189	0
60107	43194	0.00055214	0.03187335	0.48155895	0.03208441	0.48149166	0.56990162	0.57019489	0.26328217	0.26336714	0.56974327	0.57000523	0.26334282	0.26324002	60107	43192	0
60107	43296	0.00132431	0.03189584	0.48395266	0.03172704	0.48163614	0.56988050	0.57062473	0.26346731	0.26380446	0.57002898	0.57062859	0.26363058	0.26370396	60107	43294	0
60107	43299	0.00088672	0.03193210	0.48130209	0.03190866	0.48261485	0.57031157	0.57069202	0.26363124	0.26372179	0.57005856	0.57057772	0.26363288	0.26368309	60107	43297	0
60107	43302	0.00074459	0.03170472	0.48150181	0.03177012	0.48192822	0.57047427	0.57095366	0.26385762	0.26411515	0.57029514	0.57075801	0.26385056	0.26397784	60107	43300	0
60107	43305	-0.00028895	0.03184341	0.48077608	0.03191296	0.48387671	0.57033014	0.57067115	0.26367816	0.26380602	0.57031477	0.57057682	0.26365671	0.26392163	60107	43304	0
60107	43309	-0.00014869	0.03177584	0.48096546	0.03163967	0.48054467	0.57004032	0.57061832	0.26371637	0.26373239	0.57042776	0.57059473	0.26389279	0.26393536	60107	43307	0
60107	43411	0.00098490	0.03162932	0.48278465	0.03179483	0.47938389	0.56894078	0.56947276	0.26260483	0.26271889	0.56923241	0.56979488	0.26259884	0.26285390	60107	43409	0
60107	43414	-0.00087374	0.03177140	0.47831051	0.03185527	0.48388641	0.56908409	0.56949930	0.26255389	0.26272702	0.56933373	0.56959471	0.26268471	0.26273302	60107	43412	0
60107	43417	0.00023470	0.03175764	0.48317050	0.03174014	0.47984517	0.56929782	0.56948846	0.26268306	0.26286441	0.56930595	0.56949930	0.26298734	0.26285990	60107	43416	0
60107	43420	0.00076876	0.03195259	0.48235926	0.03167730	0.48075709	0.56957696	0.56962001	0.26309975	0.26287485	0.56929330	0.57003572	0.26285718	0.26298488	60107	43419	0
60107	43424	0.00049174	0.03175958	0.48016178	0.03182732	0.48099284	0.56933636	0.56990819	0.26294100	0.26312104	0.56953612	0.56987738	0.26289860	0.26321299	60107	43422	0
60107	43526	0.00032137	0.03189484	0.48062056	0.03188546	0.48113166	0.57014041	0.57034518	0.26372475	0.26350420	0.57000293	0.57039341	0.26351275	0.26363305	60107	43524	0
60107	43529	0.00041004	0.03210391	0.48167086	0.03191014	0.48140485	0.57025832	0.57057846	0.26368925	0.26381350	0.57003662	0.57037657	0.26351324	0.26360281	60107	43527	0
60107	43532	0.00043767	0.03201340	0.48208203	0.03207130	0.48199914	0.56985166	0.57052497	0.26342606	0.26360305	0.56990203	0.57027509	0.26353272	0.26346813	60107	43530	0
60107	43535	0.00076096	0.03178321	0.48365111	0.03206288	0.48268125	0.56985815	0.57021485	0.26334906	0.26341521	0.56973037	0.57008757	0.26315423	0.26344413	60107	43534	0
60107	43539	-0.00023232	0.03189899	0.47998011	0.03203421	0.48295997	0.56968970	0.56985396	0.26325514	0.26321496	0.56951574	0.57006062	0.26302761	0.26323945	60107	43537	0
60107	43641	-0.00034106	0.03158556	0.48208112	0.03192014	0.48240733	0.57217678	0.57272289	0.26548651	0.26559949	0.57215246	0.57258386	0.26545537	0.26540557	60107	43639	0
60107	43644	0.00077599	0.03195741	0.48256433	0.03190957	0.47921318	0.57219741	0.57271451	0.26553343	0.26544970	0.57234959	0.57270235	0.26549316	0.26554263	60107	43642	0
60107	43647	0.00043740	0.03199443	0.48082290	0.03199722	0.48183866	0.57219387	0.57282610	0.26555060	0.26571651	0.57192238	0.57232929	0.26542217	0.26533334	60107	43645	0
60107	43650	0.00027926	0.03195129	0.48180217	0.03177621	0.48227660	0.57221031	0.57233891	0.26535068	0.26533178	0.57233595	0.57250309	0.26549366	0.26549563	60107	43649	0
60107	43654	0.00128006	0.03196035	0.48348411	0.03183735	0.48048170	0.57235592	0.57283457	0.26551691	0.26556893	0.57249487	0.57281328	0.26565899	0.26563853	60107	43652	0
60107	43755	0.00039988	0.03183379	0.47979079	0.03182219	0.48243132	0.57169567	0.57197661	0.26496513	0.26501427	0.57157093	0.57198631	0.26488518	0.26505815	60107	43754	0
60107	43759	0.00059654	0.03172607	0.48203336	0.03193998	0.48144337	0.57140190	0.57185878	0.26498428	0.26508305	0.57143255	0.57173905	0.26488945	0.26491665	60107	43757	0
60107	43762	0.00096977	0.03193442	0.48345505	0.03186481	0.48233537	0.57138654	0.57179551	0.26483094	0.26493637	0.57147200	0.57178367	0.26489430	0.26492059	60107	43760	0
60107	43765	0.00068798	0.03211690	0.48038402	0.03205763	0.48122941	0.57131677	0.57156912	0.26470276	0.26470728	0.57143888	0.57164809	0.26467408	0.26471886	60107	43764	0
60107	43769	0.00013351	0.03202368	0.48279060	0.03194193	0.48445400	0.57129903	0.57149122	0.26470210	0.26464318	0.57119105	0.57160364	0.26447818	0.26458854	60107	43767	0
60107	43870	0.00007770	0.03195461	0.48130544	0.03204462	0.48147288	0.57278181	0.57295421	0.26622236	0.26616188	0.57265979	0.57320746	0.26607067	0.26630453	60107	43869	0
60107	43874	0.00092484	0.03197331	0.48207786	0.03211995	0.47953644	0.57273275	0.57333179	0.26622375	0.26646632	0.57287327	0.57330919	0.26623706	0.26648103	60107	43872	0
60107	43877	0.00078442	0.03222740	0.48231091	0.03205886	0.48273218	0.57285979	0.57317591	0.26629426	0.26612975	0.57274179	0.57307631	0.26611356	0.26624717	60107	43875	0
60107	43880	0.00035394	0.03207964	0.48226514	0.03219916	0.48355658	0.57252823	0.57276217	0.26604955	0.26614479	0.57289882	0.57341124	0.26631924	0.26658958	60107	43879	0
60107	43883	0.00044465	0.03211314	0.48197648	0.03227009	0.48170434	0.57282561	0.57326482	0.26642795	0.26626854	0.57282701	0.57325446	0.26617330	0.26617387	60107	43882	0
60107	43985	0.00140761	0.03224148	0.48482093	0.03222875	0.48193206	0.57425432	0.57464620	0.26747564	0.26757375	0.57418998	0.57475894	0.26743636	0.26758451	60107	43984	0
60107	43989	0.00137838	0.03235185	0.47983196	0.03228678	0.47991964	0.57426361	0.57472887	0.26736725	0.26746019	0.57445343	0.57470742	0.26749371	0.26760136	60107	43987	0
60107	43992	0.00048919	0.03252768	0.48073709	0.03227367	0.48340466	0.57419960	0.57455639	0.26736602	0.26737440	0.57409508	0.57445441	0.26719321	0.26723446	60107	43990	0
60107	43995	0.00111248	0.03226581	0.48351853	0.03232390	0.48164867	0.57446863	0.57470569	0.26714424	0.26740037	0.57410338	0.57439599	0.26734802	0.26717218	60107	43993	0
60107	43998	0.00027443	0.03239199	0.48054330	0.03237669	0.48305743	0.57432540	0.57457496	0.26732477	0.26726224	0.57370279	0.57428259	0.26703306	0.26720431	60107	43997	0
60107	44100	-0.00016765	0.03234236	0.48185533	0.03259155	0.48318158	0.57712244	0.57754464	0.26990200	0.27005648	0.57705728	0.57749550	0.26987537	0.26982147	60107	44099	0
60107	44104	0.00012307	0.03269914	0.48357310	0.03275195	0.48270094	0.57710403	0.57738120	0.26970659	0.26984119	0.57689910	0.57735868	0.26977282	0.26978762	60107	44102	0
60107	44107	0.00028411	0.03270045	0.48273089	0.03267686	0.48224778	0.57711455	0.57722088	0.26991810	0.26987620	0.57697987	0.57731554	0.26982155	0.26985023	60107	44105	0
60107	44110	0.00057449	0.03265288	0.48211496	0.03257341	0.48124379	0.57704536	0.57757808	0.26988499	0.27017924	0.57719919	0.57771670	0.26989074	0.27002641	60107	44108	0
60107	44113	-0.00005434	0.03263645	0.47978299	0.03274158	0.48166950	0.57713682	0.57748712	0.26987883	0.26997497	0.57701849	0.57736534	0.26966855	0.26975606	60107	44112	0
60107	44215	0.00115522	0.03240918	0.48350741	0.03255879	0.47987873	0.57697626	0.57779773	0.26957372	0.26976789	0.57731941	0.57750199	0.26972993	0.26968227	60107	44214	0
60107	44218	0.00083715	0.03245217	0.48122471	0.03273198	0.48217891	0.57723995	0.57761407	0.26979608	0.26991276	0.57729418	0.57794161	0.26986535	0.27023142	60107	44217	0
60107	44222	-0.00021997	0.03243179	0.47981088	0.03252397	0.48298226	0.57751571	0.57805196	0.27004966	0.27005508	0.57753322	0.57793364	0.26994892	0.27001129	60107	44220	0
60107	44225	0.00127225	0.03253552	0.48370016	0.03261469	0.47922349	0.57749640	0.57790323	0.27001983	0.27008401	0.57745696	0.57792205	0.27029166	0.27023233	60107	44223	0
60107	44228	-0.00040602	0.03265660	0.47869064	0.03249313	0.48372548	0.57755335	0.57783750	0.27012945	0.27013988	0.57769682	0.57804268	0.27027013	0.27034129	60107	44227	0
60107	44330	0.00081254	0.03274093	0.48483006	0.03265889	0.48117438	0.57655110	0.57700789	0.26958284	0.26974119	0.57695760	0.57742270	0.26973897	0.26978794	60107	44329	0
60107	44334	0.00093075	0.03284908	0.48169106	0.03285124	0.48133643	0.57716772	0.57753083	0.27001203	0.27011778	0.57716246	0.57759246	0.26997702	0.26981136	60107	44332	0
60107	44337	0.00051080	0.03293693	0.48086547	0.03273402	0.48212530	0.57708678	0.57746838	0.26988244	0.27002575	0.57712564	0.57737775	0.26980232	0.26997801	60107	44335	0
60107	44340	0.00118034	0.03288124	0.48143507	0.03278542	0.47942647	0.57698653	0.57749607	0.26980882	0.26986896	0.57715892	0.57754554	0.26998417	0.27002271	60107	44338	0
60107	44343	0.00062054	0.03301678	0.48093638	0.03300321	0.48261579	0.57716501	0.57761333	0.26984505	0.26996149	0.57723748	0.57759657	0.27003298	0.27016848	60107	44342	0
60107	44445	0.00127754	0.03312850	0.48332514	0.03316763	0.48135412	0.57751506	0.57775434	0.26983815	0.26985261	0.57742163	0.57784703	0.27003914	0.26990611	60107	44444	0
60107	44448	0.00063038	0.03329908	0.48201894	0.03312545	0.48396043	0.57757759	0.57780266	0.26984801	0.26983593	0.57723797	0.57779058	0.26968745	0.26989082	60107	44447	0
60107	44452	0.00093891	0.03308004	0.48198801	0.03315752	0.48106240	0.57699031	0.57756222	0.26962828	0.26980282	0.57740585	0.57748465	0.26973182	0.26969665	60107	44450	0
60107	44455	0.00077039	0.03294739	0.48043589	0.03298428	0.48094146	0.57708834	0.57746436	0.26938062	0.26951324	0.57714832	0.57730486	0.26942820	0.26950856	60107	44453	0
60107	44458	-0.00034498	0.03295194	0.47908667	0.03300806	0.48243277	0.57678899	0.57715054	0.26930009	0.26943567	0.57687264	0.57720880	0.26927125	0.26932474	60107	44457	0
60107	44560	0.00035689	0.03268807	0.48210153	0.03263896	0.47999593	0.57712260	0.57751999	0.26981638	0.26974020	0.57687289	0.57739681	0.26973807	0.26984990	60107	44559	0
60107	44563	0.00037490	0.03268152	0.48334675	0.03259463	0.48329273	0.57695670	0.57728078	0.26961596	0.26972829	0.57687905	0.57729837	0.26952639	0.26949089	60107	44562	0
60107	44567	-0.00015811	0.03264868	0.48069361	0.03270550	0.48229262	0.57692539	0.57733387	0.26954907	0.26957857	0.57711956	0.57752492	0.26973971	0.26975130	60107	44565	0
60107	44570	0.00065324	0.03280096	0.48172759	0.03290870	0.47929355	0.57702959	0.57741267	0.26963206	0.26970364	0.57690797	0.57750503	0.26967718	0.26959854	60107	44568	0
60107	44573	-0.00048299	0.03276949	0.48066047	0.03268286	0.48406917	0.57707371	0.57732220	0.26954513	0.26964505	0.57721480	0.57732984	0.26967816	0.26959418	60107	44572	0
60107	44675	0.00061032	0.03291706	0.48398235	0.03292964	0.48070243	0.57703936	0.57741563	0.27002624	0.26998179	0.57694684	0.57741283	0.26991309	0.27000356	60107	44673	0
60107	44678	0.00083467	0.03314663	0.48150861	0.03287657	0.48083553	0.57715638	0.57731020	0.26992566	0.26986502	0.57694618	0.57723321	0.26988975	0.26974645	60107	44677	0
60107	44682	0.00063079	0.03312844	0.48234238	0.03312062	0.48295404	0.57687124	0.57729426	0.26971982	0.26986395	0.57702671	0.57725309	0.26984325	0.26968638	60107	44680	0
60107	44685	-0.00014140	0.03312218	0.47994605	0.03314245	0.48226262	0.57679655	0.57712129	0.26976239	0.26971210	0.57690805	0.57727602	0.26970651	0.26982656	60107	44683	0
60107	44688	0.00023802	0.03314446	0.48067681	0.03318653	0.47953856	0.57659810	0.57719048	0.26961390	0.26976494	0.57665291	0.57701726	0.26969328	0.26959270	60107	44686	0
60107	44790	0.00078858	0.03279238	0.48297721	0.03261302	0.48132553	0.57565025	0.57595684	0.26860936	0.26858881	0.57579175	0.57606276	0.26857583	0.26880180	60107	44788	0
60107	44793	-0.00050206	0.03288897	0.47934459	0.03282791	0.48321651	0.57586349	0.57619702	0.26856589	0.26867123	0.57590688	0.57594755	0.26868857	0.26860796	60107	44792	0
60107	44797	0.00147530	0.03297878	0.48345555	0.03290496	0.47752345	0.57581739	0.57613383	0.26863730	0.26866688	0.57583695	0.57609957	0.26865217	0.26864346	60107	44795	0
60107	44800	0.00060813	0.03286184	0.47952793	0.03284569	0.48212943	0.57567836	0.57611231	0.26847870	0.26884133	0.57540037	0.57578954	0.26847640	0.26855669	60107	44798	0
60107	44803	0.00157612	0.03277203	0.48348356	0.03283817	0.48057961	0.57534992	0.57583629	0.26829374	0.26854444	0.57551886	0.57586324	0.26854797	0.26863639	60107	44801	0
60107	44905	0.00067936	0.03231634	0.48180742	0.03230757	0.48449768	0.57522641	0.57545280	0.26806678	0.26810515	0.57531113	0.57564261	0.26829111	0.26835093	60107	44903	0
60107	44908	0.00120523	0.03233321	0.48292897	0.03229971	0.48135137	0.57525624	0.57574878	0.26827623	0.26835561	0.57530965	0.57571673	0.26830803	0.26830483	60107	44907	0
60107	44911	-0.00041545	0.03227481	0.47975292	0.03221790	0.48461496	0.57530530	0.57568115	0.26825413	0.26813046	0.57515509	0.57545921	0.26818856	0.26820836	60107	44910	0
60107	44915	0.00070034	0.03244721	0.48594302	0.03244473	0.48259564	0.57541689	0.57582282	0.26828930	0.26842924	0.57541672	0.57583769	0.26837796	0.26854543	60107	44913	0
60107	44918	0.00028781	0.03242574	0.48132309	0.03253547	0.48256068	0.57533529	0.57581049	0.26835043	0.26836112	0.57527711	0.57563349	0.26820548	0.26828716	60107	44916	0
60107	45020	-0.00010955	0.03241731	0.48350085	0.03253598	0.48469294	0.57565469	0.57597812	0.26860015	0.26859991	0.57564039	0.57599653	0.26876047	0.26871306	60107	45018	0
60107	45023	0.00082588	0.03235107	0.48544491	0.03233533	0.48263861	0.57579636	0.57620730	0.26873804	0.26884757	0.57573900	0.57615931	0.26875694	0.26886458	60107	45021	0
60107	45026	0.00037377	0.03236215	0.48260709	0.03247464	0.48396342	0.57606325	0.57628930	0.26898414	0.26903361	0.57576225	0.57618503	0.26885793	0.26895415	60107	45025	0
60107	45030	0.00040834	0.03261329	0.48338417	0.03241717	0.48328045	0.57601427	0.57608289	0.26890098	0.26894199	0.57592849	0.57631330	0.26895587	0.26910633	60107	45028	0
60107	45033	0.00119488	0.03255846	0.48381754	0.03232376	0.48145793	0.57587688	0.57621962	0.26880189	0.26901381	0.57585807	0.57620409	0.26879622	0.26906237	60107	45031	0
60107	45135	0.00131804	0.03262434	0.48331943	0.03269496	0.48294996	0.57558263	0.57581353	0.26833301	0.26844337	0.57564072	0.57598584	0.26843606	0.26846884	60107	45133	0
60107	45138	0.00103111	0.03268644	0.48219582	0.03253981	0.48305660	0.57573958	0.57600384	0.26852899	0.26863393	0.57600450	0.57660394	0.26881331	0.26893681	60107	45136	0
60107	45141	-0.00001013	0.03248706	0.47951323	0.03267471	0.48263696	0.57619867	0.57649260	0.26882226	0.26893788	0.57622348	0.57645019	0.26891660	0.26893476	60107	45140	0
60107	45145	0.00050177	0.03264326	0.48367779	0.03260554	0.48214207	0.57599324	0.57645414	0.26885965	0.26901915	0.57627813	0.57623688	0.26914840	0.26894511	60107	45143	0
60107	45148	0.00031670	0.03254678	0.48206059	0.03270602	0.48261580	0.57612981	0.57624436	0.26886721	0.26889679	0.57604969	0.57653721	0.26890402	0.26887091	60107	45146	0
60107	45250	0.00064316	0.03275119	0.48410275	0.03282355	0.48312336	0.57691019	0.57721636	0.26974719	0.26979123	0.57673262	0.57731973	0.26972747	0.26984859	60107	45248	0
60107	45253	0.00026087	0.03247985	0.48326379	0.03260843	0.48441069	0.57689096	0.57762755	0.26982574	0.27003347	0.57720149	0.57762426	0.27002575	0.27008228	60107	45251	0
60107	45256	-0.00037298	0.03253576	0.48185555	0.03250963	0.48375709	0.57720428	0.57781728	0.27013923	0.27035000	0.57737939	0.57758712	0.27008812	0.27025928	60107	45255	0
60107	45259	-0.00008645	0.03269700	0.48208225	0.03284893	0.48122265	0.57726969	0.57776404	0.27020776	0.27024605	0.57743765	0.57784308	0.27012633	0.27034088	60107	45258	0
60107	45263	-0.00043530	0.03282830	0.48268891	0.03259786	0.48373547	0.57722622	0.57758433	0.27008245	0.27015837	0.57772607	0.57770043	0.27047309	0.27037013	60107	45261	0
60107	45365	0.00086795	0.03315262	0.48498672	0.03339051	0.48107696	0.58032664	0.58088228	0.27263971	0.27268581	0.58042023	0.58088360	0.27260536	0.27266551	60107	45363	0
60107	45368	0.00063226	0.03347085	0.48275556	0.03323115	0.48346265	0.58035384	0.58095032	0.27269008	0.27280832	0.58047282	0.58081334	0.27267504	0.27279715	60107	45366	0
60107	45371	0.00035977	0.03320653	0.47970317	0.03309643	0.48052061	0.58037060	0.58079247	0.27278334	0.27275409	0.58033584	0.58082082	0.27274760	0.27272878	60107	45370	0
60107	45375	0.00055186	0.03295746	0.48286905	0.03312246	0.48229280	0.58047331	0.58090841	0.27269024	0.27267126	0.58050988	0.58090151	0.27287965	0.27294991	60107	45373	0
60107	45378	0.00087736	0.03279428	0.48382862	0.03299660	0.48285212	0.58052730	0.58099699	0.27284095	0.27294300	0.58062591	0.58112239	0.27290249	0.27304777	60107	45376	0
60107	45480	0.00013086	0.03357112	0.48136582	0.03358009	0.48360533	0.58102370	0.58131960	0.27336060	0.27335838	0.58138041	0.58163374	0.27331779	0.27343496	60107	45478	0
60107	45483	0.00043861	0.03363373	0.48273099	0.03344512	0.48180773	0.58129240	0.58144844	0.27330826	0.27338468	0.58124195	0.58157893	0.27338985	0.27360235	60107	45481	0
60107	45486	0.00075827	0.03368576	0.48234760	0.03335715	0.48138862	0.58108171	0.58159717	0.27338320	0.27332880	0.58132116	0.58188551	0.27339552	0.27347720	60107	45485	0
60107	45489	0.00011700	0.03357557	0.48257351	0.03340836	0.48449732	0.58106429	0.58169290	0.27329922	0.27350645	0.58096141	0.58125222	0.27314219	0.27330554	60107	45488	0
60107	45493	0.00030578	0.03345662	0.48159933	0.03341209	0.48103296	0.58112107	0.58148961	0.27303298	0.27330053	0.58087505	0.58136241	0.27313989	0.27324235	60107	45491	0
60107	45595	0.00028448	0.03372510	0.48094971	0.03364355	0.48101363	0.58285317	0.58331735	0.27482851	0.27509310	0.58299655	0.58346658	0.27501233	0.27505769	60107	45593	0
60107	45598	0.00072742	0.03362815	0.48368823	0.03387534	0.48235940	0.58288234	0.58333946	0.27486697	0.27499754	0.58252226	0.58292613	0.27482580	0.27493082	60107	45596	0
60107	45601	0.00134966	0.03348551	0.48244694	0.03373402	0.48058020	0.58266039	0.58302630	0.27476006	0.27481619	0.58282539	0.58336066	0.27472005	0.27502129	60107	45599	0
60107	45604	0.00000999	0.03385400	0.47855049	0.03382875	0.48256951	0.58260805	0.58299713	0.27475250	0.27483591	0.58259556	0.58308448	0.27468660	0.27482227	60107	45603	0
60107	45608	0.00078874	0.03366619	0.48204279	0.03365428	0.47970653	0.58262522	0.58289713	0.27470024	0.27486828	0.58281537	0.58310017	0.27478586	0.27484569	60107	45606	0
60107	45709	0.00071634	0.03366362	0.48066716	0.03367041	0.48088435	0.57991257	0.58037150	0.27207018	0.27219754	0.57999039	0.58036049	0.27214717	0.27233387	60107	45708	0
60107	45713	0.00071576	0.03403322	0.48132924	0.03374318	0.48133099	0.58009615	0.58040782	0.27228185	0.27232762	0.58008941	0.58034923	0.27225153	0.27223132	60107	45711	0
60107	45716	0.00136313	0.03397367	0.48310728	0.03391774	0.48116518	0.57999968	0.58021562	0.27206763	0.27218760	0.57977929	0.58029845	0.27232138	0.27234553	60107	45714	0
60107	45719	-0.00017294	0.03378264	0.47807753	0.03392363	0.48268575	0.57991052	0.58017626	0.27231595	0.27219557	0.57992285	0.58044283	0.27238177	0.27249936	60107	45718	0
60107	45723	0.00045192	0.03383847	0.48326757	0.03378324	0.48139297	0.57998267	0.58050865	0.27226501	0.27237692	0.58015843	0.58057578	0.27258901	0.27263338	60107	45721	0
60107	45824	0.00041938	0.03357719	0.48247093	0.03354048	0.48256856	0.57936457	0.57953204	0.27182276	0.27182703	0.57923951	0.57962728	0.27182062	0.27185111	60107	45823	0
60107	45828	0.00036951	0.03376984	0.48100458	0.03371979	0.48115418	0.57912159	0.57953779	0.27173401	0.27174765	0.57937788	0.57976919	0.27182194	0.27210625	60107	45826	0
60107	45831	0.00038783	0.03369167	0.48090632	0.03383017	0.48085138	0.57925315	0.57951256	0.27174765	0.27178586	0.57936876	0.57980723	0.27169408	0.27182391	60107	45829	0
60107	45834	0.00046118	0.03350000	0.48244737	0.03369734	0.48222730	0.57922874	0.57949991	0.27160311	0.27186631	0.57912669	0.57945562	0.27167838	0.27182465	60107	45833	0
60107	45837	-0.00038708	0.03399716	0.48136121	0.03348947	0.48390600	0.57924132	0.57969704	0.27155496	0.27173615	0.57918363	0.57957699	0.27145726	0.27163984	60107	45836	0
60107	45939	0.00010787	0.03355684	0.48205117	0.03364690	0.48056631	0.58014931	0.58039410	0.27243395	0.27241571	0.58003953	0.58080800	0.27267825	0.27267890	60107	45938	0
60107	45943	0.00025039	0.03378714	0.48221534	0.03375233	0.48178781	0.58024126	0.58063946	0.27254611	0.27260142	0.58018736	0.58060405	0.27233699	0.27251916	60107	45941	0
60107	45946	0.00030562	0.03383949	0.48102697	0.03376344	0.48086128	0.58012145	0.58039065	0.27232368	0.27236263	0.58026854	0.58048778	0.27238473	0.27242844	60107	45944	0
60107	45949	0.00076186	0.03379484	0.48294719	0.03385990	0.48157847	0.58011685	0.58057603	0.27225621	0.27249870	0.58027865	0.58075212	0.27235720	0.27249492	60107	45947	0
60107	45952	0.00056063	0.03381394	0.48203416	0.03376216	0.48263784	0.58022589	0.58047266	0.27238563	0.27236928	0.58062796	0.58105090	0.27262878	0.27267578	60107	45951	0
60107	46054	0.00063584	0.03375931	0.48247787	0.03399683	0.48225224	0.58222028	0.58244099	0.27400959	0.27411608	0.58227279	0.58234017	0.27401411	0.27419012	60107	46053	0
60107	46058	0.00065167	0.03397350	0.48130460	0.03380535	0.48125711	0.58235126	0.58261133	0.27422570	0.27425808	0.58259753	0.58295539	0.27443754	0.27445003	60107	46056	0
60107	46061	0.00114143	0.03384168	0.48156214	0.03371045	0.48009286	0.58251109	0.58276352	0.27430869	0.27437460	0.58239785	0.58267995	0.27419456	0.27426145	60107	46059	0
60107	46064	0.00145630	0.03381646	0.48189655	0.03396855	0.48095193	0.58230697	0.58279178	0.27413843	0.27426309	0.58240952	0.58283254	0.27435972	0.27436572	60107	46062	0
60107	46067	0.00004517	0.03377994	0.47861702	0.03397781	0.48285043	0.58255727	0.58281816	0.27443614	0.27443680	0.58251692	0.58293599	0.27445028	0.27442990	60107	46066	0
60107	46169	0.00128327	0.03402248	0.48403389	0.03416693	0.48031957	0.58425049	0.58444984	0.27600521	0.27584884	0.58417210	0.58440325	0.27600414	0.27608582	60107	46168	0
60107	46172	0.00004153	0.03428289	0.48094126	0.03432663	0.48466647	0.58443480	0.58464253	0.27616783	0.27621836	0.58461377	0.58501847	0.27633151	0.27643324	60107	46171	0
60107	46176	0.00101224	0.03439316	0.48429580	0.03435960	0.48138367	0.58460473	0.58494681	0.27634113	0.27642889	0.58445181	0.58481156	0.27628369	0.27642387	60107	46174	0
60107	46179	0.00028509	0.03450010	0.48169271	0.03438051	0.48387415	0.58472084	0.58482980	0.27645009	0.27653645	0.58494542	0.58546137	0.27663752	0.27677565	60107	46177	0
60107	46182	0.00080579	0.03432658	0.48288363	0.03446290	0.48132154	0.58480310	0.58510302	0.27651377	0.27669644	0.58495807	0.58528142	0.27682446	0.27674188	60107	46181	0
60107	46284	0.00004940	0.03403702	0.48240312	0.03393672	0.48467229	0.58430448	0.58463859	0.27618878	0.27623858	0.58437367	0.58471575	0.27626167	0.27640949	60107	46282	0
60107	46287	0.00053315	0.03421564	0.48445698	0.03451423	0.48300574	0.58452848	0.58412083	0.27641861	0.27619782	0.58407407	0.58434400	0.27608426	0.27611655	60107	46286	0
60107	46291	-0.00014434	0.03445578	0.48192143	0.03458652	0.48395391	0.58413973	0.58450818	0.27590463	0.27614506	0.58413529	0.58453776	0.27612822	0.27612847	60107	46289	0
60107	46294	0.00164122	0.03427347	0.48423631	0.03447659	0.47887963	0.58423299	0.58467269	0.27611967	0.27617432	0.58412247	0.58430111	0.27608278	0.27604777	60107	46292	0
60107	46297	0.00111619	0.03442325	0.48275147	0.03441985	0.48432655	0.58400283	0.58437860	0.27576823	0.27594777	0.58399173	0.58467088	0.27576042	0.27611910	60107	46296	0
