% File initiated 30/01/2023 14:26:31 UTC
% Raw fountain data
%
% File notes: maser 5 MHz RF amplitudes 200 220 180
%
%% fountain_code = ALPHA-CsF1
%% microwave_ref = ALPHA HM1
%% MJD_start = 59974.601759
%% clock_data = False
%% sequence = 1
%% density = HD
%
% Units: V.s, Hz
%
% Shot B MJD days	Shot B MJD seconds	freq error	shot A sum	shot A ratio	shot B sum	shot B ratio	shot A F=3 bg 1	shot A F=3 bg 2	shot A F=4 bg 1	shot A F=4 bg 2	shot B F=3 bg 1	shot B F=3 bg 2	shot B F=4 bg 1	shot B F=4 bg 2	Shot A MJD days	Shot A MJD seconds	Shot order (0=LF->HF)
59975	281	0.00081892	0.03683243	0.47911878	0.03687572	0.47842198	0.53098057	0.53100120	0.27990836	0.27976505	0.53096069	0.53111427	0.27995684	0.27977647	59975	279	0
59975	284	0.00015214	0.03684994	0.47613257	0.03673158	0.47813292	0.53095724	0.53121189	0.27998782	0.27984870	0.53125026	0.53109019	0.27988634	0.27976784	59975	283	0
59975	288	0.00090047	0.03668944	0.47811807	0.03677437	0.47587308	0.53109183	0.53091747	0.27987245	0.27966571	0.53101714	0.53094557	0.27985166	0.27970170	59975	286	0
59975	291	0.00109109	0.03683169	0.47961038	0.03698438	0.47903851	0.53109964	0.53094581	0.27976867	0.27957523	0.53098731	0.53084203	0.27966529	0.27957984	59975	289	0
59975	294	0.00070426	0.03685611	0.47771061	0.03683490	0.47887109	0.53094006	0.53100169	0.27967926	0.27970794	0.53096669	0.53082782	0.27965395	0.27952799	59975	292	0
59975	624	0.00075197	0.03680816	0.47903406	0.03676828	0.47889096	0.53109364	0.53116595	0.28023285	0.28007163	0.53120696	0.53134254	0.28033384	0.28014583	59975	623	0
59975	628	0.00085257	0.03671049	0.48027815	0.03668260	0.47997634	0.53126439	0.53118954	0.28020771	0.28013819	0.53110597	0.53116949	0.28030903	0.28004854	59975	626	0
59975	631	0.00107744	0.03667196	0.47903440	0.03664229	0.47835978	0.53115469	0.53116907	0.28003515	0.28000236	0.53116768	0.53126571	0.28016695	0.28004304	59975	629	0
59975	634	0.00071321	0.03673012	0.47809917	0.03675495	0.47919186	0.53131649	0.53129373	0.28015898	0.28012800	0.53124492	0.53127754	0.28012463	0.28012258	59975	633	0
59975	638	0.00144608	0.03682179	0.47852713	0.03670099	0.47632851	0.53119775	0.53125067	0.28005881	0.27998872	0.53125018	0.53109545	0.28011461	0.28003408	59975	636	0
59975	968	0.00065854	0.03693772	0.47726888	0.03692461	0.47963152	0.53144829	0.53141362	0.28057058	0.28039259	0.53151945	0.53144534	0.28056318	0.28045053	59975	966	0
59975	971	0.00031280	0.03692402	0.47884495	0.03692842	0.47988217	0.53160023	0.53152274	0.28055603	0.28046491	0.53154460	0.53153318	0.28055143	0.28046491	59975	970	0
59975	974	0.00105736	0.03692800	0.47791221	0.03691672	0.47567853	0.53143260	0.53153540	0.28069548	0.28051495	0.53147410	0.53152480	0.28069630	0.28049884	59975	973	0
59975	978	0.00106808	0.03696795	0.47736998	0.03690861	0.47733783	0.53143449	0.53144764	0.28060854	0.28053212	0.53142824	0.53145618	0.28076779	0.28049753	59975	976	0
59975	981	0.00133577	0.03693047	0.47875484	0.03686977	0.47795176	0.53140524	0.53146440	0.28067954	0.28046219	0.53160984	0.53155857	0.28059457	0.28052259	59975	979	0
59975	1311	0.00034487	0.03696545	0.47748267	0.03699142	0.48045538	0.53108395	0.53131214	0.28032291	0.28016876	0.53105790	0.53122265	0.28033639	0.28015676	59975	1310	0
59975	1315	0.00085282	0.03686965	0.47859775	0.03685321	0.47707388	0.53120088	0.53131945	0.28036334	0.28011247	0.53120819	0.53125363	0.28029728	0.28015060	59975	1313	0
59975	1318	0.00062154	0.03693835	0.47928205	0.03689996	0.47997590	0.53134525	0.53129003	0.28030508	0.28022628	0.53130786	0.53133506	0.28054165	0.28028199	59975	1316	0
59975	1321	0.00120730	0.03686175	0.47917337	0.03694573	0.47741611	0.53135717	0.53134279	0.28053114	0.28033910	0.53130926	0.53132988	0.28039522	0.28024699	59975	1320	0
59975	1324	0.00112508	0.03682468	0.47778820	0.03683290	0.47803486	0.53138847	0.53130096	0.28048890	0.28038512	0.53131518	0.53133753	0.28055784	0.28037871	59975	1323	0
59975	1655	0.00068263	0.03703648	0.47747548	0.03691166	0.47880283	0.53119471	0.53134796	0.28036901	0.28023877	0.53113925	0.53133490	0.28044075	0.28020015	59975	1653	0
59975	1658	0.00032567	0.03686631	0.47736443	0.03680972	0.47843530	0.53129537	0.53120868	0.28035743	0.28022258	0.53132142	0.53122093	0.28029966	0.28023556	59975	1656	0
59975	1661	0.00107984	0.03697836	0.47813713	0.03695336	0.47587462	0.53132339	0.53132241	0.28030582	0.28029875	0.53128379	0.53132339	0.28040985	0.28030007	59975	1660	0
59975	1665	0.00015969	0.03698119	0.47675811	0.03703813	0.47951854	0.53138551	0.53131723	0.28040780	0.28025504	0.53123144	0.53132841	0.28051470	0.28027854	59975	1663	0
59975	1668	0.00125071	0.03699520	0.47936236	0.03690987	0.47608931	0.53128329	0.53122397	0.28039448	0.28021461	0.53128329	0.53131633	0.28040106	0.28032365	59975	1666	0
59975	1998	0.00064724	0.03665301	0.47697013	0.03661761	0.47878054	0.53114188	0.53090596	0.28028569	0.27997722	0.53108173	0.53110671	0.28019177	0.28007821	59975	1997	0
59975	2001	0.00142093	0.03676869	0.47940815	0.03675383	0.47708710	0.53121106	0.53116349	0.28019793	0.28010113	0.53123646	0.53118074	0.28037337	0.28026605	59975	2000	0
59975	2005	0.00046221	0.03666303	0.47907071	0.03664297	0.48194686	0.53100218	0.53113407	0.28035438	0.28015569	0.53103686	0.53118740	0.28028939	0.28007336	59975	2003	0
59975	2008	0.00092664	0.03670986	0.47860084	0.03674761	0.47720755	0.53114746	0.53109948	0.28011502	0.28012923	0.53110662	0.53117516	0.28017829	0.28013515	59975	2006	0
59975	2011	0.00085919	0.03685364	0.47808655	0.03677459	0.47828890	0.53114229	0.53117327	0.28023639	0.28014764	0.53108173	0.53113752	0.28041519	0.28010976	59975	2010	0
59975	2342	0.00091815	0.03680398	0.47838175	0.03693608	0.47820487	0.53120852	0.53115527	0.28048381	0.28030870	0.53131756	0.53133728	0.28043483	0.28043532	59975	2340	0
59975	2345	0.00129774	0.03687811	0.47861977	0.03676714	0.47748101	0.53134016	0.53132545	0.28057082	0.28041708	0.53126826	0.53132002	0.28049892	0.28043483	59975	2343	0
59975	2348	-0.00064494	0.03681667	0.47525645	0.03691315	0.48108448	0.53125141	0.53129258	0.28063467	0.28036071	0.53141025	0.53132224	0.28042842	0.28039563	59975	2347	0
59975	2351	0.00044545	0.03696969	0.47889976	0.03691040	0.47562859	0.53132331	0.53126760	0.28042234	0.28038783	0.53109602	0.53118691	0.28063656	0.28037764	59975	2350	0
59975	2355	0.00114145	0.03673902	0.47960825	0.03680673	0.47752023	0.53128806	0.53129759	0.28056844	0.28041453	0.53115798	0.53129866	0.28066639	0.28042678	59975	2353	0
59975	2685	0.00125604	0.03694806	0.47852992	0.03690213	0.47818616	0.53136744	0.53143843	0.28057945	0.28040541	0.53136949	0.53139439	0.28074248	0.28051889	59975	2683	0
59975	2688	0.00102861	0.03709157	0.47734203	0.03711574	0.47802434	0.53141690	0.53158799	0.28076228	0.28065710	0.53154180	0.53165668	0.28089187	0.28070682	59975	2687	0
59975	2692	0.00044691	0.03705411	0.47813153	0.03697710	0.47987661	0.53148264	0.53153120	0.28077099	0.28064461	0.53156892	0.53145799	0.28068874	0.28055480	59975	2690	0
59975	2695	0.00137002	0.03714799	0.48060403	0.03708944	0.47783470	0.53142085	0.53166013	0.28064157	0.28071339	0.53156909	0.53158536	0.28073229	0.28072909	59975	2693	0
59975	2698	0.00064391	0.03699920	0.47659939	0.03716846	0.47877772	0.53165372	0.53166350	0.28075703	0.28069030	0.53148765	0.53151321	0.28085423	0.28059983	59975	2696	0
59975	3028	0.00091898	0.03714776	0.47943132	0.03708615	0.47860610	0.53118641	0.53123547	0.28041117	0.28011790	0.53116727	0.53125371	0.28045628	0.28020582	59975	3027	0
59975	3032	0.00148414	0.03703317	0.47845128	0.03726662	0.47675580	0.53119931	0.53120655	0.28043237	0.28023540	0.53109964	0.53123991	0.28038931	0.28011592	59975	3030	0
59975	3035	0.00020689	0.03723401	0.47652283	0.03719211	0.48035458	0.53122142	0.53131345	0.28027164	0.28026054	0.53129603	0.53119101	0.28023672	0.28013753	59975	3033	0
59975	3038	0.00055781	0.03706890	0.47767997	0.03713437	0.47662721	0.53119348	0.53125774	0.28038273	0.28019366	0.53105740	0.53111509	0.28032291	0.28016440	59975	3037	0
59975	3042	0.00065285	0.03717384	0.47860396	0.03731626	0.47831884	0.53130836	0.53127902	0.28033885	0.28028257	0.53117902	0.53118230	0.28028553	0.28018864	59975	3040	0
59975	3372	0.00114363	0.03691563	0.47943994	0.03704550	0.47796763	0.53184880	0.53182497	0.28109927	0.28097946	0.53205718	0.53204305	0.28125844	0.28114627	59975	3370	0
59975	3375	0.00198726	0.03707886	0.47994863	0.03703826	0.47741774	0.53192924	0.53190147	0.28112113	0.28099335	0.53174452	0.53184173	0.28116977	0.28094561	59975	3374	0
59975	3378	0.00105575	0.03695967	0.47504417	0.03697375	0.47783868	0.53169423	0.53169448	0.28114159	0.28097503	0.53177164	0.53182324	0.28114381	0.28106344	59975	3377	0
59975	3382	0.00119088	0.03696704	0.47801129	0.03702638	0.47760592	0.53187739	0.53194058	0.28116156	0.28096623	0.53190673	0.53184674	0.28114956	0.28102564	59975	3380	0
59975	3385	0.00093333	0.03721454	0.47779766	0.03695497	0.47857032	0.53180607	0.53181330	0.28119064	0.28096484	0.53175824	0.53182505	0.28112721	0.28089228	59975	3383	0
59975	3715	0.00133739	0.03705675	0.47913604	0.03688477	0.47792384	0.53142939	0.53142939	0.28075571	0.28076302	0.53144534	0.53147089	0.28102704	0.28073887	59975	3714	0
59975	3719	0.00061775	0.03712094	0.47733402	0.03689525	0.47949295	0.53140754	0.53139636	0.28100888	0.28078957	0.53177838	0.53161272	0.28102112	0.28076721	59975	3717	0
59975	3722	0.00119351	0.03713459	0.47968327	0.03686590	0.47795600	0.53160064	0.53150738	0.28093632	0.28077551	0.53148305	0.53153194	0.28096402	0.28080386	59975	3720	0
59975	3725	0.00053025	0.03698447	0.47718240	0.03699280	0.47917216	0.53152184	0.53160582	0.28105276	0.28079959	0.53157484	0.53163195	0.28104808	0.28078809	59975	3724	0
59975	3728	0.00008289	0.03695900	0.47693665	0.03709158	0.47827874	0.53145495	0.53151395	0.28101176	0.28076910	0.53143432	0.53149045	0.28087823	0.28072465	59975	3727	0
59975	4059	0.00007529	0.03702153	0.47765230	0.03692550	0.47767510	0.53062304	0.53083455	0.28037624	0.28014090	0.53082642	0.53094910	0.28049958	0.28027262	59975	4057	0
59975	4062	0.00128034	0.03690473	0.47976688	0.03693963	0.47615173	0.53082478	0.53087811	0.28053056	0.28021946	0.53089873	0.53087589	0.28056762	0.28027427	59975	4060	0
59975	4065	-0.00035594	0.03703282	0.47717713	0.03702812	0.48208596	0.53094138	0.53098460	0.28046318	0.28026778	0.53100235	0.53101541	0.28037164	0.28027969	59975	4064	0
59975	4069	0.00086632	0.03693518	0.48060471	0.03693698	0.47693793	0.53096513	0.53094014	0.28036901	0.28021913	0.53090933	0.53100687	0.28053409	0.28029218	59975	4067	0
59975	4072	0.00079182	0.03698567	0.47835904	0.03712449	0.47858255	0.53090226	0.53094187	0.28043565	0.28024616	0.53091155	0.53096726	0.28050501	0.28021864	59975	4070	0
59975	4402	0.00059487	0.03708551	0.47646644	0.03704204	0.47705729	0.53003650	0.52998137	0.27921171	0.27915517	0.53008375	0.53005877	0.27942116	0.27919609	59975	4401	0
59975	4405	0.00056423	0.03703212	0.47779844	0.03696174	0.47789035	0.53009312	0.53012952	0.27949865	0.27927588	0.53002862	0.53021580	0.27952347	0.27931771	59975	4404	0
59975	4409	-0.00005764	0.03711202	0.47816242	0.03707577	0.48002804	0.53007874	0.53018565	0.27940547	0.27930415	0.53001539	0.53009567	0.27937769	0.27929256	59975	4407	0
59975	4412	0.00014544	0.03702198	0.47965641	0.03705143	0.47904717	0.53013248	0.53008753	0.27950539	0.27927243	0.52999493	0.53015278	0.27955584	0.27936833	59975	4410	0
59975	4415	0.00065710	0.03701829	0.47851454	0.03708908	0.47697956	0.53005203	0.53009411	0.27947679	0.27932593	0.53015845	0.53013256	0.27941689	0.27939536	59975	4414	0
59975	4746	0.00111069	0.03684984	0.47800196	0.03699824	0.47664120	0.53001654	0.53003379	0.27945609	0.27932387	0.53022944	0.53027341	0.27959980	0.27946734	59975	4744	0
59975	4749	0.00105054	0.03697927	0.47877412	0.03700075	0.47895456	0.53023446	0.53026815	0.27964426	0.27947236	0.53012993	0.53016708	0.27973539	0.27943587	59975	4747	0
59975	4752	0.00076078	0.03684609	0.47835838	0.03699604	0.47922765	0.53012566	0.53020520	0.27969093	0.27947112	0.53019115	0.53030488	0.27950983	0.27946463	59975	4751	0
59975	4755	0.00123613	0.03699855	0.47860724	0.03698404	0.47718120	0.53016075	0.53022805	0.27950917	0.27939166	0.53016124	0.53016716	0.27952174	0.27946225	59975	4754	0
59975	4759	0.00062198	0.03704066	0.47745975	0.03702416	0.47930220	0.53007077	0.53012525	0.27962519	0.27940859	0.53016765	0.53008482	0.27950029	0.27939815	59975	4757	0
59975	5090	0.00039406	0.03712414	0.47700763	0.03704448	0.47769139	0.53095584	0.53090062	0.28012299	0.28012529	0.53095173	0.53095173	0.28032300	0.28015421	59975	5088	0
59975	5093	0.00103775	0.03690346	0.47921731	0.03708317	0.47728625	0.53083357	0.53095913	0.28042637	0.28021198	0.53093020	0.53101944	0.28037904	0.28018076	59975	5091	0
59975	5096	0.00158886	0.03708865	0.47874260	0.03707049	0.47708927	0.53084589	0.53093497	0.28027041	0.28021831	0.53089816	0.53089635	0.28016301	0.28010688	59975	5094	0
59975	5099	0.00101886	0.03717464	0.47745279	0.03703371	0.47916277	0.53084844	0.53081426	0.28030492	0.28005495	0.53068048	0.53078032	0.28023031	0.28004616	59975	5098	0
59975	5103	0.00050687	0.03698115	0.47810149	0.03702381	0.47963749	0.53067325	0.53067744	0.28026063	0.27992660	0.53073529	0.53069708	0.28003860	0.27990597	59975	5101	0
59975	5433	0.00010623	0.03709226	0.47762110	0.03700797	0.47882300	0.53113695	0.53123752	0.28093000	0.28061396	0.53138001	0.53120046	0.28092326	0.28065546	59975	5431	0
59975	5436	0.00100682	0.03706192	0.47923380	0.03706480	0.47653204	0.53124944	0.53132824	0.28087560	0.28067009	0.53132356	0.53134024	0.28084930	0.28073237	59975	5435	0
59975	5440	0.00099863	0.03705729	0.47772394	0.03711429	0.47774850	0.53135339	0.53144838	0.28089877	0.28073714	0.53133235	0.53133975	0.28090880	0.28074659	59975	5438	0
59975	5443	0.00055395	0.03704431	0.47841575	0.03704824	0.47974979	0.53140170	0.53129685	0.28092540	0.28072843	0.53134533	0.53131090	0.28099310	0.28079047	59975	5441	0
59975	5446	0.00143255	0.03721379	0.47972978	0.03718442	0.47709401	0.53129808	0.53138667	0.28086607	0.28079828	0.53145865	0.53137853	0.28105950	0.28089097	59975	5444	0
59975	5776	0.00007663	0.03715493	0.47621645	0.03714468	0.48028419	0.53106957	0.53091648	0.28054239	0.28034855	0.53105453	0.53121871	0.28068266	0.28052136	59975	5775	0
59975	5780	0.00080657	0.03716900	0.47918733	0.03719941	0.47699752	0.53120737	0.53107491	0.28063632	0.28047838	0.53101870	0.53113456	0.28078768	0.28054264	59975	5778	0
59975	5783	0.00057062	0.03716132	0.47730469	0.03709763	0.47801254	0.53107014	0.53107589	0.28069367	0.28043771	0.53123941	0.53117614	0.28063229	0.28057953	59975	5781	0
59975	5786	0.00106851	0.03719743	0.47879500	0.03730655	0.47730133	0.53108140	0.53127294	0.28070164	0.28046819	0.53116004	0.53112520	0.28061446	0.28051676	59975	5785	0
59975	5789	0.00080183	0.03724368	0.47773022	0.03722156	0.47853028	0.53118699	0.53113884	0.28055669	0.28058307	0.53112528	0.53112659	0.28059400	0.28049063	59975	5788	0
59975	6120	0.00152157	0.03718678	0.48009985	0.03713813	0.47794063	0.53043232	0.53045665	0.27984180	0.27984509	0.53047349	0.53047505	0.28022398	0.27984591	59975	6118	0
59975	6123	0.00117848	0.03722777	0.47906298	0.03725052	0.48009226	0.53053545	0.53045500	0.28002381	0.27993005	0.53053496	0.53059815	0.28000565	0.27992824	59975	6121	0
59975	6126	0.00092485	0.03728228	0.47750846	0.03714139	0.47826933	0.53053027	0.53054416	0.27997919	0.28000170	0.53062444	0.53059642	0.28000787	0.27997820	59975	6125	0
59975	6130	0.00056028	0.03724855	0.47646528	0.03734295	0.47755899	0.53052074	0.53051178	0.28007927	0.27990795	0.53036889	0.53060283	0.28013983	0.27990696	59975	6128	0
59975	6133	0.00126566	0.03722461	0.48033133	0.03721530	0.47821521	0.53044794	0.53052838	0.28006958	0.27997672	0.53055180	0.53055024	0.28008158	0.27996374	59975	6131	0
59975	6463	0.00056582	0.03704936	0.47698566	0.03695895	0.47908519	0.52958842	0.52958670	0.27900053	0.27897234	0.52954405	0.52968621	0.27928196	0.27911195	59975	6462	0
59975	6467	0.00096019	0.03697833	0.47751171	0.03702381	0.47632860	0.52979369	0.52974282	0.27927399	0.27917333	0.52966320	0.52963953	0.27921976	0.27909091	59975	6465	0
59975	6470	0.00080873	0.03696888	0.47866649	0.03688940	0.47912087	0.52947314	0.52957717	0.27927153	0.27904087	0.52972746	0.52973633	0.27929010	0.27912280	59975	6468	0
59975	6473	0.00164573	0.03707082	0.47895338	0.03705914	0.47644238	0.52968366	0.52978933	0.27924737	0.27914342	0.52972212	0.52980314	0.27947449	0.27915649	59975	6471	0
59975	6476	-0.00009716	0.03706147	0.47516180	0.03700882	0.48039045	0.52978490	0.52977027	0.27948213	0.27922001	0.52964027	0.52970880	0.27936118	0.27914991	59975	6475	0
59975	6807	-0.00041198	0.03671507	0.47657868	0.03681999	0.47752315	0.53034966	0.53048664	0.28012578	0.28013417	0.53035977	0.53045558	0.28034189	0.28021034	59975	6805	0
59975	6810	0.00090528	0.03688043	0.48087742	0.03674863	0.47692563	0.53039370	0.53035673	0.28031757	0.28012751	0.53034333	0.53041721	0.28033368	0.28008987	59975	6808	0
59975	6813	0.00085476	0.03681771	0.47800937	0.03690173	0.47816093	0.53050275	0.53049708	0.28027944	0.28017180	0.53036034	0.53045459	0.28031272	0.28011346	59975	6812	0
59975	6816	0.00082775	0.03689110	0.47799137	0.03693345	0.47807241	0.53055262	0.53056314	0.28023433	0.28018051	0.53044605	0.53051096	0.28033762	0.28016514	59975	6815	0
59975	6820	0.00050676	0.03679598	0.47796508	0.03688144	0.47892805	0.53056306	0.53045977	0.28019111	0.28006383	0.53043808	0.53052403	0.28029259	0.28008141	59975	6818	0
59975	7150	0.00088842	0.03703694	0.48006665	0.03701780	0.47892168	0.53011851	0.53012048	0.27979480	0.27960054	0.53019099	0.53008334	0.27977565	0.27966012	59975	7148	0
59975	7153	0.00034245	0.03695908	0.47726650	0.03673927	0.47890439	0.53017480	0.53018885	0.27999110	0.27978025	0.53029954	0.53029345	0.27991115	0.27987220	59975	7152	0
59975	7157	0.00078251	0.03683162	0.47856124	0.03680661	0.47724105	0.53024966	0.53022344	0.27988083	0.27980392	0.53017381	0.53031071	0.27995947	0.27983071	59975	7155	0
59975	7160	0.00083306	0.03694035	0.47762579	0.03700431	0.47747416	0.53016469	0.53025689	0.27981427	0.27979003	0.53013930	0.53015064	0.27988946	0.27976653	59975	7158	0
59975	7163	0.00116527	0.03715447	0.47737955	0.03689192	0.47638291	0.53010635	0.53021630	0.27995437	0.27979471	0.53031203	0.53028318	0.27992890	0.27986661	59975	7162	0
59975	7494	0.00057404	0.03707369	0.47796253	0.03713872	0.47973624	0.52960428	0.52959730	0.27913332	0.27908894	0.52963058	0.52962778	0.27918853	0.27914572	59975	7492	0
59975	7497	0.00047221	0.03696982	0.47788705	0.03695784	0.47819253	0.52953641	0.52966640	0.27933258	0.27910447	0.52965893	0.52959475	0.27944688	0.27918763	59975	7495	0
59975	7500	0.00104006	0.03711347	0.47764682	0.03723227	0.47594328	0.52967914	0.52989385	0.27945806	0.27927046	0.52954348	0.52960691	0.27934055	0.27915213	59975	7498	0
59975	7503	0.00100831	0.03718936	0.47774215	0.03706636	0.47783739	0.52956673	0.52959952	0.27935206	0.27914638	0.52977388	0.52966575	0.27934277	0.27917933	59975	7502	0
59975	7507	0.00043838	0.03699600	0.47604307	0.03703056	0.47775286	0.52974011	0.52973189	0.27936455	0.27922502	0.52980922	0.52967248	0.27937695	0.27923233	59975	7505	0
59975	7837	0.00028680	0.03719951	0.47715269	0.03714236	0.47760744	0.52995828	0.53017020	0.27977327	0.27949651	0.53011654	0.53007061	0.27963095	0.27952733	59975	7835	0
59975	7840	0.00081267	0.03713677	0.47872439	0.03716259	0.47714676	0.53000018	0.53005886	0.27978642	0.27962322	0.52989435	0.53006806	0.27977557	0.27958164	59975	7839	0
59975	7844	0.00023692	0.03706285	0.47723863	0.03701305	0.47896590	0.52996263	0.52998622	0.27968699	0.27949520	0.52997923	0.53002533	0.27984887	0.27957622	59975	7842	0
59975	7847	-0.00005644	0.03700601	0.47768419	0.03697583	0.47856427	0.52992393	0.53001719	0.27973859	0.27948263	0.53007702	0.53007628	0.27954508	0.27949660	59975	7845	0
59975	7850	0.00051640	0.03702255	0.47864956	0.03703308	0.47693104	0.52985712	0.53006740	0.27962141	0.27958468	0.52997709	0.53009246	0.27971427	0.27955075	59975	7848	0
59975	8180	0.00023567	0.03683687	0.47611732	0.03673071	0.47695952	0.53095428	0.53088534	0.28085966	0.28069794	0.53109118	0.53101977	0.28089442	0.28081972	59975	8179	0
59975	8184	0.00013552	0.03681326	0.47779859	0.03698898	0.47809902	0.53099282	0.53096192	0.28110058	0.28076360	0.53111460	0.53116916	0.28101143	0.28086861	59975	8182	0
59975	8187	0.00050373	0.03689790	0.47864634	0.03685030	0.47754172	0.53101204	0.53112782	0.28098711	0.28089548	0.53110728	0.53118863	0.28106780	0.28096903	59975	8185	0
59975	8190	0.00094693	0.03690836	0.47885574	0.03686622	0.47752615	0.53122816	0.53116718	0.28102868	0.28095259	0.53094935	0.53109109	0.28112713	0.28082161	59975	8189	0
59975	8193	0.00120557	0.03699658	0.47652124	0.03680363	0.47574530	0.53098641	0.53102585	0.28099738	0.28086418	0.53106587	0.53115511	0.28094372	0.28085358	59975	8192	0
59975	8524	0.00098256	0.03685172	0.47753573	0.03681307	0.47820477	0.53005623	0.53013889	0.27969857	0.27936455	0.53006403	0.53017291	0.27969422	0.27944828	59975	8522	0
59975	8527	0.00124720	0.03682715	0.47714802	0.03675325	0.47635408	0.53013700	0.53024407	0.27970022	0.27954015	0.53021720	0.53021786	0.27972922	0.27951771	59975	8525	0
59975	8530	-0.00009663	0.03668522	0.47492314	0.03677118	0.47895465	0.53016749	0.53020939	0.27969463	0.27946792	0.53011711	0.53016913	0.27953185	0.27948345	59975	8529	0
59975	8534	0.00019779	0.03684769	0.47911695	0.03686892	0.47823368	0.53026133	0.53022640	0.27961402	0.27948057	0.53010610	0.53030537	0.27980548	0.27954672	59975	8532	0
59975	8537	-0.00006519	0.03675943	0.47861163	0.03663946	0.47940056	0.53018975	0.53018901	0.27960835	0.27950826	0.53031285	0.53015146	0.27962347	0.27947950	59975	8535	0
59975	8867	0.00065792	0.03638834	0.47869860	0.03640756	0.47652927	0.53080949	0.53086824	0.28031823	0.28015044	0.53091812	0.53089725	0.28023466	0.28018232	59975	8866	0
59975	8871	0.00062205	0.03625154	0.47734714	0.03618631	0.47745477	0.53088443	0.53090859	0.28022825	0.28018881	0.53083644	0.53082354	0.28022135	0.28010401	59975	8869	0
59975	8874	0.00151924	0.03628044	0.47730956	0.03632782	0.47461798	0.53094516	0.53087630	0.28035093	0.28023622	0.53080284	0.53085124	0.28033581	0.28020853	59975	8872	0
59975	8877	0.00048970	0.03626825	0.47638488	0.03629573	0.47947348	0.53087720	0.53090613	0.28039284	0.28022423	0.53085510	0.53098616	0.28050205	0.28027575	59975	8875	0
59975	8880	0.00051154	0.03632450	0.47779738	0.03631578	0.47773186	0.53104426	0.53095576	0.28064839	0.28027862	0.53087564	0.53090621	0.28050632	0.28020549	59975	8879	0
59975	9211	0.00035493	0.03636094	0.47815617	0.03631813	0.47862601	0.53043241	0.53042107	0.27943686	0.27924326	0.53060686	0.53064309	0.27945929	0.27931023	59975	9209	0
59975	9214	0.00105832	0.03638869	0.47840759	0.03640578	0.47629741	0.53045722	0.53053085	0.27957228	0.27939125	0.53045665	0.53050135	0.27944696	0.27934244	59975	9212	0
59975	9217	0.00004689	0.03651948	0.47561216	0.03648496	0.47864645	0.53052740	0.53049634	0.27959512	0.27936044	0.53063028	0.53060579	0.27939750	0.27933225	59975	9216	0
59975	9220	0.00064092	0.03646064	0.47882508	0.03639888	0.47704300	0.53054449	0.53067029	0.27943135	0.27934524	0.53052781	0.53063545	0.27961574	0.27947737	59975	9219	0
59975	9224	0.00167085	0.03645522	0.47931620	0.03642227	0.47622642	0.53061409	0.53067087	0.27951804	0.27945083	0.53057867	0.53063841	0.27968321	0.27942141	59975	9222	0
59975	9554	0.00061435	0.03674254	0.47660424	0.03693334	0.47977374	0.53130515	0.53121016	0.28007558	0.27985963	0.53139817	0.53128124	0.28004649	0.27994780	59975	9552	0
59975	9557	0.00042343	0.03691664	0.47819388	0.03697985	0.47876663	0.53130006	0.53140277	0.28015323	0.27997492	0.53145273	0.53123991	0.28005890	0.27986448	59975	9556	0
59975	9561	0.00112977	0.03690178	0.47895534	0.03682979	0.47683633	0.53121698	0.53126867	0.28002307	0.27984147	0.53134739	0.53129291	0.28004624	0.27985659	59975	9559	0
59975	9564	0.00092733	0.03675205	0.47766744	0.03675746	0.47827476	0.53128773	0.53129702	0.27991879	0.27994032	0.53125437	0.53136982	0.28007377	0.27992800	59975	9562	0
59975	9567	0.00043611	0.03675639	0.47658064	0.03674131	0.47805431	0.53133523	0.53132964	0.28020237	0.27993934	0.53120926	0.53120679	0.28001140	0.27983317	59975	9566	0
59975	9898	0.00012747	0.03649889	0.47764132	0.03656120	0.47856723	0.53046643	0.53056733	0.27968025	0.27947236	0.53068287	0.53070020	0.27964746	0.27955987	59975	9896	0
59975	9901	0.00100002	0.03650891	0.47894418	0.03652170	0.47632651	0.53068615	0.53062715	0.27967507	0.27954730	0.53053734	0.53063931	0.27972972	0.27955108	59975	9899	0
59975	9904	0.00105879	0.03656779	0.47785013	0.03655148	0.47767385	0.53052633	0.53063332	0.27960851	0.27949947	0.53060349	0.53054301	0.27963267	0.27949988	59975	9902	0
59975	9907	-0.00002587	0.03650277	0.47511683	0.03644198	0.47837080	0.53060324	0.53055912	0.27970030	0.27951130	0.53052370	0.53048294	0.27978280	0.27955182	59975	9906	0
59975	9911	0.00004889	0.03660927	0.47692722	0.03663453	0.47670295	0.53055230	0.53049872	0.27969299	0.27949052	0.53049946	0.53053882	0.27970186	0.27943431	59975	9909	0
59975	10241	0.00064039	0.03667932	0.47873702	0.03662464	0.47696253	0.53125757	0.53142192	0.28038257	0.28036860	0.53135191	0.53126645	0.28051059	0.28027575	59975	10239	0
59975	10244	0.00079490	0.03665914	0.47814324	0.03660350	0.47767971	0.53125273	0.53132175	0.28045825	0.28028142	0.53125971	0.53120375	0.28048044	0.28026704	59975	10243	0
59975	10248	0.00093864	0.03663187	0.47835550	0.03665413	0.47792428	0.53130844	0.53132117	0.28060304	0.28035529	0.53131140	0.53146785	0.28055784	0.28037082	59975	10246	0
59975	10251	0.00109843	0.03679273	0.47882065	0.03680996	0.47834129	0.53124180	0.53134311	0.28044067	0.28039046	0.53145594	0.53131600	0.28041133	0.28031264	59975	10249	0
59975	10254	-0.00005359	0.03680500	0.47696388	0.03681722	0.48041991	0.53131435	0.53127845	0.28039966	0.28028470	0.53144821	0.53132767	0.28061068	0.28026457	59975	10252	0
59975	10584	0.00085049	0.03688251	0.47959441	0.03686062	0.47688218	0.53116891	0.53138929	0.28054067	0.28031124	0.53127697	0.53134829	0.28043779	0.28030369	59975	10583	0
59975	10588	0.00086750	0.03675291	0.47930773	0.03682644	0.47925671	0.53125535	0.53136193	0.28059260	0.28030426	0.53143876	0.53139776	0.28046441	0.28036835	59975	10586	0
59975	10591	-0.00004652	0.03691581	0.47714419	0.03700771	0.47988624	0.53124722	0.53128765	0.28049120	0.28027082	0.53141855	0.53135634	0.28030582	0.28022669	59975	10589	0
59975	10594	0.00116821	0.03673308	0.47893748	0.03693127	0.47529331	0.53143975	0.53141165	0.28041117	0.28029711	0.53129439	0.53133408	0.28052941	0.28029654	59975	10593	0
59975	10597	0.00076179	0.03687744	0.47728788	0.03686894	0.47850712	0.53129241	0.53143408	0.28055801	0.28032998	0.53142200	0.53145758	0.28033006	0.28033014	59975	10596	0
59975	10928	0.00125990	0.03695294	0.48007626	0.03679325	0.47858194	0.53102486	0.53099315	0.28041453	0.28013729	0.53115091	0.53120597	0.28054921	0.28036096	59975	10926	0
59975	10931	0.00065250	0.03677189	0.47709169	0.03666150	0.47891388	0.53126637	0.53127335	0.28040911	0.28033984	0.53103661	0.53117984	0.28055431	0.28027468	59975	10929	0
59975	10934	0.00093214	0.03674001	0.47832586	0.03690201	0.47748693	0.53120285	0.53125683	0.28036548	0.28028281	0.53110745	0.53115535	0.28033573	0.28023450	59975	10933	0
59975	10938	-0.00011789	0.03688989	0.47715299	0.03680262	0.48030309	0.53109997	0.53129061	0.28049588	0.28042283	0.53121180	0.53117433	0.28051988	0.28024312	59975	10936	0
59975	10941	0.00145961	0.03685451	0.48096538	0.03688800	0.47623289	0.53106447	0.53112939	0.28049942	0.28018684	0.53113990	0.53117918	0.28050698	0.28023367	59975	10939	0
59975	11271	0.00082958	0.03663500	0.47763363	0.03667162	0.47952372	0.53093291	0.53104294	0.28030336	0.28015947	0.53102799	0.53101714	0.28043656	0.28025808	59975	11270	0
59975	11275	0.00045537	0.03683427	0.47793516	0.03686807	0.47905779	0.53094023	0.53100547	0.28042916	0.28016671	0.53091040	0.53105149	0.28044633	0.28023359	59975	11273	0
59975	11278	0.00028863	0.03673503	0.47766032	0.03667633	0.47816052	0.53092363	0.53102659	0.28041470	0.28015183	0.53087235	0.53094639	0.28045381	0.28017788	59975	11276	0
59975	11281	0.00006684	0.03667907	0.47859901	0.03671459	0.47926438	0.53091911	0.53112511	0.28038356	0.28020639	0.53094310	0.53099306	0.28039859	0.28013252	59975	11279	0
59975	11284	0.00099415	0.03673167	0.48042992	0.03678344	0.47764798	0.53088008	0.53102207	0.28043820	0.28026646	0.53102799	0.53094450	0.28021404	0.28014066	59975	11283	0
59975	11615	0.00005877	0.03681503	0.47682114	0.03690725	0.47962728	0.53084935	0.53090292	0.28031601	0.28012841	0.53095165	0.53096315	0.28034362	0.28024756	59975	11613	0
59975	11618	0.00100848	0.03685364	0.47756686	0.03687483	0.47471774	0.53097351	0.53092601	0.28027049	0.28025767	0.53093530	0.53102881	0.28046778	0.28022398	59975	11616	0
59975	11621	0.00085227	0.03671914	0.47702114	0.03676233	0.47748977	0.53093020	0.53094417	0.28031790	0.28018667	0.53089659	0.53097679	0.28043335	0.28017952	59975	11620	0
59975	11625	0.00020093	0.03689043	0.47681114	0.03689415	0.47876515	0.53093078	0.53100120	0.28036646	0.28017443	0.53082749	0.53093448	0.28021017	0.28005503	59975	11623	0
59975	11628	0.00076064	0.03679351	0.47953339	0.03679607	0.47785427	0.53073833	0.53098230	0.28039490	0.28020229	0.53078747	0.53088829	0.28045176	0.28023696	59975	11626	0
59975	11958	0.00025454	0.03706022	0.47613407	0.03715774	0.47765236	0.53022764	0.53026494	0.27973950	0.27947005	0.53035549	0.53053208	0.27988124	0.27967211	59975	11957	0
59975	11961	0.00048275	0.03705932	0.47874174	0.03694254	0.47805712	0.53053011	0.53051326	0.27996226	0.27976801	0.53056807	0.53050817	0.27978732	0.27973539	59975	11960	0
59975	11965	0.00074802	0.03698573	0.47974831	0.03701974	0.47895252	0.53052206	0.53056257	0.27972857	0.27972281	0.53039198	0.53038943	0.27991008	0.27965609	59975	11963	0
59975	11968	0.00032403	0.03708521	0.47635888	0.03700093	0.47763085	0.53032846	0.53046289	0.27987976	0.27962174	0.53051787	0.53055287	0.27992331	0.27975305	59975	11966	0
59975	11971	0.00021913	0.03715295	0.47802847	0.03727407	0.47834316	0.53057128	0.53042772	0.27971665	0.27965091	0.53076611	0.53074630	0.27999053	0.27986826	59975	11970	0
59975	12302	0.00072446	0.03713542	0.47908664	0.03713413	0.47757066	0.53060677	0.53063447	0.28017624	0.27986497	0.53071475	0.53077104	0.28016572	0.27996555	59975	12300	0
59975	12305	0.00062381	0.03707730	0.47725167	0.03699846	0.47755362	0.53053734	0.53065945	0.28018273	0.27995577	0.53067498	0.53075173	0.28000951	0.27990745	59975	12303	0
59975	12308	0.00109924	0.03709212	0.47907206	0.03713100	0.47764578	0.53066865	0.53078961	0.28012209	0.28003794	0.53075394	0.53091640	0.28003466	0.28009061	59975	12306	0
59975	12311	0.00119702	0.03712185	0.47931761	0.03696208	0.47902427	0.53077761	0.53082428	0.28020779	0.28005191	0.53077786	0.53088690	0.28017073	0.27997886	59975	12310	0
59975	12315	0.00141257	0.03720105	0.47944549	0.03713004	0.47879883	0.53092034	0.53091048	0.28012324	0.28005898	0.53080415	0.53077597	0.28011420	0.27995413	59975	12313	0
59975	12645	0.00079630	0.03704754	0.47803063	0.03700774	0.47987946	0.53043832	0.53045229	0.27982956	0.27973292	0.53044917	0.53053003	0.28010146	0.27977056	59975	12643	0
59975	12648	0.00084980	0.03690630	0.47732020	0.03690430	0.47715968	0.53062140	0.53058064	0.27987253	0.27983383	0.53055895	0.53065904	0.27989677	0.27984435	59975	12647	0
59975	12652	0.00013888	0.03696955	0.47720995	0.03692965	0.47934272	0.53074474	0.53064745	0.27997566	0.27986267	0.53053142	0.53061376	0.28003466	0.27987056	59975	12650	0
59975	12655	0.00087697	0.03694306	0.47946935	0.03701524	0.47725509	0.53038089	0.53053915	0.27988666	0.27974755	0.53039017	0.53049420	0.28000392	0.27972873	59975	12653	0
59975	12658	0.00067333	0.03695696	0.47730673	0.03697407	0.47791764	0.53038425	0.53042411	0.27994755	0.27975314	0.53044621	0.53054753	0.27979504	0.27983350	59975	12656	0
59975	12988	0.00089980	0.03706565	0.47724949	0.03689781	0.47657009	0.53004324	0.53007989	0.27978658	0.27950424	0.53027324	0.53031424	0.27960703	0.27963103	59975	12987	0
59975	12992	0.00075928	0.03691302	0.47718426	0.03701280	0.47760582	0.53016732	0.53032394	0.27974894	0.27957556	0.53023791	0.53032238	0.27981797	0.27966932	59975	12990	0
59975	12995	0.00122341	0.03689062	0.47932225	0.03685045	0.47792986	0.53031827	0.53044375	0.27986333	0.27970055	0.53036987	0.53033240	0.27989472	0.27972758	59975	12993	0
59975	12998	0.00019060	0.03688261	0.47575197	0.03715989	0.47885040	0.53036815	0.53043035	0.27998149	0.27973128	0.53038795	0.53040373	0.27985092	0.27974862	59975	12997	0
59975	13002	0.00092726	0.03699412	0.47989724	0.03685651	0.47768726	0.53044169	0.53045213	0.27986867	0.27975445	0.53032024	0.53039239	0.27991074	0.27967729	59975	13000	0
59975	13332	0.00058900	0.03707418	0.47719151	0.03704667	0.47820628	0.53001078	0.53002845	0.27940752	0.27937761	0.52992409	0.52994866	0.27942075	0.27936578	59975	13330	0
59975	13335	0.00102525	0.03711019	0.47825376	0.03706907	0.47694502	0.52982582	0.53002106	0.27949816	0.27940604	0.52991711	0.52998728	0.27950358	0.27935592	59975	13333	0
59975	13338	0.00070965	0.03702079	0.47617276	0.03704408	0.47711956	0.52981275	0.52987274	0.27962799	0.27934910	0.52994850	0.52997389	0.27955255	0.27941221	59975	13337	0
59975	13342	0.00011201	0.03705711	0.47741605	0.03714056	0.47920896	0.52991662	0.52997989	0.27947918	0.27936183	0.52988145	0.52996386	0.27955034	0.27933644	59975	13340	0
59975	13345	0.00071331	0.03715356	0.47869194	0.03708303	0.47688806	0.52992475	0.53010586	0.27950440	0.27940539	0.53002319	0.53005162	0.27956069	0.27944458	59975	13343	0
59975	13675	-0.00007745	0.03680516	0.47570077	0.03680881	0.47807304	0.52916368	0.52930353	0.27885508	0.27873404	0.52913730	0.52924002	0.27902740	0.27870668	59975	13674	0
59975	13679	0.00173380	0.03692167	0.48252464	0.03690355	0.47709091	0.52926007	0.52929786	0.27903093	0.27885977	0.52953723	0.52943312	0.27900291	0.27894317	59975	13677	0
59975	13682	-0.00005003	0.03696970	0.47578424	0.03701549	0.48113571	0.52947955	0.52937437	0.27894407	0.27889502	0.52931824	0.52948185	0.27921582	0.27894843	59975	13680	0
59975	13685	0.00020413	0.03695753	0.47730624	0.03696554	0.47654376	0.52938020	0.52947042	0.27914745	0.27896421	0.52934618	0.52953057	0.27920637	0.27899814	59975	13683	0
59975	13688	0.00102129	0.03687531	0.47927561	0.03716453	0.47682412	0.52932284	0.52935555	0.27895739	0.27885237	0.52936122	0.52948735	0.27907662	0.27889280	59975	13687	0
59975	14019	0.00091793	0.03667292	0.47724829	0.03675361	0.47755839	0.52989164	0.53002919	0.27991756	0.27971838	0.53007151	0.53013963	0.28001198	0.27987491	59975	14017	0
59975	14022	0.00097581	0.03679968	0.47790325	0.03682224	0.47772960	0.53013938	0.53011859	0.27994369	0.27987023	0.53005442	0.53009008	0.27982216	0.27978633	59975	14020	0
59975	14025	0.00055834	0.03684756	0.47702652	0.03676861	0.47827894	0.53008285	0.53002903	0.27989874	0.27971271	0.53008277	0.53005705	0.27977795	0.27979513	59975	14024	0
59975	14029	-0.00086394	0.03679980	0.47618155	0.03675891	0.48044840	0.53001448	0.53014177	0.27983761	0.27972939	0.53011638	0.53013905	0.27984525	0.27980655	59975	14027	0
59975	14032	0.00168733	0.03664386	0.48058933	0.03672371	0.47293549	0.53010060	0.53007685	0.27990491	0.27969890	0.52998145	0.53009715	0.28002455	0.27977015	59975	14030	0
59975	14362	0.00070821	0.03702238	0.47499842	0.03693714	0.47793579	0.52999172	0.52999501	0.27983892	0.27971813	0.53010931	0.53009641	0.27980088	0.27979792	59975	14361	0
59975	14365	0.00050676	0.03689622	0.47798717	0.03682272	0.47859154	0.53019025	0.53012057	0.27987631	0.27980310	0.53007570	0.53024933	0.27996892	0.27981649	59975	14364	0
59975	14369	0.00076677	0.03686811	0.47772441	0.03697459	0.47694437	0.53007102	0.53010389	0.28006457	0.27981370	0.53000134	0.53016691	0.28004008	0.27981082	59975	14367	0
59975	14372	0.00022629	0.03704198	0.47756011	0.03695566	0.47918156	0.53024670	0.53014448	0.27985807	0.27978921	0.53007225	0.53008367	0.28003038	0.27975807	59975	14370	0
59975	14375	0.00098722	0.03695547	0.47648712	0.03687418	0.47420431	0.53013051	0.53012369	0.28003712	0.27983054	0.52997184	0.53000150	0.27997171	0.27973111	59975	14374	0
59975	14706	0.00025793	0.03701249	0.47739615	0.03697356	0.47958403	0.52974858	0.52978629	0.27954294	0.27935173	0.52974529	0.52976649	0.27966505	0.27952544	59975	14704	0
59975	14709	0.00113495	0.03688840	0.47893229	0.03685676	0.47630121	0.52969418	0.52985803	0.27945765	0.27936915	0.52975063	0.52976558	0.27951287	0.27941122	59975	14707	0
59975	14712	0.00154911	0.03689149	0.47819327	0.03669778	0.47695081	0.52965778	0.52965424	0.27962725	0.27938583	0.52972475	0.52971226	0.27959422	0.27943086	59975	14711	0
59975	14715	0.00097422	0.03699489	0.47627042	0.03693541	0.47799508	0.52964118	0.52982557	0.27948148	0.27941771	0.52968202	0.52982417	0.27967746	0.27942922	59975	14714	0
59975	14719	-0.00004536	0.03683213	0.47548350	0.03677023	0.47854225	0.52981842	0.52980100	0.27951402	0.27951730	0.52983231	0.52982573	0.27953686	0.27942864	59975	14717	0
59975	15049	0.00128432	0.03710427	0.47987750	0.03707312	0.47588846	0.52894305	0.52904634	0.27886552	0.27869994	0.52904486	0.52911709	0.27900800	0.27881326	59975	15047	0
59975	15052	-0.00027083	0.03698611	0.47562459	0.03691614	0.48029003	0.52895381	0.52897674	0.27898590	0.27871169	0.52907584	0.52910353	0.27881835	0.27873643	59975	15051	0
59975	15056	0.00148334	0.03694613	0.48030505	0.03699974	0.47504255	0.52893623	0.52900739	0.27875639	0.27871777	0.52903837	0.52903985	0.27887505	0.27867595	59975	15054	0
59975	15059	0.00028278	0.03688820	0.47598353	0.03713747	0.47958519	0.52905850	0.52902432	0.27885130	0.27878746	0.52906261	0.52903261	0.27881211	0.27867940	59975	15057	0
59975	15062	0.00107717	0.03693802	0.47830337	0.03707155	0.47592020	0.52894066	0.52896901	0.27863930	0.27867414	0.52884806	0.52891881	0.27877694	0.27856798	59975	15060	0
59975	15392	-0.00013901	0.03705059	0.47603099	0.03700808	0.47967954	0.52912136	0.52920641	0.27893438	0.27880290	0.52921561	0.52936344	0.27922806	0.27899568	59975	15391	0
59975	15396	0.00160033	0.03701126	0.48029797	0.03698378	0.47507995	0.52928258	0.52931791	0.27913545	0.27896454	0.52934848	0.52942457	0.27920982	0.27897859	59975	15394	0
59975	15399	0.00036670	0.03696182	0.47458090	0.03707066	0.47828178	0.52934051	0.52934980	0.27906659	0.27898754	0.52924215	0.52923698	0.27900817	0.27891416	59975	15397	0
59975	15402	-0.00015645	0.03698858	0.47814317	0.03709930	0.47971263	0.52918521	0.52930674	0.27924227	0.27904736	0.52929326	0.52941586	0.27924121	0.27906026	59975	15401	0
59975	15406	0.00078896	0.03705566	0.47881694	0.03708383	0.47598069	0.52950107	0.52925727	0.27919379	0.27900381	0.52921495	0.52923295	0.27908352	0.27904169	59975	15404	0
59975	15736	0.00092119	0.03689191	0.47892187	0.03704678	0.47852521	0.52924363	0.52940773	0.27926413	0.27907103	0.52942991	0.52943813	0.27941015	0.27922995	59975	15734	0
59975	15739	0.00052747	0.03694673	0.47720348	0.03699506	0.47838461	0.52950568	0.52949598	0.27932346	0.27921705	0.52943312	0.52955235	0.27956011	0.27926232	59975	15738	0
59975	15742	0.00072593	0.03683737	0.47856766	0.03681731	0.47797231	0.52948842	0.52951176	0.27948895	0.27926676	0.52952474	0.52944183	0.27946554	0.27923611	59975	15741	0
59975	15746	0.00166775	0.03686075	0.47861158	0.03686752	0.47578609	0.52949516	0.52963674	0.27932502	0.27930251	0.52960971	0.52957363	0.27940917	0.27929486	59975	15744	0
59975	15749	0.00077296	0.03692830	0.47701333	0.03686403	0.47969773	0.52965950	0.52958448	0.27943439	0.27934745	0.52957602	0.52956772	0.27967688	0.27931853	59975	15747	0
59975	16079	0.00118563	0.03702448	0.47943740	0.03697072	0.47819938	0.52965301	0.52971086	0.27990811	0.27961829	0.52975318	0.52974102	0.27977795	0.27965215	59975	16078	0
59975	16083	-0.00019365	0.03690811	0.47663291	0.03698693	0.48077075	0.52969615	0.52970149	0.27991082	0.27965626	0.52980199	0.52973263	0.27971558	0.27964985	59975	16081	0
59975	16086	0.00068606	0.03694921	0.47793467	0.03686915	0.47529554	0.52969689	0.52972877	0.27991846	0.27966143	0.52983288	0.52993880	0.27982405	0.27977918	59975	16084	0
59975	16089	0.00006597	0.03683665	0.47756833	0.03684615	0.47942860	0.52972581	0.52982976	0.28001567	0.27977565	0.52968440	0.52977167	0.27976349	0.27970227	59975	16087	0
59975	16092	0.00032416	0.03690073	0.47871393	0.03681348	0.47793939	0.52990528	0.52988564	0.27979586	0.27969471	0.52971579	0.52987824	0.27989940	0.27972257	59975	16091	0
59975	16423	0.00072216	0.03692388	0.47900417	0.03693072	0.47781015	0.52979895	0.52991859	0.28017459	0.27992315	0.53001884	0.53002673	0.28002258	0.28003309	59975	16421	0
59975	16426	0.00086455	0.03693659	0.47876125	0.03683414	0.47833409	0.53002829	0.53000692	0.28010869	0.27996169	0.52993428	0.52996567	0.28011461	0.27993917	59975	16424	0
59975	16429	0.00042196	0.03686095	0.47537534	0.03696497	0.47670309	0.53004308	0.52990593	0.28004353	0.27992052	0.52977725	0.53000840	0.28020565	0.27995347	59975	16428	0
59975	16433	0.00000365	0.03688910	0.47761943	0.03686286	0.47887436	0.52985392	0.52983190	0.27992183	0.27987721	0.52994242	0.52986222	0.28005898	0.27982717	59975	16431	0
59975	16436	0.00051864	0.03682132	0.47769053	0.03688796	0.47614558	0.53000388	0.52994209	0.27996695	0.27987228	0.52996732	0.52990774	0.27989480	0.27986965	59975	16434	0
59975	16766	0.00104277	0.03682161	0.47749142	0.03678820	0.47591901	0.52979862	0.52984069	0.28014509	0.27984648	0.52990166	0.52987709	0.27997286	0.27992865	59975	16765	0
59975	16769	0.00038774	0.03674304	0.47585108	0.03673404	0.47781617	0.52989336	0.52987709	0.28003696	0.27994542	0.52992623	0.52991259	0.28011214	0.27995980	59975	16768	0
59975	16773	0.00034958	0.03673060	0.47706858	0.03678744	0.47718309	0.52990750	0.52996107	0.28002808	0.27994591	0.52979911	0.52985162	0.28011338	0.27982988	59975	16771	0
59975	16776	0.00044585	0.03678337	0.47637505	0.03685483	0.47608624	0.52977668	0.52996617	0.28018938	0.27991279	0.52980725	0.52986107	0.28001115	0.27987023	59975	16774	0
59975	16779	0.00016761	0.03687831	0.47728142	0.03689247	0.47811612	0.52985022	0.52986419	0.28017336	0.27990178	0.52995064	0.53007217	0.28002504	0.27995100	59975	16778	0
59975	17110	0.00036011	0.03693716	0.47869021	0.03718312	0.47811273	0.52929359	0.52939631	0.27938443	0.27919404	0.52957552	0.52952679	0.27937474	0.27930538	59975	17108	0
59975	17113	0.00075644	0.03703946	0.47740267	0.03694365	0.47621366	0.52941882	0.52955309	0.27952988	0.27926339	0.52945136	0.52953156	0.27934507	0.27927564	59975	17111	0
59975	17116	0.00140567	0.03695636	0.47837301	0.03712967	0.47642534	0.52948152	0.52944676	0.27933349	0.27927679	0.52941693	0.52951069	0.27943217	0.27925994	59975	17114	0
59975	17119	0.00128716	0.03700989	0.47749998	0.03704538	0.47785549	0.52936023	0.52947741	0.27928714	0.27918755	0.52936418	0.52934437	0.27922822	0.27920957	59975	17118	0
59975	17123	0.00093259	0.03697706	0.47781600	0.03706175	0.47887972	0.52931331	0.52948160	0.27943891	0.27924786	0.52952770	0.52929137	0.27937268	0.27909691	59975	17121	0
59975	17453	0.00101793	0.03718642	0.47822825	0.03706529	0.47797225	0.52928817	0.52930386	0.27922124	0.27913594	0.52920879	0.52932942	0.27930053	0.27913948	59975	17451	0
59975	17456	0.00126129	0.03697804	0.47762544	0.03710996	0.47689535	0.52939302	0.52945761	0.27926191	0.27919001	0.52950329	0.52945892	0.27926947	0.27926043	59975	17455	0
59975	17460	0.00064066	0.03715272	0.47693827	0.03699498	0.47880014	0.52937034	0.52944454	0.27926323	0.27923685	0.52929384	0.52945161	0.27944910	0.27920333	59975	17458	0
59975	17463	0.00133597	0.03690173	0.47703522	0.03696721	0.47494928	0.52937445	0.52937634	0.27937942	0.27926668	0.52938069	0.52943953	0.27949758	0.27931837	59975	17461	0
59975	17466	0.00135407	0.03703051	0.47774773	0.03700597	0.47769344	0.52940272	0.52949467	0.27941919	0.27929758	0.52939696	0.52946443	0.27958551	0.27927523	59975	17464	0
59975	17796	0.00157260	0.03666632	0.47727458	0.03670287	0.47661898	0.52916442	0.52934626	0.27936792	0.27914392	0.52939573	0.52950223	0.27932584	0.27929092	59975	17795	0
59975	17800	0.00092319	0.03680760	0.47735150	0.03668384	0.47929973	0.52933821	0.52943320	0.27936972	0.27925016	0.52938061	0.52933879	0.27915895	0.27921902	59975	17798	0
59975	17803	0.00105309	0.03653887	0.47766326	0.03660949	0.47727355	0.52946114	0.52932309	0.27948912	0.27923266	0.52931192	0.52939121	0.27930431	0.27919297	59975	17801	0
59975	17806	0.00044626	0.03666418	0.47731812	0.03680461	0.47913863	0.52919071	0.52927855	0.27940267	0.27913783	0.52918734	0.52933254	0.27933086	0.27912362	59975	17805	0
59975	17810	0.00008474	0.03667223	0.47651605	0.03657356	0.47760060	0.52934684	0.52930485	0.27929470	0.27912880	0.52925596	0.52931044	0.27940621	0.27917399	59975	17808	0
59975	18140	0.00057804	0.03655819	0.47909093	0.03654001	0.47761102	0.53098000	0.53107515	0.28076837	0.28051947	0.53116324	0.53102141	0.28071462	0.28057559	59975	18138	0
59975	18143	0.00073365	0.03654098	0.47843507	0.03660806	0.47796823	0.53108107	0.53116209	0.28072638	0.28059400	0.53120753	0.53109972	0.28069885	0.28058923	59975	18142	0
59975	18146	0.00120786	0.03655749	0.47773690	0.03659754	0.47631428	0.53123153	0.53126826	0.28076154	0.28066976	0.53115182	0.53117335	0.28079384	0.28061881	59975	18145	0
59975	18150	-0.00015802	0.03645091	0.47540650	0.03650495	0.47950415	0.53126341	0.53109956	0.28088595	0.28070608	0.53114919	0.53122191	0.28079754	0.28068184	59975	18148	0
59975	18153	0.00102449	0.03640783	0.47882664	0.03649010	0.47527911	0.53120613	0.53128543	0.28075793	0.28066450	0.53124180	0.53133054	0.28077995	0.28063525	59975	18151	0
59975	18484	0.00045812	0.03639974	0.47814375	0.03631952	0.47984286	0.53057785	0.53049905	0.27973514	0.27966677	0.53049568	0.53056092	0.27997820	0.27980334	59975	18482	0
59975	18487	0.00055446	0.03627910	0.47870182	0.03618186	0.47841279	0.53045040	0.53053742	0.27993942	0.27968189	0.53043052	0.53048286	0.27985445	0.27966423	59975	18485	0
59975	18490	0.00063892	0.03625113	0.47795146	0.03635710	0.47769809	0.53047136	0.53043537	0.27972405	0.27965445	0.53044761	0.53045681	0.27989965	0.27968880	59975	18488	0
59975	18493	0.00147559	0.03628599	0.47954474	0.03623589	0.47703471	0.53051565	0.53044909	0.27981197	0.27968888	0.53048220	0.53048689	0.27986661	0.27966193	59975	18492	0
59975	18497	0.00056092	0.03634174	0.47656061	0.03625953	0.47930465	0.53058615	0.53050611	0.27983407	0.27960646	0.53049650	0.53051014	0.27991723	0.27956053	59975	18495	0
59975	18827	0.00077168	0.03667069	0.47824339	0.03660852	0.47761108	0.53066890	0.53068730	0.27947120	0.27949832	0.53081040	0.53073184	0.27964040	0.27946775	59975	18825	0
59975	18830	0.00144733	0.03667766	0.47911329	0.03651932	0.47708636	0.53084811	0.53075041	0.27963251	0.27946406	0.53065846	0.53070785	0.27974936	0.27945387	59975	18829	0
59975	18834	0.00049666	0.03644873	0.47565275	0.03652189	0.47850474	0.53079413	0.53087153	0.27960424	0.27948706	0.53078147	0.53084959	0.27980490	0.27964056	59975	18832	0
59975	18837	0.00104646	0.03654700	0.47803899	0.03663175	0.47638961	0.53086290	0.53082741	0.27971649	0.27957564	0.53090448	0.53084992	0.27973481	0.27963703	59975	18835	0
59975	18840	0.00126740	0.03659850	0.47877871	0.03664442	0.47811589	0.53079298	0.53086192	0.27974319	0.27958871	0.53082946	0.53081664	0.27987804	0.27957441	59975	18838	0
59975	19170	0.00092007	0.03667109	0.47811761	0.03661554	0.47915959	0.53154402	0.53156465	0.28053196	0.28030911	0.53155191	0.53171083	0.28060862	0.28038528	59975	19169	0
59975	19174	0.00169659	0.03670856	0.48012686	0.03665903	0.47779731	0.53150294	0.53149349	0.28048906	0.28037320	0.53140778	0.53144205	0.28045578	0.28031502	59975	19172	0
59975	19177	0.00063091	0.03658579	0.47874214	0.03663444	0.48193916	0.53135100	0.53144928	0.28026794	0.28024584	0.53126817	0.53131090	0.28043015	0.28021239	59975	19175	0
59975	19180	0.00067734	0.03652763	0.47715473	0.03642902	0.47701544	0.53126160	0.53128255	0.28051133	0.28016128	0.53141855	0.53144640	0.28034346	0.28027484	59975	19179	0
59975	19183	0.00112114	0.03650077	0.47756160	0.03637570	0.47623023	0.53146300	0.53151025	0.28053138	0.28024181	0.53135182	0.53134426	0.28027131	0.28027271	59975	19182	0
59975	19514	0.00054655	0.03694743	0.47835653	0.03703385	0.48008029	0.53013659	0.53016354	0.27885122	0.27869131	0.53018639	0.53015130	0.27888836	0.27876461	59975	19512	0
59975	19517	0.00114732	0.03696421	0.47988711	0.03694440	0.47808478	0.53021465	0.53015319	0.27895287	0.27875837	0.53028261	0.53034111	0.27896585	0.27879460	59975	19515	0
59975	19520	0.00155910	0.03693654	0.47853119	0.03690660	0.47729585	0.53028828	0.53037102	0.27910242	0.27885114	0.53036519	0.53044983	0.27906667	0.27884645	59975	19519	0
59975	19524	0.00067080	0.03692189	0.47646212	0.03699370	0.47912705	0.53035204	0.53032780	0.27891268	0.27881884	0.53037505	0.53035919	0.27915780	0.27889535	59975	19522	0
59975	19527	0.00125119	0.03697765	0.47907185	0.03680553	0.47733066	0.53019066	0.53027842	0.27913003	0.27884292	0.53027801	0.53027119	0.27896076	0.27878236	59975	19525	0
59975	19857	0.00051466	0.03665148	0.47622215	0.03663367	0.47843175	0.53123079	0.53133243	0.28036918	0.28014953	0.53132865	0.53131624	0.28050542	0.28023261	59975	19856	0
59975	19860	0.00117052	0.03669644	0.47907458	0.03689387	0.47710698	0.53132660	0.53139168	0.28034502	0.28027838	0.53134878	0.53149152	0.28041716	0.28034198	59975	19859	0
59975	19864	-0.00002898	0.03686046	0.47696960	0.03673995	0.48056812	0.53160006	0.53148963	0.28037756	0.28032998	0.53142816	0.53136949	0.28029037	0.28019078	59975	19862	0
59975	19867	0.00086616	0.03667159	0.47983969	0.03661968	0.47715427	0.53140351	0.53142183	0.28051257	0.28031987	0.53126259	0.53135741	0.28051897	0.28021823	59975	19865	0
59975	19870	0.00048837	0.03666737	0.47666348	0.03676783	0.47779686	0.53125412	0.53131016	0.28050155	0.28016391	0.53138535	0.53138995	0.28032209	0.28025381	59975	19869	0
59975	20201	0.00149565	0.03698679	0.47877648	0.03715869	0.47575464	0.53197731	0.53207699	0.28112368	0.28091085	0.53199293	0.53199169	0.28095177	0.28084898	59975	20199	0
59975	20204	0.00078783	0.03707138	0.47662895	0.03701037	0.47875239	0.53193968	0.53200747	0.28114249	0.28087987	0.53203467	0.53208841	0.28105260	0.28098316	59975	20202	0
59975	20207	0.00110771	0.03690042	0.47880497	0.03695582	0.47784532	0.53190032	0.53195505	0.28114200	0.28089918	0.53194453	0.53205776	0.28107256	0.28094002	59975	20206	0
59975	20210	0.00030620	0.03704843	0.47535241	0.03708614	0.47775695	0.53191363	0.53202374	0.28119418	0.28096755	0.53202727	0.53201700	0.28104865	0.28096180	59975	20209	0
59975	20214	0.00126244	0.03711458	0.48054393	0.03710914	0.47767521	0.53199112	0.53193426	0.28096755	0.28085571	0.53200451	0.53207723	0.28095350	0.28087995	59975	20212	0
59975	20544	0.00068878	0.03720152	0.47616110	0.03705299	0.47788208	0.53165939	0.53169999	0.28078743	0.28049695	0.53179769	0.53175438	0.28068948	0.28061898	59975	20543	0
59975	20547	0.00017090	0.03715108	0.47741213	0.03714716	0.47896575	0.53158527	0.53166942	0.28076459	0.28061561	0.53165159	0.53173269	0.28087059	0.28053804	59975	20546	0
59975	20551	0.00163972	0.03701724	0.47994638	0.03712926	0.47553992	0.53172373	0.53171626	0.28058134	0.28053130	0.53160187	0.53164789	0.28069540	0.28052201	59975	20549	0
59975	20554	0.00059995	0.03718616	0.47600232	0.03711046	0.47912164	0.53169103	0.53163918	0.28052760	0.28051125	0.53162611	0.53166958	0.28079482	0.28049712	59975	20552	0
59975	20557	0.00190945	0.03698617	0.48071779	0.03716569	0.47678929	0.53174460	0.53168495	0.28065941	0.28042826	0.53154180	0.53151535	0.28061536	0.28048060	59975	20556	0
59975	20888	-0.00004134	0.03677112	0.47430837	0.03670720	0.48016074	0.53186457	0.53184592	0.28102211	0.28086007	0.53188520	0.53185126	0.28097289	0.28088012	59975	20886	0
59975	20891	0.00083164	0.03677960	0.48011189	0.03682494	0.47749296	0.53185159	0.53189465	0.28102228	0.28084273	0.53176268	0.53187378	0.28119820	0.28094914	59975	20889	0
59975	20894	-0.00079218	0.03679837	0.47441390	0.03685125	0.47928535	0.53179456	0.53186096	0.28124825	0.28093197	0.53175808	0.53177271	0.28113526	0.28080386	59975	20892	0
59975	20897	0.00049400	0.03679244	0.47922428	0.03684051	0.47536573	0.53173285	0.53182628	0.28100954	0.28077510	0.53169374	0.53176835	0.28078012	0.28071528	59975	20896	0
59975	20901	0.00122393	0.03675417	0.47881739	0.03683619	0.47662763	0.53171486	0.53184452	0.28081224	0.28075514	0.53170459	0.53167016	0.28099984	0.28075850	59975	20899	0
59975	21231	-0.00005172	0.03712584	0.47552669	0.03707084	0.47935362	0.53131928	0.53131616	0.28052637	0.28039038	0.53154665	0.53147952	0.28059564	0.28056121	59975	21229	0
59975	21234	0.00105499	0.03705612	0.47972008	0.03698738	0.47639996	0.53141444	0.53145898	0.28073361	0.28045611	0.53148823	0.53152816	0.28060895	0.28049597	59975	21233	0
59975	21237	0.00069181	0.03699470	0.47815767	0.03721856	0.47924719	0.53147360	0.53156210	0.28055094	0.28055825	0.53140211	0.53156941	0.28073591	0.28054305	59975	21236	0
59975	21241	-0.00040724	0.03696995	0.47630722	0.03704783	0.47960438	0.53138453	0.53149217	0.28067806	0.28047879	0.53138404	0.53150672	0.28071002	0.28051577	59975	21239	0
59975	21244	0.00147322	0.03713308	0.48163979	0.03712964	0.47599841	0.53155117	0.53153227	0.28071290	0.28050731	0.53155939	0.53143285	0.28064379	0.28048528	59975	21242	0
59975	21574	0.00026087	0.03724515	0.47583405	0.03711766	0.47947109	0.53098049	0.53105091	0.28020664	0.28017517	0.53115757	0.53105896	0.28031675	0.28022365	59975	21573	0
59975	21578	0.00058488	0.03704881	0.47737737	0.03715757	0.47640536	0.53109783	0.53106061	0.28028840	0.28022365	0.53114853	0.53100580	0.28020261	0.28009998	59975	21576	0
59975	21581	0.00101474	0.03718165	0.47850657	0.03708968	0.47721699	0.53103308	0.53108017	0.28029555	0.28022973	0.53101287	0.53106348	0.28030147	0.28026326	59975	21579	0
59975	21584	0.00063209	0.03709436	0.47851895	0.03703840	0.47966690	0.53109553	0.53115215	0.28045389	0.28022266	0.53119923	0.53112298	0.28023943	0.28018347	59975	21583	0
59975	21587	0.00072883	0.03717453	0.47867416	0.03715635	0.47838393	0.53115658	0.53097868	0.28027723	0.28012044	0.53100720	0.53102043	0.28033516	0.28009752	59975	21586	0
59975	21918	0.00104919	0.03694739	0.47941985	0.03684051	0.47845877	0.53048664	0.53047596	0.27938073	0.27932798	0.53047168	0.53052378	0.27954516	0.27939372	59975	21916	0
59975	21921	0.00190395	0.03685691	0.48020672	0.03691107	0.47764246	0.53049058	0.53050094	0.27949586	0.27940054	0.53059305	0.53060908	0.27945929	0.27943694	59975	21919	0
59975	21924	0.00030703	0.03698277	0.47425175	0.03707435	0.47904248	0.53035213	0.53044580	0.27959594	0.27932436	0.53040266	0.53044506	0.27930538	0.27928180	59975	21923	0
59975	21928	0.00154796	0.03697014	0.47958210	0.03692671	0.47585931	0.53035927	0.53050538	0.27960835	0.27932412	0.53036979	0.53040044	0.27947523	0.27935214	59975	21926	0
59975	21931	0.00023464	0.03689746	0.47592929	0.03701420	0.47986925	0.53052181	0.53050176	0.27957277	0.27948181	0.53028737	0.53054038	0.27955872	0.27932765	59975	21929	0
59975	22261	0.00049202	0.03688255	0.47930605	0.03697123	0.47853391	0.53026387	0.53031687	0.27948887	0.27923899	0.53018236	0.53035517	0.27926315	0.27928969	59975	22260	0
59975	22265	0.00099940	0.03699175	0.47756545	0.03689711	0.47604331	0.53022944	0.53017858	0.27953637	0.27929445	0.53001391	0.53015828	0.27938377	0.27923003	59975	22263	0
59975	22268	0.00049112	0.03687564	0.47609742	0.03666519	0.47762224	0.52999230	0.52999657	0.27935395	0.27912543	0.53008934	0.53007118	0.27930103	0.27908730	59975	22266	0
59975	22271	-0.00003692	0.03694105	0.47512502	0.03703570	0.47670916	0.53015122	0.53016872	0.27917325	0.27910258	0.53002508	0.53020726	0.27918073	0.27912748	59975	22269	0
59975	22274	0.00068967	0.03697414	0.47911000	0.03701275	0.47693022	0.53003749	0.53012336	0.27919248	0.27919001	0.53006198	0.53007332	0.27915394	0.27904909	59975	22273	0
59975	22605	-0.00093413	0.03703165	0.47587597	0.03699965	0.48074737	0.53081294	0.53078862	0.28008330	0.28002816	0.53073587	0.53088476	0.28026367	0.28012192	59975	22603	0
59975	22608	0.00041857	0.03693779	0.48080144	0.03688603	0.47674333	0.53068706	0.53082995	0.28025783	0.28004764	0.53069560	0.53077621	0.28022012	0.27996218	59975	22606	0
59975	22611	0.00141982	0.03685383	0.47858544	0.03685001	0.47558170	0.53058812	0.53078632	0.28021313	0.27998930	0.53072198	0.53076290	0.28014008	0.28003490	59975	22610	0
59975	22615	0.00113180	0.03686217	0.47714347	0.03697596	0.47800753	0.53077851	0.53089429	0.28024501	0.28009628	0.53082141	0.53086981	0.28032250	0.28006144	59975	22613	0
59975	22618	0.00046483	0.03690656	0.47774793	0.03685327	0.47974884	0.53071023	0.53083990	0.28030911	0.28002471	0.53071450	0.53085732	0.28028561	0.28006761	59975	22616	0
59975	22948	0.00069985	0.03689124	0.47775994	0.03687293	0.47705490	0.53082165	0.53083127	0.28020171	0.28009867	0.53085173	0.53090580	0.28046680	0.28020582	59975	22947	0
59975	22951	0.00075590	0.03701611	0.47803586	0.03696292	0.47786772	0.53092618	0.53102823	0.28035266	0.28026926	0.53086759	0.53100169	0.28046154	0.28034987	59975	22950	0
59975	22955	0.00083011	0.03692562	0.47777513	0.03693195	0.47755248	0.53081261	0.53089520	0.28048808	0.28018404	0.53092067	0.53097441	0.28045348	0.28024871	59975	22953	0
59975	22958	0.00132812	0.03689997	0.47912800	0.03686583	0.47763397	0.53084713	0.53096923	0.28048783	0.28031979	0.53086833	0.53095568	0.28055036	0.28033828	59975	22956	0
59975	22961	0.00037922	0.03699561	0.47665287	0.03696316	0.47949959	0.53094853	0.53092987	0.28051700	0.28026334	0.53091607	0.53095904	0.28052711	0.28027739	59975	22960	0
59975	23292	0.00114484	0.03715128	0.47983895	0.03695810	0.47754209	0.53042123	0.53039937	0.27966620	0.27955666	0.53033659	0.53043693	0.27985577	0.27960835	59975	23290	0
59975	23295	0.00031870	0.03698107	0.47634541	0.03711992	0.47882382	0.53046051	0.53054983	0.27979414	0.27975511	0.53032304	0.53038606	0.27970597	0.27959044	59975	23293	0
59975	23298	0.00180147	0.03703203	0.47823729	0.03690241	0.47378899	0.53049642	0.53042756	0.27988568	0.27973325	0.53041014	0.53057111	0.27993999	0.27978066	59975	23297	0
59975	23301	0.00087934	0.03706870	0.47531247	0.03699942	0.47807886	0.53063093	0.53076652	0.28000047	0.27996325	0.53041252	0.53050924	0.27997927	0.27989874	59975	23300	0
59975	23305	0.00066938	0.03708828	0.47607214	0.03697632	0.47670202	0.53037513	0.53048105	0.28000606	0.27975889	0.53041285	0.53055188	0.27992126	0.27978674	59975	23303	0
59975	23635	0.00039752	0.03699619	0.47640301	0.03698904	0.47721858	0.53024087	0.53038524	0.27976250	0.27970112	0.53041425	0.53044909	0.27985922	0.27976431	59975	23633	0
59975	23638	0.00094403	0.03705928	0.47927338	0.03701671	0.47763385	0.53055550	0.53056150	0.27983638	0.27979324	0.53056585	0.53057448	0.27986678	0.27982257	59975	23637	0
59975	23642	0.00118449	0.03706465	0.47914412	0.03713707	0.47842275	0.53068960	0.53062452	0.27994238	0.27991173	0.53051022	0.53055262	0.27990195	0.27977943	59975	23640	0
59975	23645	-0.00020268	0.03720362	0.47662389	0.03712265	0.48078540	0.53052871	0.53058270	0.27999743	0.27979718	0.53046018	0.53043183	0.27991723	0.27975330	59975	23643	0
59975	23648	0.00082617	0.03707566	0.47990134	0.03709556	0.47681479	0.53061360	0.53060604	0.27984426	0.27978099	0.53040233	0.53055739	0.27999751	0.27978691	59975	23647	0
59975	23979	0.00067530	0.03700280	0.47703217	0.03689832	0.47748477	0.53003922	0.53014234	0.27955461	0.27943571	0.53002870	0.53023725	0.27973752	0.27950194	59975	23977	0
59975	23982	0.00092519	0.03698595	0.47814584	0.03703216	0.47739617	0.53007052	0.53020241	0.27974944	0.27954039	0.53003264	0.52998375	0.27973859	0.27944483	59975	23980	0
59975	23985	0.00060621	0.03700151	0.47823262	0.03690544	0.47918957	0.52997677	0.53009082	0.27970433	0.27955938	0.53015730	0.53011942	0.27947416	0.27942149	59975	23983	0
59975	23988	0.00073552	0.03700317	0.47642966	0.03706808	0.47604173	0.53007307	0.53012698	0.27964713	0.27948468	0.53011531	0.53001982	0.27951722	0.27939774	59975	23987	0
59975	23992	0.00083481	0.03701031	0.47796675	0.03698500	0.47766888	0.52998975	0.52995261	0.27965872	0.27935107	0.52987611	0.53002525	0.27969677	0.27941385	59975	23990	0
59975	24322	0.00120609	0.03684083	0.47601180	0.03677847	0.47489794	0.52940321	0.52943542	0.27900077	0.27890784	0.52957174	0.52946328	0.27895262	0.27891630	59975	24320	0
59975	24325	0.00103862	0.03688497	0.47854087	0.03682161	0.47904329	0.52954249	0.52947429	0.27901639	0.27888302	0.52945128	0.52961907	0.27904416	0.27894999	59975	24324	0
59975	24329	0.00136726	0.03686301	0.47832408	0.03683759	0.47733817	0.52937716	0.52949080	0.27911023	0.27890176	0.52960379	0.52948168	0.27893775	0.27880331	59975	24327	0
59975	24332	-0.00019531	0.03679158	0.47753040	0.03687266	0.48221812	0.52937322	0.52948702	0.27914309	0.27885245	0.52938275	0.52945892	0.27898302	0.27877053	59975	24330	0
59975	24335	0.00089003	0.03687417	0.47879670	0.03688732	0.47554068	0.52943493	0.52934815	0.27895098	0.27876708	0.52935925	0.52942893	0.27905583	0.27876823	59975	24333	0
59975	24665	0.00033778	0.03666351	0.47579712	0.03682140	0.47745385	0.52903911	0.52902464	0.27877012	0.27863355	0.52911889	0.52904001	0.27897481	0.27868540	59975	24664	0
59975	24669	0.00065368	0.03694948	0.47807765	0.03686387	0.47712995	0.52912325	0.52920493	0.27880907	0.27870504	0.52920854	0.52913599	0.27904030	0.27883774	59975	24667	0
59975	24672	0.00049707	0.03672016	0.47763202	0.03669893	0.47810187	0.52922153	0.52930616	0.27905673	0.27874037	0.52933911	0.52913254	0.27885475	0.27872591	59975	24670	0
59975	24675	0.00024066	0.03664342	0.47767147	0.03668111	0.47844070	0.52933460	0.52924905	0.27886774	0.27879115	0.52913968	0.52920386	0.27904219	0.27880726	59975	24674	0
59975	24678	0.00029356	0.03662553	0.47752886	0.03672152	0.47737015	0.52914741	0.52923131	0.27902912	0.27887111	0.52911010	0.52918011	0.27907563	0.27881638	59975	24677	0
59975	25009	0.00103723	0.03719851	0.48070239	0.03718568	0.47847138	0.52976452	0.52981620	0.27935304	0.27923915	0.52970765	0.52979673	0.27951270	0.27932297	59975	25007	0
59975	25012	0.00080581	0.03714095	0.47682003	0.03705287	0.47751428	0.52975646	0.52995910	0.27945083	0.27943538	0.52981505	0.52985384	0.27937334	0.27930834	59975	25010	0
59975	25015	0.00088324	0.03707611	0.47714203	0.03709031	0.47690974	0.53000002	0.52992212	0.27937868	0.27930267	0.52976747	0.52987824	0.27953719	0.27939750	59975	25014	0
59975	25019	0.00008293	0.03700185	0.47709509	0.03703649	0.47949603	0.52977052	0.52977372	0.27939511	0.27925715	0.52994998	0.52981826	0.27938427	0.27927145	59975	25017	0
59975	25022	0.00083022	0.03701291	0.47913548	0.03701819	0.47689362	0.52986707	0.52988490	0.27932823	0.27935584	0.52967725	0.52983888	0.27950966	0.27931064	59975	25020	0
59975	25352	-0.00024635	0.03674789	0.47420702	0.03671299	0.47743673	0.53042016	0.53045361	0.28028807	0.28020664	0.53050414	0.53062313	0.28028133	0.28025767	59975	25351	0
59975	25356	0.00088359	0.03666114	0.47929516	0.03663024	0.47590534	0.53037727	0.53056117	0.28044395	0.28026022	0.53041836	0.53051409	0.28047608	0.28019456	59975	25354	0
59975	25359	0.00099843	0.03657903	0.47793961	0.03651870	0.47759508	0.53037653	0.53036831	0.28038232	0.28013827	0.53031375	0.53050192	0.28023639	0.28015150	59975	25357	0
59975	25362	0.00102138	0.03663871	0.47873099	0.03673353	0.47866214	0.53034933	0.53054326	0.28039892	0.28017615	0.53034720	0.53039929	0.28036515	0.28014550	59975	25360	0
59975	25365	0.00116256	0.03676141	0.47741536	0.03657921	0.47699182	0.53047694	0.53041983	0.28021576	0.28011066	0.53033758	0.53045722	0.28023458	0.28008281	59975	25364	0
59975	25696	0.00088387	0.03689651	0.47685794	0.03672287	0.47769400	0.52988794	0.52980347	0.27928254	0.27914827	0.52992286	0.53000438	0.27957885	0.27934417	59975	25694	0
59975	25699	0.00101924	0.03674373	0.47777156	0.03661894	0.47736546	0.53010430	0.53011021	0.27945107	0.27934828	0.53006888	0.53013166	0.27939717	0.27932346	59975	25698	0
59975	25702	0.00040810	0.03676567	0.47549032	0.03678787	0.47732376	0.53006863	0.53002130	0.27935436	0.27919149	0.52994891	0.53006995	0.27955905	0.27935066	59975	25701	0
59975	25706	0.00019834	0.03670843	0.47801948	0.03665053	0.47864875	0.53001078	0.52997241	0.27954187	0.27925879	0.53008770	0.53007849	0.27952248	0.27942708	59975	25704	0
59975	25709	0.00093778	0.03661194	0.47871840	0.03661382	0.47650008	0.52996995	0.53015878	0.27964130	0.27941829	0.53008540	0.53005902	0.27965601	0.27937408	59975	25707	0
59975	26039	0.00049779	0.03624112	0.47735917	0.03635250	0.47867913	0.53053471	0.53045739	0.27971583	0.27959545	0.53044884	0.53063973	0.27980227	0.27974952	59975	26038	0
59975	26043	0.00036219	0.03623947	0.47771694	0.03628351	0.47812374	0.53059798	0.53060661	0.27976850	0.27967483	0.53057046	0.53050012	0.27986900	0.27962988	59975	26041	0
59975	26046	-0.00002419	0.03644534	0.47609735	0.03639435	0.47725648	0.53056133	0.53049067	0.27984689	0.27969430	0.53058212	0.53045714	0.27971961	0.27966069	59975	26044	0
59975	26049	0.00058605	0.03629234	0.47783286	0.03628939	0.47600215	0.53049888	0.53068508	0.27986916	0.27974303	0.53038992	0.53048574	0.27987623	0.27962536	59975	26047	0
59975	26052	0.00127721	0.03615503	0.47803604	0.03610990	0.47596256	0.53044958	0.53028861	0.27973202	0.27959635	0.53042444	0.53040841	0.27966924	0.27958008	59975	26051	0
59975	26383	0.00036044	0.03660779	0.47748498	0.03665317	0.48023529	0.53091262	0.53090859	0.27953283	0.27951270	0.53102478	0.53095584	0.27991789	0.27959783	59975	26381	0
59975	26386	0.00077433	0.03658715	0.47832177	0.03648748	0.47708010	0.53105436	0.53099027	0.27987639	0.27963694	0.53090481	0.53090662	0.27991271	0.27958887	59975	26384	0
59975	26389	0.00037003	0.03655420	0.47667716	0.03640774	0.47789008	0.53092872	0.53092100	0.27984509	0.27963119	0.53092930	0.53095033	0.27976028	0.27964681	59975	26388	0
59975	26393	0.00102978	0.03642760	0.47722347	0.03651797	0.47524420	0.53093267	0.53092856	0.27975864	0.27959906	0.53086126	0.53076709	0.27971739	0.27953020	59975	26391	0
59975	26396	0.00048793	0.03644470	0.47666043	0.03642627	0.47828599	0.53099479	0.53092897	0.27967228	0.27955970	0.53089520	0.53087893	0.27959241	0.27949306	59975	26394	0
59975	26726	0.00004959	0.03662156	0.47734087	0.03656491	0.47865588	0.53104993	0.53092511	0.27956126	0.27942954	0.53101048	0.53109085	0.27978198	0.27958600	59975	26724	0
59975	26729	0.00027205	0.03647856	0.47796066	0.03641996	0.47729328	0.53098287	0.53110367	0.27982413	0.27956776	0.53121131	0.53108041	0.27977088	0.27961517	59975	26728	0
59975	26733	0.00052357	0.03639071	0.47604833	0.03647793	0.47529379	0.53103768	0.53109331	0.27987204	0.27961747	0.53118083	0.53112281	0.27975585	0.27959841	59975	26731	0
59975	26736	0.00071536	0.03660673	0.47812443	0.03665562	0.47754906	0.53115404	0.53122848	0.27980630	0.27969751	0.53111312	0.53115889	0.27970622	0.27966521	59975	26734	0
59975	26739	0.00056890	0.03672739	0.47811105	0.03668525	0.47855042	0.53116201	0.53109709	0.27976234	0.27961164	0.53112741	0.53118066	0.27983564	0.27965954	59975	26738	0
59975	27070	0.00090836	0.03645791	0.47837813	0.03630309	0.47735974	0.53204502	0.53196063	0.28057230	0.28050065	0.53187000	0.53193787	0.28076007	0.28059687	59975	27068	0
59975	27073	0.00117517	0.03643582	0.47922079	0.03634095	0.47842038	0.53214733	0.53197608	0.28072983	0.28062974	0.53210501	0.53215242	0.28079121	0.28062637	59975	27071	0
59975	27076	0.00052372	0.03645422	0.47806447	0.03647651	0.48001882	0.53223887	0.53222498	0.28074626	0.28068545	0.53212251	0.53216056	0.28089590	0.28067683	59975	27074	0
59975	27079	0.00034399	0.03653329	0.47986975	0.03645502	0.48040894	0.53215004	0.53210493	0.28086393	0.28065743	0.53210419	0.53202087	0.28084421	0.28058948	59975	27078	0
59975	27083	0.00090428	0.03636693	0.47883871	0.03644761	0.47715783	0.53212054	0.53214552	0.28070255	0.28063377	0.53204494	0.53222490	0.28090855	0.28073895	59975	27081	0
59975	27413	0.00077305	0.03698910	0.47903443	0.03695500	0.47942813	0.53035139	0.53050554	0.27893101	0.27882649	0.53050948	0.53045229	0.27903381	0.27887119	59975	27411	0
59975	27416	0.00121483	0.03707622	0.47713044	0.03699179	0.47580510	0.53054843	0.53068854	0.27904317	0.27896166	0.53045106	0.53061590	0.27919075	0.27894325	59975	27415	0
59975	27419	0.00097695	0.03695223	0.47752487	0.03702752	0.47823850	0.53058590	0.53071894	0.27933932	0.27907744	0.53046445	0.53048155	0.27901228	0.27896429	59975	27418	0
59975	27423	0.00083851	0.03696463	0.47853008	0.03686268	0.47894541	0.53065501	0.53061302	0.27902846	0.27897612	0.53058599	0.53063373	0.27913800	0.27891326	59975	27421	0
59975	27426	0.00095889	0.03676197	0.47748776	0.03689758	0.47712661	0.53063808	0.53057095	0.27902288	0.27894292	0.53059741	0.53059009	0.27913586	0.27894260	59975	27424	0
59975	27756	0.00088173	0.03658621	0.47718943	0.03669236	0.47742091	0.53052156	0.53051294	0.27928599	0.27914531	0.53059601	0.53056109	0.27931722	0.27920374	59975	27755	0
59975	27760	0.00118961	0.03668545	0.47765266	0.03679800	0.47672900	0.53050464	0.53052748	0.27929749	0.27919675	0.53055829	0.53052115	0.27939298	0.27922165	59975	27758	0
59975	27763	0.00047439	0.03665223	0.47804608	0.03659037	0.48019176	0.53054580	0.53059346	0.27951615	0.27928772	0.53046971	0.53060258	0.27945263	0.27931993	59975	27761	0
59975	27766	0.00085068	0.03663633	0.47792365	0.03662713	0.47679476	0.53060398	0.53062313	0.27939002	0.27929248	0.53062263	0.53079429	0.27925781	0.27942527	59975	27765	0
59975	27769	0.00127912	0.03665540	0.47893162	0.03672372	0.47764632	0.53056906	0.53062978	0.27954245	0.27927161	0.53063447	0.53065690	0.27942330	0.27922436	59975	27768	0
59975	28100	0.00089572	0.03694945	0.47732449	0.03685524	0.47847469	0.53100728	0.53120852	0.28026482	0.28002241	0.53120507	0.53126357	0.28026531	0.28016202	59975	28098	0
59975	28103	0.00081195	0.03685080	0.47768760	0.03690119	0.47793892	0.53144353	0.53137960	0.28031190	0.28021083	0.53133712	0.53135265	0.28024123	0.28012915	59975	28101	0
59975	28106	0.00019257	0.03683535	0.47680265	0.03679574	0.47866079	0.53127089	0.53128707	0.28030886	0.28012619	0.53114985	0.53125355	0.28038273	0.28008363	59975	28105	0
59975	28110	0.00092345	0.03683760	0.47848464	0.03692408	0.47629199	0.53127590	0.53123309	0.28020607	0.28013852	0.53126078	0.53131181	0.28028462	0.28018281	59975	28108	0
59975	28113	0.00090933	0.03688223	0.47759419	0.03680266	0.47763657	0.53115198	0.53122528	0.28038840	0.28011116	0.53108501	0.53124985	0.28037674	0.28017180	59975	28111	0
59975	28443	0.00060447	0.03708724	0.47774090	0.03698363	0.47865549	0.53095707	0.53103407	0.28014600	0.27994008	0.53104984	0.53128140	0.28019464	0.27997508	59975	28442	0
59975	28446	0.00039100	0.03711671	0.47698829	0.03700436	0.47762869	0.53117935	0.53128231	0.28033951	0.28011165	0.53128453	0.53132578	0.28028635	0.28009111	59975	28445	0
59975	28450	0.00035159	0.03701344	0.47834971	0.03696870	0.47846794	0.53133186	0.53127845	0.28015693	0.28006317	0.53131920	0.53124065	0.28016251	0.28004838	59975	28448	0
59975	28453	0.00058933	0.03695019	0.47889694	0.03706840	0.47818372	0.53132569	0.53120819	0.28011140	0.27999332	0.53127960	0.53123662	0.28030327	0.28000828	59975	28451	0
59975	28456	0.00075559	0.03704519	0.47729907	0.03701103	0.47680029	0.53122766	0.53121230	0.28017846	0.28005273	0.53125848	0.53127771	0.28019859	0.28001814	59975	28455	0
59975	28787	0.00021241	0.03691163	0.47723251	0.03703914	0.47886203	0.53073151	0.53090596	0.27997771	0.27973448	0.53077399	0.53090366	0.27994180	0.27972257	59975	28785	0
59975	28790	-0.00032207	0.03695666	0.47871186	0.03703400	0.48031530	0.53103127	0.53095962	0.27998239	0.27976916	0.53090194	0.53110457	0.28017780	0.27996234	59975	28788	0
59975	28793	0.00011752	0.03705537	0.47825197	0.03687443	0.47693323	0.53110695	0.53121032	0.28002940	0.27990540	0.53109824	0.53123194	0.28003679	0.27997253	59975	28792	0
59975	28796	0.00081808	0.03695051	0.47824585	0.03704351	0.47614415	0.53104286	0.53099060	0.27997672	0.27984919	0.53097178	0.53105124	0.28012923	0.27984689	59975	28795	0
59975	28800	-0.00000248	0.03693046	0.47629319	0.03702934	0.47875489	0.53100251	0.53107967	0.27990597	0.27991945	0.53109561	0.53100999	0.28001674	0.27989143	59975	28798	0
59975	29130	0.00065984	0.03702519	0.47907764	0.03701630	0.47709067	0.53075386	0.53077317	0.27994805	0.27967515	0.53089816	0.53107918	0.27996818	0.27986160	59975	29128	0
59975	29133	0.00054581	0.03668788	0.47739258	0.03685286	0.47773469	0.53098493	0.53098000	0.27998921	0.27987335	0.53100646	0.53098411	0.28012266	0.27994607	59975	29132	0
59975	29137	0.00118734	0.03688494	0.47898641	0.03692917	0.47706180	0.53104721	0.53100983	0.28006563	0.27991427	0.53092116	0.53090991	0.28007451	0.27987524	59975	29135	0
59975	29140	0.00031187	0.03686178	0.47624585	0.03690650	0.47887227	0.53093825	0.53097006	0.27998239	0.27995511	0.53095995	0.53106422	0.28019547	0.27998445	59975	29138	0
59975	29143	0.00005135	0.03682930	0.47766364	0.03706953	0.47844520	0.53088838	0.53089733	0.28014131	0.27990195	0.53094581	0.53097597	0.27998124	0.27982931	59975	29141	0
59975	29473	0.00014360	0.03697546	0.47830360	0.03702688	0.47802686	0.53108781	0.53125675	0.28027320	0.28019629	0.53119808	0.53115486	0.28047657	0.28021050	59975	29472	0
59975	29477	0.00094611	0.03699073	0.47816679	0.03684244	0.47575926	0.53132676	0.53123103	0.28029424	0.28015742	0.53118214	0.53126801	0.28041486	0.28011798	59975	29475	0
59975	29480	-0.00003629	0.03690815	0.47738025	0.03699664	0.48032745	0.53115716	0.53128107	0.28036663	0.28022858	0.53140261	0.53127089	0.28032373	0.28020508	59975	29478	0
59975	29483	0.00168382	0.03712344	0.48085000	0.03700838	0.47568965	0.53115371	0.53124484	0.28042472	0.28023893	0.53123103	0.53119044	0.28037008	0.28019284	59975	29482	0
59975	29487	0.00132563	0.03717077	0.47673605	0.03697558	0.47781063	0.53115617	0.53115987	0.28024189	0.28018322	0.53130449	0.53116020	0.28062851	0.28028051	59975	29485	0
59975	29817	0.00064001	0.03715371	0.47740028	0.03729767	0.47945715	0.53108082	0.53116242	0.28038980	0.28012439	0.53119422	0.53121443	0.28030377	0.28019136	59975	29815	0
59975	29820	0.00104946	0.03716603	0.47677867	0.03701665	0.47555031	0.53117154	0.53146202	0.28032743	0.28038512	0.53117055	0.53126078	0.28026704	0.28033146	59975	29819	0
59975	29823	0.00095462	0.03715825	0.47736412	0.03723865	0.47764866	0.53114245	0.53134237	0.28050492	0.28026235	0.53130449	0.53128740	0.28031305	0.28024427	59975	29822	0
59975	29827	0.00043505	0.03714246	0.47486478	0.03704964	0.47642348	0.53126867	0.53121591	0.28031429	0.28023811	0.53124977	0.53126176	0.28052859	0.28028043	59975	29825	0
59975	29830	0.00076728	0.03706226	0.47819420	0.03720978	0.47719751	0.53127343	0.53124475	0.28029884	0.28029530	0.53119241	0.53121756	0.28029539	0.28024173	59975	29828	0
59975	30160	0.00068099	0.03715087	0.47893250	0.03723829	0.47919137	0.53101541	0.53095584	0.28011395	0.27995544	0.53088690	0.53093012	0.28011370	0.27997557	59975	30159	0
59975	30164	0.00054382	0.03724529	0.47587893	0.03718541	0.47629043	0.53102363	0.53095033	0.28006933	0.27999710	0.53095411	0.53094894	0.28013145	0.27999447	59975	30162	0
59975	30167	0.00033765	0.03712861	0.47685986	0.03733154	0.47747839	0.53101435	0.53097712	0.28018240	0.28006424	0.53089035	0.53100802	0.28027969	0.28002488	59975	30165	0
59975	30170	0.00051522	0.03732615	0.47939969	0.03719827	0.47886696	0.53090013	0.53097022	0.28007262	0.27998535	0.53094179	0.53097047	0.28002545	0.27996884	59975	30169	0
59975	30173	0.00093643	0.03715109	0.47832659	0.03711704	0.47706296	0.53088657	0.53094828	0.28002825	0.28001107	0.53073998	0.53082864	0.27998428	0.27989546	59975	30172	0
59975	30504	0.00029023	0.03712341	0.47736820	0.03706890	0.47930678	0.52967125	0.52976723	0.27916364	0.27886839	0.52976526	0.52986666	0.27900685	0.27889099	59975	30502	0
59975	30507	0.00129286	0.03716295	0.47869776	0.03708985	0.47568988	0.52990306	0.52986534	0.27901104	0.27892197	0.52995935	0.52992870	0.27902633	0.27891515	59975	30505	0
59975	30510	0.00020406	0.03705821	0.47563387	0.03693358	0.47890027	0.52976189	0.52981053	0.27912156	0.27891096	0.52963871	0.52981924	0.27912551	0.27888902	59975	30509	0
59975	30514	0.00122693	0.03704906	0.48010351	0.03719703	0.47703492	0.52974808	0.52977807	0.27898524	0.27891540	0.52975679	0.52992828	0.27911113	0.27891457	59975	30512	0
59975	30517	0.00057183	0.03712569	0.47645278	0.03703626	0.47841807	0.52995770	0.52995729	0.27906536	0.27898220	0.52984562	0.52988662	0.27911507	0.27904087	59975	30515	0
