% File initiated 25/04/2023 16:15:10 UTC
% Raw fountain data
%
% File notes: collisional shift map RF amps 460 430 400 380 360 340 310
%
%% fountain_code = ALPHA-CsF1
%% microwave_ref = ALPHA HM1
%% MJD_start = 60059.677200
%% clock_data = False
%% sequence = 7
%% density = HD
%
% Units: V.s, Hz
%
% Shot B MJD days	Shot B MJD seconds	freq error	shot A sum	shot A ratio	shot B sum	shot B ratio	shot A F=3 bg 1	shot A F=3 bg 2	shot A F=4 bg 1	shot A F=4 bg 2	shot B F=3 bg 1	shot B F=3 bg 2	shot B F=4 bg 1	shot B F=4 bg 2	Shot A MJD days	Shot A MJD seconds	Shot order (0=LF->HF)
60059	58947	0.00058751	0.06825008	0.47799548	0.06807214	0.48182488	0.64479678	0.64496096	0.33765204	0.33760816	0.64477887	0.64512843	0.33780258	0.33776346	60059	58946	0
60059	58951	0.00115690	0.06787435	0.48117700	0.06770531	0.47946884	0.64461305	0.64502168	0.33758835	0.33778598	0.64514470	0.64514732	0.33793841	0.33781293	60059	58949	0
60059	58954	0.00161061	0.06765062	0.48057074	0.06798386	0.47920962	0.64494025	0.64495209	0.33801441	0.33773766	0.64475257	0.64507477	0.33781392	0.33769017	60059	58952	0
60059	58957	0.00058336	0.06787798	0.47882586	0.06787353	0.48190760	0.64493729	0.64499399	0.33782263	0.33777414	0.64504428	0.64505266	0.33774629	0.33788351	60059	58956	0
60059	58961	0.00177636	0.06786775	0.48137430	0.06826400	0.47779528	0.64490985	0.64487386	0.33782378	0.33761958	0.64487936	0.64494272	0.33777365	0.33771145	60059	58959	0
60059	59748	0.00096842	0.06847098	0.47988747	0.06879736	0.48231129	0.64659297	0.64639485	0.33789551	0.33768828	0.64652222	0.64651885	0.33805887	0.33773971	60059	59746	0
60059	59751	0.00149264	0.06885674	0.47927104	0.06859211	0.47769839	0.64633553	0.64683077	0.33785895	0.33776149	0.64659568	0.64679182	0.33795928	0.33781885	60059	59750	0
60059	59755	0.00020615	0.06910655	0.47825613	0.06873803	0.48211559	0.64661080	0.64661450	0.33806857	0.33782830	0.64643446	0.64660242	0.33800184	0.33776749	60059	59753	0
60059	59758	0.00248735	0.06850415	0.48192369	0.06859746	0.47508008	0.64643816	0.64627792	0.33794030	0.33762845	0.64656462	0.64658163	0.33783569	0.33778031	60059	59756	0
60059	59761	-0.00006649	0.06874319	0.47585210	0.06877431	0.48351362	0.64658697	0.64666018	0.33794761	0.33783158	0.64647735	0.64648343	0.33790332	0.33780923	60059	59759	0
60059	60549	0.00116171	0.06941309	0.48302760	0.07012681	0.47934300	0.64791733	0.64802160	0.33832132	0.33825657	0.64803302	0.64824371	0.33834852	0.33832979	60059	60547	0
60059	60552	0.00116219	0.06972419	0.47952523	0.06970691	0.47952379	0.64793697	0.64816097	0.33837630	0.33823620	0.64807288	0.64799227	0.33837819	0.33813069	60059	60550	0
60059	60555	0.00078337	0.06983372	0.47895040	0.06984331	0.48008688	0.64792563	0.64801404	0.33830160	0.33809124	0.64807534	0.64796959	0.33823751	0.33825937	60059	60554	0
60059	60558	0.00142382	0.06956131	0.48166415	0.06964103	0.47974279	0.64806310	0.64812637	0.33846677	0.33821286	0.64803779	0.64796844	0.33846118	0.33817744	60059	60557	0
60059	60562	0.00020768	0.06975710	0.47851216	0.06908241	0.48216059	0.64808520	0.64816179	0.33831615	0.33819404	0.64794420	0.64790163	0.33845724	0.33824310	60059	60560	0
60059	61349	0.00129052	0.06921076	0.48161683	0.06948458	0.47836830	0.65049899	0.65072842	0.34039057	0.34039460	0.65036702	0.65037237	0.34018243	0.34000329	60059	61348	0
60059	61352	0.00057032	0.06922373	0.48010577	0.06938993	0.48226636	0.65041855	0.65057779	0.34020963	0.34029073	0.65020137	0.65011336	0.34008070	0.33987108	60059	61351	0
60059	61356	0.00123705	0.06945864	0.48141395	0.06932793	0.47941378	0.65018929	0.65045971	0.34028309	0.34012606	0.65045035	0.65051411	0.34021012	0.34005342	60059	61354	0
60059	61359	0.00210807	0.06949895	0.48149719	0.06949177	0.47888411	0.65058092	0.65033301	0.34033823	0.33999779	0.65046267	0.65065134	0.34019689	0.34001800	60059	61357	0
60059	61362	0.00063841	0.06955358	0.47841731	0.06968839	0.48282630	0.65037450	0.65035782	0.34034628	0.34003419	0.65060828	0.65047713	0.34024052	0.34017207	60059	61361	0
60059	62150	0.00075311	0.06968839	0.48114823	0.06963097	0.48080415	0.65040680	0.65033843	0.33975300	0.33954576	0.65033095	0.65011624	0.33972062	0.33948685	60059	62148	0
60059	62153	0.00146712	0.06948856	0.48005610	0.06987106	0.47791404	0.65024985	0.65034451	0.33977132	0.33956828	0.65039389	0.65018041	0.33970953	0.33964207	60059	62151	0
60059	62156	0.00143984	0.06983060	0.47826982	0.06961004	0.47835167	0.65026094	0.65019948	0.33942596	0.33935315	0.65014615	0.65003957	0.33967050	0.33950123	60059	62155	0
60059	62160	0.00114775	0.07015308	0.47924818	0.06975909	0.48012447	0.65009652	0.65001673	0.33940287	0.33923458	0.65017384	0.65035782	0.33955086	0.33975620	60059	62158	0
60059	62163	-0.00068793	0.06928652	0.47762928	0.06974484	0.48313632	0.65018789	0.65016143	0.33947961	0.33943130	0.65022273	0.65028633	0.33955061	0.33947534	60059	62161	0
60059	62951	0.00183557	0.07013207	0.48329615	0.06991711	0.47572564	0.64940422	0.64934859	0.33827835	0.33814959	0.64954071	0.64945895	0.33840169	0.33831730	60059	62949	0
60059	62954	0.00184451	0.06988263	0.47933460	0.07056572	0.47930778	0.64929666	0.64893165	0.33831500	0.33823784	0.64971549	0.64959584	0.33851977	0.33830826	60059	62952	0
60059	62957	0.00040601	0.06996133	0.47814980	0.07007961	0.48246530	0.64953150	0.64939395	0.33860457	0.33832617	0.64926765	0.64935410	0.33830374	0.33823915	60059	62955	0
60059	62960	0.00058981	0.06998824	0.48011614	0.07010983	0.47956474	0.64929255	0.64925713	0.33843497	0.33816602	0.64942304	0.64957366	0.33845929	0.33834565	60059	62959	0
60059	62964	0.00136244	0.07031468	0.48067718	0.07007436	0.47835929	0.64957300	0.64967950	0.33836652	0.33837318	0.64951187	0.64945936	0.33859397	0.33809585	60059	62962	0
60059	63751	0.00106528	0.07027679	0.48041671	0.07063782	0.48130818	0.65029167	0.65076810	0.33882602	0.33913022	0.65037894	0.65033851	0.33914509	0.33885536	60059	63750	0
60059	63754	0.00151410	0.07025747	0.48074400	0.07032597	0.47939753	0.65045824	0.65060204	0.33905520	0.33887409	0.65035659	0.65027664	0.33899488	0.33887155	60059	63753	0
60059	63758	0.00114638	0.07036844	0.47940688	0.07059999	0.48051006	0.65026069	0.65020071	0.33890540	0.33880803	0.65017754	0.65030844	0.33907204	0.33887730	60059	63756	0
60059	63761	0.00151807	0.07037561	0.47979364	0.07049842	0.47867855	0.64988295	0.65003949	0.33872627	0.33877836	0.65011459	0.65031345	0.33878921	0.33881230	60059	63759	0
60059	63764	0.00079263	0.07074783	0.48016369	0.07029238	0.48234001	0.65023892	0.65032906	0.33887179	0.33875437	0.65021115	0.65020170	0.33887590	0.33867023	60059	63763	0
60059	64552	0.00164234	0.07036987	0.48135973	0.07004284	0.47881061	0.65048305	0.65027787	0.33927361	0.33900064	0.65050655	0.65058182	0.33918667	0.33895216	60059	64550	0
60059	64555	0.00068868	0.07026182	0.47926279	0.07038461	0.48212377	0.65037064	0.65059900	0.33918117	0.33895610	0.65054558	0.65055495	0.33924847	0.33893309	60059	64553	0
60059	64558	0.00090906	0.07077317	0.48104217	0.07071815	0.48038102	0.65078076	0.65064394	0.33932719	0.33899094	0.65073450	0.65066292	0.33922381	0.33902636	60059	64557	0
60059	64561	0.00109072	0.07024748	0.48092660	0.07020572	0.48038162	0.65070919	0.65072603	0.33928060	0.33902011	0.65069193	0.65067763	0.33915915	0.33905479	60059	64560	0
60059	64565	0.00065104	0.07056107	0.47979996	0.07028384	0.48111899	0.65050277	0.65057007	0.33921182	0.33902595	0.65077624	0.65048075	0.33932127	0.33891699	60059	64563	0
60059	65352	0.00202515	0.07060182	0.48179097	0.07061608	0.47766866	0.65075857	0.65080935	0.33941749	0.33938101	0.65070204	0.65071675	0.33942809	0.33934461	60059	65351	0
60059	65356	0.00131823	0.07057301	0.47907663	0.07036863	0.48119737	0.65075249	0.65065405	0.33956006	0.33927673	0.65081190	0.65088265	0.33958553	0.33940739	60059	65354	0
60059	65359	0.00155882	0.07086917	0.48004665	0.07063979	0.47932487	0.65055019	0.65073293	0.33945652	0.33927073	0.65072086	0.65079341	0.33942776	0.33930204	60059	65357	0
60059	65362	0.00113838	0.07068951	0.47892594	0.07046330	0.48018729	0.65079243	0.65074912	0.33953229	0.33932530	0.65084148	0.65069949	0.33949284	0.33923031	60059	65361	0
60059	65365	0.00172425	0.07052431	0.48024843	0.07082012	0.47849080	0.65058897	0.65071938	0.33937016	0.33931872	0.65074312	0.65063400	0.33951692	0.33920426	60059	65364	0
60059	66153	0.00105111	0.07110792	0.47960077	0.07101185	0.48162017	0.65136352	0.65144142	0.33972432	0.33978899	0.65117148	0.65129910	0.33984084	0.33970140	60059	66151	0
60059	66156	0.00184134	0.07096581	0.48068869	0.07088736	0.47831800	0.65123377	0.65122243	0.33989968	0.33981923	0.65126738	0.65137083	0.33985777	0.33978036	60059	66155	0
60059	66160	0.00157738	0.07118663	0.47894369	0.07090927	0.47973559	0.65115694	0.65125127	0.33997996	0.33982219	0.65134676	0.65131742	0.33973476	0.33978349	60059	66158	0
60059	66163	0.00210533	0.07078723	0.48035334	0.07084135	0.47876949	0.65131011	0.65127132	0.33987322	0.33976253	0.65136524	0.65113985	0.33984815	0.33957403	60059	66161	0
60059	66166	0.00091779	0.07087297	0.47747167	0.07069386	0.48103427	0.65124002	0.65122284	0.33991397	0.33961848	0.65146171	0.65132999	0.33995752	0.33980296	60059	66164	0
60059	66954	0.00070227	0.07141097	0.47899720	0.07128999	0.47964376	0.65251367	0.65250316	0.34102099	0.34079387	0.65261754	0.65264457	0.34090168	0.34082920	60059	66952	0
60059	66957	0.00131105	0.07128016	0.47989032	0.07128538	0.47806401	0.65265263	0.65237431	0.34087366	0.34070553	0.65245780	0.65249806	0.34095879	0.34088779	60059	66955	0
60059	66960	0.00056539	0.07111037	0.47827675	0.07118478	0.48051371	0.65253750	0.65261368	0.34093257	0.34096511	0.65245377	0.65262074	0.34083273	0.34074843	60059	66959	0
60059	66963	0.00053948	0.07137827	0.48136967	0.07140691	0.48144740	0.65259190	0.65235640	0.34086297	0.34074662	0.65245878	0.65242353	0.34085270	0.34070652	60059	66962	0
60059	66967	0.00058280	0.07129438	0.47936807	0.07110596	0.47923810	0.65257029	0.65248861	0.34099330	0.34083487	0.65265402	0.65245689	0.34085632	0.34074046	60059	66965	0
60059	67754	0.00102654	0.07113430	0.47969765	0.07122711	0.47836643	0.65276101	0.65286750	0.34123570	0.34133209	0.65261080	0.65257349	0.34132354	0.34094153	60059	67753	0
60059	67757	0.00036397	0.07121066	0.47883355	0.07157162	0.48082126	0.65254868	0.65280431	0.34117473	0.34127342	0.65305486	0.65253676	0.34158411	0.34093578	60059	67756	0
60059	67761	0.00141076	0.07152605	0.48105213	0.07109416	0.47791178	0.65264720	0.65272863	0.34123505	0.34103241	0.65273562	0.65261228	0.34114622	0.34098459	60059	67759	0
60059	67764	0.00091285	0.07130760	0.47975268	0.07153837	0.48124639	0.65246593	0.65248631	0.34102682	0.34087990	0.65235738	0.65229715	0.34086593	0.34071646	60059	67762	0
60059	67767	0.00110433	0.07188061	0.47872588	0.07115029	0.47815143	0.65217077	0.65232871	0.34076552	0.34069707	0.65228696	0.65226108	0.34087144	0.34055902	60059	67766	0
60059	68555	0.00108646	0.07092812	0.47992017	0.07109897	0.47997379	0.65303012	0.65282740	0.34156751	0.34138715	0.65295239	0.65295132	0.34157417	0.34132420	60059	68553	0
60059	68558	0.00192009	0.07123388	0.48041691	0.07100723	0.47791603	0.65299430	0.65271705	0.34147285	0.34123883	0.65292075	0.65284310	0.34166217	0.34150473	60059	68556	0
60059	68561	0.00136034	0.07095506	0.47869481	0.07101612	0.48037406	0.65318575	0.65307786	0.34177508	0.34159323	0.65277942	0.65291434	0.34173095	0.34162873	60059	68560	0
60059	68565	0.00066374	0.07117522	0.47895474	0.07102661	0.48104454	0.65304064	0.65298008	0.34176029	0.34148033	0.65311911	0.65285485	0.34162848	0.34156940	60059	68563	0
60059	68568	0.00047099	0.07110569	0.47908714	0.07108690	0.47966541	0.65282289	0.65283151	0.34177689	0.34151402	0.65306365	0.65291911	0.34177384	0.34167647	60059	68566	0
60059	69355	0.00082475	0.07101240	0.47947749	0.07093394	0.47841619	0.65305231	0.65313637	0.34168485	0.34170383	0.65316308	0.65314492	0.34166053	0.34151903	60059	69354	0
60059	69359	0.00092999	0.07065203	0.47876494	0.07093693	0.47844924	0.65309742	0.65298912	0.34183227	0.34162980	0.65297342	0.65345996	0.34178346	0.34192759	60059	69357	0
60059	69362	0.00094914	0.07098004	0.48019731	0.07082994	0.48013984	0.65307466	0.65319364	0.34155601	0.34164007	0.65308362	0.65296808	0.34171320	0.34145592	60059	69360	0
60059	69365	0.00096839	0.07061761	0.47837064	0.07087360	0.47831288	0.65314097	0.65276520	0.34161599	0.34150671	0.65289364	0.65290728	0.34162454	0.34159003	60059	69363	0
60059	69368	0.00105959	0.07108377	0.48167578	0.07074610	0.48140218	0.65290284	0.65266076	0.34153481	0.34141796	0.65289618	0.65287761	0.34152511	0.34150884	60059	69367	0
60059	70156	0.00065398	0.07106450	0.48021027	0.07133285	0.48142713	0.65197430	0.65201900	0.34053051	0.34071597	0.65211087	0.65218343	0.34058293	0.34058622	60059	70154	0
60059	70159	-0.00001112	0.07141546	0.47844772	0.07104385	0.48044299	0.65196403	0.65184126	0.34061399	0.34046469	0.65196091	0.65197857	0.34059041	0.34041144	60059	70158	0
60059	70162	0.00043953	0.07123010	0.48016731	0.07113599	0.47881538	0.65210199	0.65201802	0.34072460	0.34043864	0.65209402	0.65192196	0.34046395	0.34040232	60059	70161	0
60059	70166	0.00158201	0.07139805	0.48140125	0.07122398	0.47797382	0.65188473	0.65190996	0.34044135	0.34037545	0.65205581	0.65182516	0.34059304	0.34040947	60059	70164	0
60059	70169	0.00137233	0.07133722	0.47930492	0.07113920	0.47993397	0.65195458	0.65188120	0.34062492	0.34047036	0.65200224	0.65186641	0.34067620	0.34034077	60059	70167	0
60059	70957	0.00147700	0.07169262	0.48148533	0.07185377	0.48117131	0.65226921	0.65213963	0.34059583	0.34047397	0.65234087	0.65210043	0.34092526	0.34056107	60059	70955	0
60059	70960	0.00104670	0.07146140	0.47786184	0.07165199	0.47915276	0.65216716	0.65199681	0.34055450	0.34059419	0.65237719	0.65218195	0.34074982	0.34048350	60059	70958	0
60059	70963	0.00078594	0.07148074	0.47907230	0.07127045	0.47985456	0.65227283	0.65254860	0.34075894	0.34062698	0.65223939	0.65232936	0.34067053	0.34063947	60059	70961	0
60059	70966	0.00032069	0.07182211	0.47900736	0.07167214	0.48040313	0.65228672	0.65220643	0.34076346	0.34059312	0.65255936	0.65222558	0.34076059	0.34058967	60059	70965	0
60059	70970	0.00114087	0.07117560	0.48049700	0.07144235	0.47803645	0.65238146	0.65222928	0.34094449	0.34058178	0.65247374	0.65238056	0.34077184	0.34066831	60059	70968	0
60059	71757	0.00069044	0.07166479	0.47829992	0.07145839	0.47965118	0.65269618	0.65277539	0.34128985	0.34120776	0.65293686	0.65294803	0.34128575	0.34138189	60059	71756	0
60059	71760	0.00118815	0.07153001	0.48006317	0.07150601	0.47857005	0.65310325	0.65293735	0.34167581	0.34131163	0.65281730	0.65283250	0.34126644	0.34128024	60059	71759	0
60059	71764	-0.00001143	0.07177163	0.47835287	0.07160359	0.48195161	0.65291155	0.65279873	0.34144409	0.34125123	0.65280760	0.65294351	0.34142067	0.34126496	60059	71762	0
60059	71767	0.00091017	0.07162094	0.47997937	0.07152528	0.47721457	0.65286964	0.65284959	0.34143596	0.34132905	0.65272223	0.65289980	0.34150810	0.34128172	60059	71765	0
60059	71770	0.00117626	0.07154783	0.48079970	0.07145979	0.48000143	0.65297137	0.65264030	0.34143324	0.34128747	0.65269766	0.65290243	0.34128928	0.34148970	60059	71769	0
60059	72558	0.00107983	0.07201813	0.47827028	0.07195272	0.47855958	0.65175917	0.65170732	0.34040856	0.34024184	0.65187126	0.65184307	0.34043149	0.34033658	60059	72556	0
60059	72561	0.00229613	0.07189703	0.48267609	0.07138000	0.47902720	0.65170338	0.65160099	0.34046797	0.34016443	0.65151841	0.65158004	0.34044768	0.34015515	60059	72559	0
60059	72564	0.00062290	0.07193506	0.47623581	0.07173639	0.48125550	0.65156591	0.65148595	0.34033124	0.34015983	0.65137412	0.65138768	0.34014003	0.34009787	60059	72563	0
60059	72568	0.00055044	0.07163375	0.47937297	0.07186552	0.47959033	0.65155358	0.65144372	0.34021143	0.34010888	0.65137313	0.65141751	0.34012359	0.34002499	60059	72566	0
60059	72571	0.00088825	0.07173954	0.48215151	0.07181644	0.48113808	0.65173797	0.65143895	0.34027709	0.34005514	0.65136237	0.65128735	0.34026320	0.33990740	60059	72569	0
60059	73358	0.00064707	0.07174733	0.47950419	0.07144700	0.48022773	0.65289955	0.65286192	0.34190285	0.34162865	0.65286183	0.65285469	0.34166135	0.34170523	60059	73357	0
60059	73362	0.00057588	0.07136817	0.48034537	0.07170310	0.48055895	0.65303423	0.65301911	0.34196276	0.34188897	0.65281919	0.65270176	0.34177623	0.34157187	60059	73360	0
60059	73365	0.00139948	0.07181648	0.48152607	0.07107123	0.47905524	0.65304031	0.65292059	0.34185322	0.34173909	0.65292930	0.65290202	0.34175511	0.34167171	60059	73363	0
60059	73368	0.00009263	0.07149727	0.47745199	0.07131402	0.48137256	0.65293283	0.65293562	0.34175585	0.34170909	0.65251852	0.65259954	0.34167129	0.34153489	60059	73367	0
60059	73371	0.00109496	0.07132669	0.48069192	0.07125302	0.47768492	0.65286266	0.65290818	0.34177730	0.34154648	0.65287523	0.65274351	0.34188535	0.34168272	60059	73370	0
60059	74159	0.00146887	0.07084188	0.48023032	0.07093200	0.47910862	0.65150050	0.65142104	0.34052862	0.34051489	0.65141405	0.65131808	0.34078171	0.34041087	60059	74157	0
60059	74162	0.00072193	0.07082779	0.47772337	0.07117560	0.47996418	0.65161086	0.65133336	0.34055927	0.34036731	0.65130748	0.65152745	0.34049493	0.34033740	60059	74161	0
60059	74165	0.00049330	0.07133019	0.47916280	0.07125890	0.47984869	0.65157758	0.65132745	0.34055204	0.34039985	0.65133229	0.65123295	0.34047849	0.34023806	60059	74164	0
60059	74169	0.00077783	0.07097263	0.48173591	0.07082041	0.48088233	0.65156311	0.65144257	0.34055582	0.34045516	0.65163008	0.65151093	0.34056461	0.34043576	60059	74167	0
60059	74172	0.00010624	0.07108824	0.47922358	0.07124389	0.48123833	0.65151759	0.65138423	0.34051399	0.34024652	0.65111544	0.65126623	0.34048720	0.34024003	60059	74170	0
60059	74960	0.00117743	0.07167420	0.48109371	0.07163815	0.47788015	0.65078585	0.65070064	0.33964757	0.33963821	0.65086071	0.65058659	0.33970583	0.33947436	60059	74958	0
60059	74963	0.00133887	0.07148963	0.47912311	0.07166722	0.47863880	0.65063203	0.65064386	0.33968217	0.33943138	0.65063909	0.65078363	0.33972859	0.33952506	60059	74961	0
60059	74966	0.00084727	0.07168704	0.47933589	0.07163284	0.48081069	0.65054854	0.65054443	0.33964766	0.33948175	0.65069752	0.65077238	0.33969942	0.33952062	60059	74965	0
60059	74970	0.00039111	0.07167818	0.47907620	0.07116335	0.48044466	0.65079941	0.65082102	0.33958948	0.33959844	0.65062398	0.65083959	0.33950575	0.33967436	60059	74968	0
60059	74973	0.00079417	0.07168862	0.47923505	0.07154353	0.47802589	0.65077320	0.65066876	0.33968981	0.33962292	0.65078947	0.65081790	0.33959655	0.33965472	60059	74971	0
60059	75760	0.00053282	0.07123398	0.47864032	0.07173293	0.47942435	0.65176287	0.65159713	0.34102814	0.34073314	0.65171472	0.65161159	0.34101179	0.34071326	60059	75759	0
60059	75764	0.00110601	0.07145413	0.48106098	0.07154367	0.47934142	0.65146352	0.65160773	0.34101704	0.34077209	0.65165704	0.65164783	0.34077406	0.34081786	60059	75762	0
60059	75767	0.00147748	0.07123937	0.48053580	0.07152219	0.47942138	0.65180001	0.65168547	0.34087596	0.34073684	0.65154380	0.65172121	0.34089839	0.34080973	60059	75765	0
60059	75770	0.00056982	0.07151380	0.47878629	0.07140362	0.48150927	0.65165473	0.65154224	0.34093052	0.34048885	0.65153016	0.65147010	0.34081712	0.34062040	60059	75768	0
60059	75773	0.00030046	0.07135646	0.47927752	0.07128722	0.48008560	0.65169352	0.65158029	0.34075434	0.34076667	0.65161266	0.65149088	0.34062640	0.34061712	60059	75772	0
60059	76561	0.00146875	0.07110078	0.48071908	0.07142733	0.47721423	0.65250012	0.65258114	0.34175166	0.34171361	0.65263693	0.65273447	0.34169249	0.34176620	60059	76559	0
60059	76564	0.00086052	0.07141627	0.47819792	0.07139659	0.48002260	0.65264917	0.65258212	0.34185043	0.34164968	0.65276824	0.65251466	0.34187787	0.34161353	60059	76563	0
60059	76567	0.00109679	0.07124079	0.47997818	0.07109555	0.47926937	0.65281204	0.65267662	0.34189669	0.34156094	0.65258245	0.65237965	0.34179225	0.34165272	60059	76566	0
60059	76571	0.00078951	0.07122215	0.47891711	0.07101915	0.47983893	0.65248286	0.65230373	0.34163267	0.34156357	0.65256076	0.65239255	0.34154582	0.34142996	60059	76569	0
60059	76574	0.00193135	0.07115860	0.48174124	0.07124251	0.47831574	0.65247793	0.65228261	0.34169011	0.34146956	0.65233454	0.65240825	0.34180786	0.34144664	60059	76572	0
60059	77362	0.00088595	0.07169508	0.47897828	0.07167342	0.48211448	0.65125974	0.65122596	0.34022869	0.33997355	0.65124380	0.65098438	0.34026772	0.33999089	60059	77360	0
60059	77365	0.00105346	0.07163856	0.48049367	0.07166499	0.47999113	0.65113229	0.65103804	0.34037833	0.34006468	0.65115234	0.65121635	0.34002786	0.34012211	60059	77363	0
60059	77368	0.00166223	0.07147129	0.47982428	0.07187629	0.47799796	0.65113237	0.65100911	0.34023724	0.34005646	0.65108652	0.65097197	0.34032689	0.33995144	60059	77366	0
60059	77371	0.00061441	0.07191202	0.47887005	0.07199081	0.48201351	0.65103894	0.65111594	0.34003592	0.33977034	0.65127223	0.65112004	0.34025129	0.33995391	60059	77370	0
60059	77375	0.00124441	0.07180180	0.48285275	0.07188489	0.48096275	0.65106170	0.65107526	0.34008152	0.33997881	0.65111051	0.65099736	0.33991200	0.33990773	60059	77373	0
60059	78162	0.00061673	0.07116315	0.47955103	0.07101929	0.48143408	0.65050935	0.65054443	0.33986960	0.33967379	0.65040589	0.65069423	0.33999688	0.33998464	60059	78161	0
60059	78166	-0.00001427	0.07108154	0.47893685	0.07106977	0.48082985	0.65064986	0.65041271	0.33992030	0.33971832	0.65073688	0.65067196	0.33994241	0.33993370	60059	78164	0
60059	78169	0.00114343	0.07106496	0.48110937	0.07104774	0.47763629	0.65067147	0.65067624	0.34008900	0.34008432	0.65083836	0.65081954	0.34007569	0.33995868	60059	78167	0
60059	78172	0.00101086	0.07125142	0.47929922	0.07091575	0.47969693	0.65077336	0.65065002	0.34038457	0.34000403	0.65091232	0.65078898	0.34024463	0.34015548	60059	78170	0
60059	78175	0.00030658	0.07116685	0.47795584	0.07128301	0.48006865	0.65102078	0.65098586	0.34033642	0.34011957	0.65082497	0.65082110	0.34031776	0.34015515	60059	78174	0
60059	78963	0.00198899	0.07180814	0.48194162	0.07159582	0.47689441	0.65064041	0.65060056	0.33960764	0.33954445	0.65069612	0.65051181	0.33945390	0.33946269	60059	78962	0
60059	78967	0.00012950	0.07132179	0.47583462	0.07175322	0.48141310	0.65052455	0.65051370	0.33951709	0.33951865	0.65027434	0.65017746	0.33930615	0.33912225	60059	78965	0
60059	78970	0.00129566	0.07193519	0.48237990	0.07145314	0.47888141	0.65018625	0.65018395	0.33934255	0.33915750	0.65044739	0.65033416	0.33930377	0.33925644	60059	78968	0
60059	78973	0.00023449	0.07188886	0.47881439	0.07159539	0.48199789	0.65011689	0.65023021	0.33927805	0.33918930	0.65023481	0.65034854	0.33930410	0.33920015	60059	78972	0
60059	78976	0.00062065	0.07141256	0.48026615	0.07171896	0.47910767	0.65031271	0.65018962	0.33928281	0.33925644	0.65041468	0.64994976	0.33938767	0.33912718	60059	78975	0
60059	79764	0.00177607	0.07180770	0.48055598	0.07160956	0.47708972	0.65072620	0.65072989	0.33992260	0.33973500	0.65078561	0.65099884	0.34016000	0.33979655	60059	79762	0
60059	79767	0.00035855	0.07147978	0.47692084	0.07162844	0.48117340	0.65073836	0.65082012	0.33991948	0.33990789	0.65075882	0.65084033	0.34014619	0.33991751	60059	79766	0
60059	79770	0.00005072	0.07118367	0.47913194	0.07120259	0.48005542	0.65076153	0.65067747	0.33987609	0.33988201	0.65083614	0.65066613	0.34007207	0.33998168	60059	79769	0
60059	79774	0.00032886	0.07130969	0.47946630	0.07145905	0.47863190	0.65096762	0.65084477	0.34005917	0.34006295	0.65082283	0.65072357	0.34005564	0.33982589	60059	79772	0
60059	79777	0.00046172	0.07152068	0.47977637	0.07114903	0.47937778	0.65101971	0.65059020	0.34010675	0.33978217	0.65082661	0.65073499	0.34001570	0.33992293	60059	79775	0
60059	80565	0.00066078	0.07143056	0.48053132	0.07105003	0.47993413	0.65026431	0.65015773	0.33981890	0.33961487	0.65060162	0.65035075	0.33983271	0.33963722	60059	80563	0
60059	80568	0.00023572	0.07130620	0.47934612	0.07114875	0.48062130	0.65018617	0.64987621	0.33981693	0.33945570	0.65001993	0.64998682	0.33976335	0.33966080	60059	80566	0
60059	80571	0.00081327	0.07096563	0.48034557	0.07129290	0.47861293	0.65009873	0.65007622	0.33971767	0.33962144	0.65003793	0.65014754	0.33959005	0.33960238	60059	80569	0
60059	80574	0.00083671	0.07110598	0.47932457	0.07084244	0.47925425	0.65024747	0.65024032	0.33953886	0.33958857	0.65000325	0.65019701	0.33977625	0.33969548	60059	80573	0
60059	80578	0.00034839	0.07128423	0.47864694	0.07106796	0.48011192	0.65025174	0.65000728	0.33989516	0.33947033	0.65001410	0.64990900	0.33955661	0.33941684	60059	80576	0
60059	81365	0.00121506	0.07189792	0.48066354	0.07194166	0.47806352	0.65060886	0.65038132	0.33964042	0.33955250	0.65047319	0.65042397	0.33967321	0.33943491	60059	81364	0
60059	81368	-0.00010422	0.07227567	0.47766363	0.07187460	0.48162147	0.65049718	0.65056999	0.33964231	0.33959277	0.65041641	0.65023054	0.33952580	0.33937534	60059	81367	0
60059	81372	0.00101245	0.07191489	0.48200335	0.07216222	0.47865333	0.65058938	0.65039028	0.33981701	0.33949178	0.65044197	0.65061387	0.33982046	0.33971372	60059	81370	0
60059	81375	0.00053385	0.07191263	0.48012430	0.07215572	0.48156011	0.65038469	0.65052611	0.33983156	0.33966729	0.65082045	0.65047993	0.33980354	0.33951618	60059	81373	0
60059	81378	-0.00023813	0.07218180	0.47829044	0.07211852	0.48060637	0.65060080	0.65059185	0.33956376	0.33963344	0.65075109	0.65049102	0.33963245	0.33971397	60059	81377	0
60059	82166	0.00057321	0.07168735	0.47946815	0.07178115	0.47703411	0.64945780	0.64948623	0.33878198	0.33864878	0.64953989	0.64956339	0.33881526	0.33874475	60059	82164	0
60059	82169	0.00110949	0.07167046	0.47984402	0.07150910	0.47823518	0.64965024	0.64955788	0.33874443	0.33880910	0.64936889	0.64954999	0.33882076	0.33862544	60059	82167	0
60059	82172	0.00054382	0.07195136	0.47947809	0.07201306	0.48117512	0.64966479	0.64968656	0.33891871	0.33884730	0.64985616	0.64957670	0.33906276	0.33872347	60059	82171	0
60059	82176	0.00075603	0.07189333	0.47877396	0.07201482	0.47813734	0.64961121	0.64945928	0.33886423	0.33876949	0.64961795	0.64949108	0.33895832	0.33876423	60059	82174	0
60059	82179	0.00120764	0.07134518	0.48111854	0.07184934	0.47976371	0.64973455	0.64956084	0.33887327	0.33878748	0.64972592	0.64967448	0.33901181	0.33882890	60059	82177	0
60059	82966	0.00036297	0.07143364	0.47864692	0.07115281	0.48118092	0.64959445	0.64941022	0.33904008	0.33892019	0.64963586	0.64962830	0.33911436	0.33916309	60059	82965	0
60059	82970	0.00185381	0.07133880	0.48211857	0.07145587	0.47764603	0.64941761	0.64935788	0.33921017	0.33894336	0.64965172	0.64962740	0.33910204	0.33899431	60059	82968	0
60059	82973	0.00075859	0.07129092	0.47677918	0.07139896	0.48006483	0.64957727	0.64955796	0.33919555	0.33899242	0.64961253	0.64957399	0.33915339	0.33918421	60059	82971	0
60059	82976	0.00079066	0.07142043	0.47923218	0.07134983	0.47913599	0.64973217	0.64971245	0.33916884	0.33920533	0.64967185	0.64986430	0.33931815	0.33926342	60059	82975	0
60059	82980	0.00077769	0.07116006	0.48117207	0.07153970	0.48121097	0.64999881	0.64982855	0.33933746	0.33916284	0.64983998	0.64983488	0.33942620	0.33931067	60059	82978	0
60059	83767	0.00183125	0.07111579	0.48113241	0.07165940	0.47797175	0.65069850	0.65058388	0.34028802	0.34019911	0.65053679	0.65070089	0.34028416	0.34018284	60059	83765	0
60059	83770	0.00023516	0.07127020	0.47723140	0.07112627	0.48201966	0.65070574	0.65076169	0.34033979	0.34027191	0.65096301	0.65079654	0.34041465	0.34032286	60059	83769	0
60059	83774	-0.00021140	0.07157886	0.47965999	0.07129116	0.48099966	0.65102407	0.65090796	0.34038687	0.34040996	0.65099219	0.65099810	0.34044727	0.34023165	60059	83772	0
60059	83777	0.00126784	0.07126439	0.48195196	0.07118580	0.47751424	0.65088988	0.65085217	0.34037249	0.34035515	0.65099712	0.65079506	0.34050898	0.34026986	60059	83775	0
60059	83780	0.00146594	0.07139210	0.48117224	0.07111612	0.48057793	0.65074756	0.65089728	0.34040240	0.34045622	0.65091840	0.65101158	0.34052706	0.34037602	60059	83779	0
60059	84568	0.00133854	0.07136683	0.47754284	0.07134911	0.47792506	0.65069234	0.65089572	0.34056428	0.34042229	0.65103837	0.65090656	0.34057923	0.34059542	60059	84566	0
60059	84571	0.00158058	0.07162137	0.48091462	0.07152238	0.48018848	0.65064485	0.65076194	0.34053158	0.34038893	0.65086129	0.65081124	0.34060734	0.34043765	60059	84569	0
60059	84574	0.00130698	0.07155564	0.47984666	0.07159920	0.48066745	0.65087789	0.65105653	0.34051818	0.34038112	0.65100040	0.65077008	0.34062903	0.34029122	60059	84573	0
60059	84577	0.00058014	0.07120329	0.48028769	0.07149261	0.48246822	0.65099950	0.65087583	0.34079929	0.34041851	0.65084732	0.65089120	0.34041374	0.34041152	60059	84576	0
60059	84581	-0.00007049	0.07136581	0.47847208	0.07147826	0.48042397	0.65096877	0.65077451	0.34065664	0.34040224	0.65083532	0.65099399	0.34057069	0.34041440	60059	84579	0
60059	85368	0.00193944	0.07149766	0.47984236	0.07125054	0.47381259	0.65030071	0.65041740	0.34008481	0.33975596	0.65039866	0.65017269	0.33983928	0.33985210	60059	85367	0
60059	85372	0.00123389	0.07121332	0.47729594	0.07121145	0.47941259	0.65027245	0.65038477	0.33991102	0.33984470	0.65033761	0.65038798	0.33989910	0.33989261	60059	85370	0
60059	85375	0.00119433	0.07126524	0.47867683	0.07155888	0.47879552	0.65028904	0.65034886	0.33983558	0.33973147	0.65032931	0.65042841	0.33982712	0.33983829	60059	85373	0
60059	85378	0.00136567	0.07134535	0.48025878	0.07113173	0.47974474	0.65056711	0.65041312	0.33995235	0.33991989	0.65046054	0.65047607	0.33997700	0.33991282	60059	85376	0
60059	85381	0.00135795	0.07113769	0.47952953	0.07145709	0.47955270	0.65040285	0.65044402	0.34012162	0.33993230	0.65060409	0.65072932	0.33992737	0.33995818	60059	85380	0
60059	86169	0.00105009	0.07128118	0.47713526	0.07159822	0.47805884	0.65009849	0.64996430	0.33988349	0.33962925	0.65022298	0.65005066	0.33975119	0.33959178	60059	86167	0
60059	86172	0.00152763	0.07125265	0.48043164	0.07125051	0.47899903	0.65015494	0.65019824	0.33951832	0.33957362	0.65026867	0.65009224	0.33978694	0.33966672	60059	86170	0
60059	86175	0.00094903	0.07147730	0.47833667	0.07138056	0.48007247	0.65034541	0.65016069	0.33984059	0.33957280	0.65023054	0.65025724	0.33972128	0.33952160	60059	86174	0
60059	86179	0.00051409	0.07122137	0.48026918	0.07077547	0.48157400	0.65012141	0.65009898	0.33975440	0.33956458	0.65028181	0.65018074	0.33981816	0.33959153	60059	86177	0
60059	86182	0.00107532	0.07146649	0.48105739	0.07128754	0.47937368	0.65044246	0.65033079	0.33973509	0.33967625	0.65027228	0.65016981	0.33991751	0.33968915	60059	86180	0
60060	569	0.00118625	0.07014100	0.48033140	0.07073342	0.47999861	0.65044977	0.65032972	0.34010313	0.33990313	0.65039735	0.65050170	0.34017848	0.34001225	60060	568	0
60060	573	0.00136155	0.07044722	0.48107462	0.07031552	0.48054873	0.65015141	0.65015034	0.34004816	0.33990600	0.65042767	0.65053326	0.34024463	0.34011406	60060	571	0
60060	576	0.00042651	0.07043546	0.47749730	0.07031055	0.48030242	0.65066810	0.65068988	0.34021990	0.34021826	0.65080097	0.65070253	0.34015893	0.34022466	60060	574	0
60060	579	0.00068898	0.07054142	0.47997966	0.07031398	0.47919224	0.65070007	0.65077969	0.34035795	0.34040446	0.65084633	0.65101938	0.34049369	0.34048186	60060	578	0
60060	583	0.00077942	0.07039931	0.48021987	0.07056819	0.47994857	0.65069505	0.65085619	0.34023806	0.34035959	0.65109786	0.65099251	0.34055319	0.34043995	60060	581	0
60060	1370	0.00176335	0.07085578	0.48111012	0.07025862	0.47815833	0.65099391	0.65096392	0.34062385	0.34061260	0.65111709	0.65099539	0.34064900	0.34047266	60060	1368	0
60060	1373	0.00083202	0.07076570	0.47714188	0.07074583	0.47993587	0.65101577	0.65102086	0.34055705	0.34055467	0.65103902	0.65095480	0.34077973	0.34059452	60060	1372	0
60060	1377	0.00051748	0.07046246	0.47909964	0.07086312	0.48004327	0.65123377	0.65129515	0.34075163	0.34077653	0.65092620	0.65106277	0.34076494	0.34058696	60060	1375	0
60060	1380	0.00168558	0.07037585	0.48181302	0.07023740	0.47830871	0.65116343	0.65126245	0.34074078	0.34059131	0.65114864	0.65117872	0.34070800	0.34073865	60060	1378	0
60060	1383	0.00164233	0.07056630	0.47924475	0.07075321	0.47937449	0.65129795	0.65111068	0.34074037	0.34061605	0.65087024	0.65095776	0.34071202	0.34061334	60060	1382	0
60060	2171	0.00196640	0.07032124	0.48062456	0.07077572	0.47965235	0.65116138	0.65116392	0.34045877	0.34049632	0.65104354	0.65093163	0.34051654	0.34037438	60060	2169	0
60060	2174	0.00112383	0.07073565	0.47822268	0.07070211	0.48075039	0.65105833	0.65106893	0.34045392	0.34041990	0.65099605	0.65084576	0.34026066	0.34020223	60060	2172	0
60060	2177	0.00012797	0.07124798	0.47845913	0.07079278	0.48144673	0.65100796	0.65089457	0.34022861	0.34012787	0.65079785	0.65072850	0.34010313	0.33999976	60060	2176	0
60060	2180	0.00053587	0.07074956	0.48097986	0.07094413	0.47975616	0.65069588	0.65063786	0.33993764	0.34002482	0.65070196	0.65060951	0.34013313	0.33981767	60060	2179	0
60060	2184	0.00119874	0.07096780	0.48145088	0.07061014	0.47946224	0.65064526	0.65057434	0.33998908	0.33982498	0.65048716	0.65038954	0.33980723	0.33958701	60060	2182	0
60060	2971	0.00029755	0.07115045	0.47900005	0.07141418	0.48170363	0.64996299	0.65024327	0.33942259	0.33941700	0.65007811	0.65007113	0.33934050	0.33913778	60060	2970	0
60060	2975	0.00043474	0.07121273	0.48083346	0.07108663	0.48042189	0.64998197	0.64985649	0.33927057	0.33911346	0.64979692	0.64960390	0.33908667	0.33900220	60060	2973	0
60060	2978	-0.00021506	0.07087718	0.47911217	0.07110522	0.48106157	0.64981319	0.64981442	0.33904452	0.33909801	0.65003949	0.64977654	0.33926671	0.33904986	60060	2976	0
60060	2981	0.00083053	0.07127330	0.48120365	0.07098787	0.47806688	0.65000194	0.64996890	0.33915997	0.33908379	0.65005757	0.64999996	0.33938019	0.33918939	60060	2979	0
60060	2984	0.00106677	0.07129016	0.47904773	0.07148647	0.47833903	0.65005157	0.65008173	0.33943360	0.33915479	0.65016513	0.65002264	0.33931782	0.33927402	60060	2983	0
60060	3777	0.00022369	0.07102027	0.47927220	0.07108112	0.48180143	0.64945213	0.64923749	0.33880614	0.33867705	0.64924407	0.64929403	0.33893523	0.33865133	60060	3775	0
60060	3780	0.00137327	0.07112401	0.48244617	0.07078704	0.47899742	0.64931441	0.64966816	0.33881329	0.33893178	0.64924834	0.64924514	0.33879521	0.33864590	60060	3779	0
60060	3784	0.00183467	0.07113693	0.47951353	0.07093198	0.47812935	0.64943586	0.64933199	0.33889866	0.33862232	0.64942657	0.64935073	0.33880088	0.33860408	60060	3782	0
60060	3787	0.00099304	0.07110499	0.47765811	0.07093918	0.48018300	0.64955509	0.64947768	0.33873547	0.33883120	0.64940406	0.64932714	0.33898116	0.33880203	60060	3785	0
60060	3790	0.00098637	0.07139936	0.47889598	0.07115016	0.47891598	0.64963216	0.64934013	0.33914690	0.33878880	0.64961285	0.64962666	0.33897442	0.33886366	60060	3788	0
60060	4578	0.00160601	0.07054501	0.48146141	0.07069201	0.47960250	0.65004171	0.64997950	0.33972120	0.33944749	0.65017614	0.65008534	0.33959712	0.33947444	60060	4576	0
60060	4581	0.00032320	0.07058867	0.47746614	0.07069161	0.48131457	0.65014229	0.65016316	0.33954313	0.33939720	0.65007877	0.64994959	0.33950632	0.33939481	60060	4579	0
60060	4584	0.00118198	0.07024854	0.48139728	0.07072443	0.47882095	0.64995420	0.64998624	0.33952325	0.33940098	0.65012593	0.65007186	0.33961306	0.33940640	60060	4583	0
60060	4587	0.00144154	0.07043287	0.48129341	0.07030636	0.48051471	0.64990448	0.64989684	0.33963484	0.33939161	0.65006578	0.64989774	0.33971512	0.33940418	60060	4586	0
60060	4591	0.00154165	0.07053494	0.47961232	0.07029946	0.47931198	0.65024631	0.65006504	0.33974782	0.33955875	0.65032191	0.65049340	0.33974281	0.33972744	60060	4589	0
60060	5378	0.00065556	0.07034444	0.47880955	0.07025698	0.48146784	0.65061995	0.65050787	0.34002334	0.33994405	0.65042775	0.65028165	0.34014972	0.33984996	60060	5377	0
60060	5381	0.00030675	0.07037000	0.47902218	0.07018794	0.48006861	0.65053581	0.65049702	0.34007396	0.33987355	0.65061551	0.65054838	0.34008637	0.33986155	60060	5380	0
60060	5385	0.00135456	0.07020802	0.48161149	0.07052725	0.47846804	0.65044180	0.65033654	0.33999023	0.33984635	0.65047557	0.65050129	0.34018621	0.33998941	60060	5383	0
60060	5388	0.00158314	0.07034091	0.48123050	0.07058744	0.48054476	0.65048815	0.65046300	0.34008736	0.33999623	0.65039110	0.65041058	0.34007462	0.33986015	60060	5386	0
60060	5391	0.00089407	0.07038483	0.47890908	0.07020759	0.48097629	0.65067114	0.65059497	0.34010815	0.34004742	0.65048198	0.65055479	0.34008744	0.33999163	60060	5390	0
60060	6179	0.00170226	0.07073439	0.48101240	0.07085591	0.47858784	0.65048395	0.65032364	0.33962276	0.33938479	0.65065734	0.65031246	0.33981027	0.33951002	60060	6177	0
60060	6182	0.00151661	0.07087403	0.48000310	0.07081631	0.48056006	0.65047089	0.65039792	0.33948619	0.33951363	0.65029233	0.65025486	0.33953927	0.33935808	60060	6180	0
60060	6185	0.00062552	0.07112700	0.47871492	0.07052418	0.48138817	0.65030704	0.65037483	0.33947312	0.33942111	0.65037532	0.65021649	0.33949465	0.33941807	60060	6184	0
60060	6189	0.00109333	0.07062253	0.48255079	0.07098527	0.48114736	0.65018214	0.65006973	0.33946359	0.33930410	0.65067788	0.65046160	0.33963032	0.33955414	60060	6187	0
60060	6192	0.00145351	0.07035551	0.48188069	0.07083269	0.48080017	0.65055972	0.65052249	0.33957986	0.33960295	0.65050343	0.65062849	0.33962867	0.33953023	60060	6190	0
60060	6979	0.00135665	0.07079638	0.48102633	0.07039473	0.48131691	0.65031854	0.65015930	0.33949580	0.33919982	0.65067443	0.65069037	0.33956565	0.33962802	60060	6978	0
60060	6983	0.00124683	0.07086398	0.48089883	0.07051481	0.48122828	0.65061978	0.65044747	0.33951873	0.33970296	0.65065898	0.65080492	0.33972613	0.33948537	60060	6981	0
60060	6986	0.00106901	0.07041932	0.47982394	0.07072857	0.48035740	0.65066983	0.65076736	0.33963615	0.33965817	0.65083359	0.65061650	0.33984166	0.33961125	60060	6984	0
60060	6989	0.00107558	0.07088471	0.47985137	0.07068895	0.47983166	0.65079818	0.65084765	0.33973040	0.33974248	0.65076934	0.65079875	0.33986032	0.33973007	60060	6988	0
60060	6992	0.00120990	0.07073703	0.47945231	0.07080062	0.47904935	0.65084346	0.65082398	0.33993443	0.33971717	0.65045971	0.65084888	0.33995144	0.33983599	60060	6991	0
60060	7780	0.00072418	0.07093862	0.47961072	0.07062378	0.48106790	0.65183453	0.65187191	0.33972621	0.33959433	0.65165268	0.65154282	0.33957263	0.33926638	60060	7778	0
60060	7783	0.00086863	0.07074668	0.48029302	0.07037960	0.47985965	0.65157355	0.65152162	0.33956507	0.33936449	0.65149393	0.65164348	0.33973016	0.33951363	60060	7782	0
60060	7786	0.00080384	0.07090907	0.48108879	0.07013140	0.48128316	0.65196830	0.65182039	0.33970945	0.33953179	0.65170363	0.65188432	0.33982802	0.33972506	60060	7785	0
60060	7790	0.00125780	0.07065190	0.47998279	0.07062256	0.47862092	0.65162146	0.65182393	0.33979828	0.33976237	0.65190602	0.65193313	0.33966253	0.33975341	60060	7788	0
60060	7793	0.00140074	0.07034669	0.47969155	0.07088906	0.47926274	0.65174890	0.65160617	0.33982999	0.33964544	0.65172401	0.65180930	0.33976294	0.33963303	60060	7791	0
60060	8581	0.00088668	0.07103132	0.47794726	0.07110419	0.47948942	0.65343276	0.65339431	0.34081786	0.34068943	0.65324936	0.65302577	0.34098171	0.34057233	60060	8579	0
60060	8584	-0.00021037	0.07126682	0.47744614	0.07053730	0.48073731	0.65289306	0.65308033	0.34053675	0.34059813	0.65320778	0.65310276	0.34085237	0.34064579	60060	8582	0
60060	8587	0.00153410	0.07115607	0.48311955	0.07098163	0.47788614	0.65312495	0.65305272	0.34075442	0.34056888	0.65312150	0.65313284	0.34082082	0.34062903	60060	8585	0
60060	8590	0.00042490	0.07039871	0.47721051	0.07055325	0.48053810	0.65309282	0.65313949	0.34093709	0.34060972	0.65306735	0.65275690	0.34079732	0.34045787	60060	8589	0
60060	8594	0.00175602	0.07052524	0.48255547	0.07095924	0.47856211	0.65288164	0.65303292	0.34079395	0.34058605	0.65316061	0.65331008	0.34087661	0.34061186	60060	8592	0
60060	9381	0.00075107	0.07100808	0.47888060	0.07063869	0.48189544	0.65266733	0.65279864	0.34005588	0.33986960	0.65271886	0.65269092	0.34000962	0.33990510	60060	9380	0
60060	9384	0.00018732	0.07085273	0.47899564	0.07056256	0.48068689	0.65239954	0.65283710	0.33993443	0.33996640	0.65276085	0.65268944	0.34009837	0.33985128	60060	9383	0
60060	9388	0.00104478	0.07069385	0.47972696	0.07046242	0.47715459	0.65284441	0.65306554	0.34024356	0.34009335	0.65282149	0.65290802	0.34011653	0.34032639	60060	9386	0
60060	9391	0.00270312	0.07062544	0.48282802	0.07085915	0.47785299	0.65293940	0.65298715	0.34045088	0.34023839	0.65310276	0.65315486	0.34052032	0.34026674	60060	9389	0
60060	9394	0.00045409	0.07062124	0.47823955	0.07094536	0.48498664	0.65325733	0.65313908	0.34047101	0.34038975	0.65316916	0.65338847	0.34052344	0.34052196	60060	9393	0
60060	10182	0.00118102	0.07083835	0.48085371	0.07072031	0.47867292	0.65448456	0.65439976	0.34150851	0.34144598	0.65435251	0.65428858	0.34168395	0.34143653	60060	10180	0
60060	10185	0.00123459	0.07111287	0.48133321	0.07070581	0.48117252	0.65471932	0.65455079	0.34196555	0.34147228	0.65437404	0.65430896	0.34145642	0.34146365	60060	10183	0
60060	10188	0.00043358	0.07084644	0.47888463	0.07128510	0.48128766	0.65433764	0.65439902	0.34141640	0.34155363	0.65438899	0.65433460	0.34152873	0.34139955	60060	10187	0
60060	10192	0.00120782	0.07075584	0.47898567	0.07127622	0.47666295	0.65438012	0.65418899	0.34151040	0.34132543	0.65433295	0.65431011	0.34147729	0.34142051	60060	10190	0
60060	10195	0.00133245	0.07123435	0.47947596	0.07140249	0.47910205	0.65429211	0.65429047	0.34142642	0.34141155	0.65416762	0.65425571	0.34146636	0.34120686	60060	10193	0
60060	10982	0.00068152	0.07053338	0.48029095	0.07075538	0.48224374	0.65313456	0.65333917	0.34048022	0.34041054	0.65319151	0.65328444	0.34047406	0.34030790	60060	10981	0
60060	10986	0.00131883	0.07061059	0.48065561	0.07096333	0.47874368	0.65358815	0.65352578	0.34068926	0.34044480	0.65347533	0.65332257	0.34062887	0.34050536	60060	10984	0
60060	10989	0.00035970	0.07067789	0.47776874	0.07059471	0.48064614	0.65342315	0.65333112	0.34059871	0.34030733	0.65342512	0.65354641	0.34063076	0.34047036	60060	10987	0
60060	10992	0.00063542	0.07053956	0.48093894	0.07110551	0.48011177	0.65349751	0.65355364	0.34065261	0.34052574	0.65354509	0.65339833	0.34049928	0.34044143	60060	10991	0
60060	10995	0.00056179	0.07077789	0.48027598	0.07078713	0.48049688	0.65352553	0.65343531	0.34071219	0.34043404	0.65333646	0.65315527	0.34056568	0.34046477	60060	10994	0
60060	11783	-0.00052498	0.07117590	0.47910126	0.07094130	0.48236156	0.65489492	0.65491744	0.34194945	0.34183391	0.65479147	0.65481226	0.34196062	0.34169414	60060	11781	0
60060	11786	0.00088302	0.07083857	0.48087871	0.07089888	0.47665472	0.65494398	0.65493757	0.34205175	0.34193433	0.65507652	0.65535656	0.34200327	0.34207180	60060	11785	0
60060	11789	0.00131588	0.07077751	0.48098607	0.07038074	0.47968749	0.65494086	0.65506083	0.34203540	0.34188913	0.65497529	0.65520381	0.34207919	0.34198026	60060	11788	0
60060	11793	0.00058791	0.07091707	0.47767777	0.07064331	0.47986169	0.65504998	0.65509057	0.34221667	0.34208199	0.65505212	0.65499608	0.34220993	0.34209489	60060	11791	0
60060	11796	0.00060737	0.07085673	0.47979532	0.07113530	0.47973693	0.65538754	0.65543849	0.34235537	0.34227000	0.65520849	0.65508006	0.34215405	0.34206103	60060	11794	0
60060	12584	0.00072715	0.07068039	0.48027277	0.07073186	0.47991341	0.65490602	0.65501366	0.34195906	0.34184574	0.65489320	0.65508466	0.34198166	0.34182142	60060	12582	0
60060	12587	0.00213074	0.07074376	0.48074669	0.07045083	0.47653592	0.65494250	0.65499394	0.34216556	0.34191847	0.65490865	0.65502549	0.34205586	0.34184303	60060	12585	0
60060	12590	0.00079734	0.07032743	0.47757415	0.07027130	0.48157438	0.65473222	0.65472631	0.34186859	0.34175618	0.65485022	0.65485162	0.34186653	0.34185150	60060	12588	0
60060	12593	0.00055473	0.07032313	0.47979852	0.07030913	0.48052635	0.65484258	0.65500322	0.34203474	0.34197747	0.65478728	0.65474595	0.34186768	0.34182742	60060	12592	0
60060	12597	0.00064596	0.07012740	0.48063086	0.07061636	0.48035716	0.65466854	0.65472738	0.34182652	0.34189710	0.65497512	0.65506485	0.34216030	0.34197541	60060	12595	0
60060	13384	0.00141674	0.07055214	0.48022049	0.07006252	0.47790813	0.65391872	0.65388430	0.34128649	0.34097185	0.65388766	0.65393228	0.34125518	0.34100546	60060	13383	0
60060	13387	0.00029435	0.07038566	0.47800008	0.07033443	0.48136726	0.65358757	0.65395200	0.34096618	0.34094136	0.65408603	0.65386400	0.34129347	0.34083701	60060	13386	0
60060	13391	0.00201883	0.07027524	0.48189708	0.07011795	0.47672364	0.65450576	0.65405924	0.34142158	0.34108525	0.65397411	0.65409194	0.34131714	0.34119338	60060	13389	0
60060	13394	0.00139000	0.07009812	0.48034935	0.07049587	0.48223584	0.65397058	0.65404535	0.34123390	0.34109223	0.65396860	0.65404765	0.34131451	0.34119593	60060	13392	0
60060	13397	-0.00017823	0.07017855	0.47693045	0.07019177	0.48163512	0.65406285	0.65404839	0.34110661	0.34111984	0.65410936	0.65412818	0.34132971	0.34117654	60060	13396	0
60060	14185	-0.00013179	0.06998113	0.48044125	0.07058879	0.48030195	0.65524086	0.65532460	0.34262375	0.34241832	0.65540184	0.65535689	0.34241684	0.34241774	60060	14183	0
60060	14188	0.00166994	0.07022950	0.48063992	0.07012835	0.47523473	0.65538845	0.65532139	0.34270164	0.34239095	0.65519896	0.65516280	0.34256770	0.34239342	60060	14186	0
60060	14191	0.00126652	0.07013175	0.47854120	0.07002076	0.47975146	0.65515007	0.65563915	0.34243968	0.34274454	0.65532156	0.65534300	0.34267445	0.34249227	60060	14190	0
60060	14195	0.00092839	0.06983599	0.48005815	0.07035285	0.48107254	0.65527225	0.65516108	0.34236252	0.34241511	0.65540858	0.65548007	0.34253401	0.34259589	60060	14193	0
60060	14198	0.00165191	0.07026671	0.48173921	0.07046769	0.47956863	0.65539543	0.65543816	0.34265768	0.34251955	0.65526847	0.65529921	0.34263172	0.34250041	60060	14196	0
60060	14985	0.00022633	0.06997845	0.47670592	0.07045674	0.48098266	0.65438152	0.65430378	0.34154171	0.34158912	0.65383713	0.65387517	0.34156102	0.34140325	60060	14984	0
60060	14989	0.00158485	0.07009177	0.48252778	0.07018931	0.47845222	0.65438152	0.65424199	0.34176686	0.34159718	0.65411955	0.65412629	0.34163670	0.34146250	60060	14987	0
60060	14992	0.00094132	0.07028082	0.47796567	0.07074957	0.47989626	0.65429803	0.65423755	0.34168518	0.34149479	0.65402752	0.65419285	0.34157236	0.34138090	60060	14990	0
60060	14995	0.00208959	0.07027545	0.48153987	0.07021563	0.47809508	0.65436705	0.65414733	0.34155494	0.34137005	0.65403089	0.65394642	0.34163440	0.34138846	60060	14994	0
60060	14998	0.00096830	0.07054997	0.47910588	0.07017229	0.48246974	0.65411306	0.65369826	0.34147022	0.34128936	0.65402193	0.65370319	0.34136332	0.34122551	60060	14997	0
60060	15786	0.00201239	0.06993283	0.48174229	0.07020423	0.47861001	0.65430723	0.65435933	0.34149964	0.34152076	0.65437083	0.65435062	0.34165667	0.34160564	60060	15784	0
60060	15789	0.00185088	0.07043483	0.48052017	0.07001307	0.48100470	0.65440904	0.65441044	0.34202743	0.34170819	0.65429195	0.65434824	0.34176004	0.34154943	60060	15788	0
60060	15792	-0.00044076	0.07008685	0.47659919	0.06938910	0.48347412	0.65405077	0.65423139	0.34167162	0.34164738	0.65442030	0.65448078	0.34161419	0.34167770	60060	15791	0
60060	15796	0.00112703	0.06993747	0.48330442	0.07020154	0.47860105	0.65469960	0.65467520	0.34198026	0.34180745	0.65456780	0.65458201	0.34177187	0.34167721	60060	15794	0
60060	15799	0.00110074	0.07011846	0.47945752	0.07043528	0.47953639	0.65438628	0.65452326	0.34198437	0.34182167	0.65462211	0.65481144	0.34193950	0.34198585	60060	15797	0
60060	16586	0.00056847	0.07000876	0.48097236	0.07002167	0.48256917	0.65292823	0.65266701	0.34060150	0.34020815	0.65298706	0.65308592	0.34058236	0.34057932	60060	16585	0
60060	16590	0.00142628	0.06968007	0.48200883	0.07036013	0.47943540	0.65292272	0.65297162	0.34051136	0.34044727	0.65305970	0.65287408	0.34044349	0.34034907	60060	16588	0
60060	16593	0.00061857	0.06983670	0.47959368	0.06965400	0.48201682	0.65320811	0.65318132	0.34063076	0.34051547	0.65263258	0.65258919	0.34029040	0.34011875	60060	16591	0
60060	16596	0.00075476	0.06976136	0.48105697	0.07030441	0.48064839	0.65309668	0.65313062	0.34067160	0.34053634	0.65281861	0.65269683	0.34040478	0.34041169	60060	16595	0
60060	16600	0.00142556	0.06977206	0.48324027	0.06966196	0.48122787	0.65302363	0.65277030	0.34073626	0.34032434	0.65293135	0.65295148	0.34059189	0.34051769	60060	16598	0
60060	17387	0.00132115	0.07010379	0.48017020	0.07016577	0.48048344	0.65383606	0.65374526	0.34161073	0.34134951	0.65358840	0.65363449	0.34164508	0.34154401	60060	17385	0
60060	17390	0.00021463	0.07002340	0.47937354	0.07040088	0.48269311	0.65357459	0.65367854	0.34154212	0.34125994	0.65338535	0.65359234	0.34132650	0.34138033	60060	17389	0
60060	17394	0.00093462	0.07018279	0.48100828	0.07044123	0.47884828	0.65339661	0.65355405	0.34148156	0.34130119	0.65362743	0.65353646	0.34171394	0.34139783	60060	17392	0
60060	17397	0.00043042	0.06975208	0.47947318	0.07022639	0.48098578	0.65357122	0.65370286	0.34168691	0.34138961	0.65355922	0.65360549	0.34154985	0.34137301	60060	17395	0
60060	17400	0.00090119	0.07019766	0.48149088	0.07023789	0.48007857	0.65368248	0.65368117	0.34154648	0.34132806	0.65376342	0.65365701	0.34155987	0.34146373	60060	17398	0
60060	18188	0.00144657	0.07017268	0.48143237	0.07053911	0.47979623	0.65270267	0.65266093	0.34081630	0.34070192	0.65249864	0.65262830	0.34075048	0.34049838	60060	18186	0
60060	18191	0.00072649	0.07039917	0.47741555	0.07041813	0.47957579	0.65233898	0.65270982	0.34066050	0.34061021	0.65251573	0.65238902	0.34051876	0.34061703	60060	18189	0
60060	18194	0.00032566	0.07040353	0.48141286	0.07071684	0.48261536	0.65227423	0.65229518	0.34057126	0.34018941	0.65220791	0.65243339	0.34047266	0.34042245	60060	18192	0
60060	18197	-0.00008328	0.07025470	0.48030465	0.06993281	0.48153147	0.65238746	0.65243150	0.34041867	0.34030667	0.65234588	0.65229107	0.34054628	0.34033609	60060	18196	0
60060	18201	0.00114191	0.07076469	0.48264228	0.07033555	0.47896669	0.65220257	0.65230882	0.34057866	0.34032130	0.65207973	0.65227554	0.34036173	0.34023633	60060	18199	0
60060	18988	0.00101037	0.06996187	0.47991485	0.06949053	0.48030948	0.65229395	0.65218063	0.34083158	0.34072977	0.65197619	0.65227102	0.34094531	0.34071663	60060	18987	0
60060	18991	0.00104689	0.07008358	0.48036807	0.06958193	0.48025849	0.65217743	0.65208860	0.34091630	0.34062911	0.65232156	0.65208425	0.34085722	0.34074621	60060	18990	0
60060	18995	0.00152014	0.06997990	0.48091242	0.07001721	0.47949269	0.65210701	0.65207455	0.34074686	0.34069748	0.65207874	0.65225031	0.34088804	0.34084654	60060	18993	0
60060	18998	0.00033471	0.07024587	0.47692046	0.06967562	0.48047675	0.65195195	0.65207365	0.34079871	0.34087398	0.65202623	0.65217274	0.34078376	0.34077143	60060	18996	0
60060	19001	0.00144552	0.06995771	0.48299730	0.07016293	0.47966488	0.65211703	0.65217998	0.34092074	0.34068343	0.65219452	0.65224999	0.34071408	0.34065886	60060	19000	0
60060	19789	0.00118739	0.07050941	0.47875515	0.07017159	0.47952952	0.65292018	0.65301541	0.34173432	0.34169767	0.65314212	0.65313810	0.34190113	0.34177368	60060	19787	0
60060	19792	-0.00000151	0.06973122	0.47742309	0.07027103	0.48098979	0.65299421	0.65322659	0.34168518	0.34186382	0.65314368	0.65312684	0.34182816	0.34165305	60060	19790	0
60060	19795	0.00078212	0.06986170	0.48162500	0.07011816	0.47927412	0.65299323	0.65295165	0.34189340	0.34173054	0.65314344	0.65305058	0.34188190	0.34181255	60060	19794	0
60060	19798	0.00090611	0.07065931	0.48081153	0.07016361	0.48043955	0.65306685	0.65306562	0.34179989	0.34173169	0.65314294	0.65309339	0.34186128	0.34185782	60060	19797	0
60060	19802	0.00136707	0.07008581	0.48135167	0.07011733	0.47996878	0.65301122	0.65302930	0.34190515	0.34184624	0.65304984	0.65307293	0.34168510	0.34172692	60060	19800	0
60060	20589	0.00136163	0.07021084	0.48088277	0.07048436	0.48089909	0.65075693	0.65098841	0.33964207	0.33959704	0.65108455	0.65096375	0.34010609	0.33971693	60060	20588	0
60060	20592	0.00090840	0.07059449	0.48069555	0.07017504	0.48205526	0.65101182	0.65105127	0.33981233	0.33981216	0.65116195	0.65099884	0.33994594	0.33983353	60060	20591	0
60060	20596	0.00088289	0.07043032	0.47900830	0.07023241	0.47908481	0.65094970	0.65109597	0.33996344	0.33977650	0.65100747	0.65102226	0.34003485	0.33984996	60060	20594	0
60060	20599	-0.00020994	0.07003632	0.47835282	0.07051354	0.48163131	0.65118743	0.65094773	0.34019845	0.33975768	0.65105874	0.65117272	0.33989803	0.33986656	60060	20597	0
60060	20602	0.00107643	0.07033768	0.48116185	0.07034792	0.47730276	0.65107140	0.65108299	0.33996287	0.33987593	0.65105768	0.65142967	0.33999606	0.34011135	60060	20601	0
60060	21390	0.00160314	0.07016549	0.48122372	0.07035378	0.47964357	0.65192722	0.65191431	0.34074440	0.34051892	0.65207192	0.65168391	0.34074251	0.34049583	60060	21388	0
60060	21393	0.00146878	0.07016667	0.47891544	0.07002093	0.47931852	0.65180741	0.65193519	0.34080603	0.34073035	0.65192179	0.65181004	0.34071630	0.34073610	60060	21391	0
60060	21396	0.00076745	0.07051889	0.47879721	0.07007632	0.48090121	0.65175794	0.65197545	0.34063708	0.34059641	0.65190495	0.65184562	0.34087965	0.34060191	60060	21395	0
60060	21400	0.00112375	0.07018847	0.48069688	0.07049167	0.47962797	0.65184389	0.65185827	0.34076305	0.34071137	0.65172565	0.65181119	0.34093060	0.34067307	60060	21398	0
60060	21403	0.00085281	0.07010400	0.47952502	0.07028690	0.48033783	0.65197898	0.65190692	0.34093274	0.34068819	0.65190322	0.65200873	0.34076979	0.34079239	60060	21401	0
60060	22190	0.00096142	0.06946257	0.47937652	0.06985800	0.47905071	0.65199073	0.65195096	0.34115370	0.34090998	0.65212073	0.65178473	0.34120538	0.34086979	60060	22189	0
60060	22194	0.00158494	0.06972328	0.47968091	0.06975441	0.47781034	0.65188465	0.65173041	0.34108977	0.34085163	0.65192771	0.65177347	0.34117629	0.34093307	60060	22192	0
60060	22197	0.00060925	0.06977184	0.47840505	0.07008324	0.48133213	0.65169492	0.65167232	0.34104753	0.34078787	0.65154824	0.65162770	0.34105394	0.34075853	60060	22195	0
60060	22200	0.00145429	0.06973597	0.48120884	0.06999892	0.47867370	0.65179895	0.65211884	0.34110431	0.34112206	0.65205795	0.65195244	0.34109955	0.34094087	60060	22199	0
60060	22203	0.00111878	0.06997425	0.47918777	0.06980174	0.48019432	0.65188909	0.65183436	0.34125477	0.34093553	0.65166706	0.65173888	0.34113808	0.34084087	60060	22202	0
60060	22991	0.00041980	0.07035344	0.48038983	0.07073463	0.48248676	0.65208687	0.65222731	0.34101631	0.34093635	0.65209715	0.65202664	0.34110464	0.34083125	60060	22989	0
60060	22994	0.00106304	0.07017841	0.48130862	0.07026927	0.47937892	0.65224711	0.65225261	0.34112124	0.34106824	0.65220849	0.65228400	0.34132354	0.34120604	60060	22993	0
60060	22997	0.00121638	0.07023302	0.47993300	0.07009636	0.47947297	0.65202886	0.65209131	0.34123784	0.34108418	0.65196773	0.65212771	0.34119733	0.34096651	60060	22996	0
60060	23001	0.00104422	0.07024121	0.47846641	0.07023215	0.47898290	0.65219222	0.65208720	0.34114071	0.34112592	0.65211177	0.65227061	0.34116462	0.34110982	60060	22999	0
60060	23004	0.00122537	0.07034177	0.47999652	0.07019037	0.47945307	0.65203774	0.65229189	0.34101137	0.34104778	0.65212862	0.65215795	0.34124195	0.34107867	60060	23002	0
60060	23792	0.00111063	0.07084604	0.47861239	0.07097387	0.47895661	0.65205154	0.65187931	0.34105657	0.34096437	0.65214900	0.65228548	0.34126463	0.34101762	60060	23790	0
60060	23795	0.00060714	0.07076688	0.47917826	0.07118151	0.48068872	0.65208959	0.65217735	0.34109938	0.34104622	0.65225064	0.65232131	0.34124425	0.34121154	60060	23793	0
60060	23798	0.00083766	0.07110991	0.48040838	0.07065932	0.47971682	0.65178966	0.65194275	0.34082345	0.34096191	0.65173378	0.65184529	0.34106561	0.34080718	60060	23796	0
60060	23801	0.00090920	0.07129985	0.47966402	0.07128205	0.47944942	0.65172055	0.65161718	0.34087645	0.34078064	0.65177733	0.65160058	0.34079198	0.34069263	60060	23800	0
60060	23805	0.00128198	0.07087173	0.48240639	0.07141191	0.48128805	0.65179459	0.65188588	0.34081088	0.34080102	0.65181513	0.65161883	0.34076083	0.34072501	60060	23803	0
60060	24592	0.00103368	0.07014213	0.47959946	0.07005599	0.48034436	0.65131980	0.65130961	0.34024110	0.34022738	0.65129597	0.65132482	0.34029385	0.34026649	60060	24591	0
60060	24595	0.00077337	0.06977036	0.47908215	0.07017352	0.47986306	0.65136771	0.65129039	0.34048490	0.34016649	0.65139861	0.65159327	0.34056190	0.34049797	60060	24594	0
60060	24599	0.00101954	0.07024638	0.48015496	0.06977191	0.47941645	0.65160313	0.65154890	0.34062336	0.34051276	0.65188958	0.65171768	0.34081129	0.34063215	60060	24597	0
60060	24602	0.00119239	0.06972754	0.47982774	0.06980611	0.47930920	0.65147231	0.65167536	0.34062920	0.34068458	0.65143813	0.65164512	0.34060783	0.34066757	60060	24600	0
60060	24605	0.00050776	0.06985187	0.47888048	0.06997080	0.48093439	0.65153863	0.65163469	0.34088204	0.34064645	0.65146993	0.65170593	0.34077291	0.34076823	60060	24604	0
