% File initiated 12/12/2022 11:58:01 UTC
% Raw fountain data
%
% File notes: maser 5 MHz RF amplitudes 2300 uwave leak  no water cooling
%
%% fountain_code = ALPHA-CsF1
%% microwave_ref = ALPHA HM1
%% MJD_start = 59925.498629
%% clock_data = False
%% sequence = 8
%% density = LD
%
% Units: V.s, Hz
%
% Shot B MJD days	Shot B MJD seconds	freq error	shot A sum	shot A ratio	shot B sum	shot B ratio	shot A F=3 bg 1	shot A F=3 bg 2	shot A F=4 bg 1	shot A F=4 bg 2	shot B F=3 bg 1	shot B F=3 bg 2	shot B F=4 bg 1	shot B F=4 bg 2	Shot A MJD days	Shot A MJD seconds	Shot order (0=LF->HF)
59925	43107	0.00244788	0.00592545	0.51300257	0.00586502	0.51055469	0.61876122	0.61821700	0.31549883	0.31542323	0.61884175	0.61821881	0.31549209	0.31548075	59925	43105	0
59925	43610	0.00157337	0.00588960	0.51107011	0.00586387	0.51194463	0.61932796	0.61866467	0.31621488	0.31613632	0.61915351	0.61850551	0.31603689	0.31608168	59925	43609	0
59925	44114	0.00330824	0.00589695	0.51244754	0.00588208	0.51071267	0.61893806	0.61836466	0.31586335	0.31583130	0.61905885	0.61833286	0.31576893	0.31579046	59925	44112	0
59925	44617	0.00262389	0.00583834	0.51197575	0.00589128	0.51266009	0.61978368	0.61918704	0.31665852	0.31660404	0.61971811	0.61899574	0.31658062	0.31656246	59925	44616	0
59925	45121	0.00285628	0.00586985	0.51370612	0.00585997	0.51347374	0.61965673	0.61904636	0.31611832	0.31616672	0.61944736	0.61898498	0.31614043	0.31615727	59925	45119	0
59925	45625	-0.00011392	0.00585206	0.51129361	0.00586295	0.51426382	0.61989659	0.61940134	0.31617749	0.31617971	0.62016364	0.61954481	0.31622786	0.31617338	59925	45623	0
59925	46128	0.00108264	0.00579673	0.51387731	0.00581689	0.51268075	0.61921514	0.61864963	0.31545758	0.31549053	0.61922007	0.61866763	0.31553926	0.31549998	59925	46126	0
59925	46632	-0.00036445	0.00586758	0.51241489	0.00581807	0.51386199	0.61967037	0.61914291	0.31573319	0.31581248	0.61977399	0.61912631	0.31578832	0.31581092	59925	46630	0
59925	47135	-0.00010413	0.00590327	0.51273600	0.00586943	0.51247567	0.61853476	0.61794485	0.31463398	0.31468509	0.61854561	0.61785725	0.31467876	0.31465748	59925	47134	0
59925	47639	-0.00093358	0.00588178	0.51268223	0.00582199	0.51351168	0.61816063	0.61761115	0.31446462	0.31439601	0.61830443	0.61765799	0.31451335	0.31444408	59925	47637	0
59925	48142	-0.00042529	0.00586086	0.51193926	0.00589590	0.51143097	0.61818479	0.61766801	0.31442156	0.31446980	0.61819194	0.61760647	0.31440118	0.31439782	59925	48141	0
59925	48646	0.00184716	0.00590203	0.51475187	0.00587122	0.51247943	0.61890428	0.61828939	0.31496809	0.31493497	0.61889377	0.61826910	0.31502709	0.31499734	59925	48644	0
59925	49149	-0.00104007	0.00599563	0.51168103	0.00587027	0.51456826	0.61997465	0.61926937	0.31558610	0.31562612	0.61997588	0.61943322	0.31566885	0.31576096	59925	49148	0
59925	49653	0.00092281	0.00585609	0.51488979	0.00581711	0.51292690	0.62089998	0.62031057	0.31611997	0.31618381	0.62101527	0.62022445	0.31624314	0.31620929	59925	49651	0
59925	50156	0.00153163	0.00585889	0.51362993	0.00586425	0.51302112	0.62056300	0.62000086	0.31642351	0.31638218	0.62063128	0.61993833	0.31640699	0.31634479	59925	50155	0
59925	50660	0.00082665	0.00585324	0.51243577	0.00585214	0.51314074	0.62058280	0.61992411	0.31664225	0.31665162	0.62054320	0.61992748	0.31674636	0.31668309	59925	50658	0
59925	51164	0.00150532	0.00576188	0.51660271	0.00582539	0.51592404	0.62217964	0.62157124	0.31598266	0.31589219	0.62202047	0.62147264	0.31578216	0.31578076	59925	51162	0
59925	51667	0.00196564	0.00583664	0.51594629	0.00583503	0.51548597	0.62134256	0.62079612	0.31481681	0.31475115	0.62135275	0.62079267	0.31482675	0.31481574	59925	51665	0
59925	52171	-0.00074979	0.00580981	0.51389443	0.00580432	0.51660986	0.62077401	0.62053999	0.31510860	0.31527730	0.62091272	0.62034492	0.31514032	0.31515182	59925	52169	0
59925	52674	-0.00162380	0.00581736	0.51674439	0.00577177	0.51761839	0.62271606	0.62204874	0.31597559	0.31601364	0.62276413	0.62220585	0.31608726	0.31603344	59925	52673	0
59925	53178	0.00290047	0.00581854	0.51981853	0.00580082	0.51529426	0.62284137	0.62234111	0.31546950	0.31550072	0.62291877	0.62226091	0.31550647	0.31550960	59925	53176	0
59925	53681	0.00192551	0.00578031	0.51484872	0.00579244	0.51582368	0.62143952	0.62055947	0.31576671	0.31548486	0.62127526	0.62048354	0.31557673	0.31548051	59925	53680	0
59925	54185	0.00128345	0.00581702	0.51763050	0.00578351	0.51827256	0.62395118	0.62325888	0.31494278	0.31482141	0.62381453	0.62324319	0.31494302	0.31488887	59925	54183	0
59925	54688	0.00109358	0.00580699	0.51587461	0.00581314	0.51606447	0.62276084	0.62210273	0.31531518	0.31526341	0.62256642	0.62193041	0.31525848	0.31513662	59925	54687	0
59925	55192	0.00094078	0.00575749	0.51704866	0.00578307	0.51720146	0.62279437	0.62217315	0.31574075	0.31569120	0.62277859	0.62218613	0.31572710	0.31566383	59925	55190	0
59925	55695	0.00119109	0.00573339	0.51666972	0.00575554	0.51641940	0.62296282	0.62220676	0.31528165	0.31523646	0.62296890	0.62232311	0.31534977	0.31528058	59925	55694	0
59925	56199	0.00121955	0.00579809	0.51901996	0.00577476	0.51899150	0.62345692	0.62287120	0.31523917	0.31514722	0.62364558	0.62308862	0.31527754	0.31534649	59925	56197	0
59925	56703	0.00097196	0.00579735	0.51536097	0.00578488	0.51560857	0.62142210	0.62093811	0.31512528	0.31519669	0.62135193	0.62085380	0.31509110	0.31505650	59925	56701	0
59925	57206	-0.00042241	0.00576727	0.51503816	0.00574514	0.51643253	0.62134954	0.62071288	0.31533794	0.31531197	0.62140887	0.62069316	0.31537541	0.31534172	59925	57204	0
59925	57710	0.00074773	0.00576010	0.51617189	0.00574183	0.51500175	0.62126557	0.62067837	0.31564633	0.31566063	0.62127666	0.62064114	0.31569761	0.31569596	59925	57708	0
59925	58213	0.00033234	0.00582025	0.51358122	0.00576083	0.51399660	0.62058806	0.62009068	0.31622211	0.31621011	0.62076177	0.62015477	0.31630247	0.31626771	59925	58212	0
59925	58717	-0.00011045	0.00583634	0.51224708	0.00581568	0.51268987	0.62018542	0.61962912	0.31624626	0.31612786	0.62026792	0.61963997	0.31619967	0.31614141	59925	58715	0
59925	59220	-0.00027072	0.00583938	0.51296428	0.00577158	0.51312455	0.62034598	0.61977169	0.31610345	0.31599531	0.62008829	0.61944341	0.31587846	0.31588931	59925	59219	0
59925	59724	0.00117197	0.00589806	0.51436558	0.00582896	0.51292288	0.62020325	0.61970529	0.31585324	0.31589630	0.62034894	0.61977111	0.31592596	0.31591257	59925	59722	0
59925	60227	0.00033968	0.00585983	0.51364794	0.00577509	0.51448023	0.62093022	0.62036940	0.31586261	0.31577723	0.62099070	0.62033703	0.31584888	0.31584510	59925	60226	0
59925	60731	0.00183749	0.00575141	0.51657751	0.00573002	0.51507970	0.62224867	0.62159507	0.31512857	0.31509373	0.62217299	0.62168801	0.31511887	0.31510186	59925	60729	0
59925	61235	0.00023439	0.00575732	0.51580976	0.00578619	0.51741286	0.62146869	0.62089514	0.31452313	0.31449806	0.62161701	0.62097624	0.31453718	0.31450267	59925	61233	0
59925	61738	0.00090497	0.00577906	0.51647458	0.00576596	0.51580400	0.62159113	0.62080130	0.31486726	0.31480317	0.62152786	0.62091182	0.31488197	0.31490514	59925	61736	0
59925	62242	0.00065267	0.00576080	0.51536943	0.00570027	0.51562173	0.62132917	0.62071592	0.31525232	0.31515585	0.62132341	0.62082077	0.31526012	0.31529365	59925	62240	0
59925	62745	0.00038695	0.00579340	0.51487927	0.00575947	0.51514499	0.62080557	0.62022190	0.31542151	0.31537607	0.62086769	0.62023900	0.31536728	0.31538790	59925	62744	0
59925	63249	-0.00022829	0.00577366	0.51437481	0.00588588	0.51499005	0.62113138	0.62032306	0.31616467	0.31609770	0.62113647	0.62062808	0.31622967	0.31621044	59925	63247	0
59925	63752	0.00097997	0.00584491	0.51361305	0.00589263	0.51240479	0.62103327	0.62045297	0.31634849	0.31634167	0.62097312	0.62032347	0.31625834	0.31628751	59925	63751	0
59925	64256	0.00160173	0.00582270	0.51457973	0.00587108	0.51395797	0.62084337	0.62020399	0.31649163	0.31652006	0.62080499	0.62010728	0.31645013	0.31639253	59925	64254	0
59925	64759	0.00269944	0.00583113	0.51389438	0.00582263	0.51279666	0.62008944	0.61938852	0.31600583	0.31596861	0.61985830	0.61928507	0.31600756	0.31593935	59925	64758	0
59925	65263	0.00085891	0.00588419	0.51064570	0.00586328	0.51248624	0.61900667	0.61835751	0.31547106	0.31547697	0.61901752	0.61841684	0.31545602	0.31547221	59925	65261	0
59925	65766	-0.00239764	0.00585293	0.51020389	0.00586466	0.51346044	0.61905063	0.61855399	0.31538659	0.31536251	0.61913929	0.61848225	0.31543219	0.31536875	59925	65765	0
59925	66270	-0.00077689	0.00587370	0.51221422	0.00589086	0.51059347	0.61890658	0.61828685	0.31554296	0.31546374	0.61898341	0.61838110	0.31563326	0.31547812	59925	66268	0
59925	66774	-0.00090814	0.00584263	0.51156415	0.00586236	0.51169541	0.61885498	0.61824001	0.31538675	0.31544402	0.61885860	0.61810295	0.31540639	0.31539834	59925	66772	0
59925	67277	0.00096127	0.00585714	0.51342412	0.00584172	0.51155471	0.61970044	0.61911809	0.31622613	0.31613205	0.61978073	0.61906805	0.31612062	0.31605061	59925	67276	0
59925	67781	-0.00019392	0.00587980	0.51095804	0.00586732	0.51211323	0.61936559	0.61878933	0.31552250	0.31551001	0.61930955	0.61877544	0.31545273	0.31543992	59925	67779	0
59925	68284	0.00264058	0.00590036	0.51467166	0.00583311	0.51183717	0.61862498	0.61797533	0.31470530	0.31466849	0.61857749	0.61803244	0.31468213	0.31466734	59925	68283	0
59925	68788	0.00209412	0.00589393	0.51150672	0.00585101	0.51205318	0.61776539	0.61706742	0.31427480	0.31417677	0.61770450	0.61707769	0.31416716	0.31411687	59925	68786	0
59925	69291	0.00255506	0.00579610	0.51463842	0.00579062	0.51417747	0.61909583	0.61814247	0.31446290	0.31404366	0.61917578	0.61846516	0.31450308	0.31447300	59925	69290	0
59925	69795	0.00210451	0.00581605	0.51586260	0.00576401	0.51631315	0.62347606	0.62284507	0.31561395	0.31554156	0.62340318	0.62296380	0.31562759	0.31561387	59925	69793	0
59925	70299	0.00295040	0.00579477	0.51852719	0.00582773	0.51768131	0.62557111	0.62499607	0.31564732	0.31561379	0.62555730	0.62481381	0.31566170	0.31560582	59925	70297	0
59925	70802	0.00095541	0.00584795	0.51833593	0.00583502	0.52033092	0.62677303	0.62620522	0.31619047	0.31609959	0.62680204	0.62614294	0.31612703	0.31611610	59925	70800	0
59925	71306	-0.00048225	0.00577678	0.52004943	0.00572481	0.52148709	0.62628559	0.62562172	0.31575578	0.31576630	0.62603061	0.62551687	0.31559875	0.31569991	59925	71304	0
59925	71809	0.00134936	0.00578333	0.51703443	0.00581561	0.51520282	0.62272682	0.62207742	0.31558191	0.31555348	0.62276191	0.62215154	0.31556843	0.31558733	59925	71808	0
59925	72313	0.00034709	0.00579878	0.51564966	0.00575936	0.51665193	0.62153985	0.62113360	0.31485296	0.31491418	0.62159516	0.62103236	0.31491632	0.31485025	59925	72311	0
59925	72816	0.00142782	0.00575684	0.51611825	0.00579703	0.51503751	0.62186903	0.62127789	0.31620000	0.31628760	0.62171110	0.62104995	0.31618866	0.31615234	59925	72815	0
59925	73320	0.00040013	0.00579930	0.51215981	0.00581768	0.51318751	0.61960225	0.61890108	0.31572406	0.31560023	0.61948647	0.61886303	0.31558700	0.31553581	59925	73318	0
59925	73823	0.00137475	0.00580107	0.51326519	0.00580753	0.51229057	0.61875506	0.61815135	0.31539686	0.31542636	0.61881258	0.61821856	0.31550524	0.31550253	59925	73822	0
59925	74327	0.00034551	0.00578688	0.51259542	0.00577226	0.51362466	0.61899566	0.61840895	0.31600156	0.31582374	0.61911037	0.61849195	0.31594141	0.31586984	59925	74325	0
59925	74831	0.00168300	0.00579438	0.51331257	0.00583523	0.51197508	0.61926625	0.61876558	0.31629277	0.31635958	0.61943963	0.61888177	0.31643666	0.31638193	59925	74829	0
59925	75334	0.00132430	0.00581671	0.51291168	0.00580946	0.51327038	0.61877708	0.61836622	0.31570327	0.31585981	0.61879952	0.61841446	0.31571905	0.31588676	59925	75332	0
59925	75838	-0.00193617	0.00589115	0.51250890	0.00584397	0.51576937	0.61858825	0.61782480	0.31504640	0.31488197	0.61850633	0.61784797	0.31494779	0.31497458	59925	75836	0
59925	76341	0.00038896	0.00588479	0.51408464	0.00591216	0.51175951	0.61820205	0.61760836	0.31499923	0.31506768	0.61814543	0.61761394	0.31505987	0.31507918	59925	76340	0
59925	76845	-0.00100893	0.00588841	0.51220688	0.00588144	0.51360477	0.61840008	0.61781009	0.31538396	0.31534139	0.61849556	0.61780425	0.31541658	0.31535873	59925	76843	0
59925	77348	0.00134881	0.00589315	0.51288168	0.00585155	0.51052394	0.61837346	0.61786292	0.31551338	0.31544501	0.61843180	0.61773375	0.31543137	0.31542545	59925	77347	0
59925	77852	0.00100372	0.00590176	0.51242320	0.00588499	0.51276829	0.61751074	0.61686355	0.31423084	0.31420019	0.61735847	0.61686939	0.31417603	0.31419576	59925	77850	0
59925	78355	0.00043365	0.00588658	0.51200213	0.00587404	0.51257220	0.61752849	0.61683274	0.31438820	0.31430365	0.61752840	0.61687851	0.31436404	0.31433882	59925	78354	0
59925	78859	0.00084914	0.00591417	0.51279643	0.00591700	0.51238094	0.61806063	0.61745765	0.31472042	0.31470243	0.61796506	0.61736233	0.31469791	0.31470234	59925	78857	0
59925	79362	-0.00103137	0.00589980	0.51140418	0.00588460	0.51328469	0.61827419	0.61769077	0.31523958	0.31526875	0.61839309	0.61781042	0.31524517	0.31530548	59925	79361	0
59925	79866	0.00055492	0.00588331	0.51344487	0.00586498	0.51185859	0.61808347	0.61742750	0.31493259	0.31494697	0.61810188	0.61748346	0.31497515	0.31501410	59925	79864	0
59925	80369	0.00196263	0.00586557	0.51339084	0.00589783	0.51198312	0.61697884	0.61629246	0.31365055	0.31361349	0.61689667	0.61617151	0.31356443	0.31350206	59925	80368	0
59925	80873	0.00082600	0.00594479	0.51189483	0.00589554	0.51303146	0.61732355	0.61675624	0.31398827	0.31398449	0.61742232	0.61686166	0.31401391	0.31404596	59925	80871	0
59925	81377	0.00079501	0.00598072	0.51200912	0.00592111	0.51204010	0.61816860	0.61752996	0.31479914	0.31476726	0.61806515	0.61744944	0.31479109	0.31478320	59925	81375	0
59925	81880	0.00023385	0.00585740	0.51335985	0.00588088	0.51392102	0.61855694	0.61802702	0.31523251	0.31527845	0.61862991	0.61801543	0.31524065	0.31517491	59925	81878	0
59925	82384	0.00146723	0.00587259	0.51564523	0.00584914	0.51441184	0.61926000	0.61875416	0.31451614	0.31456010	0.61925417	0.61865185	0.31465107	0.31461310	59925	82382	0
59925	82887	0.00113598	0.00579110	0.51906591	0.00580455	0.51939716	0.62263783	0.62207800	0.31479388	0.31478147	0.62261269	0.62197232	0.31476389	0.31478180	59925	82886	0
59925	83391	0.00135492	0.00581369	0.51918718	0.00580524	0.51896824	0.62595805	0.62546437	0.31621496	0.31627494	0.62582584	0.62524817	0.31620427	0.31618431	59925	83389	0
59925	83894	-0.00230959	0.00577511	0.51915398	0.00577776	0.52281849	0.62567267	0.62532361	0.31512996	0.31526801	0.62583931	0.62526370	0.31521016	0.31518223	59925	83893	0
59925	84398	-0.00185266	0.00579107	0.51947580	0.00589659	0.51901887	0.62459433	0.62396737	0.31591807	0.31590862	0.62456755	0.62389571	0.31585028	0.31580862	59925	84396	0
59925	84901	0.00208689	0.00583815	0.51857644	0.00584790	0.51463690	0.62246815	0.62184183	0.31569547	0.31559579	0.62238737	0.62178062	0.31565931	0.31562135	59925	84900	0
59925	85405	0.00331566	0.00581410	0.51775101	0.00583450	0.51652224	0.62173838	0.62124617	0.31498082	0.31498247	0.62184011	0.62122777	0.31501936	0.31506973	59925	85403	0
59925	85909	0.00257437	0.00583405	0.51452601	0.00581753	0.51526730	0.62047606	0.61982666	0.31604560	0.31591125	0.62032938	0.61982165	0.31590755	0.31595036	59925	85907	0
59926	12	-0.00052921	0.00582759	0.51398854	0.00579381	0.51709212	0.61976700	0.61911382	0.31601898	0.31601224	0.61973874	0.61912130	0.31601035	0.31595768	59926	10	0
59926	516	0.00061809	0.00581294	0.51579248	0.00579433	0.51464517	0.61965887	0.61906304	0.31584494	0.31578290	0.61962969	0.61936666	0.31583648	0.31601101	59926	514	0
59926	1019	0.00076149	0.00578716	0.51476354	0.00581549	0.51462014	0.61942188	0.61880938	0.31531625	0.31526095	0.61958746	0.61909747	0.31537327	0.31544041	59926	1018	0
59926	1523	0.00144126	0.00581587	0.51563814	0.00585308	0.51495837	0.61904356	0.61850394	0.31500473	0.31504993	0.61920363	0.61859951	0.31515724	0.31517368	59926	1521	0
59926	2026	0.00049202	0.00589212	0.51374692	0.00592072	0.51469616	0.61824790	0.61760154	0.31501123	0.31491081	0.61818619	0.61754780	0.31495592	0.31491960	59926	2025	0
59926	2530	0.00033320	0.00590980	0.51277115	0.00590216	0.51292997	0.61825192	0.61754303	0.31515807	0.31513407	0.61822415	0.61757532	0.31513621	0.31515404	59926	2528	0
59926	3033	0.00076930	0.00587059	0.51396586	0.00590433	0.51352976	0.61905901	0.61840895	0.31599457	0.31596096	0.61902647	0.61829539	0.31596852	0.31598710	59926	3032	0
59926	3537	0.00024234	0.00590663	0.51329997	0.00586789	0.51382692	0.61864898	0.61802653	0.31560557	0.31555602	0.61857552	0.61796013	0.31553770	0.31554148	59926	3535	0
59926	4041	0.00106051	0.00584644	0.51435440	0.00580354	0.51353623	0.61822481	0.61763556	0.31512840	0.31506004	0.61833278	0.61780910	0.31513835	0.31517902	59926	4039	0
59926	4544	-0.00157024	0.00583119	0.51347625	0.00584789	0.51610699	0.61855670	0.61796753	0.31533695	0.31535857	0.61869927	0.61806038	0.31540721	0.31536769	59926	4543	0
59926	5048	-0.00042523	0.00588912	0.51432405	0.00587067	0.51317904	0.61842983	0.61784000	0.31484228	0.31481977	0.61840986	0.61778166	0.31481968	0.31481147	59926	5046	0
59926	5551	-0.00143409	0.00591559	0.51337066	0.00592469	0.51437952	0.61768954	0.61724236	0.31441844	0.31451203	0.61773309	0.61706397	0.31449338	0.31449166	59926	5550	0
59926	6055	-0.00123366	0.00589624	0.51229993	0.00594039	0.51209950	0.61746020	0.61692198	0.31445295	0.31444794	0.61749570	0.61682534	0.31443348	0.31443824	59926	6053	0
59926	6559	0.00108819	0.00580082	0.51507386	0.00584405	0.51275202	0.61828356	0.61778815	0.31480580	0.31494582	0.61838940	0.61780516	0.31486225	0.31491205	59926	6557	0
59926	7062	0.00002687	0.00581044	0.51649876	0.00580965	0.51756008	0.62172104	0.62108881	0.31516250	0.31514344	0.62167955	0.62103466	0.31510556	0.31507672	59926	7060	0
59926	7566	0.00025321	0.00585185	0.52036711	0.00585136	0.52014076	0.62428866	0.62365511	0.31491122	0.31485428	0.62433089	0.62379144	0.31493867	0.31500367	59926	7564	0
59926	8069	0.00206534	0.00579132	0.52186803	0.00580876	0.52005590	0.62559001	0.62495844	0.31544263	0.31535043	0.62547916	0.62488933	0.31534098	0.31542102	59926	8068	0
59926	8573	0.00111606	0.00581135	0.51929020	0.00578920	0.52023947	0.62406531	0.62336727	0.31484557	0.31476594	0.62403655	0.62353761	0.31483037	0.31484647	59926	8571	0
59926	9076	0.00066207	0.00581043	0.51879518	0.00580461	0.51924917	0.62315099	0.62258384	0.31573532	0.31578101	0.62315395	0.62277695	0.31582021	0.31581774	59926	9075	0
59926	9580	0.00082528	0.00583980	0.51815861	0.00582975	0.51799541	0.62219024	0.62149680	0.31506653	0.31494689	0.62219156	0.62156303	0.31497408	0.31493776	59926	9578	0
59926	10083	0.00100059	0.00582298	0.51615897	0.00583029	0.51598366	0.62087541	0.62026628	0.31598586	0.31591898	0.62091666	0.62010801	0.31601265	0.31585554	59926	10082	0
59926	10587	-0.00177452	0.00579051	0.51438180	0.00580010	0.51715691	0.61978056	0.61913231	0.31607255	0.31608085	0.61985205	0.61917504	0.31605850	0.31597650	59926	10585	0
59926	11090	0.00065529	0.00585022	0.51726779	0.00580863	0.51483799	0.61960176	0.61888210	0.31614289	0.31612605	0.61958820	0.61895367	0.31615234	0.31611537	59926	11089	0
59926	11594	-0.00046851	0.00576952	0.51571706	0.00580131	0.51684085	0.61894134	0.61827452	0.31477120	0.31473225	0.61887289	0.61826285	0.31472543	0.31468533	59926	11592	0
59926	12098	-0.00062450	0.00585512	0.51589792	0.00583990	0.51605391	0.61922048	0.61865580	0.31526284	0.31523736	0.61931818	0.61860304	0.31522643	0.31515486	59926	12096	0
59926	12601	0.00092078	0.00587560	0.51519360	0.00584702	0.51364832	0.61864405	0.61821125	0.31553704	0.31551518	0.61870469	0.61811084	0.31553293	0.31545167	59926	12600	0
59926	13105	-0.00167170	0.00591657	0.51315596	0.00586990	0.51574843	0.61872038	0.61811741	0.31570533	0.31570615	0.61882836	0.61826491	0.31578643	0.31571798	59926	13103	0
59926	13608	0.00094215	0.00590946	0.51527898	0.00588167	0.51266513	0.61881061	0.61813836	0.31575348	0.31576720	0.61887544	0.61815997	0.31577148	0.31574420	59926	13607	0
59926	14112	-0.00101919	0.00584154	0.51679464	0.00584114	0.51875598	0.61898580	0.61841331	0.31415426	0.31418795	0.61902992	0.61843311	0.31415911	0.31414152	59926	14110	0
59926	14615	0.00142487	0.00578126	0.52253771	0.00578476	0.52009365	0.62297136	0.62272937	0.31504360	0.31525634	0.62286873	0.62224834	0.31497293	0.31499520	59926	14614	0
59926	15119	0.00281880	0.00583732	0.52225147	0.00584576	0.52085754	0.62597268	0.62526888	0.31592727	0.31589909	0.62582337	0.62530898	0.31601175	0.31598759	59926	15117	0
59926	15622	0.00270983	0.00583479	0.52136373	0.00586924	0.52147270	0.62500256	0.62442892	0.31511460	0.31506883	0.62500659	0.62430476	0.31506784	0.31503547	59926	15621	0
59926	16126	0.00045246	0.00572088	0.52138982	0.00577244	0.52364720	0.62531424	0.62462145	0.31566071	0.31552168	0.62530241	0.62464980	0.31558421	0.31551675	59926	16124	0
59926	16630	-0.00000551	0.00585182	0.51921072	0.00583154	0.51966869	0.62299289	0.62229254	0.31532315	0.31522249	0.62287843	0.62235204	0.31532907	0.31528280	59926	16628	0
59926	17133	-0.00011408	0.00583887	0.51856063	0.00580544	0.51866920	0.62174586	0.62108676	0.31518740	0.31517253	0.62155818	0.62101001	0.31515437	0.31506341	59926	17132	0
59926	17637	0.00125401	0.00578158	0.51855835	0.00582039	0.51719027	0.62092053	0.62033415	0.31502470	0.31505642	0.62098791	0.62027852	0.31504631	0.31498197	59926	17635	0
59926	18140	-0.00007741	0.00578025	0.51748082	0.00576104	0.51881224	0.62088774	0.62032215	0.31540606	0.31546103	0.62094781	0.62034533	0.31547204	0.31545043	59926	18139	0
59926	18644	0.00090078	0.00584848	0.51638412	0.00583132	0.51540592	0.61966503	0.61892910	0.31533235	0.31526735	0.61967464	0.61905367	0.31531847	0.31531633	59926	18642	0
59926	19147	-0.00066113	0.00584133	0.51452563	0.00586089	0.51608754	0.61853829	0.61792579	0.31539982	0.31534386	0.61854076	0.61804165	0.31534402	0.31536358	59926	19146	0
59926	19651	0.00019102	0.00581782	0.51833570	0.00581901	0.51748355	0.61936995	0.61865005	0.31576014	0.31571075	0.61926592	0.61869023	0.31569950	0.31568668	59926	19649	0
59926	20155	0.00184410	0.00583920	0.51782417	0.00580347	0.51617110	0.61946141	0.61886591	0.31575825	0.31568840	0.61947940	0.61891710	0.31582776	0.31575324	59926	20153	0
59926	20658	0.00154028	0.00591958	0.51562405	0.00589921	0.51592787	0.61814206	0.61738025	0.31479339	0.31476044	0.61784468	0.61726266	0.31466882	0.31464704	59926	20656	0
59926	21162	0.00020470	0.00577950	0.51638006	0.00580233	0.51771564	0.61877495	0.61819868	0.31501566	0.31498920	0.61875391	0.61824929	0.31500284	0.31494927	59926	21160	0
59926	21665	-0.00146010	0.00583951	0.51801542	0.00575572	0.51968022	0.62246338	0.62188243	0.31562127	0.31550919	0.62255385	0.62194857	0.31553145	0.31551231	59926	21664	0
59926	22169	0.00282560	0.00582425	0.52371255	0.00584212	0.51942685	0.62422440	0.62357935	0.31444054	0.31441137	0.62422169	0.62356070	0.31445731	0.31435213	59926	22167	0
59926	22672	0.00088239	0.00586937	0.52147504	0.00585260	0.52341825	0.62511086	0.62461964	0.31539620	0.31541880	0.62518696	0.62464873	0.31544772	0.31539152	59926	22671	0
59926	23176	0.00129445	0.00591655	0.52173349	0.00591073	0.52132143	0.62652758	0.62595181	0.31634619	0.31630378	0.62651131	0.62593628	0.31638127	0.31632466	59926	23174	0
59926	23679	0.00239320	0.00573796	0.52282495	0.00574388	0.52172620	0.62425694	0.62390533	0.31523276	0.31526505	0.62461217	0.62392069	0.31531822	0.31532956	59926	23678	0
59926	24183	0.00113576	0.00576873	0.52186335	0.00578239	0.52312079	0.62277654	0.62209632	0.31469947	0.31461549	0.62273315	0.62205967	0.31461557	0.31453159	59926	24181	0
59926	24686	0.00002433	0.00582382	0.51794036	0.00583757	0.51905179	0.62111232	0.62038682	0.31523136	0.31522734	0.62108676	0.62040860	0.31529447	0.31515330	59926	24685	0
59926	25190	0.00075357	0.00581261	0.51883307	0.00576752	0.51810383	0.61979478	0.61931835	0.31491188	0.31497540	0.61989289	0.61922672	0.31497984	0.31491566	59926	25188	0
59926	25693	-0.00112592	0.00581994	0.51844932	0.00579642	0.52032881	0.62036948	0.61994909	0.31491673	0.31495584	0.62032988	0.61977308	0.31499816	0.31494664	59926	25692	0
59926	26197	-0.00000994	0.00587751	0.51840226	0.00589435	0.51728628	0.61965040	0.61897569	0.31602621	0.31593903	0.61950907	0.61883608	0.31596302	0.31594601	59926	26195	0
59926	26701	0.00009574	0.00580253	0.51773173	0.00587247	0.51762606	0.61896394	0.61830542	0.31563885	0.31552447	0.61894594	0.61829211	0.31552085	0.31548486	59926	26699	0
59926	27204	-0.00003780	0.00592050	0.51584035	0.00589641	0.51597389	0.61744935	0.61685353	0.31411704	0.31411506	0.61740301	0.61678960	0.31417727	0.31408285	59926	27203	0
59926	27708	-0.00025000	0.00596442	0.51579505	0.00594768	0.51600725	0.61736759	0.61667850	0.31459240	0.31457112	0.61740178	0.61671129	0.31460324	0.31453586	59926	27706	0
59926	28211	0.00009278	0.00587249	0.51671482	0.00592798	0.51637204	0.61644974	0.61595227	0.31383083	0.31386460	0.61646954	0.61582696	0.31381193	0.31380306	59926	28210	0
59926	28715	0.00144339	0.00587741	0.51645502	0.00589397	0.51510441	0.61846919	0.61776374	0.31550705	0.31538067	0.61843977	0.61770885	0.31546835	0.31542816	59926	28713	0
59926	29218	0.00132035	0.00594726	0.51751770	0.00589703	0.51764073	0.61895581	0.61836540	0.31485822	0.31489840	0.61885104	0.61821955	0.31482519	0.31479783	59926	29217	0
59926	29722	0.00141303	0.00594087	0.51606156	0.00592111	0.51596888	0.61779168	0.61719758	0.31473932	0.31472256	0.61796391	0.61724861	0.31486011	0.31481779	59926	29720	0
59926	30226	0.00027364	0.00586818	0.51863262	0.00586997	0.51977201	0.62012108	0.61945122	0.31407028	0.31401629	0.62012404	0.61946239	0.31406929	0.31397126	59926	30224	0
59926	30729	-0.00081122	0.00588013	0.52209395	0.00587264	0.52317881	0.62317630	0.62255952	0.31452247	0.31444884	0.62323218	0.62257439	0.31448270	0.31437555	59926	30727	0
59926	31233	-0.00221353	0.00584260	0.52217340	0.00585554	0.52357570	0.62483436	0.62429244	0.31523646	0.31514377	0.62498227	0.62443804	0.31521099	0.31515659	59926	31231	0
59926	31736	0.00003156	0.00578683	0.52403654	0.00580519	0.52179145	0.62458677	0.62386366	0.31530598	0.31529981	0.62451331	0.62391100	0.31526267	0.31526760	59926	31735	0
59926	32240	-0.00230980	0.00586237	0.52055818	0.00584824	0.52289953	0.62266117	0.62204726	0.31453159	0.31449116	0.62255911	0.62187618	0.31446733	0.31442362	59926	32238	0
59926	32743	0.00013229	0.00587056	0.52071455	0.00586818	0.51827246	0.62062841	0.62007252	0.31462913	0.31461919	0.62059636	0.61993652	0.31453529	0.31451269	59926	32742	0
59926	33247	0.00154029	0.00584434	0.51988882	0.00584141	0.51848082	0.62012363	0.61957604	0.31487835	0.31495650	0.62013078	0.61949460	0.31490021	0.31489413	59926	33245	0
59926	33751	0.00317059	0.00586716	0.52021592	0.00584534	0.51858562	0.62093680	0.62030605	0.31530474	0.31527812	0.62085545	0.62021155	0.31534714	0.31529833	59926	33749	0
59926	34254	0.00187006	0.00588309	0.51691794	0.00588692	0.51821847	0.61884791	0.61825094	0.31513563	0.31511723	0.61871874	0.61811881	0.31506250	0.31499430	59926	34253	0
59926	34758	0.00333171	0.00590085	0.51822113	0.00591489	0.51675948	0.61785241	0.61732199	0.31487203	0.31480489	0.61798043	0.61726989	0.31490884	0.31487934	59926	34756	0
59926	35261	0.00089551	0.00587256	0.51819026	0.00584344	0.52062647	0.61779374	0.61720851	0.31435164	0.31431803	0.61783285	0.61715551	0.31435895	0.31432896	59926	35260	0
59926	35765	0.00037853	0.00588985	0.51923010	0.00592607	0.51974708	0.61797985	0.61733924	0.31449626	0.31443676	0.61795323	0.61744944	0.31444391	0.31456175	59926	35763	0
59926	36268	-0.00039892	0.00594792	0.51685292	0.00593815	0.51763037	0.61867560	0.61793047	0.31476553	0.31461352	0.61865062	0.61796260	0.31473020	0.31469273	59926	36267	0
59926	36772	0.00074582	0.00589811	0.52050914	0.00593548	0.51936440	0.62010506	0.61950742	0.31477227	0.31470325	0.62019364	0.61932911	0.31491509	0.31464893	59926	36770	0
59926	37276	-0.00022891	0.00593806	0.51732481	0.00592514	0.51829954	0.61741419	0.61677325	0.31412599	0.31408187	0.61755190	0.61685024	0.31416322	0.31420028	59926	37274	0
59926	37779	-0.00166473	0.00596365	0.51913487	0.00596586	0.52057069	0.61791568	0.61731829	0.31427365	0.31427078	0.61799908	0.61735814	0.31434983	0.31428853	59926	37777	0
59926	38283	-0.00064182	0.00586265	0.52022755	0.00588225	0.51920463	0.61931136	0.61868201	0.31477654	0.31471064	0.61956083	0.61884093	0.31489471	0.31489241	59926	38281	0
59926	38786	0.00187991	0.00594287	0.51945037	0.00593442	0.51692864	0.61797312	0.61734541	0.31375039	0.31370634	0.61782669	0.61717802	0.31370281	0.31362590	59926	38785	0
59926	39290	0.00131120	0.00598134	0.51751351	0.00592219	0.51808222	0.61873805	0.61811881	0.31474442	0.31477679	0.61856549	0.61795693	0.31466438	0.31463973	59926	39288	0
59926	39793	-0.00193676	0.00593878	0.51695578	0.00593276	0.52020374	0.61872589	0.61804009	0.31506825	0.31493292	0.61861701	0.61795537	0.31483456	0.31485181	59926	39792	0
59926	40297	0.00123389	0.00596506	0.52019052	0.00593225	0.51701987	0.61898399	0.61837535	0.31516743	0.31509118	0.61897142	0.61838184	0.31515396	0.31515560	59926	40295	0
59926	40800	0.00062084	0.00593898	0.51909590	0.00593737	0.51970894	0.61969469	0.61898383	0.31478008	0.31465214	0.61955500	0.61891768	0.31460415	0.31458508	59926	40799	0
59926	41304	0.00157779	0.00593231	0.51916948	0.00594379	0.51821253	0.61693241	0.61623683	0.31361916	0.31360486	0.61698007	0.61614940	0.31366698	0.31359812	59926	41302	0
59926	41808	-0.00040381	0.00590149	0.51708269	0.00593099	0.51906429	0.61601686	0.61549055	0.31327124	0.31332014	0.61594414	0.61539301	0.31333205	0.31326097	59926	41806	0
59926	42311	0.00071542	0.00583223	0.51795113	0.00588817	0.51683190	0.61873008	0.61849877	0.31464178	0.31489693	0.61875153	0.61824543	0.31468476	0.31462247	59926	42309	0
59926	42815	0.00036257	0.00586574	0.52141996	0.00584895	0.52177281	0.62212146	0.62159384	0.31510416	0.31504911	0.62190741	0.62145127	0.31499044	0.31498855	59926	42813	0
59926	43318	0.00138350	0.00595189	0.52411631	0.00589606	0.52309539	0.62425431	0.62359792	0.31492117	0.31482839	0.62412341	0.62345535	0.31482527	0.31480859	59926	43316	0
59926	43822	0.00179437	0.00592562	0.52340923	0.00595045	0.52299836	0.62554810	0.62501628	0.31609162	0.31619704	0.62547045	0.62489870	0.31604503	0.31607625	59926	43820	0
59926	44325	-0.00016245	0.00592415	0.52157716	0.00588799	0.52353398	0.62434100	0.62382948	0.31616779	0.31619178	0.62422333	0.62353629	0.31605711	0.31605168	59926	44323	0
59926	44829	-0.00051625	0.00589349	0.52036652	0.00591112	0.52072032	0.62150649	0.62090910	0.31489914	0.31484943	0.62157354	0.62097114	0.31496841	0.31490350	59926	44827	0
59926	45332	0.00220161	0.00590939	0.52231881	0.00594467	0.51960095	0.62054837	0.61982230	0.31409123	0.31401580	0.62035017	0.61971573	0.31396206	0.31392705	59926	45331	0
59926	45836	0.00122758	0.00586275	0.51900417	0.00590563	0.51997820	0.61955533	0.61898588	0.31517056	0.31512068	0.61952345	0.61882729	0.31520047	0.31511106	59926	45834	0
59926	46339	0.00010031	0.00588061	0.51896519	0.00588792	0.52009246	0.61889031	0.61828208	0.31506653	0.31501895	0.61889253	0.61834659	0.31500194	0.31495042	59926	46338	0
59926	46843	-0.00001048	0.00589489	0.52092430	0.00580782	0.52103509	0.61957037	0.61906682	0.31518806	0.31519159	0.61957341	0.61911588	0.31516941	0.31538872	59926	46841	0
59926	47347	0.00173055	0.00589631	0.51940357	0.00591421	0.51766255	0.61949830	0.61884676	0.31536399	0.31531592	0.61948170	0.61890396	0.31546687	0.31540688	59926	47345	0
59926	47850	0.00109763	0.00597116	0.51710631	0.00599250	0.51773923	0.61812037	0.61747885	0.31502133	0.31503292	0.61794230	0.61740556	0.31496751	0.31491385	59926	47848	0
59926	48354	0.00025338	0.00589963	0.51880040	0.00592333	0.51964466	0.61845127	0.61777632	0.31502544	0.31502593	0.61830796	0.61775018	0.31496759	0.31493735	59926	48352	0
59926	48857	-0.00060354	0.00592375	0.51958667	0.00586348	0.52044358	0.61892285	0.61831996	0.31470826	0.31471590	0.61897503	0.61831585	0.31466035	0.31464827	59926	48856	0
59926	49361	-0.00098634	0.00598428	0.51843699	0.00596455	0.51881979	0.61817123	0.61759061	0.31488813	0.31482889	0.61815710	0.61756768	0.31485255	0.31480522	59926	49359	0
59926	49865	0.00161633	0.00593702	0.51862805	0.00601673	0.51602539	0.61811420	0.61745502	0.31508929	0.31502873	0.61809761	0.61744023	0.31502676	0.31504598	59926	49863	0
59926	50368	-0.00011403	0.00597056	0.51628254	0.00592983	0.51801290	0.61816573	0.61753818	0.31528979	0.31519595	0.61836820	0.61760737	0.31526949	0.31523958	59926	50366	0
59926	50872	0.00145605	0.00594175	0.51686821	0.00596812	0.51529814	0.61821634	0.61756949	0.31549653	0.31544296	0.61811905	0.61747639	0.31533071	0.31539760	59926	50870	0
