% File initiated 25/04/2023 16:15:10 UTC
% Raw fountain data
%
% File notes: collisional shift map RF amps 460 430 400 380 360 340 310
%
%% fountain_code = ALPHA-CsF1
%% microwave_ref = ALPHA HM1
%% MJD_start = 60059.677200
%% clock_data = False
%% sequence = 11
%% density = HD
%
% Units: V.s, Hz
%
% Shot B MJD days	Shot B MJD seconds	freq error	shot A sum	shot A ratio	shot B sum	shot B ratio	shot A F=3 bg 1	shot A F=3 bg 2	shot A F=4 bg 1	shot A F=4 bg 2	shot B F=3 bg 1	shot B F=3 bg 2	shot B F=4 bg 1	shot B F=4 bg 2	Shot A MJD days	Shot A MJD seconds	Shot order (0=LF->HF)
60059	59176	0.00014597	0.06812560	0.46224932	0.06863334	0.46438882	0.64467435	0.64469094	0.33690534	0.33653524	0.64451058	0.64472258	0.33684133	0.33661947	60059	59174	0
60059	59179	0.00098853	0.06827702	0.46598040	0.06798562	0.46345273	0.64475372	0.64512087	0.33672596	0.33699639	0.64463877	0.64457853	0.33682350	0.33665653	60059	59178	0
60059	59183	0.00070807	0.06858629	0.46359218	0.06823635	0.46443356	0.64452890	0.64471535	0.33680937	0.33677634	0.64455783	0.64471099	0.33689220	0.33677297	60059	59181	0
60059	59186	0.00133784	0.06861764	0.46383833	0.06832430	0.46194902	0.64472036	0.64453342	0.33688587	0.33665563	0.64477287	0.64483680	0.33703822	0.33689220	60059	59184	0
60059	59189	0.00031322	0.06853737	0.46241165	0.06855245	0.46548551	0.64468462	0.64487386	0.33685251	0.33690247	0.64480722	0.64481223	0.33698456	0.33676960	60059	59187	0
60059	59977	0.00133016	0.06832997	0.46581022	0.06848669	0.46275940	0.64744270	0.64755191	0.33858017	0.33855814	0.64740589	0.64756539	0.33878773	0.33857918	60059	59975	0
60059	59980	0.00163200	0.06831471	0.46503757	0.06849833	0.46413206	0.64751419	0.64773869	0.33866069	0.33871920	0.64751641	0.64754460	0.33887919	0.33850876	60059	59978	0
60059	59983	-0.00029021	0.06857423	0.46002245	0.06852717	0.46578908	0.64730120	0.64755454	0.33868313	0.33851435	0.64734484	0.64772513	0.33857984	0.33857121	60059	59981	0
60059	59986	0.00145370	0.06837607	0.46627196	0.06888433	0.46104021	0.64713620	0.64731920	0.33817301	0.33843242	0.64754649	0.64753309	0.33879044	0.33851147	60059	59985	0
60059	59990	0.00123009	0.06858196	0.46389682	0.06853594	0.46456766	0.64741551	0.64738017	0.33843949	0.33836381	0.64767755	0.64757180	0.33861377	0.33844647	60059	59988	0
60059	60777	0.00090343	0.06947712	0.46249447	0.06917225	0.46347446	0.64855596	0.64855079	0.33884788	0.33860786	0.64848505	0.64856517	0.33872544	0.33861155	60059	60776	0
60059	60780	0.00149590	0.06880206	0.46659682	0.06928823	0.46481940	0.64884603	0.64871119	0.33886793	0.33864073	0.64855662	0.64857002	0.33890910	0.33855190	60059	60779	0
60059	60784	-0.00007197	0.06951419	0.46064974	0.06908266	0.46535336	0.64833624	0.64836040	0.33855173	0.33849471	0.64837395	0.64854380	0.33857910	0.33867746	60059	60782	0
60059	60787	0.00148036	0.06928931	0.46700813	0.06928469	0.46235115	0.64844651	0.64825374	0.33866628	0.33838213	0.64830164	0.64830624	0.33855198	0.33844844	60059	60785	0
60059	60790	0.00126387	0.06935969	0.46295638	0.06893313	0.46360583	0.64851619	0.64855884	0.33855749	0.33839684	0.64854627	0.64865991	0.33860564	0.33847868	60059	60789	0
60059	61578	0.00138765	0.07011800	0.46281210	0.06986275	0.46244076	0.64988328	0.64990465	0.33953714	0.33939703	0.65015971	0.65035338	0.33970854	0.33949654	60059	61576	0
60059	61581	0.00086303	0.06964377	0.46210594	0.07009475	0.46367981	0.65019964	0.65020038	0.33965653	0.33947633	0.64999676	0.65023004	0.33955669	0.33940813	60059	61579	0
60059	61584	0.00092246	0.06991832	0.46408578	0.06968384	0.46390749	0.65008082	0.65024936	0.33953993	0.33956154	0.64994565	0.65018723	0.33937805	0.33951824	60059	61583	0
60059	61588	0.00127679	0.06953273	0.46315192	0.06952439	0.46208893	0.65003390	0.65009660	0.33983164	0.33956606	0.65004286	0.65015584	0.33969310	0.33958274	60059	61586	0
60059	61591	0.00116266	0.06973968	0.46420470	0.06989384	0.46454709	0.65020663	0.65015206	0.33972292	0.33960747	0.65018115	0.65015675	0.33959063	0.33942251	60059	61589	0
60059	62378	0.00209304	0.07005016	0.46458989	0.06992921	0.46179875	0.65082324	0.65103713	0.34001693	0.34005276	0.65068117	0.65081897	0.34025137	0.33999795	60059	62377	0
60059	62382	0.00076276	0.07038023	0.46170614	0.07006211	0.46569699	0.65074436	0.65075496	0.34012392	0.33989696	0.65079177	0.65076186	0.34009393	0.34003690	60059	62380	0
60059	62385	0.00084916	0.07008457	0.46353613	0.06998841	0.46327693	0.65081757	0.65089818	0.34017380	0.33995120	0.65080155	0.65087205	0.34016451	0.34002269	60059	62383	0
60059	62388	0.00150259	0.07025621	0.46439861	0.07013237	0.46243832	0.65091026	0.65066728	0.34033617	0.34003082	0.65091486	0.65108340	0.34015769	0.34000625	60059	62387	0
60059	62392	0.00054578	0.07008690	0.46405307	0.06964801	0.46692349	0.65087197	0.65101848	0.34025400	0.34004709	0.65093992	0.65083943	0.34006928	0.34001176	60059	62390	0
60059	63179	0.00045059	0.07075628	0.46200080	0.07061184	0.46228638	0.65027664	0.65012109	0.33907147	0.33875445	0.65013711	0.65013941	0.33897122	0.33872840	60059	63177	0
60059	63182	0.00157622	0.07080131	0.46491512	0.07057939	0.46153822	0.65010629	0.65030499	0.33879463	0.33879299	0.65015823	0.65004688	0.33882742	0.33862355	60059	63181	0
60059	63186	0.00181245	0.07083949	0.46347753	0.07061402	0.46276884	0.64995132	0.65001451	0.33882619	0.33839183	0.64995395	0.64981130	0.33870909	0.33854080	60059	63184	0
60059	63189	0.00176048	0.07080191	0.46470482	0.07078426	0.46486072	0.65001147	0.65005937	0.33864829	0.33861747	0.65006324	0.65005699	0.33852873	0.33857860	60059	63187	0
60059	63192	0.00119784	0.07094355	0.46293056	0.07061594	0.46461850	0.65020712	0.65005937	0.33866932	0.33847326	0.65001213	0.64999660	0.33885248	0.33851607	60059	63191	0
60059	63980	0.00131704	0.07003275	0.46260654	0.07009398	0.46224892	0.65079103	0.65088627	0.33966910	0.33955497	0.65099901	0.65113492	0.33988365	0.33966146	60059	63978	0
60059	63983	0.00089784	0.07021165	0.46199306	0.07053515	0.46325066	0.65111495	0.65085562	0.33989738	0.33959597	0.65103845	0.65120641	0.33999130	0.33963853	60059	63981	0
60059	63986	0.00148488	0.07024177	0.46376105	0.07048340	0.46199992	0.65116844	0.65111980	0.33993205	0.33991816	0.65116729	0.65109145	0.33995851	0.33972564	60059	63985	0
60059	63990	0.00122397	0.07017019	0.46347357	0.07019843	0.46425632	0.65099145	0.65107567	0.34002063	0.33987585	0.65140173	0.65119860	0.34006722	0.33993452	60059	63988	0
60059	63993	0.00119248	0.07027405	0.46600426	0.07040974	0.46609873	0.65105628	0.65105283	0.34018128	0.34001176	0.65114092	0.65129080	0.34010330	0.34013009	60059	63991	0
60059	64780	0.00086726	0.07063904	0.46361811	0.07071229	0.46459376	0.65136253	0.65142170	0.34015202	0.34010626	0.65141069	0.65166607	0.34031703	0.34019303	60059	64779	0
60059	64784	0.00114427	0.07059900	0.46473788	0.07052709	0.46390684	0.65137502	0.65133049	0.34033009	0.34011398	0.65162343	0.65133657	0.34024135	0.34000288	60059	64782	0
60059	64787	0.00099187	0.07044178	0.46421812	0.07074331	0.46467533	0.65149450	0.65165786	0.34006131	0.34008103	0.65140880	0.65149351	0.34009130	0.33998965	60059	64785	0
60059	64790	0.00074497	0.07101276	0.46303940	0.07073298	0.46378011	0.65141044	0.65159417	0.34012236	0.33995637	0.65135259	0.65156410	0.34008571	0.33989376	60059	64788	0
60059	64793	0.00136574	0.07048167	0.46510841	0.07075505	0.46324611	0.65147979	0.65148357	0.34039525	0.34000190	0.65153690	0.65154545	0.34005646	0.34006065	60059	64792	0
60059	65581	0.00040904	0.07056984	0.46157955	0.07067177	0.46444965	0.65108726	0.65103303	0.33957115	0.33949350	0.65097583	0.65098290	0.33944823	0.33930911	60059	65579	0
60059	65584	0.00116852	0.07079313	0.46399121	0.07067131	0.46171277	0.65083762	0.65088265	0.33951758	0.33943771	0.65111462	0.65083072	0.33967436	0.33928939	60059	65583	0
60059	65588	0.00127793	0.07070434	0.46400701	0.07050856	0.46367877	0.65085586	0.65106861	0.33950262	0.33945825	0.65111092	0.65095956	0.33953903	0.33949638	60059	65586	0
60059	65591	0.00120579	0.07059216	0.46274392	0.07040287	0.46296033	0.65110320	0.65109252	0.33955595	0.33946811	0.65102037	0.65108685	0.33965571	0.33948717	60059	65589	0
60059	65594	0.00111410	0.07034550	0.46197237	0.07013152	0.46224745	0.65106672	0.65094214	0.33976984	0.33945283	0.65104067	0.65100122	0.33967658	0.33946860	60059	65592	0
60059	66382	0.00184159	0.07032606	0.46426048	0.07061538	0.46207802	0.65227077	0.65246659	0.34118467	0.34093241	0.65240718	0.65236987	0.34093783	0.34098812	60059	66380	0
60059	66385	0.00115117	0.07055991	0.46226624	0.07045987	0.46433749	0.65247292	0.65233240	0.34113447	0.34084539	0.65234514	0.65228236	0.34122551	0.34100168	60059	66383	0
60059	66388	0.00064832	0.07048147	0.46209421	0.07053512	0.46360274	0.65255838	0.65245772	0.34124680	0.34109798	0.65245065	0.65249691	0.34128468	0.34096889	60059	66386	0
60059	66391	0.00104995	0.07052131	0.46419114	0.07032475	0.46298628	0.65245870	0.65262099	0.34131048	0.34112896	0.65248763	0.65227069	0.34106372	0.34100669	60059	66390	0
60059	66395	-0.00014826	0.07022443	0.46144627	0.07038295	0.46504088	0.65256626	0.65242402	0.34140218	0.34111655	0.65257391	0.65266914	0.34137203	0.34123521	60059	66393	0
60059	67182	0.00110227	0.07119882	0.46463166	0.07106687	0.46088007	0.65180503	0.65174323	0.34047825	0.34022245	0.65179730	0.65179706	0.34050101	0.34042903	60059	67181	0
60059	67185	0.00069106	0.07103401	0.46351362	0.07099609	0.46474724	0.65195310	0.65189180	0.34042820	0.34032220	0.65175893	0.65171875	0.34033699	0.34012392	60059	67184	0
60059	67189	0.00063549	0.07079108	0.46309824	0.07117234	0.46326495	0.65173083	0.65150937	0.34043182	0.34018629	0.65184669	0.65167454	0.34030462	0.34021628	60059	67187	0
60059	67192	0.00177617	0.07112678	0.46571324	0.07115973	0.46229120	0.65199246	0.65184981	0.34020544	0.34024463	0.65168226	0.65171143	0.34030495	0.34023987	60059	67190	0
60059	67195	0.00044292	0.07075582	0.46161241	0.07104370	0.46561217	0.65180527	0.65168366	0.34047718	0.34009031	0.65175137	0.65171291	0.34027150	0.34007076	60059	67194	0
60059	67983	0.00063472	0.07128146	0.46404774	0.07129273	0.46347233	0.65185112	0.65188613	0.34026567	0.34027347	0.65193617	0.65202221	0.34045146	0.34022992	60059	67981	0
60059	67986	0.00098547	0.07118573	0.46168836	0.07114940	0.46063612	0.65188243	0.65188654	0.34027421	0.34023362	0.65197348	0.65210479	0.34039369	0.34030100	60059	67984	0
60059	67989	0.00116521	0.07139666	0.46386804	0.07114231	0.46332882	0.65199336	0.65199147	0.34053634	0.34024348	0.65212969	0.65191998	0.34057537	0.34022820	60059	67988	0
60059	67992	0.00075606	0.07166298	0.46116986	0.07094944	0.46239731	0.65205680	0.65199583	0.34049534	0.34021234	0.65211900	0.65201522	0.34053503	0.34030297	60059	67991	0
60059	67996	0.00037255	0.07098893	0.46251648	0.07120083	0.46366701	0.65191571	0.65209394	0.34052278	0.34030026	0.65213577	0.65216214	0.34045064	0.34043412	60059	67994	0
60059	68783	0.00138874	0.07153266	0.46494823	0.07147606	0.46189967	0.65222755	0.65221934	0.34067546	0.34049715	0.65231079	0.65229477	0.34068524	0.34055680	60059	68782	0
60059	68787	0.00086919	0.07128237	0.46097590	0.07154776	0.46253455	0.65238204	0.65217135	0.34067349	0.34048926	0.65233627	0.65221983	0.34089929	0.34057915	60059	68785	0
60059	68790	0.00102493	0.07118317	0.46408959	0.07180329	0.46362238	0.65236125	0.65243282	0.34073791	0.34061646	0.65249551	0.65247563	0.34067644	0.34068187	60059	68788	0
60059	68793	0.00116260	0.07149920	0.46288648	0.07154552	0.46247345	0.65248902	0.65257062	0.34081794	0.34069312	0.65238286	0.65249091	0.34070545	0.34053264	60059	68791	0
60059	68796	0.00126461	0.07140646	0.46474428	0.07167568	0.46443826	0.65252329	0.65258171	0.34090316	0.34076971	0.65238187	0.65244950	0.34070479	0.34066675	60059	68795	0
60059	69584	0.00100826	0.07178605	0.46314948	0.07180774	0.46391852	0.65226584	0.65219279	0.34046863	0.34039895	0.65230923	0.65190051	0.34056691	0.34025967	60059	69582	0
60059	69587	0.00078832	0.07168898	0.46388491	0.07178126	0.46454474	0.65211654	0.65196140	0.34043494	0.34032459	0.65208679	0.65213889	0.34053092	0.34039460	60059	69586	0
60059	69590	0.00154698	0.07178973	0.46428197	0.07181711	0.46200600	0.65199714	0.65192056	0.34048153	0.34022992	0.65201374	0.65196904	0.34049115	0.34024061	60059	69589	0
60059	69594	0.00095633	0.07187026	0.46084617	0.07182708	0.46261810	0.65212114	0.65188638	0.34042212	0.34017175	0.65216872	0.65228450	0.34056354	0.34032081	60059	69592	0
60059	69597	0.00129575	0.07159593	0.46542025	0.07147951	0.46440198	0.65203544	0.65203470	0.34045663	0.34031021	0.65194636	0.65189607	0.34050824	0.34028802	60059	69595	0
60059	70385	0.00075746	0.07176027	0.46241253	0.07168812	0.46402741	0.65200454	0.65181596	0.34023707	0.34012146	0.65190363	0.65178465	0.34040059	0.34016567	60059	70383	0
60059	70388	0.00122808	0.07179523	0.46388611	0.07181888	0.46247427	0.65185836	0.65161529	0.34019944	0.34015137	0.65188580	0.65181012	0.34052467	0.34026641	60059	70386	0
60059	70391	0.00159082	0.07156683	0.46404677	0.07156190	0.46295854	0.65190314	0.65185836	0.34027750	0.34013970	0.65179607	0.65185482	0.34052771	0.34030141	60059	70389	0
60059	70394	0.00118413	0.07159512	0.46411069	0.07184041	0.46533076	0.65192146	0.65201424	0.34045014	0.34032113	0.65208720	0.65210651	0.34062237	0.34055927	60059	70393	0
60059	70398	0.00103757	0.07139472	0.46270626	0.07118323	0.46314595	0.65205113	0.65209690	0.34068614	0.34044217	0.65212673	0.65197274	0.34073043	0.34044472	60059	70396	0
60059	71185	0.00195005	0.07100201	0.46403544	0.07100279	0.46129798	0.65256133	0.65260825	0.34145518	0.34123957	0.65257087	0.65258204	0.34148707	0.34130128	60059	71183	0
60059	71188	0.00133535	0.07097149	0.46174323	0.07065474	0.46358735	0.65255032	0.65247456	0.34146389	0.34121483	0.65238573	0.65226001	0.34149109	0.34120119	60059	71187	0
60059	71192	0.00032222	0.07067437	0.46241071	0.07080959	0.46545009	0.65259872	0.65255780	0.34130826	0.34114227	0.65238623	0.65243380	0.34134294	0.34122486	60059	71190	0
60059	71195	0.00066231	0.07104293	0.46457581	0.07104067	0.46355555	0.65234341	0.65250275	0.34128838	0.34122445	0.65246905	0.65251671	0.34149742	0.34114655	60059	71193	0
60059	71198	0.00069233	0.07102719	0.46310682	0.07124646	0.46301675	0.65258475	0.65256536	0.34152840	0.34118246	0.65251671	0.65269051	0.34125805	0.34120522	60059	71197	0
60059	71986	0.00100939	0.07161626	0.46345252	0.07156247	0.46250133	0.65222599	0.65192574	0.34058647	0.34044275	0.65214530	0.65196370	0.34079633	0.34051654	60059	71984	0
60059	71989	0.00116261	0.07167416	0.46302319	0.07194520	0.46256353	0.65190133	0.65176435	0.34039024	0.34030651	0.65189188	0.65184003	0.34054423	0.34038079	60059	71987	0
60059	71992	0.00164116	0.07150549	0.46491166	0.07151492	0.46347602	0.65187569	0.65192935	0.34049460	0.34037611	0.65184800	0.65200248	0.34054185	0.34051144	60059	71991	0
60059	71996	0.00166764	0.07165960	0.46304079	0.07157195	0.46296133	0.65174964	0.65192713	0.34046124	0.34027865	0.65193305	0.65195918	0.34050996	0.34044875	60059	71994	0
60059	71999	0.00142586	0.07182222	0.46362748	0.07175621	0.46435282	0.65184299	0.65184965	0.34048950	0.34022779	0.65221153	0.65200799	0.34067340	0.34039024	60059	71997	0
60059	72786	0.00066929	0.07172807	0.46311263	0.07174971	0.46538234	0.65265534	0.65259297	0.34124721	0.34099634	0.65278854	0.65263603	0.34116528	0.34096610	60059	72785	0
60059	72790	0.00028600	0.07206016	0.46195794	0.07172435	0.46310783	0.65252395	0.65263184	0.34102986	0.34099478	0.65283809	0.65290662	0.34139783	0.34124187	60059	72788	0
60059	72793	0.00168006	0.07169202	0.46581400	0.07197152	0.46163180	0.65287137	0.65274293	0.34134581	0.34113825	0.65278328	0.65285616	0.34144121	0.34113406	60059	72791	0
60059	72796	0.00075998	0.07184537	0.46199036	0.07195193	0.46475062	0.65280431	0.65275107	0.34138813	0.34113463	0.65293119	0.65284507	0.34134631	0.34135970	60059	72795	0
60059	72799	0.00077009	0.07155607	0.46277751	0.07206213	0.46274717	0.65287054	0.65288665	0.34134409	0.34122453	0.65275928	0.65274992	0.34144910	0.34110439	60059	72798	0
60059	73587	0.00159839	0.07160307	0.46369565	0.07165724	0.46121074	0.65187561	0.65196970	0.34067579	0.34058367	0.65199673	0.65192508	0.34071810	0.34046765	60059	73585	0
60059	73590	-0.00008486	0.07223718	0.46090520	0.07180285	0.46595494	0.65208162	0.65193009	0.34067529	0.34069690	0.65224473	0.65204160	0.34062090	0.34056477	60059	73589	0
60059	73593	0.00066377	0.07192104	0.46264174	0.07174698	0.46039586	0.65217422	0.65200076	0.34077316	0.34052360	0.65204160	0.65202788	0.34082271	0.34057398	60059	73592	0
60059	73597	0.00099544	0.07166820	0.46466549	0.07214480	0.46367047	0.65209189	0.65223700	0.34078097	0.34060430	0.65195310	0.65207307	0.34080093	0.34064473	60059	73595	0
60059	73600	0.00102311	0.07183558	0.46358753	0.07179932	0.46350453	0.65197627	0.65192894	0.34084317	0.34063100	0.65225105	0.65219715	0.34084070	0.34063018	60059	73598	0
60059	74388	0.00073775	0.07126600	0.46232995	0.07152427	0.46318602	0.65128841	0.65136985	0.34038063	0.34015038	0.65137773	0.65146180	0.34025786	0.34016788	60059	74386	0
60059	74391	0.00151257	0.07140628	0.46598529	0.07134600	0.46366084	0.65158160	0.65139351	0.34007002	0.34006114	0.65162984	0.65119827	0.34036477	0.33995752	60059	74389	0
60059	74394	0.00137999	0.07137571	0.46383961	0.07138781	0.46423733	0.65136828	0.65123730	0.34007684	0.33998530	0.65141233	0.65127280	0.34006295	0.33994323	60059	74392	0
60059	74397	0.00199073	0.07130511	0.46304964	0.07132940	0.46121742	0.65120320	0.65129178	0.33983098	0.33999491	0.65136007	0.65114379	0.34012105	0.33994347	60059	74396	0
60059	74401	-0.00015527	0.07132007	0.45903091	0.07124624	0.46546893	0.65120649	0.65125900	0.33986829	0.33985563	0.65118373	0.65124322	0.33990124	0.33967510	60059	74399	0
60059	75188	0.00075228	0.07136502	0.46470571	0.07125255	0.46198305	0.65146048	0.65135612	0.34044538	0.34020864	0.65147922	0.65151496	0.34059781	0.34055623	60059	75187	0
60059	75192	0.00139401	0.07112767	0.46433123	0.07117051	0.46240604	0.65152326	0.65151734	0.34040758	0.34042023	0.65156944	0.65145530	0.34049164	0.34051333	60059	75190	0
60059	75195	0.00116152	0.07091105	0.46262610	0.07143199	0.46332355	0.65162047	0.65147051	0.34071638	0.34045121	0.65160699	0.65139795	0.34082854	0.34052640	60059	75193	0
60059	75198	0.00111082	0.07138706	0.46295862	0.07097893	0.46311072	0.65135374	0.65142687	0.34056354	0.34033091	0.65149540	0.65144388	0.34069099	0.34041588	60059	75197	0
60059	75201	0.00051501	0.07136690	0.46124469	0.07119509	0.46303212	0.65160231	0.65150666	0.34084457	0.34045647	0.65181481	0.65153542	0.34071153	0.34061219	60059	75200	0
60059	75989	0.00009176	0.07191175	0.46183279	0.07129465	0.46310253	0.65089588	0.65086474	0.33973763	0.33960041	0.65107312	0.65089300	0.33974117	0.33968036	60059	75987	0
60059	75992	0.00177816	0.07132790	0.46454262	0.07140076	0.45948342	0.65090689	0.65086794	0.33957107	0.33952177	0.65081494	0.65078889	0.33974536	0.33967453	60059	75991	0
60059	75995	0.00219319	0.07138872	0.46297886	0.07143523	0.46173378	0.65076728	0.65076967	0.33985243	0.33947123	0.65110188	0.65079013	0.33976155	0.33952645	60059	75994	0
60059	75999	0.00163159	0.07154555	0.46105369	0.07176038	0.46273849	0.65088684	0.65069579	0.33967584	0.33956006	0.65046095	0.65072398	0.33935093	0.33951109	60059	75997	0
60059	76002	0.00161395	0.07152471	0.46290411	0.07150085	0.46295703	0.65071535	0.65098454	0.33973870	0.33976302	0.65042734	0.65060844	0.33958093	0.33944560	60059	76000	0
60059	76790	0.00139228	0.07152529	0.46297511	0.07174491	0.46364013	0.65197093	0.65180831	0.34080636	0.34063914	0.65195146	0.65184044	0.34087875	0.34070537	60059	76788	0
60059	76793	0.00184495	0.07149580	0.46408608	0.07182313	0.46272806	0.65163789	0.65176205	0.34088565	0.34079387	0.65205335	0.65196723	0.34101302	0.34077069	60059	76791	0
60059	76796	0.00146267	0.07120786	0.46168589	0.07125902	0.46283272	0.65206461	0.65176715	0.34094416	0.34070874	0.65186411	0.65177922	0.34101294	0.34077152	60059	76794	0
60059	76799	0.00159544	0.07146641	0.46385404	0.07138696	0.46345574	0.65212213	0.65204645	0.34091244	0.34087711	0.65201834	0.65209402	0.34106249	0.34090168	60059	76798	0
60059	76803	0.00109947	0.07148591	0.46270741	0.07144731	0.46419532	0.65197742	0.65200594	0.34110480	0.34095164	0.65213577	0.65201013	0.34101359	0.34105378	60059	76801	0
60059	77590	0.00179563	0.07125611	0.46334753	0.07121160	0.46125906	0.65152720	0.65162162	0.34100899	0.34078598	0.65153961	0.65160855	0.34082435	0.34080200	60059	77589	0
60059	77594	0.00102870	0.07115712	0.46087804	0.07125863	0.46317883	0.65156467	0.65169221	0.34096750	0.34080537	0.65165449	0.65157034	0.34081351	0.34079674	60059	77592	0
60059	77597	0.00188679	0.07127213	0.46504317	0.07088744	0.46246889	0.65138250	0.65139639	0.34083660	0.34057578	0.65159508	0.65146706	0.34087628	0.34079814	60059	77595	0
60059	77600	0.00131130	0.07119544	0.46202074	0.07138168	0.46374723	0.65150551	0.65145005	0.34085640	0.34062040	0.65157593	0.65164537	0.34084202	0.34061662	60059	77598	0
60059	77603	0.00197224	0.07101706	0.46451994	0.07094186	0.46253711	0.65145613	0.65137765	0.34073807	0.34070052	0.65147256	0.65154085	0.34084752	0.34061794	60059	77602	0
60059	78391	0.00055117	0.07145463	0.46115583	0.07145040	0.46541903	0.65102719	0.65108323	0.34026123	0.34010149	0.65101150	0.65104469	0.34015605	0.34025877	60059	78389	0
60059	78394	0.00056610	0.07102408	0.46362333	0.07100870	0.46357856	0.65108118	0.65102785	0.34042722	0.34023576	0.65103976	0.65123656	0.34053914	0.34028736	60059	78393	0
60059	78397	0.00175731	0.07133594	0.46478976	0.07094103	0.46121613	0.65117732	0.65105003	0.34038087	0.34012902	0.65094247	0.65092875	0.34050643	0.34016221	60059	78396	0
60059	78401	0.00168145	0.07113953	0.46175053	0.07115719	0.46197811	0.65111898	0.65103607	0.34041415	0.34038112	0.65097411	0.65102555	0.34042672	0.34026879	60059	78399	0
60059	78404	0.00098758	0.07114312	0.46137890	0.07135931	0.46346049	0.65110188	0.65091412	0.34036460	0.34027717	0.65105431	0.65095825	0.34038243	0.34032212	60059	78402	0
60059	79192	0.00077100	0.07198126	0.46104484	0.07144642	0.46169458	0.65200972	0.65230447	0.34130308	0.34135682	0.65200848	0.65178202	0.34117514	0.34108188	60059	79190	0
60059	79195	0.00203186	0.07162181	0.46404725	0.07152256	0.46026468	0.65195055	0.65186288	0.34117260	0.34089872	0.65185951	0.65188087	0.34117366	0.34097464	60059	79194	0
60059	79198	0.00106636	0.07172685	0.46055806	0.07156349	0.46345455	0.65219000	0.65179434	0.34122034	0.34090998	0.65200232	0.65192779	0.34114433	0.34113192	60059	79197	0
60059	79202	0.00027187	0.07171480	0.46082498	0.07176251	0.46320845	0.65201103	0.65190791	0.34120678	0.34116413	0.65180248	0.65198186	0.34104137	0.34104761	60059	79200	0
60059	79205	0.00120356	0.07140997	0.46500170	0.07165898	0.46220663	0.65201235	0.65193757	0.34137490	0.34112453	0.65178637	0.65206313	0.34116183	0.34111992	60059	79203	0
60059	79993	0.00096997	0.07086494	0.46197673	0.07137617	0.46267750	0.65155161	0.65171628	0.34101770	0.34087957	0.65181300	0.65167692	0.34099412	0.34095911	60059	79991	0
60059	79996	0.00110618	0.07118672	0.46193485	0.07111646	0.46152621	0.65169360	0.65168826	0.34096971	0.34085591	0.65174866	0.65157667	0.34096750	0.34086125	60059	79994	0
60059	79999	0.00074686	0.07083039	0.46276350	0.07113475	0.46384146	0.65151792	0.65147051	0.34109133	0.34089518	0.65156533	0.65163600	0.34105041	0.34080471	60059	79997	0
60059	80002	0.00057202	0.07110658	0.46253932	0.07099113	0.46306384	0.65161784	0.65156090	0.34109330	0.34079518	0.65141356	0.65135555	0.34091203	0.34068326	60059	80001	0
60059	80006	0.00062563	0.07140366	0.46272708	0.07116032	0.46256625	0.65132194	0.65155177	0.34094819	0.34069140	0.65153468	0.65137880	0.34092312	0.34060060	60059	80004	0
60059	80793	0.00009232	0.07134812	0.46271956	0.07183435	0.46431951	0.65110320	0.65104716	0.34045647	0.34044332	0.65133312	0.65111429	0.34061975	0.34033165	60059	80791	0
60059	80796	0.00110162	0.07108970	0.46460374	0.07119057	0.46157584	0.65124199	0.65108981	0.34055171	0.34033954	0.65104363	0.65094979	0.34052730	0.34026567	60059	80795	0
60059	80800	0.00078387	0.07112370	0.46196245	0.07118184	0.46291569	0.65099325	0.65112087	0.34067118	0.34044308	0.65118422	0.65126836	0.34039262	0.34042796	60059	80798	0
60059	80803	0.00126282	0.07139384	0.46442941	0.07124428	0.46299255	0.65114207	0.65100459	0.34065886	0.34043026	0.65107329	0.65099317	0.34073643	0.34037619	60059	80801	0
60059	80806	0.00113564	0.07102713	0.46386440	0.07099887	0.46424595	0.65124067	0.65107477	0.34048794	0.34047159	0.65104847	0.65110172	0.34056272	0.34032976	60059	80805	0
60059	81594	0.00103438	0.07128249	0.46270780	0.07115305	0.46301160	0.65181259	0.65190832	0.34110891	0.34108541	0.65181957	0.65173041	0.34117161	0.34091466	60059	81592	0
60059	81597	0.00097548	0.07109456	0.46211175	0.07091440	0.46228844	0.65188293	0.65188925	0.34125280	0.34103907	0.65168933	0.65162482	0.34119462	0.34096569	60059	81595	0
60059	81600	0.00100331	0.07155411	0.46293051	0.07106984	0.46284701	0.65201004	0.65217644	0.34131409	0.34115550	0.65164496	0.65155794	0.34113817	0.34091178	60059	81599	0
60059	81604	0.00108533	0.07095129	0.46379775	0.07147950	0.46355170	0.65147839	0.65151315	0.34100283	0.34084095	0.65166123	0.65155424	0.34094194	0.34080956	60059	81602	0
60059	81607	0.00136880	0.07140593	0.46288615	0.07115911	0.46203572	0.65183075	0.65155794	0.34104293	0.34067562	0.65161209	0.65189993	0.34078828	0.34090693	60059	81605	0
60059	82394	0.00122402	0.07140423	0.46246741	0.07134847	0.46290176	0.64901185	0.64905171	0.33834729	0.33816725	0.64903774	0.64893642	0.33829782	0.33825214	60059	82393	0
60059	82398	0.00151190	0.07128253	0.46403837	0.07128446	0.46317475	0.64910692	0.64906970	0.33851040	0.33824104	0.64869664	0.64880922	0.33826758	0.33820670	60059	82396	0
60059	82401	0.00169747	0.07140541	0.46311258	0.07136286	0.46255588	0.64908860	0.64901785	0.33826356	0.33833036	0.64891029	0.64883165	0.33824154	0.33817473	60059	82399	0
60059	82404	0.00189567	0.07134229	0.46194603	0.07121361	0.46135142	0.64883444	0.64912443	0.33823209	0.33829996	0.64893067	0.64916814	0.33839857	0.33839060	60059	82403	0
60059	82407	0.00125470	0.07135650	0.46371737	0.07122992	0.46564026	0.64899788	0.64919049	0.33840259	0.33822420	0.64881990	0.64885293	0.33840925	0.33812420	60059	82406	0
60059	83195	0.00089919	0.07135857	0.46156704	0.07101355	0.46263360	0.64946560	0.64934448	0.33879356	0.33858452	0.64928507	0.64936922	0.33893301	0.33864787	60059	83193	0
60059	83198	0.00069152	0.07141360	0.46225434	0.07120544	0.46287732	0.64917743	0.64924736	0.33866390	0.33847901	0.64912032	0.64923018	0.33878009	0.33856291	60059	83197	0
60059	83202	0.00078909	0.07113230	0.46403175	0.07117444	0.46373904	0.64913601	0.64901933	0.33868370	0.33861131	0.64904415	0.64919978	0.33874738	0.33862996	60059	83200	0
60059	83205	0.00176858	0.07093533	0.46373094	0.07113220	0.46079248	0.64907611	0.64931408	0.33875486	0.33856324	0.64918704	0.64924103	0.33872996	0.33858871	60059	83203	0
60059	83208	0.00009819	0.07120937	0.46047787	0.07129313	0.46548906	0.64913642	0.64928589	0.33866825	0.33856677	0.64909238	0.64927727	0.33884172	0.33865313	60059	83206	0
60059	83996	0.00051803	0.07143597	0.46320430	0.07157756	0.46194478	0.64954063	0.64961984	0.33899480	0.33896119	0.64955648	0.64965008	0.33914542	0.33903572	60059	83994	0
60059	83999	0.00139537	0.07157946	0.46340430	0.07119151	0.46077226	0.64959124	0.64965977	0.33912044	0.33898716	0.64964087	0.64955953	0.33917969	0.33893819	60059	83997	0
60059	84002	0.00019743	0.07158061	0.46288909	0.07156147	0.46648293	0.64966610	0.64966142	0.33918372	0.33900138	0.64949510	0.64958911	0.33906235	0.33883720	60059	84001	0
60059	84005	0.00111725	0.07132794	0.46417215	0.07158595	0.46141268	0.64964983	0.64956676	0.33908946	0.33899250	0.64970333	0.64950513	0.33906284	0.33902266	60059	84004	0
60059	84009	0.00065357	0.07146778	0.46178331	0.07147068	0.46317435	0.64982272	0.64981919	0.33905750	0.33903745	0.64971179	0.64974778	0.33931133	0.33888683	60059	84007	0
60059	84796	0.00130554	0.07180685	0.46336158	0.07160360	0.46140567	0.64990448	0.64994286	0.33943952	0.33927723	0.65014187	0.65014294	0.33938462	0.33931930	60059	84795	0
60059	84799	0.00117377	0.07166435	0.46345705	0.07138688	0.46385236	0.65007071	0.65028379	0.33967132	0.33937887	0.65038387	0.65023267	0.33976212	0.33943253	60059	84798	0
60059	84803	0.00178003	0.07156833	0.46431801	0.07141535	0.46249924	0.65006554	0.65018921	0.33964749	0.33945817	0.65031953	0.65045199	0.33958586	0.33954963	60059	84801	0
60059	84806	0.00079611	0.07176451	0.46136559	0.07115290	0.46431734	0.65019939	0.65022158	0.33959219	0.33954100	0.65039439	0.65056917	0.33969893	0.33958833	60059	84804	0
60059	84809	0.00029096	0.07160982	0.46282466	0.07151523	0.46434011	0.65048724	0.65038206	0.33955020	0.33960788	0.65055742	0.65052833	0.33966187	0.33957099	60059	84808	0
60059	85597	0.00106492	0.07202733	0.46465441	0.07168740	0.46233253	0.65000785	0.65002667	0.33938808	0.33931051	0.65012314	0.64997540	0.33933894	0.33924814	60059	85595	0
60059	85600	0.00153288	0.07189469	0.46303761	0.07171042	0.46163371	0.65018584	0.65024993	0.33925849	0.33936860	0.64994138	0.65004647	0.33939531	0.33930410	60059	85598	0
60059	85603	0.00090489	0.07181658	0.46310368	0.07182642	0.46498764	0.64998879	0.64993390	0.33937222	0.33915816	0.64977564	0.64982026	0.33925348	0.33922866	60059	85602	0
60059	85607	0.00134707	0.07153729	0.46456106	0.07177367	0.46323453	0.65032216	0.65027902	0.33959046	0.33921954	0.65020802	0.65003119	0.33955883	0.33930599	60059	85605	0
60059	85610	0.00181035	0.07172725	0.46269026	0.07177775	0.46130043	0.65015675	0.65016858	0.33956565	0.33931535	0.65005880	0.65015289	0.33940698	0.33946515	60059	85608	0
60059	86397	0.00079929	0.07086106	0.46253185	0.07114428	0.46556502	0.65119540	0.65109170	0.34073980	0.34064596	0.65135884	0.65119967	0.34092772	0.34074218	60059	86396	0
60060	1	0.00131429	0.07101608	0.46425311	0.07138291	0.46270810	0.65158259	0.65128291	0.34108163	0.34064308	0.65123237	0.65122235	0.34083914	0.34061186	60059	86399	0
60060	4	0.00094598	0.07125894	0.46245807	0.07101985	0.46356301	0.65115242	0.65129910	0.34079395	0.34059246	0.65109794	0.65098126	0.34068655	0.34059928	60060	2	0
60060	7	0.00066379	0.07101648	0.46389887	0.07128128	0.46474545	0.65101289	0.65110690	0.34073766	0.34070874	0.65100238	0.65118554	0.34072517	0.34053519	60060	6	0
60060	11	0.00100240	0.07115060	0.46355086	0.07083852	0.46253503	0.65119720	0.65110008	0.34069312	0.34058047	0.65112917	0.65120534	0.34085673	0.34069378	60060	9	0
60060	798	0.00119424	0.07145340	0.46315204	0.07163038	0.46257651	0.65017770	0.65019668	0.33961183	0.33956442	0.64999454	0.64981064	0.33950303	0.33930755	60060	796	0
60060	801	0.00110560	0.07144026	0.46387631	0.07133430	0.46414224	0.65029356	0.65030392	0.33956458	0.33953368	0.65012955	0.65016965	0.33964864	0.33940385	60060	800	0
60060	805	0.00136248	0.07175346	0.46360385	0.07161629	0.46283320	0.65020342	0.65030268	0.33959819	0.33950303	0.65031961	0.65039463	0.33975366	0.33957000	60060	803	0
60060	808	0.00088404	0.07143278	0.46289331	0.07144841	0.46432862	0.65040376	0.65040778	0.33977782	0.33955735	0.65043556	0.65042438	0.33973952	0.33976007	60060	806	0
60060	811	0.00160236	0.07179303	0.46459750	0.07122992	0.46244254	0.65047631	0.65032783	0.33998801	0.33974782	0.65058026	0.65063803	0.33977190	0.33976113	60060	809	0
60060	1599	0.00142451	0.07123560	0.46280350	0.07095230	0.46333705	0.65071026	0.65094034	0.34046855	0.34031850	0.65101043	0.65082751	0.34049616	0.34035737	60060	1597	0
60060	1602	0.00088022	0.07107817	0.46252745	0.07123762	0.46416032	0.65086753	0.65088832	0.34042549	0.34032319	0.65111988	0.65118217	0.34065113	0.34045023	60060	1600	0
60060	1605	0.00118534	0.07139244	0.46295292	0.07142417	0.46203756	0.65087789	0.65091609	0.34049821	0.34031809	0.65102333	0.65122851	0.34032730	0.34034685	60060	1604	0
60060	1608	0.00000485	0.07129336	0.46103079	0.07124967	0.46457227	0.65120139	0.65116310	0.34052985	0.34049287	0.65100837	0.65096425	0.34081293	0.34038161	60060	1607	0
60060	1612	0.00081744	0.07130447	0.46397849	0.07119712	0.46154071	0.65119153	0.65130321	0.34070134	0.34054612	0.65123065	0.65125168	0.34058096	0.34059140	60060	1610	0
60060	2399	0.00257252	0.07078044	0.46557383	0.07064546	0.46030859	0.65099350	0.65076835	0.34042845	0.34030610	0.65082735	0.65090747	0.34064596	0.34040807	60060	2398	0
60060	2402	0.00125410	0.07056899	0.46197724	0.07083588	0.46593252	0.65073458	0.65083869	0.34025630	0.34034685	0.65078626	0.65083770	0.34060775	0.34027200	60060	2401	0
60060	2406	0.00169267	0.07074341	0.46290697	0.07066989	0.46159126	0.65091914	0.65060738	0.34040183	0.34021242	0.65088840	0.65086975	0.34034373	0.34030667	60060	2404	0
60060	2409	0.00048092	0.07081461	0.45968770	0.07092109	0.46332295	0.65081470	0.65084945	0.34051695	0.34015950	0.65075816	0.65084584	0.34043231	0.34032039	60060	2407	0
60060	2412	0.00119481	0.07069755	0.46263279	0.07109281	0.46049110	0.65064542	0.65068437	0.34039673	0.34013921	0.65093656	0.65080648	0.34026904	0.34034151	60060	2411	0
60060	3201	0.00078799	0.07085696	0.46137538	0.07078436	0.46259585	0.64991344	0.65007260	0.33927024	0.33921494	0.65004163	0.65005551	0.33962909	0.33931092	60060	3199	0
60060	3204	0.00004688	0.07105785	0.46021193	0.07060236	0.46243525	0.65003053	0.65014442	0.33935356	0.33949095	0.65000309	0.64993957	0.33949334	0.33924329	60060	3202	0
60060	3207	0.00045030	0.07061192	0.46381639	0.07025784	0.46260613	0.64998139	0.65000416	0.33948586	0.33917344	0.65006644	0.64998205	0.33934535	0.33939309	60060	3205	0
60060	3210	0.00156908	0.07100505	0.46435694	0.07061998	0.46100062	0.65009865	0.65022840	0.33930853	0.33939868	0.65008740	0.64998411	0.33959063	0.33911732	60060	3209	0
60060	3214	0.00098648	0.07075512	0.46291332	0.07079720	0.46466111	0.64986693	0.65005428	0.33948956	0.33937337	0.64996175	0.65008534	0.33930968	0.33953664	60060	3212	0
60060	4006	0.00110214	0.07038971	0.46222721	0.07066676	0.46188022	0.64930225	0.64928885	0.33879817	0.33866907	0.64936568	0.64922969	0.33879381	0.33869258	60060	4004	0
60060	4009	-0.00013538	0.07072647	0.46098689	0.07071931	0.46469945	0.64940545	0.64934333	0.33882126	0.33867064	0.64939995	0.64939913	0.33862585	0.33870186	60060	4007	0
60060	4012	0.00129753	0.07084577	0.46456988	0.07031801	0.46027116	0.64927521	0.64927160	0.33883490	0.33864607	0.64932147	0.64918984	0.33865420	0.33846019	60060	4010	0
60060	4015	0.00145811	0.07049968	0.46250887	0.07057348	0.46202714	0.64924489	0.64929395	0.33879102	0.33853760	0.64936560	0.64940159	0.33879192	0.33863473	60060	4014	0
60060	4019	0.00062579	0.07064445	0.46203500	0.07037729	0.46453194	0.64974696	0.64944596	0.33879808	0.33881476	0.64928450	0.64962814	0.33892323	0.33889809	60060	4017	0
60060	4806	0.00165602	0.07000742	0.46602373	0.07042669	0.46293305	0.64901185	0.64882335	0.33824942	0.33812148	0.64932336	0.64914497	0.33850350	0.33835575	60060	4805	0
60060	4809	0.00060481	0.07073861	0.46125140	0.07036744	0.46440501	0.64921235	0.64928236	0.33873489	0.33848764	0.64936470	0.64939025	0.33892594	0.33861336	60060	4808	0
60060	4813	0.00058040	0.07020211	0.46320371	0.07021440	0.46327695	0.64940784	0.64943512	0.33889751	0.33871731	0.64936067	0.64961228	0.33890080	0.33873292	60060	4811	0
60060	4816	0.00130067	0.07020189	0.46382294	0.07010252	0.46166211	0.64958713	0.64965074	0.33900992	0.33888075	0.64955591	0.64961121	0.33890441	0.33891107	60060	4814	0
60060	4819	0.00134512	0.06997609	0.46329602	0.07025547	0.46316267	0.64961368	0.64965797	0.33905158	0.33877031	0.64933224	0.64947382	0.33896580	0.33886859	60060	4818	0
60060	5607	0.00123014	0.07052235	0.46224122	0.07046060	0.46258617	0.65073565	0.65061272	0.34032491	0.34012902	0.65092916	0.65057171	0.34025926	0.33992860	60060	5605	0
60060	5610	-0.00035027	0.07044269	0.46110838	0.07001992	0.46584963	0.65112785	0.65088980	0.34018999	0.34025573	0.65080566	0.65071708	0.34044587	0.34012351	60060	5608	0
60060	5613	0.00070874	0.07015753	0.46359104	0.07048449	0.46041400	0.65065882	0.65072562	0.34015679	0.34017840	0.65088462	0.65070467	0.34003567	0.34003583	60060	5612	0
60060	5617	0.00058652	0.07041964	0.46313632	0.07045766	0.46350297	0.65066030	0.65061666	0.34029476	0.33992942	0.65054254	0.65053564	0.34014397	0.33983147	60060	5615	0
60060	5620	0.00147770	0.07021899	0.46376570	0.07063480	0.46109217	0.65064616	0.65063178	0.34005301	0.33996032	0.65055824	0.65073762	0.34004035	0.33992696	60060	5618	0
60060	6407	0.00137866	0.07084530	0.46337472	0.07090395	0.46367185	0.65115538	0.65098191	0.34041810	0.34035836	0.65082940	0.65095521	0.34055976	0.34044562	60060	6406	0
60060	6411	0.00140395	0.07093029	0.46255827	0.07090154	0.46248240	0.65079604	0.65079226	0.34044990	0.34031283	0.65089177	0.65084066	0.34028720	0.34032574	60060	6409	0
60060	6414	0.00097057	0.07115125	0.46136495	0.07087700	0.46266507	0.65088536	0.65114182	0.34053338	0.34041276	0.65089095	0.65097066	0.34036477	0.34012203	60060	6412	0
60060	6417	0.00159017	0.07080042	0.46520014	0.07084620	0.46334135	0.65086301	0.65097329	0.34040495	0.34026156	0.65073639	0.65079473	0.34039468	0.34029952	60060	6416	0
60060	6420	0.00023426	0.07087300	0.46084042	0.07082674	0.46490816	0.65106277	0.65067961	0.34063815	0.34028966	0.65095455	0.65059612	0.34059624	0.34004578	60060	6419	0
60060	7208	0.00060560	0.07043422	0.46270805	0.07104686	0.46159402	0.65137773	0.65133180	0.34017627	0.34012425	0.65153986	0.65128669	0.34040174	0.34019171	60060	7206	0
60060	7211	0.00121188	0.07104635	0.46234187	0.07052800	0.46052304	0.65118315	0.65106754	0.34002680	0.34008949	0.65148168	0.65138817	0.34028662	0.34033486	60060	7210	0
60060	7214	0.00103449	0.07073534	0.46072923	0.07088215	0.46126140	0.65137256	0.65138529	0.34027956	0.34014652	0.65127839	0.65134273	0.34029254	0.34002219	60060	7213	0
60060	7218	0.00140681	0.07064413	0.46326307	0.07067828	0.46214611	0.65128677	0.65140789	0.34016780	0.34007782	0.65128751	0.65144906	0.34020938	0.34011702	60060	7216	0
60060	7221	0.00110275	0.07057866	0.46146068	0.07083426	0.46237287	0.65130090	0.65126500	0.34027988	0.34000206	0.65139294	0.65126894	0.34025523	0.34002951	60060	7219	0
60060	8008	0.00065468	0.07052119	0.46224396	0.07063933	0.46358815	0.65215105	0.65224793	0.34004405	0.33985703	0.65231580	0.65249995	0.33996410	0.33995391	60060	8007	0
60060	8012	0.00084234	0.07056060	0.46190648	0.07058007	0.46134351	0.65244399	0.65231860	0.33989088	0.33971923	0.65244227	0.65233306	0.34006007	0.33979532	60060	8010	0
60060	8015	-0.00004528	0.07070587	0.46074730	0.07070626	0.46341015	0.65239617	0.65238910	0.34007117	0.33986106	0.65230685	0.65241934	0.34009886	0.33988916	60060	8013	0
60060	8018	0.00172279	0.07017949	0.46553204	0.07026456	0.46022784	0.65248680	0.65243011	0.34003214	0.33996311	0.65256059	0.65255591	0.34015063	0.33995235	60060	8017	0
60060	8022	0.00154633	0.07050344	0.46184224	0.07022013	0.46237162	0.65254309	0.65254917	0.34000469	0.33993558	0.65247177	0.65264433	0.34001176	0.33993567	60060	8020	0
60060	8809	0.00064627	0.07022201	0.46045402	0.07076526	0.46315420	0.65303168	0.65290128	0.34032590	0.34015942	0.65301862	0.65314483	0.34047340	0.34004307	60060	8807	0
60060	8812	0.00152830	0.07060876	0.46238526	0.07022697	0.45973919	0.65280670	0.65267596	0.34012754	0.34006418	0.65276775	0.65299052	0.34033330	0.34006238	60060	8811	0
60060	8816	0.00133600	0.07088368	0.46213955	0.07054547	0.46271642	0.65290908	0.65285033	0.34008768	0.34005235	0.65303719	0.65282428	0.34029550	0.33996057	60060	8814	0
60060	8819	0.00101557	0.07013730	0.46031567	0.07075815	0.46127696	0.65296882	0.65286266	0.34025252	0.34008892	0.65301476	0.65279799	0.34012507	0.33999064	60060	8817	0
60060	8822	0.00071017	0.07040850	0.46247144	0.07068465	0.46338767	0.65288205	0.65281245	0.34011948	0.33999237	0.65258944	0.65254597	0.33996829	0.33987166	60060	8821	0
60060	9610	0.00014693	0.07104293	0.46188462	0.07093931	0.46357433	0.65352652	0.65339513	0.34039533	0.34037381	0.65319783	0.65357114	0.34048104	0.34035713	60060	9608	0
60060	9613	0.00135972	0.07095938	0.46451477	0.07077557	0.46087638	0.65356802	0.65342372	0.34048350	0.34026912	0.65332734	0.65347952	0.34033938	0.34043585	60060	9611	0
60060	9616	0.00104636	0.07047295	0.46197764	0.07095254	0.46291773	0.65356210	0.65360664	0.34059813	0.34054702	0.65346292	0.65362430	0.34053831	0.34064933	60060	9615	0
60060	9620	0.00075036	0.07076793	0.46145186	0.07083446	0.46233987	0.65360368	0.65356144	0.34064645	0.34060602	0.65354460	0.65340343	0.34073018	0.34043083	60060	9618	0
60060	9623	0.00017991	0.07067566	0.46160893	0.07111556	0.46332027	0.65362143	0.65381527	0.34077595	0.34068113	0.65352208	0.65375603	0.34071235	0.34067480	60060	9621	0
60060	10410	0.00106853	0.07091510	0.46419108	0.07051796	0.46152523	0.65394535	0.65385537	0.34105213	0.34074161	0.65395521	0.65390763	0.34079469	0.34084785	60060	10409	0
60060	10414	0.00130559	0.07041215	0.46223500	0.07079190	0.46152382	0.65365635	0.65391248	0.34093586	0.34074021	0.65381552	0.65394724	0.34089896	0.34073626	60060	10412	0
60060	10417	0.00084005	0.07060361	0.46122458	0.07069837	0.46262120	0.65389941	0.65386507	0.34065442	0.34080627	0.65381848	0.65376769	0.34090546	0.34071597	60060	10415	0
60060	10420	0.00144896	0.07053332	0.46341411	0.06988079	0.46158739	0.65362554	0.65374953	0.34090776	0.34066732	0.65411281	0.65382916	0.34109067	0.34066708	60060	10418	0
60060	10423	0.00071226	0.07067735	0.46198601	0.07046723	0.46419608	0.65380714	0.65379588	0.34072986	0.34069879	0.65395661	0.65382078	0.34088590	0.34061983	60060	10422	0
60060	11211	0.00123927	0.07060910	0.46373575	0.07053789	0.46215472	0.65315124	0.65350984	0.34033995	0.34045113	0.65312667	0.65327064	0.34047668	0.34019171	60060	11209	0
60060	11214	0.00091106	0.07088923	0.46289859	0.07070580	0.46388322	0.65312733	0.65295814	0.34031892	0.34013937	0.65334476	0.65336308	0.34031259	0.34037997	60060	11213	0
60060	11217	0.00049349	0.07059344	0.46098098	0.07083358	0.46223370	0.65336883	0.65341937	0.34039640	0.34036337	0.65337598	0.65335100	0.34048712	0.34044267	60060	11216	0
60060	11221	0.00162094	0.07074617	0.46442548	0.07054249	0.46104312	0.65338765	0.65342882	0.34053823	0.34032713	0.65316086	0.65353112	0.34049197	0.34049484	60060	11219	0
60060	11224	0.00052138	0.07108047	0.46083269	0.07078036	0.46413139	0.65317499	0.65317417	0.34041128	0.34028900	0.65329332	0.65339907	0.34026049	0.34036666	60060	11222	0
60060	12011	0.00171377	0.07035617	0.46463758	0.07063155	0.46106039	0.65409013	0.65424297	0.34126791	0.34104309	0.65436968	0.65430674	0.34136192	0.34109503	60060	12010	0
60060	12015	0.00151184	0.07025385	0.46338530	0.07044444	0.46399110	0.65415349	0.65440551	0.34141229	0.34119462	0.65414609	0.65416475	0.34127284	0.34110801	60060	12013	0
60060	12018	0.00110572	0.07044609	0.46141533	0.07080101	0.46263368	0.65422522	0.65411758	0.34142010	0.34114458	0.65408438	0.65439491	0.34136200	0.34123932	60060	12016	0
60060	12021	0.00081173	0.07027143	0.46220077	0.07061108	0.46308275	0.65442186	0.65428965	0.34147186	0.34130407	0.65453690	0.65459048	0.34145091	0.34151772	60060	12020	0
60060	12025	0.00108681	0.07004219	0.46282774	0.07047971	0.46200251	0.65424897	0.65430460	0.34146619	0.34122584	0.65446262	0.65430567	0.34164779	0.34130719	60060	12023	0
60060	12812	0.00142537	0.06995429	0.46267311	0.07058519	0.46165743	0.65447108	0.65452121	0.34167861	0.34155773	0.65439836	0.65432810	0.34171616	0.34159948	60060	12811	0
60060	12815	0.00139152	0.07097916	0.46234429	0.07074490	0.46244584	0.65452614	0.65464208	0.34193843	0.34163547	0.65465482	0.65467939	0.34181953	0.34164582	60060	12814	0
60060	12819	0.00152912	0.07080355	0.46285450	0.07052709	0.46244170	0.65441808	0.65447034	0.34167557	0.34153678	0.65432704	0.65431553	0.34162733	0.34158288	60060	12817	0
60060	12822	0.00046076	0.07099095	0.46090273	0.07052567	0.46410780	0.65420994	0.65451126	0.34163004	0.34141665	0.65442531	0.65463945	0.34132182	0.34149734	60060	12820	0
60060	12825	0.00078856	0.07061338	0.46301451	0.07019371	0.46203113	0.65413730	0.65432252	0.34147597	0.34122445	0.65423755	0.65416080	0.34139618	0.34109568	60060	12824	0
60060	13613	0.00121782	0.07060350	0.46438209	0.07121059	0.46309429	0.65330006	0.65337615	0.34038367	0.34032196	0.65329422	0.65349373	0.34053782	0.34021949	60060	13611	0
60060	13616	0.00143045	0.07055359	0.46408154	0.07073767	0.46344364	0.65328444	0.65337705	0.34035548	0.34025803	0.65305198	0.65304886	0.34013370	0.34000420	60060	13614	0
60060	13619	0.00168652	0.07111480	0.46150183	0.07098379	0.46073362	0.65315001	0.65310909	0.34018522	0.34013995	0.65313399	0.65337943	0.34030988	0.34023017	60060	13618	0
60060	13623	0.00150764	0.07095393	0.46165458	0.07057456	0.46219124	0.65318041	0.65327442	0.34022146	0.34018120	0.65302782	0.65340663	0.34017972	0.34009615	60060	13621	0
60060	13626	0.00105633	0.07100864	0.46295649	0.07094160	0.46431040	0.65300711	0.65317113	0.34023239	0.34010395	0.65301854	0.65309307	0.34020503	0.34010609	60060	13624	0
60060	14413	0.00065698	0.07052256	0.46228002	0.07075255	0.46347809	0.65413771	0.65418397	0.34123455	0.34088656	0.65416697	0.65417288	0.34107185	0.34107580	60060	14412	0
60060	14417	0.00048894	0.07076656	0.46240153	0.07045393	0.46290565	0.65409901	0.65422350	0.34120481	0.34121779	0.65385512	0.65398487	0.34104129	0.34099075	60060	14415	0
60060	14420	0.00044043	0.07060207	0.46367359	0.07097297	0.46381911	0.65396318	0.65416130	0.34112477	0.34085533	0.65395726	0.65414889	0.34106134	0.34088713	60060	14418	0
60060	14423	0.00177669	0.07082271	0.46480265	0.07066005	0.46079388	0.65392431	0.65405480	0.34118377	0.34099823	0.65409654	0.65408792	0.34108065	0.34093923	60060	14422	0
60060	14426	0.00127762	0.07049303	0.46181938	0.07048855	0.46331659	0.65434577	0.65439672	0.34132223	0.34107210	0.65424610	0.65408422	0.34131179	0.34095846	60060	14425	0
60060	15214	0.00182554	0.07043008	0.46389490	0.06989045	0.46225114	0.65274975	0.65282354	0.33990535	0.33992104	0.65271368	0.65295592	0.34020618	0.33995654	60060	15212	0
60060	15217	0.00184987	0.06970627	0.46307669	0.07007771	0.46300369	0.65263085	0.65270078	0.33988193	0.33981307	0.65250201	0.65253635	0.34001283	0.33972514	60060	15216	0
60060	15220	0.00153030	0.07036363	0.46176689	0.07007352	0.46272560	0.65258130	0.65273915	0.33990009	0.33990715	0.65271820	0.65274967	0.33986631	0.33991036	60060	15219	0
60060	15224	0.00034004	0.06996026	0.46110344	0.07037503	0.46467423	0.65268574	0.65288024	0.34004348	0.33980699	0.65264622	0.65278426	0.34000288	0.33989269	60060	15222	0
60060	15227	0.00119105	0.07017691	0.46311443	0.07028730	0.46056141	0.65279067	0.65282847	0.34006098	0.33998292	0.65274630	0.65285460	0.34001825	0.33977897	60060	15225	0
60060	16015	0.00155026	0.07058434	0.46377944	0.06982809	0.46270179	0.65442030	0.65456615	0.34219925	0.34191132	0.65461414	0.65456550	0.34216284	0.34201461	60060	16013	0
60060	16018	0.00086795	0.06990281	0.46113676	0.06983187	0.46318370	0.65455391	0.65479599	0.34216227	0.34207402	0.65454964	0.65444380	0.34202702	0.34195824	60060	16016	0
60060	16021	0.00097072	0.07029892	0.46403990	0.07013216	0.46373159	0.65448160	0.65449516	0.34211034	0.34189595	0.65419934	0.65433640	0.34200286	0.34192356	60060	16019	0
60060	16024	0.00095541	0.07024612	0.46237651	0.07004244	0.46242243	0.65460280	0.65447987	0.34213729	0.34192718	0.65439532	0.65470231	0.34218142	0.34211765	60060	16023	0
60060	16028	0.00121949	0.06991469	0.46318958	0.07032774	0.46239737	0.65457906	0.65456525	0.34196079	0.34187081	0.65468949	0.65455128	0.34216096	0.34196777	60060	16026	0
60060	16815	0.00152800	0.06935575	0.46351666	0.06893275	0.46259112	0.65315486	0.65324977	0.34114055	0.34115024	0.65309898	0.65324475	0.34116331	0.34106627	60060	16813	0
60060	16818	0.00107675	0.06974774	0.46165933	0.06950005	0.46301307	0.65282880	0.65320671	0.34102206	0.34093660	0.65283488	0.65289988	0.34095525	0.34094966	60060	16817	0
60060	16822	0.00133565	0.06947935	0.46321846	0.06902512	0.46244176	0.65333498	0.65337746	0.34123718	0.34119725	0.65307145	0.65314549	0.34100316	0.34095920	60060	16820	0
60060	16825	0.00189602	0.06946649	0.46362010	0.06955614	0.46193900	0.65305527	0.65315149	0.34109839	0.34093676	0.65308485	0.65305946	0.34122132	0.34103011	60060	16823	0
60060	16828	0.00066727	0.06928333	0.46093829	0.06927095	0.46462453	0.65339866	0.65325577	0.34098738	0.34107728	0.65289569	0.65313941	0.34095468	0.34086725	60060	16826	0
60060	17616	-0.00001601	0.06957242	0.46270282	0.07016595	0.46475267	0.65228754	0.65261433	0.34072566	0.34059197	0.65263488	0.65273669	0.34080529	0.34080356	60060	17614	0
60060	17619	0.00068849	0.06932636	0.46370554	0.06967381	0.46159204	0.65260127	0.65257481	0.34065130	0.34059181	0.65240463	0.65254293	0.34069929	0.34067505	60060	17617	0
60060	17622	0.00093974	0.06959778	0.46430433	0.06967483	0.46355057	0.65203297	0.65207085	0.34050618	0.34045639	0.65239929	0.65251146	0.34064267	0.34052476	60060	17620	0
60060	17625	0.00161085	0.06979861	0.46562718	0.06977097	0.46361386	0.65238475	0.65249617	0.34070882	0.34045401	0.65229781	0.65244177	0.34063092	0.34052106	60060	17624	0
60060	17629	0.00057478	0.06971049	0.46077976	0.06967829	0.46388796	0.65226469	0.65242452	0.34065500	0.34051498	0.65218433	0.65230972	0.34058573	0.34045885	60060	17627	0
60060	18416	0.00102491	0.06996571	0.46319812	0.06999646	0.46184773	0.65311328	0.65299068	0.34136126	0.34121869	0.65290629	0.65303053	0.34143193	0.34135247	60060	18415	0
60060	18419	0.00148862	0.06994647	0.46199697	0.06990749	0.46060585	0.65293653	0.65299052	0.34129717	0.34129306	0.65309931	0.65302831	0.34144557	0.34117177	60060	18418	0
60060	18423	0.00064980	0.07001347	0.46066203	0.07011633	0.46317848	0.65284220	0.65297720	0.34144672	0.34129725	0.65297671	0.65299808	0.34124211	0.34116462	60060	18421	0
60060	18426	0.00064569	0.07018521	0.46309606	0.06979722	0.46310839	0.65293817	0.65301221	0.34107218	0.34121837	0.65275666	0.65292018	0.34143160	0.34110127	60060	18424	0
60060	18429	0.00166918	0.06965603	0.46540932	0.06987835	0.46233887	0.65295239	0.65298485	0.34111943	0.34107678	0.65299791	0.65294581	0.34108097	0.34098163	60060	18428	0
60060	19217	0.00028116	0.07030076	0.46196238	0.07057342	0.46612643	0.65141290	0.65146475	0.34007955	0.33987560	0.65157092	0.65159319	0.34011488	0.34007939	60060	19215	0
60060	19220	0.00153557	0.07027130	0.46420933	0.07021433	0.46044611	0.65151948	0.65153961	0.34023757	0.34004989	0.65132482	0.65146903	0.34012499	0.33994586	60060	19218	0
60060	19223	0.00127657	0.07024648	0.46350477	0.07049454	0.46428176	0.65150354	0.65141586	0.34002926	0.33978587	0.65160921	0.65158283	0.34019681	0.33999195	60060	19222	0
60060	19226	0.00099054	0.07050659	0.46230866	0.07033823	0.46316674	0.65144068	0.65136483	0.34006040	0.33983427	0.65165925	0.65151044	0.34008407	0.33990222	60060	19225	0
60060	19230	0.00157179	0.07048521	0.46307125	0.07055304	0.46132751	0.65142490	0.65195351	0.34002869	0.34009442	0.65137773	0.65150839	0.33998415	0.33972695	60060	19228	0
60060	20017	0.00164971	0.07008264	0.46428452	0.07024640	0.46405075	0.65247842	0.65234325	0.34105665	0.34091934	0.65245262	0.65271664	0.34111351	0.34095180	60060	20016	0
60060	20020	0.00233550	0.07024419	0.46462229	0.06997827	0.46256491	0.65244177	0.65267810	0.34125789	0.34113365	0.65251072	0.65248039	0.34114671	0.34097473	60060	20019	0
60060	20024	0.00060007	0.07028638	0.45994803	0.07012818	0.46515434	0.65274852	0.65256815	0.34128476	0.34106906	0.65247982	0.65247826	0.34123003	0.34095969	60060	20022	0
60060	20027	0.00060511	0.07030871	0.46275810	0.07048610	0.46274296	0.65252395	0.65241162	0.34102608	0.34090504	0.65252575	0.65260677	0.34115024	0.34114548	60060	20025	0
60060	20030	0.00032331	0.07006339	0.46272441	0.07018475	0.46356980	0.65254827	0.65273595	0.34116791	0.34114252	0.65262444	0.65268360	0.34144565	0.34094769	60060	20029	0
60060	20818	0.00073047	0.06994343	0.46411125	0.07043573	0.46288977	0.65078774	0.65086194	0.33987355	0.33954215	0.65104009	0.65091618	0.33997552	0.33968126	60060	20816	0
60060	20821	0.00014245	0.07046460	0.46127072	0.06984596	0.46303479	0.65109523	0.65135637	0.33998316	0.33977428	0.65119351	0.65130304	0.33982572	0.33969753	60060	20819	0
60060	20824	0.00138757	0.07054219	0.46459454	0.07032584	0.46085917	0.65094946	0.65117543	0.33994167	0.33985588	0.65094724	0.65104395	0.33984815	0.33977527	60060	20823	0
60060	20828	0.00003364	0.07041591	0.46013588	0.07023866	0.46419768	0.65092768	0.65113993	0.33986919	0.33963738	0.65104247	0.65110624	0.34007322	0.33983895	60060	20826	0
60060	20831	0.00111193	0.06986979	0.46374074	0.07033189	0.46050585	0.65114922	0.65113722	0.34009968	0.33985407	0.65105349	0.65107329	0.33992014	0.33970657	60060	20829	0
60060	21618	0.00118483	0.07030241	0.46382618	0.06991269	0.46360749	0.65156278	0.65141611	0.34063478	0.34040840	0.65151348	0.65138078	0.34054176	0.34046041	60060	21617	0
60060	21622	0.00124358	0.07003904	0.46299706	0.07009034	0.46282081	0.65141660	0.65131586	0.34048991	0.34044398	0.65146903	0.65162195	0.34078746	0.34065146	60060	21620	0
60060	21625	0.00126890	0.07025788	0.46253522	0.07030916	0.46245926	0.65144413	0.65136335	0.34087974	0.34061687	0.65149688	0.65152696	0.34079896	0.34058433	60060	21623	0
60060	21628	0.00096208	0.07011126	0.46372657	0.07010756	0.46464703	0.65169163	0.65167610	0.34090184	0.34066149	0.65167676	0.65159072	0.34096421	0.34069189	60060	21627	0
60060	21631	0.00134365	0.06998121	0.46289239	0.07031742	0.46174768	0.65171595	0.65164693	0.34099527	0.34064505	0.65158941	0.65158735	0.34093627	0.34080619	60060	21630	0
60060	22419	0.00123208	0.07074762	0.46270595	0.07059487	0.46304066	0.65229773	0.65230685	0.34130851	0.34102773	0.65213232	0.65214826	0.34142379	0.34112724	60060	22417	0
60060	22422	0.00063770	0.07100831	0.46113292	0.07069329	0.46291608	0.65214883	0.65234161	0.34130366	0.34114219	0.65224292	0.65228581	0.34116380	0.34109757	60060	22421	0
60060	22425	0.00108885	0.07058142	0.46331449	0.07044584	0.46196105	0.65230430	0.65216781	0.34133069	0.34107210	0.65213527	0.65194266	0.34108114	0.34094350	60060	22424	0
60060	22429	0.00126798	0.07052844	0.46228077	0.07044061	0.46174337	0.65211259	0.65205869	0.34105394	0.34102017	0.65209904	0.65227981	0.34115978	0.34111713	60060	22427	0
60060	22432	0.00138752	0.07065354	0.46334252	0.07023463	0.46298388	0.65205368	0.65197011	0.34127950	0.34110809	0.65210569	0.65231679	0.34138016	0.34112502	60060	22430	0
60060	23220	0.00060082	0.07012238	0.46245934	0.07043853	0.46481945	0.65127461	0.65119490	0.34049830	0.34023485	0.65120057	0.65141447	0.34051128	0.34041974	60060	23218	0
60060	23223	0.00129769	0.07027147	0.46497780	0.07024884	0.46288717	0.65150379	0.65145465	0.34046732	0.34047225	0.65149968	0.65143608	0.34064777	0.34027873	60060	23221	0
60060	23226	0.00097061	0.07037156	0.46167680	0.07031495	0.46265805	0.65138636	0.65125111	0.34032984	0.34023025	0.65138225	0.65145169	0.34032122	0.34025827	60060	23224	0
60060	23229	0.00114899	0.07010148	0.46223212	0.07039390	0.46169697	0.65100139	0.65125366	0.34032935	0.34021875	0.65124075	0.65122596	0.34029878	0.34018440	60060	23228	0
60060	23233	0.00042955	0.07035321	0.46148437	0.07039787	0.46364269	0.65122646	0.65132169	0.34035080	0.34022031	0.65106047	0.65125456	0.34025794	0.34021398	60060	23231	0
60060	24020	0.00107998	0.06992059	0.46430789	0.06974567	0.46235660	0.65194036	0.65172359	0.34067891	0.34047175	0.65186345	0.65174364	0.34078031	0.34051013	60060	24018	0
60060	24023	0.00212462	0.07002284	0.46465221	0.06970551	0.46151831	0.65199566	0.65191892	0.34075952	0.34072673	0.65178720	0.65181974	0.34091778	0.34059863	60060	24022	0
60060	24027	0.00089026	0.06968576	0.46022609	0.06983879	0.46392916	0.65185154	0.65190906	0.34084317	0.34059263	0.65192952	0.65185573	0.34117383	0.34080011	60060	24025	0
60060	24030	0.00173258	0.06976173	0.46353816	0.06955681	0.46101120	0.65202771	0.65226009	0.34096708	0.34093422	0.65200068	0.65235360	0.34099017	0.34098804	60060	24028	0
60060	24033	0.00118165	0.06948195	0.46240016	0.06954672	0.46405295	0.65206830	0.65213823	0.34103488	0.34090225	0.65219411	0.65210520	0.34094038	0.34080463	60060	24032	0
60060	24821	0.00124756	0.07013252	0.46181817	0.07029525	0.46162045	0.65105349	0.65112259	0.34023395	0.34003583	0.65112251	0.65106902	0.33995473	0.33996435	60060	24819	0
60060	24824	0.00098099	0.06975301	0.46359036	0.07017171	0.46439007	0.65122243	0.65114667	0.34000880	0.33999598	0.65118389	0.65110262	0.34021374	0.33986434	60060	24822	0
60060	24827	0.00120440	0.06971536	0.46363727	0.06990225	0.46296704	0.65127551	0.65131175	0.34018465	0.34010272	0.65110739	0.65126352	0.34009352	0.33989047	60060	24826	0
60060	24831	0.00124151	0.07025697	0.46360938	0.06981637	0.46349803	0.65109737	0.65111462	0.34020272	0.33993287	0.65123130	0.65115850	0.34002597	0.33997486	60060	24829	0
60060	24834	0.00163193	0.07016935	0.46437093	0.07030247	0.46319967	0.65106704	0.65126993	0.34016969	0.33995325	0.65121052	0.65126302	0.34026411	0.33995169	60060	24832	0
