% File initiated 28/10/2022 11:05:20 UTC
% Raw fountain data
%
% File notes: ----------test 
%
%% fountain_code = ALPHA-CsF1
%% microwave_ref = ALPHA HM1
%% MJD_start = 59880.462037
%% clock_data = False
%% sequence = 1
%% density = HD
%
% Units: V.s, Hz
%
% Shot B MJD days	Shot B MJD seconds	freq error	shot A sum	shot A ratio	shot B sum	shot B ratio	shot A F=3 bg 1	shot A F=3 bg 2	shot A F=4 bg 1	shot A F=4 bg 2	shot B F=3 bg 1	shot B F=3 bg 2	shot B F=4 bg 1	shot B F=4 bg 2	Shot A MJD days	Shot A MJD seconds	Shot order (0=LF->HF)
59880	39922	0.00004626	0.04651601	0.48519866	0.04631405	0.48505988	0.61755815	0.61759348	0.35282362	0.35284811	0.61759882	0.61769480	0.35282608	0.35290226	59880	39921	0
59880	39926	-0.00028079	0.04639581	0.48360993	0.04641389	0.48459106	0.61755593	0.61795208	0.35289848	0.35308221	0.61753136	0.61775857	0.35310645	0.35299897	59880	39924	0
59880	39929	0.00043373	0.04612173	0.48546423	0.04653948	0.48332068	0.61762915	0.61780968	0.35303595	0.35302124	0.61762035	0.61765199	0.35319117	0.35295904	59880	39927	0
59880	39932	0.00058721	0.04641571	0.48526822	0.04629987	0.48480780	0.61750425	0.61777492	0.35313382	0.35303274	0.61764895	0.61769727	0.35302182	0.35300620	59880	39930	0
59880	39935	-0.00030872	0.04642253	0.48340766	0.04650257	0.48609542	0.61761978	0.61779349	0.35317786	0.35305879	0.61754993	0.61774534	0.35309733	0.35296717	59880	39934	0
59880	40037	-0.00035234	0.04637276	0.48268974	0.04648941	0.48282060	0.61732864	0.61738058	0.35257480	0.35256215	0.61719643	0.61738773	0.35273865	0.35264169	59880	40036	0
59880	40040	0.00004114	0.04639292	0.48542238	0.04656396	0.48424194	0.61724614	0.61743506	0.35272181	0.35261236	0.61721081	0.61733662	0.35263109	0.35257160	59880	40039	0
59880	40044	0.00092126	0.04656727	0.48555689	0.04640130	0.48291654	0.61722922	0.61732413	0.35248967	0.35255640	0.61715715	0.61740079	0.35259526	0.35254070	59880	40042	0
59880	40047	-0.00045035	0.04672540	0.48314671	0.04637490	0.48726154	0.61714770	0.61744730	0.35256848	0.35255631	0.61721911	0.61730251	0.35243018	0.35243856	59880	40045	0
59880	40050	0.00086136	0.04654338	0.48678662	0.04655128	0.48285148	0.61722560	0.61735929	0.35241942	0.35244234	0.61717252	0.61751953	0.35237660	0.35258302	59880	40049	0
59880	40152	-0.00100535	0.04628643	0.48236138	0.04639236	0.48796151	0.61642862	0.61655673	0.35164520	0.35163838	0.61655253	0.61655278	0.35150904	0.35164142	59880	40150	0
59880	40155	0.00009682	0.04643063	0.48655282	0.04625755	0.48324631	0.61649173	0.61672493	0.35164930	0.35159836	0.61660537	0.61665172	0.35166311	0.35171455	59880	40154	0
59880	40159	-0.00016735	0.04660066	0.48559877	0.04648094	0.48639129	0.61635080	0.61660611	0.35173493	0.35167897	0.61667226	0.61671030	0.35196977	0.35170420	59880	40157	0
59880	40162	-0.00064630	0.04646671	0.48347911	0.04656517	0.48491595	0.61659724	0.61676815	0.35172589	0.35175966	0.61655557	0.61672148	0.35175227	0.35172967	59880	40160	0
59880	40165	0.00018976	0.04655547	0.48602004	0.04651939	0.48351187	0.61667481	0.61675969	0.35177379	0.35165793	0.61660217	0.61673175	0.35168982	0.35168258	59880	40164	0
59880	40267	0.00001038	0.04650711	0.48329281	0.04659668	0.48383093	0.61689872	0.61697909	0.35191242	0.35187273	0.61697884	0.61706487	0.35191973	0.35191546	59880	40265	0
59880	40270	-0.00051448	0.04662412	0.48456935	0.04653170	0.48614393	0.61700957	0.61705551	0.35218638	0.35192680	0.61687728	0.61715978	0.35213921	0.35207857	59880	40269	0
59880	40273	0.00070583	0.04651698	0.48538130	0.04646843	0.48172037	0.61678409	0.61705107	0.35202959	0.35197470	0.61678902	0.61732963	0.35202105	0.35216814	59880	40272	0
59880	40277	0.00000199	0.04649851	0.48444401	0.04649968	0.48655554	0.61694088	0.61701458	0.35197125	0.35197914	0.61678689	0.61702075	0.35216304	0.35204422	59880	40275	0
59880	40280	0.00036359	0.04633523	0.48435390	0.04643721	0.48326912	0.61683693	0.61699010	0.35217972	0.35200026	0.61691031	0.61712839	0.35204677	0.35209977	59880	40278	0
59880	40382	-0.00029441	0.04648723	0.48196950	0.04577758	0.48394349	0.61662591	0.61676832	0.35149055	0.35162235	0.61669395	0.61687555	0.35176985	0.35170633	59880	40380	0
59880	40385	0.00082796	0.04654298	0.48380550	0.04658580	0.48043840	0.61682773	0.61688130	0.35170066	0.35178300	0.61662123	0.61676347	0.35160789	0.35160271	59880	40383	0
59880	40388	-0.00018297	0.04665679	0.48236884	0.04680415	0.48540161	0.61654308	0.61674991	0.35179163	0.35160107	0.61659871	0.61673947	0.35171677	0.35166853	59880	40387	0
59880	40392	0.00009568	0.04658760	0.48405253	0.04656697	0.48321660	0.61654161	0.61671597	0.35171866	0.35160189	0.61661498	0.61674202	0.35156417	0.35150501	59880	40390	0
59880	40395	0.00008948	0.04650671	0.48450884	0.04656933	0.48452745	0.61652057	0.61663117	0.35163739	0.35153402	0.61650200	0.61666067	0.35165908	0.35158160	59880	40393	0
59880	40497	-0.00031894	0.04657922	0.48273697	0.04652723	0.48396222	0.61620142	0.61625688	0.35117690	0.35118840	0.61614570	0.61632213	0.35131347	0.35122275	59880	40495	0
59880	40500	0.00026300	0.04636340	0.48282240	0.04650477	0.48107657	0.61646486	0.61630150	0.35127419	0.35125513	0.61617249	0.61633133	0.35120081	0.35118536	59880	40498	0
59880	40503	0.00061982	0.04648321	0.48342183	0.04656616	0.48235137	0.61623100	0.61634037	0.35112883	0.35121642	0.61609747	0.61638753	0.35129917	0.35115110	59880	40502	0
59880	40507	0.00020776	0.04654928	0.48229504	0.04659542	0.48353123	0.61630298	0.61636510	0.35118372	0.35117205	0.61624020	0.61632081	0.35125883	0.35113269	59880	40505	0
59880	40510	-0.00008492	0.04651168	0.48347536	0.04660374	0.48435342	0.61612730	0.61628449	0.35129925	0.35114411	0.61627052	0.61631218	0.35110903	0.35115348	59880	40508	0
59880	40612	0.00039957	0.04647314	0.48375118	0.04655935	0.48229771	0.61674219	0.61667933	0.35166097	0.35163238	0.61650504	0.61669584	0.35165037	0.35167445	59880	40610	0
59880	40615	-0.00028980	0.04652496	0.48126737	0.04666624	0.48333548	0.61675525	0.61679182	0.35166755	0.35177955	0.61684030	0.61688295	0.35176689	0.35180379	59880	40613	0
59880	40618	-0.00050795	0.04661775	0.48260586	0.04669217	0.48326030	0.61679141	0.61695419	0.35174980	0.35180379	0.61666766	0.61692970	0.35196345	0.35177733	59880	40617	0
59880	40621	0.00106159	0.04642255	0.48432230	0.04660032	0.47961369	0.61674629	0.61697588	0.35167157	0.35190445	0.61676750	0.61685312	0.35170600	0.35177051	59880	40620	0
59880	40625	0.00089234	0.04665706	0.48425101	0.04660414	0.48475874	0.61682280	0.61689659	0.35164216	0.35176443	0.61674391	0.61682584	0.35170535	0.35165226	59880	40623	0
59880	40727	0.00157519	0.04646083	0.48354270	0.04659519	0.48149418	0.61586681	0.61592943	0.35098643	0.35089185	0.61600207	0.61610519	0.35086785	0.35089702	59880	40725	0
59880	40730	-0.00037350	0.04648108	0.47962638	0.04653932	0.48547244	0.61591571	0.61597512	0.35096268	0.35084411	0.61591562	0.61602894	0.35077911	0.35090310	59880	40728	0
59880	40733	0.00124745	0.04647251	0.48506425	0.04654101	0.48020139	0.61605679	0.61613034	0.35086522	0.35092767	0.61602146	0.61612853	0.35090171	0.35084789	59880	40731	0
59880	40736	-0.00088779	0.04658861	0.48080211	0.04663175	0.48720783	0.61602680	0.61597142	0.35093384	0.35083885	0.61584076	0.61596090	0.35096219	0.35076703	59880	40735	0
59880	40740	0.00132572	0.04656406	0.48648317	0.04648131	0.47984265	0.61584537	0.61614020	0.35076070	0.35081411	0.61576402	0.61594348	0.35082882	0.35073005	59880	40738	0
59880	40841	0.00122078	0.04668818	0.48438147	0.04655617	0.48469629	0.61583444	0.61595687	0.35069398	0.35069677	0.61591217	0.61599393	0.35079012	0.35085093	59880	40840	0
59880	40845	0.00000552	0.04663212	0.48261372	0.04652828	0.48625951	0.61581020	0.61597881	0.35105422	0.35092562	0.61583723	0.61604241	0.35094797	0.35085865	59880	40843	0
59880	40848	0.00115462	0.04659828	0.48494007	0.04657315	0.48149276	0.61578834	0.61600363	0.35088914	0.35088437	0.61595548	0.61596221	0.35087566	0.35086909	59880	40846	0
59880	40851	-0.00044847	0.04640994	0.48128426	0.04624123	0.48609354	0.61595597	0.61608284	0.35096408	0.35094797	0.61593764	0.61599993	0.35095249	0.35082800	59880	40850	0
59880	40855	0.00021690	0.04661149	0.48443733	0.04655930	0.48244121	0.61601694	0.61611974	0.35088462	0.35088051	0.61580025	0.61611415	0.35107205	0.35093540	59880	40853	0
59880	40956	0.00097589	0.04640303	0.48509944	0.04673664	0.48282248	0.61666503	0.61676519	0.35171488	0.35170641	0.61673011	0.61690702	0.35183263	0.35176147	59880	40955	0
59880	40960	0.00038446	0.04637720	0.48180766	0.04657811	0.48358195	0.61680160	0.61685895	0.35176188	0.35173427	0.61679897	0.61691820	0.35184841	0.35182942	59880	40958	0
59880	40963	0.00064844	0.04661475	0.48389509	0.04674578	0.48310315	0.61675624	0.61693628	0.35175539	0.35180173	0.61687917	0.61710374	0.35200346	0.35187766	59880	40961	0
59880	40966	-0.00026632	0.04674895	0.48148969	0.04663341	0.48423397	0.61668491	0.61687933	0.35174093	0.35174536	0.61668475	0.61694712	0.35180847	0.35169351	59880	40965	0
59880	40969	0.00117598	0.04679605	0.48431883	0.04670240	0.47999192	0.61705994	0.61697416	0.35199196	0.35188670	0.61664851	0.61695550	0.35196287	0.35168012	59880	40968	0
59880	41071	0.00036617	0.04637955	0.48365992	0.04657103	0.48608936	0.61611242	0.61615844	0.35077475	0.35088626	0.61603765	0.61625203	0.35101921	0.35096991	59880	41070	0
59880	41075	-0.00017922	0.04657741	0.48448772	0.04643998	0.48612390	0.61604258	0.61620404	0.35103088	0.35093992	0.61601439	0.61615540	0.35094846	0.35083433	59880	41073	0
59880	41078	0.00037030	0.04674654	0.48589145	0.04671791	0.48424289	0.61608876	0.61612976	0.35083178	0.35083556	0.61615450	0.61620027	0.35087073	0.35089982	59880	41076	0
59880	41081	-0.00046244	0.04665460	0.48375724	0.04686613	0.48625543	0.61617101	0.61626797	0.35104419	0.35080384	0.61610437	0.61621711	0.35102751	0.35085594	59880	41079	0
59880	41084	-0.00028221	0.04660476	0.48329104	0.04671727	0.48275035	0.61610289	0.61615022	0.35084723	0.35079069	0.61619533	0.61644793	0.35085232	0.35100590	59880	41083	0
59880	41186	0.00012891	0.04669735	0.48359804	0.04661431	0.48236469	0.61604603	0.61622845	0.35108175	0.35097780	0.61614685	0.61623995	0.35118084	0.35105512	59880	41185	0
59880	41189	0.00066590	0.04653660	0.48548896	0.04657380	0.48387800	0.61624505	0.61629641	0.35098298	0.35103195	0.61617331	0.61642961	0.35120213	0.35112094	59880	41188	0
59880	41193	0.00010941	0.04642305	0.48338299	0.04663037	0.48505247	0.61632656	0.61626313	0.35110574	0.35105619	0.61620988	0.61635738	0.35103935	0.35100064	59880	41191	0
59880	41196	0.00079174	0.04664335	0.48575796	0.04659193	0.48371095	0.61634891	0.61633774	0.35116909	0.35105455	0.61621095	0.61640578	0.35123146	0.35116745	59880	41194	0
59880	41199	0.00005807	0.04652052	0.48403829	0.04642942	0.48623932	0.61611259	0.61639526	0.35118602	0.35120320	0.61621202	0.61631547	0.35101174	0.35109974	59880	41198	0
59880	41301	-0.00042325	0.04675575	0.48617262	0.04660913	0.48761656	0.61676643	0.61698566	0.35172236	0.35162786	0.61687859	0.61699232	0.35159671	0.35163131	59880	41299	0
59880	41304	0.00016133	0.04669009	0.48519263	0.04676011	0.48343892	0.61713004	0.61706298	0.35169951	0.35169861	0.61695000	0.61703422	0.35187487	0.35176607	59880	41303	0
59880	41308	0.00001735	0.04622329	0.48404666	0.04662590	0.48447858	0.61679634	0.61692666	0.35180420	0.35164922	0.61687859	0.61702017	0.35179105	0.35175153	59880	41306	0
59880	41311	0.00016905	0.04651320	0.48523861	0.04668222	0.48478352	0.61690152	0.61702223	0.35165547	0.35175185	0.61693167	0.61693767	0.35190050	0.35162079	59880	41309	0
59880	41314	0.00113402	0.04684958	0.48580543	0.04667764	0.48291051	0.61661959	0.61684063	0.35170633	0.35163369	0.61677834	0.61689346	0.35167100	0.35164865	59880	41312	0
59880	41416	-0.00023139	0.04662813	0.48335161	0.04671331	0.48744783	0.61639008	0.61666133	0.35118257	0.35132432	0.61630775	0.61657768	0.35126022	0.35124560	59880	41414	0
59880	41419	0.00043974	0.04663597	0.48747596	0.04655837	0.48546257	0.61650948	0.61661079	0.35129613	0.35123574	0.61648959	0.61662394	0.35134108	0.35133590	59880	41418	0
59880	41422	-0.00050314	0.04649648	0.48377739	0.04636811	0.48660603	0.61659263	0.61665804	0.35122612	0.35128676	0.61649616	0.61668261	0.35142867	0.35134552	59880	41421	0
59880	41426	0.00025696	0.04656468	0.48570231	0.04651725	0.48342202	0.61645730	0.61663314	0.35141068	0.35126187	0.61645615	0.61664448	0.35115332	0.35125841	59880	41424	0
59880	41429	0.00098261	0.04662253	0.48579954	0.04654638	0.48362259	0.61652402	0.61661918	0.35141898	0.35121610	0.61644563	0.61658121	0.35128159	0.35122292	59880	41427	0
59880	41531	0.00084170	0.04670786	0.48305175	0.04678498	0.48347448	0.61669724	0.61675517	0.35131174	0.35138668	0.61679248	0.61683989	0.35145563	0.35148833	59880	41529	0
59880	41534	-0.00029569	0.04679040	0.48156028	0.04674078	0.48497245	0.61667744	0.61680406	0.35131166	0.35151972	0.61674071	0.61687366	0.35133837	0.35144190	59880	41532	0
59880	41537	-0.00072924	0.04676563	0.48235379	0.04667858	0.48365443	0.61674712	0.61687046	0.35143771	0.35141766	0.61677144	0.61682608	0.35149425	0.35146368	59880	41536	0
59880	41541	0.00086945	0.04675292	0.48537887	0.04672024	0.48058281	0.61683340	0.61680899	0.35139449	0.35143303	0.61683011	0.61680595	0.35145053	0.35150854	59880	41539	0
59880	41544	-0.00143665	0.04674863	0.48065819	0.04685715	0.48757650	0.61681976	0.61701836	0.35148570	0.35159852	0.61669132	0.61680842	0.35157256	0.35147658	59880	41542	0
59880	41646	0.00054193	0.04689636	0.48672259	0.04678353	0.48078686	0.61720917	0.61734138	0.35196665	0.35188136	0.61730843	0.61747820	0.35203658	0.35192836	59880	41644	0
59880	41649	-0.00020261	0.04692905	0.48173730	0.04693523	0.48397092	0.61737795	0.61741649	0.35191562	0.35202154	0.61742092	0.61740942	0.35197470	0.35194668	59880	41647	0
59880	41652	0.00000795	0.04659324	0.48308311	0.04684131	0.48245142	0.61723743	0.61740449	0.35184652	0.35202779	0.61722716	0.61733185	0.35185128	0.35198703	59880	41651	0
59880	41655	0.00073591	0.04679975	0.48336705	0.04682651	0.48118318	0.61711286	0.61745363	0.35200971	0.35194759	0.61709092	0.61718895	0.35187791	0.35182474	59880	41654	0
59880	41659	0.00024637	0.04677338	0.48149634	0.04686284	0.48296497	0.61723932	0.61723275	0.35188177	0.35182113	0.61708665	0.61722347	0.35173008	0.35176763	59880	41657	0
59880	41761	0.00032485	0.04682580	0.48390633	0.04681721	0.48367089	0.61701483	0.61716907	0.35184413	0.35176089	0.61715321	0.61732503	0.35181587	0.35183542	59880	41759	0
59880	41764	0.00023454	0.04677755	0.48247500	0.04676036	0.48274593	0.61709158	0.61725403	0.35199097	0.35187158	0.61716603	0.61732273	0.35204356	0.35192746	59880	41762	0
59880	41767	-0.00030259	0.04678265	0.48250649	0.04657521	0.48411787	0.61712157	0.61727203	0.35200059	0.35184307	0.61720843	0.61723480	0.35198892	0.35186961	59880	41765	0
59880	41770	0.00047257	0.04689401	0.48515546	0.04680043	0.48282998	0.61718254	0.61742248	0.35188193	0.35191916	0.61731262	0.61732552	0.35197848	0.35185457	59880	41769	0
59880	41774	0.00056617	0.04694473	0.48348945	0.04694059	0.48320864	0.61716956	0.61725748	0.35193362	0.35182310	0.61726447	0.61731961	0.35179993	0.35183435	59880	41772	0
59880	41876	0.00065137	0.04680336	0.48326173	0.04682024	0.48300612	0.61717030	0.61746957	0.35191538	0.35209188	0.61729380	0.61746365	0.35220930	0.35206945	59880	41874	0
59880	41879	-0.00003191	0.04672298	0.48223491	0.04673770	0.48428476	0.61742174	0.61753005	0.35212080	0.35207405	0.61722930	0.61746866	0.35226074	0.35206172	59880	41877	0
59880	41882	0.00003488	0.04683754	0.48488861	0.04640694	0.48468823	0.61737014	0.61756168	0.35204981	0.35210248	0.61744377	0.61743308	0.35198925	0.35202351	59880	41880	0
59880	41885	0.00080234	0.04692112	0.48431001	0.04688236	0.48200764	0.61725124	0.61744697	0.35211735	0.35200100	0.61722182	0.61742240	0.35209911	0.35200823	59880	41884	0
59880	41889	0.00008702	0.04686815	0.48187694	0.04687540	0.48402289	0.61730876	0.61741616	0.35206764	0.35199352	0.61733456	0.61732182	0.35201374	0.35196977	59880	41887	0
59880	41990	0.00045971	0.04702362	0.48504669	0.04689553	0.48392862	0.61708755	0.61718830	0.35169787	0.35166442	0.61715806	0.61722108	0.35166221	0.35172490	59880	41989	0
59880	41994	0.00117530	0.04684644	0.48390413	0.04680744	0.48175737	0.61707515	0.61741024	0.35175103	0.35181529	0.61710769	0.61741566	0.35179352	0.35181373	59880	41992	0
59880	41997	0.00006022	0.04702198	0.48249644	0.04701649	0.48584166	0.61728057	0.61720111	0.35175218	0.35171282	0.61724549	0.61732889	0.35173131	0.35167782	59880	41995	0
59880	42000	0.00080458	0.04694938	0.48377444	0.04695118	0.48154138	0.61721681	0.61750597	0.35167905	0.35181110	0.61727293	0.61723094	0.35167141	0.35170789	59880	41999	0
59880	42003	-0.00037725	0.04696165	0.48361707	0.04690598	0.48716254	0.61701278	0.61725494	0.35180420	0.35178834	0.61708977	0.61724680	0.35162925	0.35166483	59880	42002	0
59880	42105	-0.00030907	0.04691301	0.48324798	0.04705979	0.48304345	0.61731451	0.61753687	0.35219443	0.35203099	0.61741098	0.61767787	0.35212483	0.35215910	59880	42104	0
59880	42109	0.00001221	0.04700442	0.48380078	0.04702442	0.48283694	0.61756941	0.61759685	0.35209862	0.35217060	0.61750548	0.61769275	0.35202310	0.35211308	59880	42107	0
59880	42112	-0.00107656	0.04685438	0.48231633	0.04708745	0.48558263	0.61746842	0.61762356	0.35213453	0.35212836	0.61743982	0.61756464	0.35215178	0.35212836	59880	42110	0
59880	42115	0.00011195	0.04692065	0.48549828	0.04689574	0.48193277	0.61732692	0.61757861	0.35223461	0.35210297	0.61751353	0.61759841	0.35211177	0.35213781	59880	42113	0
59880	42118	0.00055341	0.04690229	0.48387855	0.04693777	0.48255415	0.61743276	0.61749619	0.35224464	0.35211842	0.61745198	0.61755610	0.35225967	0.35213872	59880	42117	0
59880	42220	-0.00012483	0.04689344	0.48197808	0.04683401	0.48401281	0.61738280	0.61750383	0.35194036	0.35192064	0.61743925	0.61752060	0.35192565	0.35196057	59880	42219	0
59880	42223	-0.00019456	0.04704004	0.48147392	0.04702170	0.48168311	0.61729315	0.61752881	0.35200289	0.35194915	0.61733711	0.61750737	0.35200774	0.35192137	59880	42222	0
59880	42227	0.00001494	0.04681341	0.48329997	0.04696516	0.48267147	0.61739126	0.61749052	0.35194594	0.35200322	0.61732289	0.61746061	0.35190412	0.35183156	59880	42225	0
59880	42230	0.00076896	0.04699615	0.48323667	0.04674284	0.48097462	0.61719643	0.61741386	0.35189261	0.35186525	0.61726817	0.61744122	0.35192335	0.35196755	59880	42228	0
59880	42233	-0.00007201	0.04685207	0.48229743	0.04690021	0.48482033	0.61714113	0.61726381	0.35199623	0.35182236	0.61716907	0.61737244	0.35187487	0.35178793	59880	42232	0
59880	42335	0.00059649	0.04685118	0.48425074	0.04695167	0.48224523	0.61716167	0.61736809	0.35190814	0.35179483	0.61727893	0.61739948	0.35187651	0.35177790	59880	42333	0
59880	42338	0.00048882	0.04607924	0.48353249	0.04704685	0.48385553	0.61738879	0.61750383	0.35184126	0.35183049	0.61744442	0.61747877	0.35179499	0.35181488	59880	42337	0
59880	42342	-0.00018029	0.04690647	0.48264176	0.04705290	0.48464909	0.61735313	0.61751953	0.35174890	0.35178382	0.61716899	0.61735289	0.35185243	0.35170855	59880	42340	0
59880	42345	0.00126911	0.04712239	0.48513530	0.04702595	0.48078707	0.61698541	0.61721048	0.35180108	0.35168447	0.61721237	0.61736373	0.35185120	0.35173871	59880	42343	0
59880	42348	0.00007589	0.04705018	0.48082198	0.04703523	0.48440164	0.61728682	0.61735708	0.35174027	0.35173098	0.61728608	0.61740235	0.35176936	0.35168398	59880	42347	0
59880	42450	0.00018907	0.04701563	0.48400759	0.04703226	0.48366805	0.61756201	0.61772077	0.35234973	0.35212343	0.61784238	0.61775717	0.35225926	0.35225023	59880	42448	0
59880	42453	-0.00078675	0.04673600	0.48269400	0.04691825	0.48562147	0.61771707	0.61779324	0.35244505	0.35232089	0.61773359	0.61787533	0.35233552	0.35233667	59880	42452	0
59880	42457	0.00063364	0.04710139	0.48711298	0.04703197	0.48285179	0.61771534	0.61782397	0.35220561	0.35229994	0.61774714	0.61782430	0.35237315	0.35231095	59880	42455	0
59880	42460	-0.00048281	0.04702440	0.48297547	0.04692343	0.48632482	0.61776654	0.61784550	0.35223133	0.35230043	0.61768223	0.61775668	0.35263734	0.35231818	59880	42458	0
59880	42463	0.00068683	0.04690705	0.48575597	0.04678956	0.48224705	0.61769192	0.61778166	0.35231177	0.35241490	0.61774189	0.61776670	0.35253873	0.35237595	59880	42461	0
59880	42565	0.00016649	0.04687699	0.48481298	0.04675769	0.48637403	0.61779448	0.61790237	0.35239822	0.35246839	0.61788799	0.61784591	0.35266757	0.35242952	59880	42563	0
59880	42568	0.00046174	0.04691736	0.48467627	0.04690374	0.48379050	0.61784608	0.61798840	0.35251999	0.35248236	0.61772627	0.61795989	0.35244448	0.35234152	59880	42567	0
59880	42571	0.00038108	0.04675085	0.48350668	0.04684020	0.48374866	0.61779070	0.61788486	0.35228014	0.35240865	0.61758831	0.61774591	0.35248548	0.35225236	59880	42570	0
59880	42575	0.00003217	0.04689469	0.48390860	0.04695316	0.48495533	0.61767919	0.61772693	0.35232130	0.35227578	0.61763671	0.61778346	0.35227488	0.35226345	59880	42573	0
59880	42578	-0.00015194	0.04680883	0.48435850	0.04689625	0.48491083	0.61748009	0.61765215	0.35243437	0.35220980	0.61754845	0.61767409	0.35230257	0.35218301	59880	42576	0
59880	42680	-0.00036635	0.04701627	0.48510584	0.04683636	0.48574907	0.61739742	0.61756349	0.35186254	0.35178103	0.61749438	0.61751912	0.35186698	0.35197996	59880	42678	0
59880	42683	0.00079313	0.04698749	0.48718590	0.04704879	0.48370746	0.61742709	0.61744295	0.35204397	0.35196147	0.61742454	0.61748921	0.35192359	0.35193313	59880	42681	0
59880	42686	0.00082678	0.04679567	0.48585770	0.04688987	0.48575674	0.61740194	0.61763350	0.35206731	0.35193485	0.61732232	0.61762947	0.35212960	0.35201267	59880	42685	0
59880	42690	0.00004940	0.04699655	0.48362962	0.04674529	0.48596178	0.61740506	0.61758436	0.35191825	0.35202277	0.61748485	0.61759611	0.35205293	0.35203411	59880	42688	0
59880	42693	0.00035907	0.04701502	0.48461516	0.04688381	0.48368613	0.61746546	0.61767442	0.35194504	0.35208399	0.61747047	0.61771115	0.35194603	0.35210790	59880	42691	0
59880	42795	-0.00014404	0.04708102	0.48450558	0.04703829	0.48601491	0.61756694	0.61774115	0.35229180	0.35216099	0.61776522	0.61790007	0.35233552	0.35240249	59880	42793	0
59880	42798	0.00031991	0.04696516	0.48805665	0.04704840	0.48666480	0.61783811	0.61794362	0.35231144	0.35235705	0.61759102	0.61773893	0.35214611	0.35224431	59880	42796	0
59880	42801	0.00008242	0.04688582	0.48496639	0.04690438	0.48567888	0.61779456	0.61780162	0.35217931	0.35229452	0.61760417	0.61780647	0.35215482	0.35222262	59880	42800	0
59880	42804	0.00086195	0.04694769	0.48586712	0.04691868	0.48352851	0.61764517	0.61777566	0.35221045	0.35219533	0.61767804	0.61769357	0.35212130	0.35220610	59880	42803	0
59880	42808	0.00104320	0.04675258	0.48636406	0.04699839	0.48582033	0.61768297	0.61772767	0.35214357	0.35215047	0.61762241	0.61764024	0.35217783	0.35219262	59880	42806	0
59880	42910	0.00018591	0.04667504	0.48381565	0.04683879	0.48638751	0.61733916	0.61752487	0.35184413	0.35188292	0.61744738	0.61763169	0.35187618	0.35195161	59880	42908	0
59880	42913	0.00017416	0.04690102	0.48524823	0.04691274	0.48528347	0.61763991	0.61781395	0.35220585	0.35216846	0.61751065	0.61757121	0.35191981	0.35196640	59880	42911	0
59880	42916	0.00022225	0.04697057	0.48462065	0.04697330	0.48447638	0.61748535	0.61760014	0.35202902	0.35195129	0.61740778	0.61763556	0.35201226	0.35193567	59880	42914	0
59880	42919	-0.00022197	0.04672744	0.48500576	0.04702599	0.48633840	0.61740597	0.61761312	0.35199763	0.35194553	0.61755215	0.61761690	0.35213050	0.35189639	59880	42918	0
59880	42923	0.00073747	0.04683726	0.48723462	0.04693981	0.48435632	0.61749964	0.61759907	0.35195523	0.35196501	0.61759652	0.61766275	0.35197125	0.35199919	59880	42921	0
59880	43024	-0.00027693	0.04689435	0.48238110	0.04687762	0.48542428	0.61739718	0.61762652	0.35188325	0.35186558	0.61755766	0.61759389	0.35182860	0.35186517	59880	43023	0
59880	43028	-0.00058716	0.04698133	0.48562381	0.04674254	0.48655451	0.61744763	0.61766941	0.35179804	0.35187100	0.61746193	0.61770762	0.35190675	0.35189409	59880	43026	0
59880	43031	-0.00014727	0.04700684	0.48670014	0.04699084	0.48538047	0.61751698	0.61760523	0.35182951	0.35181874	0.61740268	0.61757787	0.35176829	0.35186870	59880	43029	0
59880	43034	0.00056027	0.04690860	0.48545801	0.04691071	0.48333538	0.61739561	0.61757393	0.35180444	0.35186887	0.61729274	0.61774221	0.35193017	0.35186706	59880	43033	0
59880	43038	-0.00013234	0.04707824	0.48469272	0.04662963	0.48677057	0.61734500	0.61752775	0.35176262	0.35177108	0.61727466	0.61755412	0.35193559	0.35179080	59880	43036	0
59880	43139	-0.00074664	0.04709753	0.48411168	0.04700100	0.48595459	0.61803992	0.61821667	0.35275090	0.35277390	0.61823475	0.61838118	0.35289593	0.35295361	59880	43138	0
59880	43143	0.00098386	0.04694863	0.48676976	0.04691202	0.48157824	0.61811996	0.61822851	0.35265533	0.35278639	0.61825151	0.61844766	0.35293069	0.35292674	59880	43141	0
59880	43146	-0.00000602	0.04673235	0.48351696	0.04681737	0.48648659	0.61806046	0.61827485	0.35303110	0.35283562	0.61799177	0.61826359	0.35290669	0.35290143	59880	43144	0
59880	43149	0.00004868	0.04682863	0.48461688	0.04670346	0.48445278	0.61810286	0.61824642	0.35302412	0.35282419	0.61823442	0.61835793	0.35301434	0.35302790	59880	43147	0
59880	43152	-0.00087835	0.04688239	0.48363901	0.04687230	0.48642010	0.61812127	0.61825883	0.35298163	0.35286479	0.61826532	0.61839885	0.35282559	0.35303735	59880	43151	0
59880	43254	-0.00029085	0.04711514	0.48480502	0.04703986	0.48304252	0.61774534	0.61777862	0.35217890	0.35219542	0.61758362	0.61790056	0.35234973	0.35231021	59880	43253	0
59880	43258	0.00000750	0.04694493	0.48326249	0.04695595	0.48236746	0.61773202	0.61779431	0.35215302	0.35222960	0.61772356	0.61803327	0.35243733	0.35233297	59880	43256	0
59880	43261	0.00022811	0.04690722	0.48443300	0.04654163	0.48377117	0.61776530	0.61794132	0.35237036	0.35224817	0.61781025	0.61791716	0.35218145	0.35222524	59880	43259	0
59880	43264	0.00054101	0.04704028	0.48411698	0.04686880	0.48317825	0.61782948	0.61786638	0.35220659	0.35229041	0.61767253	0.61784049	0.35229139	0.35222336	59880	43262	0
59880	43267	-0.00014786	0.04703316	0.48239536	0.04703415	0.48446198	0.61757565	0.61782504	0.35233609	0.35220133	0.61753900	0.61776719	0.35224316	0.35220585	59880	43266	0
59880	43369	0.00072554	0.04694526	0.48571484	0.04691983	0.48309466	0.61784304	0.61797328	0.35242550	0.35241712	0.61777484	0.61801469	0.35247102	0.35245105	59880	43367	0
59880	43372	-0.00012957	0.04693242	0.48087442	0.04696144	0.48343975	0.61788897	0.61811930	0.35261236	0.35244505	0.61796868	0.61822933	0.35262345	0.35260151	59880	43371	0
59880	43376	0.00039060	0.04699602	0.48540750	0.04697881	0.48384698	0.61801437	0.61818504	0.35282296	0.35262427	0.61795709	0.61818939	0.35282033	0.35257152	59880	43374	0
59880	43379	-0.00028449	0.04728781	0.48266223	0.04717393	0.48468750	0.61802209	0.61823261	0.35276224	0.35257045	0.61811979	0.61826647	0.35250644	0.35254645	59880	43377	0
59880	43382	-0.00087498	0.04703509	0.48303829	0.04704577	0.48480976	0.61800492	0.61826540	0.35271696	0.35257242	0.61815669	0.61823261	0.35264687	0.35260480	59880	43381	0
59880	43484	0.00050723	0.04695274	0.48494746	0.04706508	0.48080085	0.61816712	0.61829991	0.35281129	0.35275722	0.61818816	0.61842095	0.35280513	0.35279149	59880	43482	0
59880	43487	0.00065015	0.04700727	0.48463534	0.04704744	0.48420658	0.61836787	0.61845941	0.35274227	0.35284153	0.61822620	0.61840287	0.35268294	0.35279847	59880	43486	0
59880	43491	0.00074161	0.04702488	0.48645938	0.04696396	0.48618500	0.61838052	0.61841446	0.35272066	0.35279872	0.61825422	0.61848899	0.35273874	0.35279256	59880	43489	0
59880	43494	-0.00005593	0.04699914	0.48391547	0.04683922	0.48630810	0.61828529	0.61839531	0.35275665	0.35277966	0.61825587	0.61833944	0.35283520	0.35276207	59880	43492	0
59880	43497	0.00072296	0.04702802	0.48724516	0.04685519	0.48490848	0.61824379	0.61826220	0.35266552	0.35272526	0.61813705	0.61835743	0.35267513	0.35274457	59880	43495	0
59880	43599	-0.00012045	0.04703185	0.48256273	0.04700483	0.48509295	0.61748847	0.61764763	0.35201374	0.35195531	0.61751789	0.61776629	0.35199985	0.35200996	59880	43597	0
59880	43602	-0.00021460	0.04671769	0.48450324	0.04699149	0.48478571	0.61766505	0.61767245	0.35196328	0.35190814	0.61753095	0.61776876	0.35185408	0.35194249	59880	43601	0
59880	43605	-0.00012325	0.04649184	0.48327163	0.04694590	0.48299759	0.61763745	0.61773170	0.35206131	0.35200601	0.61766810	0.61778593	0.35214973	0.35191291	59880	43604	0
59880	43609	-0.00032941	0.04706389	0.48375358	0.04692180	0.48437206	0.61756201	0.61775158	0.35194923	0.35192228	0.61765996	0.61782332	0.35199632	0.35195252	59880	43607	0
59880	43612	0.00052810	0.04701152	0.48400497	0.04696035	0.48143244	0.61768346	0.61779678	0.35216033	0.35199081	0.61773137	0.61774756	0.35192565	0.35192368	59880	43610	0
59880	43714	0.00122024	0.04722441	0.48363863	0.04706134	0.48156221	0.61828077	0.61826902	0.35251482	0.35252953	0.61811881	0.61820796	0.35271877	0.35251506	59880	43712	0
59880	43717	0.00036372	0.04690688	0.48346418	0.04719045	0.48603371	0.61812094	0.61823689	0.35268820	0.35257365	0.61811757	0.61836861	0.35276585	0.35261071	59880	43715	0
59880	43720	0.00025345	0.04645222	0.48361519	0.04697179	0.48394600	0.61812538	0.61836754	0.35286553	0.35265936	0.61817353	0.61837313	0.35286339	0.35265081	59880	43719	0
59880	43724	-0.00006925	0.04707802	0.48384545	0.04707040	0.48481356	0.61825685	0.61846647	0.35285016	0.35276511	0.61821174	0.61840452	0.35287818	0.35268401	59880	43722	0
59880	43727	-0.00024109	0.04685995	0.48508112	0.04718773	0.48559666	0.61826696	0.61856459	0.35295370	0.35283405	0.61840180	0.61837896	0.35295616	0.35276191	59880	43725	0
59880	43829	0.00057918	0.04703541	0.48506385	0.04716123	0.48260304	0.61932845	0.61925935	0.35404608	0.35381485	0.61941408	0.61961112	0.35394879	0.35402341	59880	43827	0
59880	43832	0.00032509	0.04706105	0.48452509	0.04705798	0.48528737	0.61918194	0.61936305	0.35376892	0.35377410	0.61912327	0.61925335	0.35382052	0.35375914	59880	43830	0
59880	43835	0.00119746	0.04704558	0.48441391	0.04705033	0.48179677	0.61945261	0.61960669	0.35396112	0.35398528	0.61937028	0.61951482	0.35385931	0.35394436	59880	43834	0
59880	43838	0.00011030	0.04702009	0.48203626	0.04706282	0.48529775	0.61933404	0.61933470	0.35380360	0.35383499	0.61938137	0.61976150	0.35409974	0.35408060	59880	43837	0
59880	43842	0.00048123	0.04710715	0.48511318	0.04697134	0.48400039	0.61928400	0.61957152	0.35405586	0.35390204	0.61936420	0.61946782	0.35376144	0.35387369	59880	43840	0
59880	43944	0.00053717	0.04696817	0.48520759	0.04684793	0.48503979	0.61855177	0.61873723	0.35320892	0.35313554	0.61855793	0.61875621	0.35319175	0.35315255	59880	43942	0
59880	43947	0.00018290	0.04692857	0.48426786	0.04695159	0.48533065	0.61858160	0.61873526	0.35319618	0.35317211	0.61854823	0.61876747	0.35332930	0.35314779	59880	43945	0
59880	43950	0.00012061	0.04699096	0.48499877	0.04703497	0.48518566	0.61847231	0.61867815	0.35321747	0.35303176	0.61846228	0.61867470	0.35302601	0.35301582	59880	43948	0
59880	43953	-0.00026139	0.04696216	0.48507079	0.04691213	0.48621678	0.61851085	0.61864725	0.35313834	0.35310900	0.61846771	0.61857552	0.35290678	0.35301886	59880	43952	0
59880	43957	-0.00127496	0.04710097	0.48256543	0.04721941	0.48560615	0.61846376	0.61854873	0.35285756	0.35289264	0.61855736	0.61849647	0.35280817	0.35290998	59880	43955	0
59880	44058	0.00084083	0.04702037	0.48752966	0.04697309	0.48118229	0.61833878	0.61845045	0.35294022	0.35278533	0.61841487	0.61856796	0.35289864	0.35292822	59880	44057	0
59880	44062	0.00077787	0.04694587	0.48414126	0.04696705	0.48433012	0.61840912	0.61861299	0.35297490	0.35292781	0.61857675	0.61861118	0.35283455	0.35287982	59880	44060	0
59880	44065	-0.00009622	0.04701263	0.48505969	0.04698226	0.48768199	0.61855752	0.61854306	0.35312930	0.35282559	0.61851422	0.61873822	0.35300004	0.35301615	59880	44063	0
59880	44068	0.00003163	0.04704363	0.48594943	0.04703323	0.48556587	0.61854240	0.61872211	0.35310276	0.35304671	0.61862087	0.61893074	0.35308731	0.35315362	59880	44067	0
59880	44072	0.00098382	0.04710277	0.48688482	0.04705714	0.48402823	0.61859902	0.61877084	0.35303726	0.35312289	0.61871069	0.61884668	0.35326003	0.35308928	59880	44070	0
59880	44173	0.00081846	0.04693919	0.48437376	0.04695327	0.48486986	0.61912631	0.61935113	0.35384813	0.35380894	0.61934168	0.61961268	0.35400023	0.35402365	59880	44172	0
59880	44177	0.00103334	0.04675468	0.48602087	0.04695908	0.48537622	0.61935697	0.61944760	0.35384033	0.35387016	0.61938901	0.61961786	0.35394551	0.35401979	59880	44175	0
59880	44180	0.00016762	0.04695198	0.48648396	0.04696756	0.48908112	0.61935754	0.61949690	0.35379480	0.35383844	0.61929747	0.61950389	0.35403779	0.35389078	59880	44178	0
59880	44183	0.00131033	0.04712725	0.48842235	0.04706246	0.48499422	0.61935146	0.61947390	0.35389086	0.35386128	0.61926871	0.61953610	0.35399407	0.35392587	59880	44182	0
59880	44186	-0.00066707	0.04703584	0.48281323	0.04710245	0.48874545	0.61934070	0.61956700	0.35384164	0.35389103	0.61930438	0.61953840	0.35384345	0.35391617	59880	44185	0
59880	44288	-0.00032691	0.04715095	0.48449419	0.04728087	0.48347370	0.61886846	0.61868899	0.35309635	0.35298155	0.61855596	0.61878735	0.35306504	0.35310900	59880	44287	0
59880	44292	-0.00103595	0.04722779	0.48246738	0.04713496	0.48459451	0.61869006	0.61872055	0.35304096	0.35304507	0.61856450	0.61874191	0.35305173	0.35300834	59880	44290	0
59880	44295	0.00048575	0.04708249	0.48656869	0.04713856	0.48200359	0.61861520	0.61873797	0.35299823	0.35303422	0.61859787	0.61857617	0.35280069	0.35285986	59880	44293	0
59880	44298	0.00010453	0.04711538	0.48513263	0.04678613	0.48627630	0.61850189	0.61862482	0.35305222	0.35295024	0.61857823	0.61865719	0.35287226	0.35300111	59880	44296	0
59880	44301	-0.00018699	0.04708752	0.48663466	0.04718115	0.48750921	0.61850600	0.61863788	0.35291828	0.35295468	0.61842941	0.61863402	0.35292009	0.35291450	59880	44300	0
59880	44403	-0.00013762	0.04729698	0.48428908	0.04722525	0.48414098	0.61834116	0.61857872	0.35253857	0.35269034	0.61844486	0.61855810	0.35280595	0.35268623	59880	44402	0
59880	44406	0.00008271	0.04719818	0.48672895	0.04724961	0.48606796	0.61854495	0.61857626	0.35284991	0.35270932	0.61840632	0.61860625	0.35260948	0.35280718	59880	44405	0
59880	44410	0.00040337	0.04715269	0.48417600	0.04718471	0.48321401	0.61838504	0.61860485	0.35275131	0.35271729	0.61848135	0.61865933	0.35265377	0.35279519	59880	44408	0
59880	44413	-0.00001163	0.04732610	0.48249186	0.04719072	0.48373685	0.61858316	0.61868152	0.35272115	0.35278582	0.61842999	0.61851947	0.35282896	0.35272542	59880	44411	0
59880	44416	-0.00069566	0.04729548	0.48244390	0.04712993	0.48449599	0.61848636	0.61857198	0.35274588	0.35269420	0.61846187	0.61867051	0.35306676	0.35277933	59880	44415	0
59880	44518	-0.00021681	0.04705430	0.48470588	0.04709886	0.48326932	0.61911990	0.61922163	0.35360449	0.35357237	0.61917882	0.61943224	0.35376407	0.35364846	59880	44516	0
59880	44521	0.00023078	0.04708455	0.48558010	0.04709237	0.48423735	0.61921612	0.61924825	0.35367837	0.35366325	0.61933043	0.61926510	0.35361781	0.35361740	59880	44520	0
59880	44525	0.00025059	0.04716439	0.48464036	0.04714669	0.48458091	0.61916452	0.61925442	0.35359126	0.35354188	0.61922188	0.61936313	0.35362783	0.35361551	59880	44523	0
59880	44528	-0.00028899	0.04717495	0.48434465	0.04710397	0.48596341	0.61909369	0.61933437	0.35371896	0.35361041	0.61924184	0.61921514	0.35359324	0.35359061	59880	44526	0
59880	44531	0.00053688	0.04720682	0.48516613	0.04715400	0.48268852	0.61906748	0.61922007	0.35367245	0.35359365	0.61911259	0.61921218	0.35355051	0.35349899	59880	44529	0
59880	44633	0.00037464	0.04721117	0.48321893	0.04710352	0.48370563	0.61816293	0.61836713	0.35272855	0.35247924	0.61819794	0.61826236	0.35263314	0.35250997	59880	44631	0
59880	44636	0.00003542	0.04707346	0.48356738	0.04709640	0.48458504	0.61815504	0.61822694	0.35253807	0.35239707	0.61811338	0.61829810	0.35260373	0.35246839	59880	44635	0
59880	44639	0.00062123	0.04715223	0.48472266	0.04712290	0.48296523	0.61811453	0.61823467	0.35245138	0.35232673	0.61796564	0.61818586	0.35237587	0.35230701	59880	44638	0
59880	44643	0.00072991	0.04708414	0.48268175	0.04709709	0.48235571	0.61789144	0.61815989	0.35244867	0.35232632	0.61795882	0.61818783	0.35237858	0.35226296	59880	44641	0
59880	44646	-0.00024355	0.04717439	0.48123910	0.04716350	0.48415948	0.61807657	0.61818471	0.35243108	0.35222557	0.61808331	0.61814255	0.35220232	0.35225910	59880	44644	0
59880	44748	0.00054168	0.04709526	0.48457563	0.04704112	0.48221995	0.61774534	0.61786868	0.35186459	0.35199607	0.61768059	0.61783367	0.35212697	0.35192236	59880	44746	0
59880	44751	0.00042315	0.04713781	0.48379447	0.04709443	0.48415003	0.61783112	0.61790968	0.35192425	0.35198136	0.61777385	0.61780754	0.35198350	0.35198226	59880	44749	0
59880	44754	0.00025844	0.04709578	0.48436216	0.04709897	0.48485630	0.61764862	0.61795578	0.35217216	0.35194389	0.61768404	0.61780277	0.35214250	0.35193378	59880	44753	0
59880	44758	0.00031334	0.04711413	0.48395407	0.04716042	0.48378937	0.61769948	0.61789242	0.35207775	0.35204085	0.61784493	0.61809563	0.35223379	0.35211530	59880	44756	0
59880	44761	0.00013692	0.04712000	0.48283326	0.04719197	0.48336251	0.61771625	0.61790450	0.35210059	0.35205573	0.61783786	0.61803540	0.35198925	0.35203576	59880	44759	0
59880	44863	-0.00097045	0.04712408	0.48410254	0.04701963	0.48742464	0.61818397	0.61838438	0.35248047	0.35259773	0.61818520	0.61831922	0.35253939	0.35253947	59880	44861	0
59880	44866	0.00028924	0.04712777	0.48783081	0.04708560	0.48405174	0.61818315	0.61838504	0.35247299	0.35253988	0.61825521	0.61843459	0.35256831	0.35251252	59880	44864	0
59880	44869	-0.00089167	0.04710721	0.48327169	0.04733080	0.48681443	0.61813820	0.61854947	0.35253207	0.35260028	0.61810944	0.61824740	0.35257332	0.35240372	59880	44868	0
59880	44873	0.00032676	0.04711724	0.48765219	0.04696784	0.48399688	0.61820106	0.61842243	0.35240405	0.35241523	0.61819646	0.61832218	0.35239345	0.35238597	59880	44871	0
59880	44876	-0.00035135	0.04717244	0.48298458	0.04720793	0.48501891	0.61812201	0.61824264	0.35237381	0.35240339	0.61809662	0.61821067	0.35250233	0.35236617	59880	44874	0
59880	44978	0.00035363	0.04705017	0.48703569	0.04688348	0.48492077	0.61736127	0.61745617	0.35161742	0.35154618	0.61738206	0.61749299	0.35152974	0.35157855	59880	44976	0
59880	44981	0.00168312	0.04699895	0.48721406	0.04697499	0.48322559	0.61746735	0.61752528	0.35146261	0.35158414	0.61731698	0.61756037	0.35177503	0.35157995	59880	44979	0
59880	44984	0.00102416	0.04712886	0.48397851	0.04709558	0.48595536	0.61739225	0.61765610	0.35173936	0.35161208	0.61720251	0.61742758	0.35161529	0.35154914	59880	44983	0
59880	44987	-0.00032297	0.04708214	0.48462875	0.04683652	0.48867014	0.61732626	0.61752060	0.35144683	0.35153541	0.61725798	0.61747466	0.35157264	0.35150723	59880	44986	0
59880	44991	0.00128474	0.04686553	0.48861442	0.04694427	0.48379130	0.61728887	0.61752635	0.35164257	0.35164158	0.61734122	0.61752405	0.35168332	0.35157346	59880	44989	0
59880	45093	0.00035289	0.04694072	0.48351093	0.04695368	0.48630647	0.61725839	0.61735856	0.35148578	0.35148587	0.61737006	0.61750153	0.35160411	0.35159244	59880	45091	0
59880	45096	0.00009098	0.04666773	0.48589823	0.04682848	0.48668398	0.61727959	0.61755412	0.35165423	0.35158694	0.61737187	0.61740367	0.35154067	0.35153977	59880	45094	0
59880	45099	0.00046212	0.04695079	0.48592126	0.04689145	0.48480782	0.61734911	0.61749759	0.35175169	0.35161331	0.61734771	0.61755462	0.35184265	0.35165013	59880	45097	0
59880	45102	0.00012282	0.04694144	0.48585011	0.04700939	0.48686804	0.61749825	0.61759759	0.35163747	0.35163057	0.61745034	0.61752257	0.35164380	0.35165900	59880	45101	0
59880	45106	0.00062728	0.04667265	0.48497336	0.04702277	0.48345999	0.61744763	0.61760647	0.35159474	0.35167264	0.61743218	0.61763416	0.35163994	0.35166911	59880	45104	0
59880	45207	-0.00065060	0.04705544	0.48488776	0.04697591	0.48872139	0.61761419	0.61773942	0.35180108	0.35185736	0.61754402	0.61797731	0.35184380	0.35197618	59880	45206	0
59880	45211	0.00023232	0.04704462	0.48634604	0.04698392	0.48369728	0.61756801	0.61776054	0.35198933	0.35191225	0.61760556	0.61778272	0.35188366	0.35191546	59880	45209	0
59880	45214	-0.00030743	0.04692244	0.48553021	0.04684099	0.48714947	0.61747549	0.61763227	0.35190650	0.35184545	0.61739907	0.61774386	0.35194331	0.35191160	59880	45212	0
59880	45217	0.00087269	0.04699587	0.48710751	0.04706828	0.48356714	0.61740482	0.61765388	0.35191439	0.35185235	0.61730670	0.61751476	0.35181792	0.35178341	59880	45216	0
59880	45220	-0.00017982	0.04708427	0.48288302	0.04697985	0.48604054	0.61734631	0.61762060	0.35189738	0.35181792	0.61742881	0.61758042	0.35187141	0.35173230	59880	45219	0
59880	45322	-0.00042836	0.04706204	0.48640460	0.04704672	0.48715022	0.61770803	0.61776695	0.35204677	0.35188711	0.61761263	0.61785290	0.35209558	0.35205646	59880	45321	0
59880	45326	0.00044864	0.04713664	0.48708559	0.04725282	0.48445458	0.61780417	0.61803828	0.35220133	0.35211366	0.61793400	0.61804962	0.35212228	0.35208432	59880	45324	0
59880	45329	0.00032747	0.04699867	0.48487143	0.04720246	0.48523495	0.61797123	0.61801478	0.35223782	0.35207709	0.61786449	0.61802505	0.35205844	0.35209878	59880	45327	0
59880	45332	0.00018894	0.04709146	0.48562078	0.04710771	0.48603636	0.61777944	0.61811683	0.35214020	0.35210067	0.61786268	0.61792841	0.35222648	0.35208826	59880	45330	0
59880	45335	-0.00014541	0.04708010	0.48493425	0.04690486	0.48593732	0.61788938	0.61801453	0.35209073	0.35203001	0.61788774	0.61804041	0.35212007	0.35206674	59880	45334	0
59880	45437	0.00086751	0.04699592	0.48773551	0.04696502	0.48469672	0.61776062	0.61795282	0.35215515	0.35201028	0.61782003	0.61810566	0.35218934	0.35224225	59880	45436	0
59880	45440	0.00017527	0.04677452	0.48341587	0.04705889	0.48549262	0.61777771	0.61795233	0.35219911	0.35209862	0.61790434	0.61803228	0.35209229	0.35218687	59880	45439	0
59880	45444	-0.00046001	0.04694727	0.48569987	0.04692369	0.48760571	0.61781469	0.61792118	0.35228901	0.35214012	0.61798470	0.61802078	0.35204463	0.35212294	59880	45442	0
59880	45447	-0.00085753	0.04702242	0.48322724	0.04685923	0.48441979	0.61780088	0.61798150	0.35222738	0.35208999	0.61783342	0.61790984	0.35199032	0.35198185	59880	45445	0
59880	45450	-0.00045030	0.04696324	0.48702510	0.04705693	0.48580340	0.61780623	0.61799317	0.35214266	0.35208744	0.61784271	0.61804502	0.35199985	0.35209911	59880	45449	0
59880	45552	0.00068156	0.04711144	0.48855050	0.04716211	0.48515493	0.61818175	0.61823952	0.35250356	0.35245869	0.61812628	0.61835883	0.35256519	0.35248589	59880	45550	0
