% File initiated 11/10/2022 16:32:02 UTC
% Raw fountain data
%
% File notes: rakon 10 MHz 1100 mV
%
%% fountain_code = ALPHA-CsF1
%% microwave_ref = ALPHA HM1
%% MJD_start = 59863.688916
%% clock_data = True
%% sequence = 1
%% density = HD
%
% Units: V.s, Hz
%
% Shot B MJD days	Shot B MJD seconds	freq error	shot A sum	shot A ratio	shot B sum	shot B ratio	shot A F=3 bg 1	shot A F=3 bg 2	shot A F=4 bg 1	shot A F=4 bg 2	shot B F=3 bg 1	shot B F=3 bg 2	shot B F=4 bg 1	shot B F=4 bg 2	Shot A MJD days	Shot A MJD seconds	Shot order (0=LF->HF)
59863	59525	0.00088618	0.04128645	0.51546254	0.04111027	0.51280399	0.65251745	0.65262806	0.31615127	0.31506932	0.65201226	0.65225311	0.31624175	0.31495297	59863	59523	0
59863	59528	0.00052953	0.04129125	0.51363973	0.04165740	0.51470969	0.65200914	0.65234210	0.31615678	0.31495494	0.65230373	0.65193272	0.31518683	0.31466989	59863	59526	0
59863	59531	0.00183769	0.04177065	0.51595074	0.04173782	0.51202625	0.65219945	0.65193174	0.31521970	0.31463669	0.65169048	0.65163222	0.31541337	0.31449198	59863	59530	0
59863	59534	0.00128126	0.04187437	0.51480679	0.04184597	0.51647610	0.65180798	0.65151619	0.31467293	0.31428450	0.65138801	0.65137757	0.31511649	0.31427357	59863	59533	0
59863	59538	0.00073675	0.04177403	0.51529603	0.04177699	0.51692957	0.65137535	0.65117921	0.31489315	0.31419485	0.65103040	0.65106598	0.31506891	0.31417078	59863	59536	0
59863	59542	0.00080194	0.04171153	0.51379394	0.04173526	0.51359835	0.65074699	0.65101462	0.31509882	0.31406477	0.65104782	0.65091823	0.31482470	0.31407718	59863	59540	0
59863	59545	0.00091959	0.04177187	0.51496630	0.04172447	0.51461338	0.65098134	0.65111824	0.31477441	0.31412772	0.65076564	0.65089292	0.31507105	0.31399337	59863	59543	0
59863	59548	-0.00012325	0.04177820	0.51197784	0.04169948	0.51510634	0.65077681	0.65089358	0.31514656	0.31403947	0.65095735	0.65095546	0.31454901	0.31407661	59863	59547	0
59863	59551	0.00105095	0.04168331	0.51640642	0.04182343	0.51288383	0.65074888	0.65092209	0.31498353	0.31398926	0.65106326	0.65084724	0.31425599	0.31399838	59863	59550	0
59863	59555	0.00082225	0.04166167	0.51439833	0.04172839	0.51508442	0.65063186	0.65067903	0.31484573	0.31391851	0.65076975	0.65067944	0.31444630	0.31384381	59863	59553	0
59863	59559	0.00095156	0.04168949	0.51486721	0.04173480	0.51447930	0.65072899	0.65058782	0.31488838	0.31387915	0.65094790	0.65062118	0.31444211	0.31390511	59863	59557	0
59863	59562	0.00087428	0.04155940	0.51425320	0.04162002	0.51448504	0.65046045	0.65066958	0.31488994	0.31384677	0.65053367	0.65056152	0.31471787	0.31383552	59863	59560	0
59863	59565	0.00084395	0.04160828	0.51533935	0.04177031	0.51543034	0.65084477	0.65064025	0.31418902	0.31379706	0.65101865	0.65084173	0.31463636	0.31389542	59863	59563	0
59863	59568	0.00139639	0.04168766	0.51663186	0.04163302	0.51497453	0.65065627	0.65061009	0.31463874	0.31384612	0.65074074	0.65059776	0.31406379	0.31371711	59863	59567	0
59863	59572	0.00066478	0.04170420	0.51454486	0.04159990	0.51673967	0.65051723	0.65063794	0.31465534	0.31380092	0.65075529	0.65058199	0.31422583	0.31370059	59863	59570	0
59863	59575	0.00040595	0.04182369	0.51479632	0.04171792	0.51557282	0.65058700	0.65054074	0.31456043	0.31372787	0.65072809	0.65069505	0.31463858	0.31379361	59863	59574	0
59863	59579	0.00204349	0.04164835	0.51832905	0.04166312	0.51341642	0.65085241	0.65077665	0.31451277	0.31385869	0.65074649	0.65082020	0.31489545	0.31390832	59863	59577	0
59863	59582	0.00111028	0.04103678	0.51426896	0.04181421	0.51706861	0.65084871	0.65074033	0.31422180	0.31384423	0.65072406	0.65066843	0.31418516	0.31373757	59863	59580	0
59863	59585	0.00042530	0.04184610	0.51511342	0.04188150	0.51716836	0.65087115	0.65072266	0.31431121	0.31382212	0.65054008	0.65063605	0.31450193	0.31374562	59863	59584	0
59863	59589	0.00057793	0.04178988	0.51683111	0.04179364	0.51637321	0.65101002	0.65070220	0.31408507	0.31371020	0.65055725	0.65062151	0.31448599	0.31375597	59863	59587	0
59863	59592	0.00137318	0.04192789	0.51837167	0.04188914	0.51598593	0.65088356	0.65065578	0.31455854	0.31373050	0.65063770	0.65060483	0.31441532	0.31378991	59863	59591	0
59863	59596	0.00101032	0.04192398	0.51518339	0.04184726	0.51627196	0.65056950	0.65057418	0.31436174	0.31380487	0.65100155	0.65067163	0.31424670	0.31388687	59863	59594	0
59863	59599	0.00097750	0.04205844	0.51673614	0.04188574	0.51683460	0.65058190	0.65045495	0.31403873	0.31379542	0.65057681	0.65038864	0.31424153	0.31381440	59863	59597	0
59863	59602	0.00116582	0.04185773	0.51617374	0.04199909	0.51560877	0.65063260	0.65025691	0.31415631	0.31372187	0.65033572	0.65026390	0.31424079	0.31377208	59863	59601	0
59863	59605	0.00106400	0.04199450	0.51644017	0.04201508	0.51674562	0.65049973	0.65023407	0.31417193	0.31372269	0.65035429	0.65019068	0.31401095	0.31368383	59863	59604	0
59863	59609	0.00036778	0.04186988	0.51382349	0.04160545	0.51591216	0.65001862	0.65014861	0.31453217	0.31365605	0.65021279	0.65014023	0.31448401	0.31366682	59863	59608	0
59863	59613	0.00101612	0.04168799	0.51587979	0.04176202	0.51393475	0.65035486	0.65010975	0.31397200	0.31373822	0.65004031	0.65002437	0.31448730	0.31366616	59863	59611	0
59863	59616	0.00125945	0.04182630	0.51402375	0.04166507	0.51329375	0.64994335	0.65008411	0.31474721	0.31376509	0.65003103	0.65007597	0.31424711	0.31364143	59863	59614	0
59863	59619	0.00041291	0.04184678	0.51330220	0.04178506	0.51584184	0.64985132	0.64997515	0.31438935	0.31360494	0.65007499	0.64978426	0.31391645	0.31351529	59863	59618	0
59863	59622	0.00124004	0.04185566	0.51564714	0.04102798	0.51316575	0.64988854	0.64989643	0.31469322	0.31365104	0.64974301	0.64991861	0.31446339	0.31367232	59863	59621	0
59863	59626	0.00086514	0.04189045	0.51221445	0.04186727	0.51333914	0.65002158	0.64972329	0.31380084	0.31349598	0.64959453	0.64986397	0.31461919	0.31362146	59863	59625	0
59863	59630	0.00159616	0.04184246	0.51547844	0.04185572	0.51328538	0.64985715	0.64983069	0.31417299	0.31357166	0.64970250	0.64977802	0.31438278	0.31359327	59863	59628	0
59863	59633	0.00167551	0.04182311	0.51433065	0.04196936	0.51409260	0.64987293	0.64961220	0.31400158	0.31351118	0.64963192	0.64949313	0.31417201	0.31346887	59863	59631	0
59863	59636	0.00043877	0.04181123	0.51196351	0.04193185	0.51567374	0.64937908	0.64972370	0.31457588	0.31355630	0.65004557	0.64977424	0.31395310	0.31359023	59863	59634	0
59863	59639	-0.00022984	0.04197909	0.51297429	0.04191077	0.51498011	0.64963323	0.64972411	0.31462034	0.31345728	0.64995050	0.64992650	0.31466298	0.31358161	59863	59638	0
59863	59643	0.00138317	0.04195201	0.51502344	0.04188462	0.51018441	0.64966725	0.64975312	0.31450735	0.31355358	0.64977457	0.64999109	0.31462091	0.31361620	59863	59642	0
59863	59647	0.00045081	0.04194437	0.51415592	0.04201862	0.51695299	0.64989996	0.64985312	0.31437612	0.31357815	0.65016234	0.64991163	0.31396526	0.31358506	59863	59645	0
59863	59650	-0.00058331	0.04209532	0.51063089	0.04220665	0.51373325	0.64969848	0.64981820	0.31456742	0.31359574	0.64974679	0.64974252	0.31428992	0.31356961	59863	59648	0
59863	59653	0.00050466	0.04210977	0.51361275	0.04204528	0.51034886	0.64958779	0.64977095	0.31463833	0.31361587	0.64963101	0.64963381	0.31463044	0.31351973	59863	59651	0
59863	59656	0.00161653	0.04202987	0.51492331	0.04217084	0.51158768	0.64951129	0.64971023	0.31460604	0.31350272	0.64960686	0.64962838	0.31430167	0.31354068	59863	59655	0
59863	59660	0.00110620	0.04206459	0.51229550	0.04184879	0.51382649	0.64941942	0.64957317	0.31451516	0.31353600	0.64946766	0.64979733	0.31461976	0.31358243	59863	59659	0
59863	59663	0.00102495	0.04218595	0.51454339	0.04194339	0.51478716	0.64985542	0.64966503	0.31410068	0.31353953	0.64984844	0.64961047	0.31415796	0.31345950	59863	59662	0
59863	59667	0.00130263	0.04196413	0.51540137	0.04186087	0.51456831	0.64933495	0.64950036	0.31451738	0.31349319	0.64966347	0.64945952	0.31408170	0.31357791	59863	59665	0
59863	59670	0.00087800	0.04180217	0.51212981	0.04196538	0.51340371	0.64953898	0.64964416	0.31460834	0.31357306	0.64962732	0.64965238	0.31410512	0.31360470	59863	59668	0
59863	59673	0.00137818	0.04181851	0.51537927	0.04187473	0.51387872	0.64980210	0.64952814	0.31388178	0.31352713	0.64940028	0.64961836	0.31447284	0.31356879	59863	59672	0
59863	59677	0.00097352	0.04186624	0.51399286	0.04185908	0.51520685	0.64939855	0.64950184	0.31463340	0.31349253	0.64979692	0.64952214	0.31419156	0.31353970	59863	59676	0
59863	59680	0.00002969	0.04184449	0.51162751	0.04191312	0.51445899	0.64977679	0.64963003	0.31418343	0.31356632	0.64982765	0.64968097	0.31436371	0.31363666	59863	59679	0
59863	59684	0.00126290	0.04194907	0.51484914	0.04183101	0.51114951	0.64971557	0.64977638	0.31429847	0.31360634	0.64984606	0.64960899	0.31425673	0.31360346	59863	59682	0
59863	59687	0.00111176	0.04187624	0.51543558	0.04186501	0.51588899	0.64986364	0.64968804	0.31403199	0.31365145	0.64999668	0.64975978	0.31391744	0.31361193	59863	59685	0
59863	59690	0.00060957	0.04173691	0.51235341	0.04177211	0.51385998	0.64966651	0.64984573	0.31467703	0.31363839	0.64990744	0.64970201	0.31400865	0.31360478	59863	59689	0
59863	59694	0.00142351	0.04179849	0.51533367	0.04171889	0.51289185	0.64986151	0.64987145	0.31400495	0.31366287	0.64989306	0.64997203	0.31454178	0.31370848	59863	59692	0
59863	59697	0.00126177	0.04173020	0.51525555	0.04181424	0.51574078	0.65009512	0.64996718	0.31409510	0.31374767	0.65043063	0.65019964	0.31410726	0.31379155	59863	59696	0
59863	59701	0.00098992	0.04183229	0.51564005	0.04183788	0.51645559	0.65034509	0.65024837	0.31415163	0.31375836	0.65015888	0.65016242	0.31427711	0.31371612	59863	59699	0
59863	59704	0.00066006	0.04175545	0.51423020	0.04181540	0.51521979	0.65027894	0.65030729	0.31430356	0.31380856	0.65013078	0.65027154	0.31463620	0.31382459	59863	59702	0
59863	59707	0.00149972	0.04171090	0.51910266	0.04160690	0.51658368	0.65025067	0.65030531	0.31462428	0.31365720	0.65019110	0.65019488	0.31460259	0.31374504	59863	59706	0
59863	59711	0.00180277	0.04174634	0.51603333	0.04190004	0.51512417	0.65042635	0.65034048	0.31418253	0.31382409	0.65055701	0.65049456	0.31443372	0.31392073	59863	59709	0
59863	59714	0.00175240	0.04172576	0.51531117	0.04173906	0.51546229	0.65066868	0.65039159	0.31425410	0.31387882	0.65047138	0.65041929	0.31454523	0.31381949	59863	59713	0
59863	59718	0.00082655	0.04170233	0.51464104	0.04156023	0.51741860	0.65041961	0.65038214	0.31438878	0.31385417	0.65067229	0.65042611	0.31452921	0.31394546	59863	59716	0
59863	59721	0.00083872	0.04177633	0.51554169	0.04183168	0.51550517	0.65070113	0.65057484	0.31426692	0.31393527	0.65081083	0.65060754	0.31428524	0.31391103	59863	59719	0
59863	59724	0.00053998	0.04185168	0.51468826	0.04177141	0.51558447	0.65039858	0.65060935	0.31486964	0.31391982	0.65073269	0.65066966	0.31435936	0.31394472	59863	59722	0
59863	59728	0.00100609	0.04184077	0.51456286	0.04182110	0.51316454	0.65060253	0.65068528	0.31467777	0.31393042	0.65047968	0.65069571	0.31488296	0.31396231	59863	59726	0
59863	59731	0.00046600	0.04189389	0.51464627	0.04191490	0.51626652	0.65068725	0.65081322	0.31482289	0.31408310	0.65083647	0.65097920	0.31483316	0.31413084	59863	59730	0
59863	59735	0.00099653	0.04181023	0.51662036	0.04195493	0.51502878	0.65071190	0.65093483	0.31505568	0.31408261	0.65060992	0.65076219	0.31497187	0.31399633	59863	59733	0
59863	59738	-0.00005381	0.04183414	0.51261788	0.04176544	0.51576889	0.65082094	0.65080648	0.31488345	0.31403503	0.65102826	0.65095685	0.31435624	0.31400701	59863	59736	0
59863	59741	0.00120057	0.04165398	0.51506812	0.04195675	0.51130497	0.65081659	0.65101988	0.31501435	0.31412443	0.65083902	0.65100599	0.31480473	0.31413010	59863	59739	0
59863	59745	0.00150437	0.04192699	0.51536248	0.04184921	0.51445110	0.65100427	0.65098750	0.31482930	0.31412796	0.65132498	0.65108093	0.31451310	0.31416420	59863	59743	0
59863	59748	0.00086643	0.04195707	0.51304882	0.04077645	0.51496264	0.65099473	0.65123246	0.31515708	0.31416658	0.65128603	0.65127461	0.31473653	0.31414218	59863	59747	0
59863	59751	0.00131884	0.04187853	0.51597848	0.04192728	0.51462124	0.65129203	0.65140313	0.31520318	0.31421556	0.65116557	0.65132531	0.31523358	0.31418943	59863	59750	0
59863	59755	0.00020466	0.04201773	0.51133163	0.04198654	0.51467419	0.65107633	0.65139450	0.31526267	0.31423051	0.65126089	0.65136040	0.31513925	0.31423594	59863	59753	0
59863	59758	0.00109288	0.04210404	0.51705849	0.04208629	0.51439383	0.65186838	0.65143756	0.31479101	0.31424826	0.65170609	0.65148867	0.31463710	0.31427357	59863	59756	0
59863	59762	0.00118903	0.04213035	0.51544835	0.04214715	0.51515988	0.65121315	0.65158177	0.31526497	0.31432107	0.65167454	0.65165909	0.31506488	0.31431564	59863	59760	0
59863	59765	0.00046580	0.04213933	0.51315611	0.04206918	0.51532580	0.65153863	0.65164093	0.31523104	0.31431260	0.65153090	0.65169163	0.31534755	0.31435426	59863	59764	0
59863	59768	0.00059823	0.04218636	0.51565285	0.04214412	0.51525557	0.65187849	0.65154980	0.31467934	0.31432403	0.65157396	0.65180289	0.31535930	0.31444564	59863	59767	0
59863	59772	0.00038020	0.04216117	0.51180636	0.04203546	0.51246045	0.65149483	0.65169089	0.31535980	0.31439050	0.65158924	0.65184800	0.31549029	0.31443348	59863	59770	0
59863	59775	0.00105892	0.04233379	0.51538082	0.04226953	0.51334466	0.65191908	0.65199969	0.31549152	0.31456980	0.65160814	0.65174882	0.31535807	0.31434868	59863	59773	0
59863	59779	0.00142790	0.04222950	0.51504501	0.04209908	0.51393807	0.65173099	0.65174726	0.31521624	0.31444137	0.65157905	0.65189377	0.31544994	0.31449675	59863	59777	0
59863	59782	0.00050845	0.04210665	0.51330632	0.04198458	0.51606467	0.65187159	0.65176460	0.31519973	0.31446142	0.65185384	0.65208433	0.31535479	0.31451779	59863	59780	0
59863	59785	0.00060769	0.04219332	0.51543495	0.04224455	0.51513722	0.65177972	0.65188268	0.31538782	0.31446191	0.65188465	0.65188177	0.31536580	0.31451236	59863	59784	0
59863	59789	-0.00016368	0.04217184	0.51296335	0.04215116	0.51527747	0.65170659	0.65183288	0.31551962	0.31450858	0.65186501	0.65194636	0.31525174	0.31449009	59863	59787	0
59863	59792	0.00141336	0.04030998	0.51632154	0.04210553	0.51159043	0.65203149	0.65191316	0.31500671	0.31452592	0.65167815	0.65193798	0.31564115	0.31456939	59863	59790	0
59863	59796	0.00066907	0.04225583	0.51421054	0.04217772	0.51644341	0.65211794	0.65204612	0.31545421	0.31469232	0.65220200	0.65204168	0.31502248	0.31460670	59863	59794	0
59863	59799	0.00048774	0.04223105	0.51349439	0.04216082	0.51403838	0.65244835	0.65211424	0.31504105	0.31470177	0.65216675	0.65200569	0.31507737	0.31461828	59863	59797	0
59863	59802	0.00099836	0.04219430	0.51582147	0.04222544	0.51428961	0.65176526	0.65200470	0.31572957	0.31462025	0.65219222	0.65208466	0.31510104	0.31466315	59863	59801	0
59863	59806	-0.00001539	0.04220303	0.51219481	0.04228134	0.51523607	0.65213297	0.65194653	0.31490391	0.31457794	0.65178128	0.65196082	0.31558840	0.31459914	59863	59804	0
59863	59809	0.00113420	0.04218113	0.51655222	0.04226206	0.51310344	0.65214530	0.65200322	0.31491870	0.31466348	0.65187693	0.65193699	0.31537985	0.31464819	59863	59807	0
59863	59813	0.00156076	0.04223784	0.51682380	0.04222707	0.51554412	0.65220652	0.65197389	0.31499216	0.31464556	0.65195902	0.65216551	0.31563540	0.31473217	59863	59811	0
59863	59816	0.00117706	0.04213943	0.51520505	0.04213529	0.51635614	0.65222821	0.65212771	0.31509332	0.31471179	0.65207808	0.65191974	0.31524829	0.31461680	59863	59814	0
59863	59819	0.00148060	0.04199950	0.51665080	0.04196910	0.51574018	0.65193593	0.65201728	0.31570689	0.31470505	0.65195745	0.65201867	0.31526760	0.31458180	59863	59818	0
59863	59822	0.00135799	0.04203779	0.51597350	0.04203303	0.51634135	0.65192023	0.65199681	0.31524032	0.31470399	0.65167257	0.65188375	0.31556424	0.31459741	59863	59821	0
59863	59826	0.00117319	0.04193843	0.51732892	0.04204165	0.51788332	0.65217332	0.65186263	0.31494565	0.31467054	0.65187709	0.65214267	0.31542332	0.31482429	59863	59824	0
59863	59830	0.00070931	0.04212286	0.51607397	0.04198859	0.51746560	0.65204784	0.65198317	0.31529234	0.31471968	0.65173913	0.65195367	0.31556506	0.31471171	59863	59828	0
59863	59833	0.00207248	0.04146563	0.51884924	0.04197453	0.51475971	0.65179936	0.65207537	0.31550960	0.31469117	0.65216987	0.65199394	0.31508617	0.31479306	59863	59831	0
59863	59836	0.00075868	0.04202662	0.51365541	0.04197910	0.51759682	0.65187019	0.65187569	0.31573212	0.31477778	0.65195795	0.65191957	0.31532701	0.31481615	59863	59835	0
59863	59839	0.00081776	0.04196371	0.51612956	0.04191117	0.51595231	0.65169015	0.65207126	0.31577320	0.31478057	0.65189484	0.65199961	0.31563696	0.31479158	59863	59838	0
59863	59843	0.00004201	0.04210614	0.51544915	0.04191879	0.51777641	0.65202500	0.65197134	0.31543531	0.31479290	0.65187545	0.65187315	0.31516275	0.31476430	59863	59841	0
59863	59847	0.00126242	0.04197413	0.51866767	0.04134454	0.51500643	0.65164956	0.65190873	0.31556243	0.31468147	0.65220487	0.65199377	0.31544345	0.31480103	59863	59845	0
59863	59850	0.00102313	0.04201545	0.51545785	0.04201037	0.51617573	0.65173461	0.65196222	0.31576934	0.31478567	0.65190873	0.65216592	0.31577066	0.31483086	59863	59848	0
59863	59853	0.00214497	0.04217151	0.51728478	0.04207579	0.51391926	0.65211498	0.65185359	0.31536276	0.31481640	0.65197923	0.65205203	0.31529242	0.31485847	59863	59851	0
59863	59856	0.00037128	0.04211968	0.51283500	0.04203337	0.51815608	0.65194727	0.65196986	0.31527582	0.31480456	0.65183806	0.65194003	0.31558117	0.31477022	59863	59855	0
59863	59860	0.00072572	0.04203105	0.51640085	0.04188498	0.51533752	0.65203987	0.65201465	0.31527623	0.31480793	0.65184283	0.65197841	0.31582834	0.31484729	59863	59858	0
59863	59864	0.00027828	0.04181410	0.51448474	0.04184692	0.51582706	0.65208162	0.65188169	0.31504319	0.31484951	0.65228072	0.65202738	0.31528108	0.31494746	59863	59862	0
59863	59867	0.00083269	0.04189443	0.51626592	0.04199713	0.51460268	0.65202056	0.65198506	0.31535922	0.31488329	0.65193576	0.65192368	0.31571733	0.31489347	59863	59865	0
59863	59870	0.00061615	0.04192977	0.51324957	0.04199573	0.51389919	0.65174627	0.65196452	0.31578101	0.31487499	0.65213988	0.65193938	0.31542816	0.31486693	59863	59868	0
59863	59873	0.00132848	0.04211724	0.51494581	0.04215853	0.51280883	0.65205590	0.65199287	0.31523399	0.31485863	0.65176986	0.65189024	0.31576326	0.31468665	59863	59872	0
59863	59877	0.00169797	0.04214480	0.51465722	0.04218435	0.51354875	0.65187767	0.65179582	0.31526826	0.31476520	0.65210890	0.65173995	0.31508378	0.31481385	59863	59875	0
59863	59880	-0.00036340	0.04207536	0.50996232	0.04206179	0.51614642	0.65169442	0.65185540	0.31577353	0.31482807	0.65199304	0.65203412	0.31552044	0.31495453	59863	59879	0
59863	59884	0.00153293	0.04192179	0.51660573	0.04209594	0.51091674	0.65174899	0.65184283	0.31582867	0.31492462	0.65169147	0.65182828	0.31590271	0.31489142	59863	59882	0
59863	59887	0.00087725	0.04206358	0.51314194	0.04202621	0.51510899	0.65184504	0.65192114	0.31594839	0.31497704	0.65162137	0.65184365	0.31584321	0.31488041	59863	59885	0
59863	59890	0.00086777	0.04038292	0.51538905	0.04197565	0.51541750	0.65201719	0.65175466	0.31514615	0.31488205	0.65206683	0.65181226	0.31523153	0.31489084	59863	59889	0
59863	59894	0.00053382	0.04214101	0.51295061	0.04226096	0.51395246	0.65207455	0.65190462	0.31525922	0.31497984	0.65178062	0.65177117	0.31549628	0.31483497	59863	59892	0
59863	59897	0.00130456	0.04209968	0.51447603	0.04206468	0.51216381	0.65190100	0.65182697	0.31510646	0.31478821	0.65177265	0.65179492	0.31550138	0.31485222	59863	59896	0
59863	59901	0.00162715	0.04212315	0.51455193	0.04206669	0.51358415	0.65189763	0.65167125	0.31562390	0.31476948	0.65185597	0.65167010	0.31522134	0.31486800	59863	59899	0
59863	59904	0.00117953	0.04226591	0.51370835	0.04205674	0.51505121	0.65187947	0.65167865	0.31504566	0.31469848	0.65190306	0.65165227	0.31513711	0.31480325	59863	59902	0
59863	59907	0.00040969	0.04202167	0.51222390	0.04207056	0.51453344	0.65142671	0.65161299	0.31562127	0.31477868	0.65168990	0.65149360	0.31502692	0.31468813	59863	59906	0
59863	59910	0.00082483	0.04201637	0.51575204	0.04208573	0.51450660	0.65180963	0.65150674	0.31502692	0.31470933	0.65178194	0.65147938	0.31506291	0.31479405	59863	59909	0
59863	59914	0.00138718	0.04207773	0.51596787	0.04204474	0.51428083	0.65125612	0.65147281	0.31575825	0.31472864	0.65141915	0.65150855	0.31582801	0.31476438	59863	59913	0
59863	59918	0.00146247	0.04203054	0.51319567	0.04124861	0.51296978	0.65145128	0.65158694	0.31571996	0.31476266	0.65126195	0.65151915	0.31563137	0.31477112	59863	59916	0
59863	59921	0.00118258	0.04193826	0.51410916	0.04213520	0.51494884	0.65143887	0.65152589	0.31542570	0.31482765	0.65158341	0.65136319	0.31552858	0.31475230	59863	59919	0
59863	59924	0.00054926	0.04192919	0.51241250	0.04198430	0.51431246	0.65156763	0.65137847	0.31502585	0.31468566	0.65101676	0.65120567	0.31561124	0.31458237	59863	59923	0
59863	59927	0.00133867	0.04194507	0.51226523	0.04200400	0.50989700	0.65130321	0.65141151	0.31542710	0.31472248	0.65104494	0.65133312	0.31564091	0.31470645	59863	59926	0
59863	59931	0.00091642	0.04200111	0.51374869	0.04210604	0.51501543	0.65136976	0.65125867	0.31504557	0.31467317	0.65115768	0.65114083	0.31546177	0.31465238	59863	59930	0
59863	59935	0.00101934	0.04149287	0.51482003	0.04181283	0.51451128	0.65143764	0.65126565	0.31510950	0.31469018	0.65129129	0.65124059	0.31527524	0.31471492	59863	59933	0
59863	59938	0.00012279	0.04185420	0.51376518	0.04200652	0.51645483	0.65114954	0.65120846	0.31550483	0.31469963	0.65107764	0.65114453	0.31507129	0.31455789	59863	59936	0
59863	59941	-0.00042300	0.04174028	0.51372680	0.04170164	0.51536416	0.65092160	0.65110558	0.31561839	0.31468994	0.65093516	0.65107370	0.31542603	0.31455649	59863	59939	0
59863	59944	0.00046729	0.04174762	0.51554730	0.04178830	0.51287641	0.65075241	0.65108553	0.31545783	0.31457153	0.65094781	0.65092809	0.31540861	0.31454696	59863	59943	0
59863	59948	0.00099041	0.04157158	0.51590263	0.04167495	0.51433329	0.65087131	0.65103607	0.31532726	0.31445616	0.65124815	0.65110928	0.31546391	0.31466832	59863	59947	0
59863	59952	0.00143565	0.04181797	0.51499995	0.04190083	0.51366424	0.65098676	0.65113533	0.31537607	0.31466931	0.65110410	0.65095776	0.31484401	0.31461048	59863	59950	0
59863	59955	0.00073616	0.04170853	0.51380462	0.04183770	0.51590310	0.65122383	0.65097444	0.31493325	0.31460275	0.65104486	0.65088372	0.31492889	0.31460908	59863	59953	0
59863	59958	0.00079916	0.04179781	0.51535905	0.04184560	0.51517004	0.65080114	0.65097682	0.31536571	0.31459495	0.65089358	0.65089802	0.31494196	0.31451343	59863	59956	0
59863	59961	-0.00007712	0.04195820	0.51482930	0.04198906	0.51745812	0.65088257	0.65090911	0.31501583	0.31454720	0.65103056	0.65088857	0.31478180	0.31444917	59863	59960	0
59863	59965	0.00169897	0.04173609	0.51657799	0.04179030	0.51124972	0.65088199	0.65077197	0.31484031	0.31451360	0.65097304	0.65084124	0.31516817	0.31455854	59863	59964	0
59863	59968	-0.00010746	0.04179001	0.51194599	0.04179536	0.51736528	0.65097986	0.65079440	0.31492577	0.31454482	0.65093015	0.65103146	0.31526095	0.31464869	59863	59967	0
59863	59972	0.00172553	0.04206347	0.51688920	0.04181174	0.51139025	0.65078881	0.65097271	0.31558676	0.31456265	0.65063614	0.65092817	0.31553318	0.31446709	59863	59970	0
59863	59975	0.00137563	0.04188506	0.51404448	0.04111837	0.51509417	0.65056769	0.65071551	0.31540902	0.31439699	0.65060162	0.65082743	0.31536884	0.31445131	59863	59973	0
59863	59978	0.00197494	0.04171237	0.51524115	0.04202738	0.51344322	0.65058486	0.65087567	0.31533293	0.31453340	0.65062545	0.65085447	0.31534862	0.31444810	59863	59977	0
59863	59982	0.00064548	0.04202144	0.51180612	0.04185955	0.51579452	0.65097025	0.65087953	0.31483423	0.31448607	0.65072817	0.65086630	0.31547048	0.31447884	59863	59981	0
59863	59985	0.00060324	0.04196325	0.51578224	0.04188717	0.51590896	0.65088569	0.65076474	0.31493760	0.31443356	0.65073491	0.65069366	0.31495453	0.31434942	59863	59984	0
59863	59989	0.00163677	0.04191957	0.51620798	0.04198549	0.51310740	0.65049464	0.65072118	0.31533128	0.31438105	0.65055208	0.65061387	0.31517171	0.31424194	59863	59987	0
59863	59992	0.00264996	0.04193729	0.51469773	0.04182419	0.51165814	0.65048856	0.65064468	0.31488690	0.31431269	0.65029512	0.65050959	0.31515338	0.31428089	59863	59990	0
59863	59995	0.00049835	0.04187936	0.50927457	0.04192670	0.51572940	0.65035675	0.65042676	0.31521370	0.31422969	0.65029767	0.65046111	0.31526316	0.31418244	59863	59994	0
59863	59999	0.00139669	0.04182278	0.51397054	0.04192506	0.51127554	0.65064665	0.65044550	0.31447046	0.31420759	0.65023325	0.65051255	0.31522709	0.31417316	59863	59997	0
59863	60002	0.00096065	0.04172002	0.51116358	0.04178883	0.51247170	0.65015609	0.65043383	0.31513374	0.31414095	0.65078700	0.65047689	0.31452666	0.31415853	59863	60001	0
59863	60006	0.00126957	0.04121308	0.51572857	0.04182861	0.51480181	0.65058881	0.65047270	0.31456684	0.31411301	0.65078865	0.65047031	0.31449289	0.31415853	59863	60004	0
59863	60009	0.00180220	0.04196696	0.51338437	0.04170468	0.51178648	0.65056300	0.65068297	0.31467136	0.31414530	0.65054139	0.65039365	0.31451779	0.31407833	59863	60007	0
59863	60012	0.00096534	0.04174874	0.51216757	0.04179831	0.51467815	0.65044870	0.65032216	0.31467761	0.31408597	0.65011122	0.65037130	0.31503366	0.31406338	59863	60011	0
59863	60016	0.00126779	0.04182472	0.51288634	0.04186239	0.51197900	0.65042241	0.65039718	0.31481138	0.31406699	0.65033637	0.65040474	0.31494302	0.31401407	59863	60014	0
59863	60019	0.00144593	0.04188828	0.51369611	0.04162434	0.51316166	0.65039439	0.65050014	0.31515544	0.31407357	0.65072505	0.65054172	0.31457383	0.31406025	59863	60018	0
59863	60023	0.00100865	0.04189955	0.51279382	0.04184118	0.51410568	0.65067566	0.65041567	0.31447645	0.31407669	0.65044837	0.65042570	0.31469840	0.31403831	59863	60021	0
59863	60026	0.00190635	0.04174078	0.51514584	0.04188911	0.51245274	0.65031517	0.65044270	0.31495683	0.31403199	0.65049628	0.65047607	0.31468747	0.31396559	59863	60024	0
59863	60029	0.00121765	0.04188426	0.51239031	0.04200560	0.51445642	0.65077229	0.65060056	0.31435714	0.31402073	0.65061329	0.65051206	0.31483185	0.31402550	59863	60027	0
59863	60033	-0.00126740	0.04190534	0.51005286	0.04160334	0.51750800	0.65075036	0.65058322	0.31462469	0.31396822	0.65063531	0.65062324	0.31450028	0.31385606	59863	60031	0
59863	60036	-0.00009269	0.04182017	0.51495869	0.04197166	0.51143456	0.65049283	0.65044854	0.31452115	0.31390084	0.65051699	0.65070828	0.31482223	0.31402180	59863	60035	0
59863	60040	0.00029452	0.04181184	0.51379492	0.04184174	0.51263330	0.65079423	0.65050203	0.31430751	0.31391941	0.65049833	0.65047237	0.31459799	0.31387299	59863	60038	0
59863	60043	0.00081260	0.04172328	0.51382227	0.04165381	0.51226802	0.65038543	0.65038362	0.31454679	0.31382360	0.65017688	0.65036916	0.31470604	0.31379139	59863	60041	0
59863	60046	-0.00065092	0.04173188	0.51215165	0.04171846	0.51654221	0.65056859	0.65040712	0.31446076	0.31384077	0.65069021	0.65042446	0.31437892	0.31382911	59863	60044	0
59863	60050	0.00010073	0.04052590	0.51679197	0.04185360	0.51453704	0.65053663	0.65046300	0.31403741	0.31378202	0.65073376	0.65054263	0.31415960	0.31387685	59863	60048	0
59863	60053	0.00026061	0.04186089	0.51450031	0.04184977	0.51402067	0.65056884	0.65072118	0.31470974	0.31394349	0.65056029	0.65081470	0.31489512	0.31392919	59863	60052	0
59863	60056	0.00003436	0.04175963	0.51488600	0.04174200	0.51556475	0.65056908	0.65077188	0.31482700	0.31386428	0.65082127	0.65071371	0.31423610	0.31385154	59863	60055	0
59863	60060	0.00156551	0.04164894	0.51810838	0.04166752	0.51351491	0.65056465	0.65075627	0.31477696	0.31381941	0.65064271	0.65058955	0.31439280	0.31382023	59863	60058	0
59863	60063	0.00060400	0.04142576	0.51480198	0.04149020	0.51768653	0.65037689	0.65067591	0.31462790	0.31374652	0.65069859	0.65082661	0.31434062	0.31383075	59863	60061	0
59863	60067	0.00003237	0.04192070	0.51468407	0.04178049	0.51639894	0.65078125	0.65125629	0.31478517	0.31398712	0.65093631	0.65096030	0.31462732	0.31390109	59863	60065	0
59863	60070	0.00102702	0.04204192	0.51696486	0.04179889	0.51398093	0.65093015	0.65102818	0.31488542	0.31390832	0.65119178	0.65094198	0.31429124	0.31382549	59863	60068	0
59863	60073	0.00131193	0.04208027	0.51579737	0.04197962	0.51494262	0.65106105	0.65105965	0.31423364	0.31391358	0.65108701	0.65110887	0.31437095	0.31379353	59863	60072	0
59863	60077	0.00051963	0.04206042	0.51481272	0.04208534	0.51718962	0.65100878	0.65095718	0.31456750	0.31368670	0.65110517	0.65108504	0.31422526	0.31381440	59863	60075	0
59863	60080	0.00040967	0.04214270	0.51690355	0.04198514	0.51723343	0.65094584	0.65099350	0.31431252	0.31379747	0.65087484	0.65101938	0.31432723	0.31376879	59863	60078	0
59863	60084	0.00114023	0.04205798	0.51745159	0.04198390	0.51525993	0.65106713	0.65125924	0.31404456	0.31386608	0.65115587	0.65117839	0.31431055	0.31381826	59863	60082	0
59863	60087	0.00133718	0.04195293	0.51603977	0.04203840	0.51544891	0.65119753	0.65102908	0.31428417	0.31383437	0.65135875	0.65107699	0.31417308	0.31380330	59863	60085	0
59863	60090	0.00102855	0.04206962	0.51465584	0.04119297	0.51558173	0.65125982	0.65102826	0.31406625	0.31377044	0.65090780	0.65100361	0.31436930	0.31371481	59863	60089	0
59863	60094	0.00098689	0.04196430	0.51535678	0.04191852	0.51548175	0.65091462	0.65109737	0.31463036	0.31370568	0.65106672	0.65092645	0.31418655	0.31373872	59863	60092	0
59863	60097	0.00067642	0.04193819	0.51586989	0.04200839	0.51680130	0.65112037	0.65116499	0.31397890	0.31380026	0.65097920	0.65113656	0.31443512	0.31374274	59863	60095	0
59863	60101	0.00233452	0.04195304	0.51754970	0.04197768	0.51257540	0.65126195	0.65113106	0.31407825	0.31377956	0.65112152	0.65116606	0.31447046	0.31377964	59863	60099	0
59863	60104	0.00071404	0.04193481	0.51443105	0.04215486	0.51929250	0.65100706	0.65116844	0.31471335	0.31380643	0.65138513	0.65121553	0.31400241	0.31379361	59863	60102	0
59863	60107	0.00119223	0.04190432	0.51514505	0.04203279	0.51371049	0.65109498	0.65111783	0.31450415	0.31376805	0.65117641	0.65105546	0.31417587	0.31372401	59863	60106	0
59863	60111	0.00081316	0.04201914	0.51399674	0.04200850	0.51513394	0.65116014	0.65102933	0.31399238	0.31370125	0.65116639	0.65102489	0.31416223	0.31370174	59863	60109	0
59863	60114	0.00180357	0.04192811	0.51591055	0.04190365	0.51293933	0.65104215	0.65114272	0.31435155	0.31375113	0.65084986	0.65106926	0.31471377	0.31366534	59863	60112	0
59863	60118	0.00070082	0.04201778	0.51361310	0.04199779	0.51692133	0.65141225	0.65118192	0.31398384	0.31378276	0.65141529	0.65132720	0.31420077	0.31377668	59863	60116	0
59863	60121	0.00181352	0.04173047	0.51713555	0.04194055	0.51379746	0.65108660	0.65137050	0.31470464	0.31380454	0.65145046	0.65151209	0.31418581	0.31390610	59863	60119	0
59863	60124	0.00054080	0.04211336	0.51180435	0.04194165	0.51562251	0.65139844	0.65127831	0.31419921	0.31381530	0.65135612	0.65124938	0.31416289	0.31377380	59863	60123	0
59863	60128	0.00104667	0.04189696	0.51454666	0.04200058	0.51302905	0.65125135	0.65120912	0.31430636	0.31373732	0.65127535	0.65130501	0.31441967	0.31372384	59863	60126	0
59863	60131	0.00114235	0.04199217	0.51515947	0.04219307	0.51487244	0.65132580	0.65132753	0.31473250	0.31384464	0.65163485	0.65132819	0.31411695	0.31379410	59863	60129	0
59863	60135	0.00128855	0.04207970	0.51437632	0.04030706	0.51393772	0.65125029	0.65144183	0.31483135	0.31382557	0.65143599	0.65140099	0.31457194	0.31383584	59863	60133	0
59863	60138	0.00057136	0.04198254	0.51348087	0.04201204	0.51563244	0.65123607	0.65151578	0.31487408	0.31385639	0.65160001	0.65132498	0.31415426	0.31380380	59863	60136	0
59863	60141	0.00025006	0.04196328	0.51492600	0.04197336	0.51588991	0.65130682	0.65127527	0.31423380	0.31374776	0.65125324	0.65141767	0.31488033	0.31386074	59863	60140	0
59863	60144	-0.00048778	0.04211343	0.51380583	0.04207021	0.51601936	0.65136253	0.65133213	0.31472272	0.31379221	0.65165531	0.65142909	0.31427875	0.31383100	59863	60143	0
59863	60148	0.00064958	0.04204153	0.51644965	0.04142445	0.51303756	0.65125160	0.65133303	0.31477087	0.31378235	0.65160642	0.65131520	0.31407069	0.31374020	59863	60146	0
59863	60152	0.00059936	0.04191894	0.51499679	0.04198016	0.51514745	0.65153920	0.65138045	0.31441499	0.31370174	0.65150214	0.65131019	0.31433652	0.31375696	59863	60150	0
59863	60155	0.00105945	0.04173133	0.51396642	0.04184520	0.51258615	0.65115152	0.65129170	0.31460045	0.31381678	0.65120427	0.65125596	0.31447843	0.31376304	59863	60153	0
59863	60158	0.00119014	0.04187734	0.51412862	0.04180649	0.51373654	0.65131561	0.65115990	0.31434408	0.31374792	0.65095693	0.65120624	0.31479963	0.31370223	59863	60157	0
59863	60161	0.00086714	0.04183650	0.51491443	0.04178942	0.51588344	0.65143427	0.65125366	0.31408556	0.31380067	0.65113574	0.65126376	0.31446059	0.31367339	59863	60160	0
59863	60165	0.00096247	0.04187174	0.51653500	0.04187124	0.51624898	0.65123500	0.65117666	0.31428927	0.31374324	0.65134955	0.65128439	0.31414251	0.31379106	59863	60163	0
59863	60169	0.00177490	0.04175090	0.51676372	0.04170848	0.51432645	0.65109038	0.65126360	0.31470801	0.31378301	0.65116812	0.65124675	0.31439305	0.31383379	59863	60167	0
59863	60172	0.00122188	0.04167465	0.51385217	0.04169783	0.51551124	0.65135957	0.65139195	0.31440916	0.31382286	0.65138382	0.65130288	0.31435862	0.31378991	59863	60170	0
59863	60175	0.00062920	0.04172007	0.51562658	0.04163987	0.51740462	0.65096753	0.65115636	0.31472248	0.31379344	0.65142885	0.65121183	0.31411391	0.31378120	59863	60173	0
59863	60178	-0.00036136	0.04096224	0.51554982	0.04168672	0.51852148	0.65117551	0.65126573	0.31416305	0.31378087	0.65145719	0.65130912	0.31408113	0.31369665	59863	60177	0
59863	60182	0.00030812	0.04180635	0.51734255	0.04158839	0.51533412	0.65129351	0.65139770	0.31473661	0.31385121	0.65141693	0.65118233	0.31398909	0.31366706	59863	60180	0
59863	60186	0.00025158	0.04172564	0.51600709	0.04180149	0.51617671	0.65120969	0.65116557	0.31414152	0.31368079	0.65144873	0.65122490	0.31402837	0.31379542	59863	60184	0
59863	60189	0.00049727	0.04170302	0.51621601	0.04180098	0.51547894	0.65131323	0.65125596	0.31436289	0.31375170	0.65142852	0.65133386	0.31427982	0.31374504	59863	60187	0
59863	60192	0.00127911	0.04177837	0.51791924	0.04185985	0.51557373	0.65143057	0.65144602	0.31440595	0.31375803	0.65119860	0.65135785	0.31459363	0.31377684	59863	60190	0
59863	60195	0.00088505	0.04180182	0.51592080	0.04185607	0.51710297	0.65123977	0.65139680	0.31482437	0.31385261	0.65111651	0.65141915	0.31470875	0.31383987	59863	60194	0
59863	60199	0.00120827	0.04172432	0.51547535	0.04188452	0.51450570	0.65136253	0.65130649	0.31434851	0.31380840	0.65137995	0.65144561	0.31461138	0.31386502	59863	60197	0
59863	60202	0.00169223	0.04192141	0.51576236	0.04186681	0.51431047	0.65161817	0.65145834	0.31449453	0.31388383	0.65131775	0.65152778	0.31489290	0.31391456	59863	60201	0
59863	60206	0.00064091	0.04185170	0.51431567	0.04137671	0.51746964	0.65166994	0.65154561	0.31430587	0.31394776	0.65113968	0.65134421	0.31469002	0.31378917	59863	60204	0
59863	60209	0.00059020	0.04177168	0.51470773	0.04170622	0.51485987	0.65135834	0.65135070	0.31464400	0.31388449	0.65143542	0.65113640	0.31417776	0.31376115	59863	60207	0
59863	60212	0.00170694	0.04156930	0.51781774	0.04178864	0.51446749	0.65106417	0.65108570	0.31478879	0.31378482	0.65129458	0.65122448	0.31456865	0.31389073	59863	60211	0
59863	60216	0.00094454	0.04173720	0.51456978	0.04175339	0.51685699	0.65139072	0.65123829	0.31407883	0.31382089	0.65097797	0.65123443	0.31480218	0.31379057	59863	60214	0
59863	60219	-0.00055350	0.04166885	0.51379919	0.04193005	0.51829331	0.65109819	0.65132342	0.31473924	0.31386682	0.65123558	0.65144462	0.31491344	0.31390158	59863	60218	0
59863	60223	0.00017901	0.04062437	0.51567466	0.04180390	0.51347715	0.65122440	0.65139680	0.31488066	0.31397282	0.65162137	0.65132868	0.31426100	0.31399633	59863	60221	0
59863	60226	0.00136990	0.04188162	0.51598221	0.04203071	0.51240954	0.65169270	0.65147659	0.31432197	0.31403281	0.65128365	0.65139959	0.31507598	0.31399715	59863	60224	0
59863	60229	0.00105618	0.04201531	0.51521476	0.04206566	0.51615591	0.65167289	0.65144166	0.31449330	0.31397644	0.65121635	0.65147231	0.31507483	0.31403544	59863	60228	0
59863	60232	0.00097677	0.04209098	0.51351985	0.04205530	0.51375809	0.65143147	0.65152408	0.31492322	0.31407562	0.65125744	0.65154430	0.31511468	0.31405664	59863	60231	0
59863	60236	0.00074532	0.04203648	0.51532064	0.04214331	0.51601497	0.65163164	0.65154011	0.31446117	0.31391900	0.65132934	0.65151562	0.31514410	0.31406321	59863	60235	0
59863	60240	0.00144280	0.04208182	0.51533525	0.04203083	0.51324282	0.65141603	0.65155038	0.31518379	0.31408770	0.65143386	0.65156057	0.31515848	0.31403601	59863	60238	0
59863	60243	0.00162159	0.04201791	0.51380589	0.04209571	0.51326953	0.65169722	0.65163510	0.31477728	0.31419567	0.65168284	0.65151003	0.31444350	0.31411457	59863	60241	0
59863	60246	0.00070570	0.04205339	0.51311738	0.04207074	0.51586505	0.65167413	0.65140148	0.31461499	0.31408869	0.65151200	0.65165137	0.31471114	0.31411161	59863	60244	0
59863	60249	0.00035090	0.04219415	0.51401876	0.04217289	0.51508317	0.65171398	0.65162466	0.31464392	0.31409477	0.65165276	0.65149738	0.31470210	0.31407652	59863	60248	0
59863	60253	0.00110206	0.04205307	0.51483270	0.04219003	0.51257922	0.65176501	0.65158916	0.31462527	0.31412106	0.65147790	0.65165161	0.31511033	0.31418631	59863	60252	0
59863	60257	0.00120378	0.04211320	0.51439127	0.04211005	0.51408610	0.65148982	0.65149623	0.31506390	0.31417579	0.65177783	0.65151356	0.31454655	0.31418409	59863	60255	0
59863	60260	0.00040219	0.04231174	0.51378346	0.04228277	0.51618824	0.65155654	0.65167257	0.31514952	0.31418795	0.65142687	0.65160593	0.31530039	0.31423372	59863	60258	0
59863	60263	0.00079855	0.04223746	0.51532676	0.04087077	0.51413765	0.65132268	0.65159648	0.31529924	0.31426856	0.65165465	0.65151348	0.31468344	0.31414982	59863	60261	0
59863	60266	0.00184034	0.04227372	0.51431617	0.04241696	0.51119080	0.65191415	0.65154356	0.31453759	0.31422526	0.65147240	0.65156541	0.31505519	0.31424226	59863	60265	0
59863	60270	0.00092503	0.04216529	0.51227892	0.04218911	0.51502486	0.65127198	0.65152918	0.31521526	0.31418598	0.65187758	0.65169401	0.31476792	0.31439387	59863	60269	0
59863	60274	0.00062477	0.04220756	0.51228493	0.04225179	0.51318570	0.65183699	0.65157289	0.31463907	0.31428319	0.65166903	0.65156426	0.31487745	0.31430069	59863	60272	0
59863	60277	0.00005130	0.04221788	0.51369530	0.04241076	0.51541572	0.65172055	0.65156903	0.31515881	0.31429034	0.65184776	0.65162975	0.31459486	0.31425073	59863	60275	0
59863	60280	0.00047697	0.04224154	0.51549829	0.04226023	0.51422127	0.65153279	0.65167758	0.31514673	0.31426420	0.65142383	0.65163115	0.31501246	0.31430923	59863	60278	0
59863	60283	0.00059951	0.04216232	0.51365784	0.04223271	0.51329022	0.65154035	0.65152244	0.31491410	0.31423955	0.65140255	0.65150354	0.31524714	0.31425475	59863	60282	0
59863	60287	0.00207102	0.04231595	0.51825648	0.04202559	0.51384196	0.65189081	0.65189624	0.31473431	0.31445821	0.65135555	0.65157823	0.31531863	0.31447777	59863	60286	0
59863	60290	0.00133654	0.04197888	0.51448218	0.04234780	0.51668562	0.65152104	0.65157034	0.31504434	0.31443553	0.65159869	0.65184767	0.31484861	0.31455830	59863	60289	0
59863	60294	0.00122166	0.04166151	0.51538953	0.04207002	0.51573418	0.65169064	0.65159081	0.31481500	0.31434292	0.65162425	0.65152433	0.31477958	0.31443249	59863	60292	0
59863	60297	0.00172738	0.04211108	0.51725545	0.04197554	0.51573827	0.65130723	0.65130616	0.31511131	0.31426749	0.65117674	0.65151800	0.31531699	0.31449190	59863	60295	0
59863	60300	0.00023298	0.04224624	0.51363834	0.04217167	0.51812155	0.65160321	0.65153000	0.31498403	0.31440611	0.65165687	0.65161225	0.31491722	0.31440283	59863	60299	0
