% File initiated 26/04/2023 12:04:13 UTC
% Raw fountain data
%
% File notes: collisional shift map RF amps 380 430 400 360 340 310
%
%% fountain_code = ALPHA-CsF1
%% microwave_ref = ALPHA HM1
%% MJD_start = 60060.502928
%% clock_data = False
%% sequence = 1
%% density = HD
%
% Units: V.s, Hz
%
% Shot B MJD days	Shot B MJD seconds	freq error	shot A sum	shot A ratio	shot B sum	shot B ratio	shot A F=3 bg 1	shot A F=3 bg 2	shot A F=4 bg 1	shot A F=4 bg 2	shot B F=3 bg 1	shot B F=3 bg 2	shot B F=4 bg 1	shot B F=4 bg 2	Shot A MJD days	Shot A MJD seconds	Shot order (0=LF->HF)
60060	43469	0.00121600	0.06771109	0.47941696	0.06851998	0.48052624	0.64942838	0.64940825	0.34019623	0.34015038	0.64949091	0.64945845	0.34038309	0.34003271	60060	43467	0
60060	43472	0.00154066	0.06820996	0.48056471	0.06837598	0.47959074	0.64934530	0.64929995	0.34025129	0.34003394	0.64935311	0.64938672	0.34025573	0.34024874	60060	43471	0
60060	43476	0.00154534	0.06839638	0.47976808	0.06832144	0.47975404	0.64923314	0.64933495	0.34000905	0.33987576	0.64945073	0.64954835	0.34023781	0.34012639	60060	43474	0
60060	43479	0.00024297	0.06866052	0.47814892	0.06857985	0.48205603	0.64917644	0.64917850	0.34006032	0.33978176	0.64907455	0.64911399	0.33997232	0.33990157	60060	43477	0
60060	43482	0.00173271	0.06855193	0.48234861	0.06843325	0.47787938	0.64922279	0.64911580	0.34002589	0.33983673	0.64878785	0.64910282	0.33991907	0.33960673	60060	43480	0
60060	43584	0.00234709	0.06774249	0.48261574	0.06788818	0.48077260	0.64666232	0.64702823	0.33818599	0.33803438	0.64700522	0.64711205	0.33821910	0.33808081	60060	43582	0
60060	43587	0.00134609	0.06795631	0.47771071	0.06753452	0.48071372	0.64714442	0.64719824	0.33806396	0.33812945	0.64694244	0.64716850	0.33816265	0.33810604	60060	43586	0
60060	43590	0.00123063	0.06787907	0.47945492	0.06790760	0.47980129	0.64699742	0.64707745	0.33806429	0.33789296	0.64728707	0.64703300	0.33824638	0.33790956	60060	43589	0
60060	43594	0.00093110	0.06791031	0.47896969	0.06792305	0.47986829	0.64695773	0.64684786	0.33819864	0.33790184	0.64695419	0.64698205	0.33796026	0.33783027	60060	43592	0
60060	43597	0.00110527	0.06833927	0.47915578	0.06777389	0.47863327	0.64690637	0.64683628	0.33811976	0.33792731	0.64669963	0.64671360	0.33789354	0.33773454	60060	43595	0
60060	43699	0.00119079	0.06763341	0.47862624	0.06755237	0.47836968	0.64786827	0.64794921	0.33947337	0.33925775	0.64800081	0.64825357	0.33945455	0.33934502	60060	43697	0
60060	43702	0.00125322	0.06779776	0.47989118	0.06756499	0.47970388	0.64847503	0.64807419	0.33958011	0.33938052	0.64790155	0.64803869	0.33947961	0.33934535	60060	43700	0
60060	43705	0.00063314	0.06779898	0.47981172	0.06696401	0.48167196	0.64815267	0.64812555	0.33971471	0.33934904	0.64802308	0.64816705	0.33932160	0.33941889	60060	43704	0
60060	43709	0.00019239	0.06765370	0.47875817	0.06773672	0.48008042	0.64809350	0.64799827	0.33949169	0.33922291	0.64799958	0.64811750	0.33945521	0.33931051	60060	43707	0
60060	43712	0.00083729	0.06785235	0.48131935	0.06806027	0.47938465	0.64801988	0.64804872	0.33928043	0.33920163	0.64802514	0.64795373	0.33954658	0.33925488	60060	43710	0
60060	43814	0.00009812	0.06838180	0.47956291	0.06821726	0.48178040	0.64793360	0.64779686	0.33900606	0.33896695	0.64775644	0.64803122	0.33898289	0.33900113	60060	43812	0
60060	43817	0.00165032	0.06830044	0.48129089	0.06816112	0.47663429	0.64768922	0.64799416	0.33917410	0.33902841	0.64780163	0.64795151	0.33897467	0.33896415	60060	43815	0
60060	43820	0.00047401	0.06819599	0.47981519	0.06839816	0.48334412	0.64765906	0.64779407	0.33922069	0.33881674	0.64788931	0.64770130	0.33911239	0.33886719	60060	43819	0
60060	43823	0.00038455	0.06797400	0.47982623	0.06842718	0.48009462	0.64774978	0.64784329	0.33913252	0.33900861	0.64782431	0.64786556	0.33890244	0.33895101	60060	43822	0
60060	43827	0.00054745	0.06838869	0.48079914	0.06823783	0.48031044	0.64780755	0.64781691	0.33914797	0.33899488	0.64782480	0.64789514	0.33897434	0.33895684	60060	43825	0
60060	43929	0.00036174	0.06816316	0.47977398	0.06810486	0.48033110	0.64796449	0.64797049	0.33911066	0.33897927	0.64799071	0.64807066	0.33905898	0.33903482	60060	43927	0
60060	43932	0.00124444	0.06814532	0.48073482	0.06810047	0.47808672	0.64797830	0.64800279	0.33911469	0.33896423	0.64781634	0.64805053	0.33925003	0.33901518	60060	43930	0
60060	43935	0.00075372	0.06837648	0.47970527	0.06806697	0.48117742	0.64779111	0.64775997	0.33927147	0.33900171	0.64764945	0.64792291	0.33920771	0.33893153	60060	43933	0
60060	43938	0.00111690	0.06832733	0.48174592	0.06834067	0.48065640	0.64792341	0.64784625	0.33917320	0.33900557	0.64802045	0.64806409	0.33909300	0.33902553	60060	43937	0
60060	43942	0.00180632	0.06828363	0.48103519	0.06828778	0.47896691	0.64783368	0.64791248	0.33906342	0.33896424	0.64767722	0.64785241	0.33904854	0.33891855	60060	43940	0
60060	44043	0.00039980	0.06772831	0.47623716	0.06743311	0.48045672	0.64658335	0.64669470	0.33793093	0.33792427	0.64656700	0.64682231	0.33797021	0.33787661	60060	44042	0
60060	44047	0.00109985	0.06784625	0.48022658	0.06786327	0.47812644	0.64664728	0.64670809	0.33812091	0.33793824	0.64654843	0.64658639	0.33774604	0.33773002	60060	44045	0
60060	44050	0.00165328	0.06769786	0.48055063	0.06766987	0.47889033	0.64650118	0.64643052	0.33770561	0.33770717	0.64655895	0.64658976	0.33790808	0.33775278	60060	44048	0
60060	44053	0.00007078	0.06766417	0.47836352	0.06738140	0.48311101	0.64639765	0.64650529	0.33770545	0.33767800	0.64650200	0.64663216	0.33786913	0.33778918	60060	44052	0
60060	44057	0.00129682	0.06765758	0.48214681	0.06765002	0.47846868	0.64656602	0.64671088	0.33773462	0.33762854	0.64639732	0.64653611	0.33791688	0.33758129	60060	44055	0
60060	44158	0.00040068	0.06783208	0.47784101	0.06805370	0.48052943	0.64732873	0.64760006	0.33868715	0.33836241	0.64754320	0.64744911	0.33876793	0.33838944	60060	44157	0
60060	44162	0.00129648	0.06811893	0.48073524	0.06822184	0.47804785	0.64738116	0.64754501	0.33860063	0.33861172	0.64721246	0.64708320	0.33842042	0.33826323	60060	44160	0
60060	44165	0.00136011	0.06822435	0.48123096	0.06821111	0.48104008	0.64717409	0.64737064	0.33862174	0.33846102	0.64747089	0.64750261	0.33879069	0.33860753	60060	44163	0
60060	44168	0.00171864	0.06832957	0.47934206	0.06800497	0.47826646	0.64752800	0.64742142	0.33883925	0.33849955	0.64752964	0.64750885	0.33886029	0.33862503	60060	44167	0
60060	44171	0.00173132	0.06825968	0.47970283	0.06840060	0.47966478	0.64744903	0.64760680	0.33872405	0.33855642	0.64739488	0.64734434	0.33887360	0.33842626	60060	44170	0
60060	44273	0.00024272	0.06835322	0.47940499	0.06747345	0.48387079	0.64698008	0.64680546	0.33817120	0.33782797	0.64702264	0.64714286	0.33830522	0.33789600	60060	44272	0
60060	44276	0.00115664	0.06843764	0.47984184	0.06854017	0.47710008	0.64711295	0.64722602	0.33815665	0.33818295	0.64712938	0.64708550	0.33840448	0.33802041	60060	44275	0
60060	44280	0.00148000	0.06859285	0.48105604	0.06869412	0.48008596	0.64722741	0.64725248	0.33811031	0.33813660	0.64702363	0.64707638	0.33825493	0.33813784	60060	44278	0
60060	44283	0.00167833	0.06835544	0.48095822	0.06854358	0.48036324	0.64696882	0.64697794	0.33810825	0.33787226	0.64689939	0.64698148	0.33820357	0.33788877	60060	44281	0
60060	44286	0.00124658	0.06841127	0.47943342	0.06837918	0.48072867	0.64693472	0.64702338	0.33792748	0.33783421	0.64699290	0.64699068	0.33798064	0.33786700	60060	44285	0
60060	44388	0.00228108	0.06809305	0.48146641	0.06824658	0.47836291	0.64754714	0.64759226	0.33906136	0.33884903	0.64786383	0.64794313	0.33900327	0.33899628	60060	44386	0
60060	44391	0.00094235	0.06847520	0.47932916	0.06827518	0.48334534	0.64795463	0.64802374	0.33913959	0.33896933	0.64807814	0.64787287	0.33925504	0.33888675	60060	44390	0
60060	44395	0.00114747	0.06838873	0.48063913	0.06824156	0.48002378	0.64778593	0.64774099	0.33899357	0.33896004	0.64778898	0.64779021	0.33892430	0.33887500	60060	44393	0
60060	44398	0.00122134	0.06849367	0.48052495	0.06825356	0.48030333	0.64779210	0.64774682	0.33909349	0.33889472	0.64791798	0.64788470	0.33894985	0.33893884	60060	44396	0
60060	44401	0.00074908	0.06831848	0.47801640	0.06860774	0.47943319	0.64764813	0.64766424	0.33884344	0.33876078	0.64761740	0.64787115	0.33871632	0.33877656	60060	44400	0
60060	44503	0.00030461	0.06815552	0.47984234	0.06796360	0.48117575	0.64836508	0.64858390	0.33939177	0.33924806	0.64849302	0.64862014	0.33939407	0.33933557	60060	44501	0
60060	44506	0.00137500	0.06777501	0.48205516	0.06788260	0.47884398	0.64848513	0.64850715	0.33934231	0.33941199	0.64847223	0.64835119	0.33937657	0.33943450	60060	44505	0
60060	44510	0.00103824	0.06807749	0.47853066	0.06765146	0.47954093	0.64845884	0.64856648	0.33966631	0.33945012	0.64856706	0.64870700	0.33966631	0.33957847	60060	44508	0
60060	44513	0.00013288	0.06802682	0.47858709	0.06803547	0.48130318	0.64859163	0.64871809	0.33974881	0.33954223	0.64843115	0.64856911	0.33969556	0.33956672	60060	44511	0
60060	44516	0.00198996	0.06771591	0.48255819	0.06810313	0.47698696	0.64861784	0.64866542	0.33976286	0.33955069	0.64856673	0.64869656	0.33973402	0.33958948	60060	44514	0
60060	44618	0.00196755	0.06817784	0.47852243	0.06819107	0.47858967	0.64808726	0.64822144	0.33923770	0.33910368	0.64811725	0.64811380	0.33927846	0.33896169	60060	44616	0
60060	44621	0.00073218	0.06788297	0.47888828	0.06795382	0.48259439	0.64819614	0.64829277	0.33930558	0.33921174	0.64816918	0.64811207	0.33913836	0.33901329	60060	44619	0
60060	44624	0.00095575	0.06825857	0.48178197	0.06817575	0.48111125	0.64784189	0.64783877	0.33903572	0.33885692	0.64795767	0.64789859	0.33908618	0.33892841	60060	44623	0
60060	44628	0.00151169	0.06823367	0.48064687	0.06835881	0.47897905	0.64786753	0.64789210	0.33875667	0.33880910	0.64781009	0.64796523	0.33899982	0.33885930	60060	44626	0
60060	44631	0.00026418	0.06829154	0.47930040	0.06842237	0.48304293	0.64768108	0.64780130	0.33888116	0.33876932	0.64791864	0.64789925	0.33888190	0.33878379	60060	44629	0
60060	44733	0.00110988	0.06830872	0.48133656	0.06806788	0.47879946	0.64712692	0.64708690	0.33794588	0.33785566	0.64742405	0.64731912	0.33811039	0.33803249	60060	44731	0
60060	44736	0.00120030	0.06834589	0.47967469	0.06821728	0.47940343	0.64726423	0.64720975	0.33813792	0.33793865	0.64712749	0.64718156	0.33812502	0.33813315	60060	44734	0
60060	44739	0.00110317	0.06834694	0.48005566	0.06852086	0.48034707	0.64719660	0.64724418	0.33789354	0.33807826	0.64725256	0.64742882	0.33817785	0.33806298	60060	44738	0
60060	44743	0.00035565	0.06822370	0.47857122	0.06833988	0.48081378	0.64725913	0.64717721	0.33823315	0.33805279	0.64727269	0.64738831	0.33814564	0.33803644	60060	44741	0
60060	44746	0.00179227	0.06829329	0.48119070	0.06849741	0.47688085	0.64716554	0.64712643	0.33833924	0.33806306	0.64702560	0.64709298	0.33825148	0.33798007	60060	44744	0
60060	44848	0.00041558	0.06811560	0.47760943	0.06792846	0.48173950	0.64704746	0.64710572	0.33838780	0.33811483	0.64715740	0.64719676	0.33842889	0.33835600	60060	44846	0
60060	44851	0.00166351	0.06786155	0.48298221	0.06794913	0.47923840	0.64719611	0.64697498	0.33825485	0.33817711	0.64709241	0.64713924	0.33835329	0.33804745	60060	44849	0
60060	44854	0.00192286	0.06800727	0.47937934	0.06801527	0.47860131	0.64693973	0.64691377	0.33843752	0.33812781	0.64698024	0.64705198	0.33830127	0.33803044	60060	44853	0
60060	44857	0.00058810	0.06788041	0.47916835	0.06784157	0.48317261	0.64691105	0.64692469	0.33810710	0.33801934	0.64705674	0.64678747	0.33835107	0.33802140	60060	44856	0
60060	44861	0.00052172	0.06780083	0.48000868	0.06737759	0.48020782	0.64696233	0.64690612	0.33801860	0.33785968	0.64691993	0.64713070	0.33801811	0.33797292	60060	44859	0
60060	44963	0.00021756	0.06826793	0.47956246	0.06798398	0.48047494	0.64619485	0.64622344	0.33726033	0.33711529	0.64653364	0.64633807	0.33745844	0.33724751	60060	44961	0
60060	44966	0.00097191	0.06794914	0.47937394	0.06827746	0.47711088	0.64635681	0.64642452	0.33731029	0.33727002	0.64635681	0.64627225	0.33740141	0.33713501	60060	44964	0
60060	44969	0.00076734	0.06791477	0.47852338	0.06816075	0.47913711	0.64647949	0.64631786	0.33734217	0.33708834	0.64638910	0.64625081	0.33728317	0.33716912	60060	44967	0
60060	44972	0.00070322	0.06780796	0.47898361	0.06800381	0.47917597	0.64614267	0.64657317	0.33724964	0.33719344	0.64603067	0.64603954	0.33730412	0.33703131	60060	44971	0
60060	44976	0.00125361	0.06820707	0.48082828	0.06829318	0.47917709	0.64594118	0.64630652	0.33731275	0.33702564	0.64632336	0.64633413	0.33742335	0.33719270	60060	44974	0
60060	45077	0.00057042	0.06768920	0.47931947	0.06734677	0.48136904	0.64694170	0.64695329	0.33834672	0.33797883	0.64701500	0.64711648	0.33850859	0.33818566	60060	45076	0
60060	45081	0.00145505	0.06762912	0.48116739	0.06770285	0.47851351	0.64753876	0.64747245	0.33869677	0.33850859	0.64722848	0.64730408	0.33844754	0.33841952	60060	45079	0
60060	45084	0.00062936	0.06777091	0.47905396	0.06751800	0.48153103	0.64718115	0.64724541	0.33842593	0.33848139	0.64715330	0.64718723	0.33843669	0.33838065	60060	45082	0
60060	45087	0.00059929	0.06760116	0.48184844	0.06763355	0.48193866	0.64737048	0.64733670	0.33844828	0.33834918	0.64739242	0.64741058	0.33879513	0.33842831	60060	45086	0
60060	45090	0.00055027	0.06785709	0.47980079	0.06780597	0.47994783	0.64738954	0.64738954	0.33843398	0.33832782	0.64745322	0.64741304	0.33881772	0.33855502	60060	45089	0
60060	45192	0.00085801	0.06850242	0.48055119	0.06812411	0.47962799	0.64626042	0.64627275	0.33730872	0.33703361	0.64622311	0.64654621	0.33738325	0.33733724	60060	45191	0
60060	45196	0.00043386	0.06826704	0.48026521	0.06813329	0.48153765	0.64646626	0.64645886	0.33730610	0.33718990	0.64648910	0.64658434	0.33729681	0.33725079	60060	45194	0
60060	45199	0.00090018	0.06815618	0.48121281	0.06825559	0.47981384	0.64628877	0.64636264	0.33731612	0.33724693	0.64631285	0.64635360	0.33725926	0.33718300	60060	45197	0
60060	45202	0.00048650	0.06830488	0.48013241	0.06827512	0.48137345	0.64659675	0.64641236	0.33737767	0.33714101	0.64638392	0.64625196	0.33724028	0.33708218	60060	45200	0
60060	45205	0.00157741	0.06825972	0.48276778	0.06863954	0.47949506	0.64633405	0.64642706	0.33738539	0.33722113	0.64648606	0.64654966	0.33722910	0.33713115	60060	45204	0
60060	45307	0.00060656	0.06841757	0.47828006	0.06844846	0.48119262	0.64737130	0.64749833	0.33846521	0.33827761	0.64761231	0.64754838	0.33837975	0.33837860	60060	45306	0
60060	45310	0.00166283	0.06820411	0.47949136	0.06848864	0.47632255	0.64773639	0.64759801	0.33872199	0.33854080	0.64759743	0.64765857	0.33865650	0.33858197	60060	45309	0
60060	45314	0.00068071	0.06843265	0.47882856	0.06823589	0.48177490	0.64754936	0.64771970	0.33850802	0.33853587	0.64756202	0.64751764	0.33848476	0.33846365	60060	45312	0
60060	45317	0.00024486	0.06850125	0.48019829	0.06832843	0.48150584	0.64747566	0.64747713	0.33845107	0.33835033	0.64784576	0.64780557	0.33859882	0.33835995	60060	45315	0
60060	45320	0.00020158	0.06856254	0.48019741	0.06820193	0.48032726	0.64763688	0.64774255	0.33865133	0.33858025	0.64753194	0.64735314	0.33855699	0.33838435	60060	45319	0
60060	45422	0.00113343	0.06817827	0.48043334	0.06796401	0.47763779	0.64656511	0.64621818	0.33744332	0.33697675	0.64648294	0.64650685	0.33758211	0.33725252	60060	45420	0
60060	45425	0.00116290	0.06822481	0.48002160	0.06805683	0.47993319	0.64647670	0.64631958	0.33757808	0.33743913	0.64666725	0.64657045	0.33746838	0.33745220	60060	45424	0
60060	45429	0.00014030	0.06822431	0.47891171	0.06784580	0.48197951	0.64666544	0.64648598	0.33744735	0.33744973	0.64661211	0.64663438	0.33755927	0.33742434	60060	45427	0
60060	45432	0.00067966	0.06792232	0.48181549	0.06786923	0.48019741	0.64673397	0.64660686	0.33764982	0.33751604	0.64656495	0.64662140	0.33774695	0.33752254	60060	45430	0
60060	45435	-0.00012747	0.06778167	0.47786825	0.06789718	0.48028965	0.64668673	0.64660316	0.33777308	0.33760651	0.64678262	0.64681385	0.33794514	0.33767233	60060	45433	0
60060	45537	0.00068502	0.06795732	0.48052031	0.06815114	0.47808283	0.64691220	0.64671006	0.33758885	0.33750191	0.64676808	0.64670669	0.33772698	0.33752163	60060	45535	0
60060	45540	0.00041887	0.06759060	0.47991333	0.06801112	0.48071179	0.64686512	0.64680719	0.33784859	0.33778302	0.64691935	0.64683570	0.33763462	0.33760750	60060	45539	0
60060	45543	0.00146625	0.06794260	0.48182286	0.06766855	0.47868072	0.64686192	0.64683743	0.33778532	0.33750725	0.64673102	0.64675485	0.33779378	0.33743059	60060	45542	0
60060	45547	0.00131426	0.06779852	0.47769706	0.06801074	0.47815302	0.64662723	0.64673291	0.33761621	0.33757299	0.64664991	0.64665164	0.33735852	0.33730511	60060	45545	0
60060	45550	0.00115814	0.06830107	0.47921407	0.06796738	0.47968245	0.64644531	0.64659708	0.33744053	0.33732943	0.64648762	0.64655090	0.33761235	0.33732089	60060	45548	0
60060	45652	0.00135043	0.06777130	0.47988032	0.06793100	0.47930345	0.64782423	0.64791930	0.33869800	0.33852306	0.64779530	0.64781675	0.33891526	0.33864870	60060	45650	0
60060	45655	0.00106367	0.06806332	0.47981928	0.06784866	0.48067955	0.64807156	0.64807526	0.33887524	0.33875987	0.64790706	0.64812218	0.33904624	0.33863144	60060	45653	0
60060	45658	0.00047433	0.06775419	0.47924132	0.06810931	0.48100933	0.64792374	0.64795874	0.33884919	0.33884698	0.64799128	0.64812612	0.33881263	0.33880893	60060	45657	0
60060	45662	0.00125575	0.06809529	0.48160982	0.06781193	0.47926558	0.64794157	0.64812235	0.33896744	0.33874541	0.64791667	0.64794921	0.33897607	0.33871057	60060	45660	0
60060	45665	0.00193849	0.06818297	0.48088234	0.06790179	0.47883410	0.64791675	0.64792242	0.33904912	0.33860753	0.64785332	0.64804436	0.33879118	0.33870211	60060	45663	0
60060	45767	0.00046368	0.06793206	0.47771178	0.06804462	0.48213621	0.64723193	0.64731854	0.33832453	0.33811392	0.64749513	0.64779029	0.33823661	0.33830916	60060	45765	0
60060	45770	0.00056265	0.06790136	0.47881405	0.06818263	0.47851715	0.64770409	0.64769127	0.33834795	0.33832716	0.64767163	0.64762685	0.33828155	0.33829667	60060	45768	0
60060	45773	0.00095947	0.06809700	0.48042877	0.06803019	0.47923830	0.64758429	0.64756991	0.33858468	0.33824606	0.64749653	0.64754558	0.33827186	0.33830144	60060	45772	0
60060	45776	0.00090337	0.06814913	0.47934090	0.06798303	0.47950918	0.64748445	0.64736620	0.33847014	0.33818508	0.64748584	0.64734048	0.33820571	0.33801754	60060	45775	0
60060	45780	0.00041405	0.06808789	0.47829981	0.06812332	0.47976777	0.64753202	0.64742208	0.33828180	0.33797514	0.64754115	0.64739348	0.33839191	0.33807070	60060	45778	0
60060	45882	0.00180810	0.06818549	0.48277778	0.06774759	0.47859565	0.64705214	0.64692995	0.33803734	0.33776716	0.64725889	0.64737664	0.33822116	0.33802156	60060	45880	0
60060	45885	0.00084915	0.06756879	0.47914515	0.06813401	0.48202197	0.64713604	0.64713366	0.33826701	0.33795147	0.64748412	0.64736366	0.33802247	0.33810472	60060	45883	0
60060	45888	0.00039055	0.06783935	0.47938445	0.06788956	0.48076026	0.64721262	0.64698583	0.33834515	0.33791540	0.64720893	0.64717137	0.33787875	0.33796938	60060	45886	0
60060	45891	0.00060233	0.06779184	0.48063366	0.06800274	0.47999834	0.64703029	0.64737220	0.33805796	0.33794687	0.64719496	0.64729011	0.33808155	0.33800390	60060	45890	0
60060	45895	0.00092687	0.06775237	0.47821588	0.06774542	0.47724224	0.64720096	0.64713974	0.33823808	0.33796191	0.64693546	0.64705839	0.33810242	0.33795262	60060	45893	0
60060	45996	0.00153910	0.06830677	0.47876315	0.06811493	0.47692648	0.64723119	0.64718805	0.33773758	0.33775007	0.64746982	0.64746497	0.33805977	0.33784489	60060	45995	0
60060	46000	0.00053941	0.06833764	0.47845340	0.06804048	0.48145247	0.64763466	0.64738255	0.33811269	0.33802674	0.64756374	0.64774953	0.33839421	0.33818172	60060	45998	0
60060	46003	0.00050796	0.06806341	0.48082509	0.06818814	0.48091943	0.64773507	0.64759143	0.33828558	0.33808319	0.64787550	0.64777418	0.33837301	0.33832437	60060	46001	0
60060	46006	0.00039540	0.06840150	0.48009488	0.06798688	0.48043255	0.64766506	0.64781083	0.33858066	0.33828969	0.64787090	0.64794822	0.33849241	0.33840571	60060	46005	0
60060	46010	0.00042464	0.06795840	0.47915596	0.06800521	0.47906825	0.64784263	0.64782094	0.33851673	0.33845124	0.64792390	0.64794888	0.33861837	0.33851131	60060	46008	0
60060	46111	0.00201151	0.06771161	0.48150569	0.06755732	0.47674506	0.64867462	0.64870700	0.33941076	0.33936416	0.64870387	0.64881333	0.33959104	0.33942160	60060	46110	0
60060	46115	-0.00014822	0.06792225	0.47709425	0.06755425	0.48357346	0.64864060	0.64880092	0.33953179	0.33955119	0.64880807	0.64873419	0.33949227	0.33934354	60060	46113	0
60060	46118	0.00154282	0.06791141	0.48178416	0.06771564	0.47671104	0.64874685	0.64891809	0.33957896	0.33935340	0.64858341	0.64902763	0.33955998	0.33959531	60060	46116	0
60060	46121	0.00094561	0.06782676	0.47915490	0.06774840	0.48094652	0.64885343	0.64881908	0.33958290	0.33940361	0.64872179	0.64898326	0.33958274	0.33954437	60060	46120	0
60060	46124	0.00031461	0.06775029	0.47965708	0.06773430	0.48155007	0.64882089	0.64904735	0.33953870	0.33944675	0.64893749	0.64873543	0.33958389	0.33929169	60060	46123	0
60060	46226	0.00159242	0.06792847	0.48277581	0.06757274	0.47894239	0.64824207	0.64823426	0.33900631	0.33896276	0.64827486	0.64833648	0.33925619	0.33898568	60060	46225	0
60060	46229	0.00055567	0.06818584	0.47743590	0.06800014	0.48054616	0.64847042	0.64858103	0.33926129	0.33909242	0.64851595	0.64860781	0.33926161	0.33914099	60060	46228	0
60060	46233	0.00110404	0.06788993	0.48048585	0.06813240	0.47884072	0.64859467	0.64866928	0.33927829	0.33911781	0.64859631	0.64869566	0.33932899	0.33913984	60060	46231	0
60060	46236	0.00097116	0.06781328	0.48007652	0.06831793	0.48047517	0.64846837	0.64862737	0.33922127	0.33914633	0.64846204	0.64849171	0.33945718	0.33911395	60060	46234	0
60060	46239	0.00094381	0.06814759	0.47958354	0.06768903	0.47966559	0.64878646	0.64865383	0.33933524	0.33921445	0.64864923	0.64876337	0.33937493	0.33923302	60060	46238	0
60060	46341	0.00133754	0.06799644	0.48100495	0.06812082	0.47982377	0.64833780	0.64826376	0.33868354	0.33859660	0.64836081	0.64830353	0.33883457	0.33860112	60060	46339	0
60060	46344	-0.00029269	0.06806620	0.47852960	0.06800387	0.48342029	0.64847905	0.64836549	0.33872717	0.33873761	0.64826746	0.64819926	0.33873678	0.33869816	60060	46343	0
60060	46348	0.00123334	0.06822620	0.48260258	0.06814861	0.47802450	0.64877429	0.64824971	0.33897919	0.33860063	0.64828011	0.64831093	0.33875059	0.33861903	60060	46346	0
60060	46351	0.00076598	0.06805911	0.47748861	0.06793845	0.47889067	0.64851225	0.64825333	0.33883720	0.33881641	0.64830846	0.64842055	0.33861040	0.33882742	60060	46349	0
60060	46354	0.00003547	0.06830303	0.48101161	0.06812743	0.48320315	0.64825908	0.64828504	0.33857137	0.33858772	0.64811117	0.64826993	0.33873489	0.33848764	60060	46353	0
60060	46456	0.00020094	0.06800840	0.48014864	0.06777622	0.47965223	0.64928039	0.64939559	0.33979581	0.33983427	0.64912878	0.64928433	0.33972769	0.33972802	60060	46454	0
60060	46459	0.00039823	0.06762726	0.48062449	0.06769707	0.48003261	0.64931170	0.64952592	0.33997182	0.33976344	0.64937842	0.64951310	0.33986714	0.33986582	60060	46458	0
60060	46463	0.00094532	0.06798617	0.48206666	0.06801609	0.48042540	0.64934719	0.64945887	0.34002770	0.33993222	0.64930266	0.64938524	0.33997059	0.33982202	60060	46461	0
60060	46466	0.00102308	0.06796562	0.48038058	0.06780584	0.48014732	0.64918877	0.64935533	0.34001365	0.33983788	0.64935681	0.64939863	0.34008834	0.33965891	60060	46464	0
60060	46469	0.00196069	0.06810979	0.48181661	0.06793216	0.47900377	0.64963742	0.64933692	0.34010749	0.33985004	0.64928984	0.64934111	0.33989360	0.33982211	60060	46467	0
60060	46571	0.00119121	0.06841678	0.47910834	0.06837215	0.48141678	0.64803023	0.64810903	0.33859208	0.33873177	0.64842227	0.64843509	0.33885914	0.33881879	60060	46569	0
60060	46574	0.00039658	0.06850627	0.47899525	0.06834213	0.48137914	0.64842104	0.64834840	0.33879447	0.33893383	0.64853197	0.64832104	0.33898560	0.33877910	60060	46573	0
60060	46577	0.00207224	0.06828356	0.48206789	0.06863938	0.47704093	0.64835004	0.64844536	0.33889973	0.33881822	0.64827683	0.64844396	0.33885076	0.33882331	60060	46576	0
60060	46581	0.00123832	0.06828624	0.47945097	0.06845302	0.48195273	0.64821512	0.64847322	0.33895125	0.33885002	0.64823656	0.64807896	0.33886834	0.33871345	60060	46579	0
60060	46584	0.00135325	0.06846771	0.48131766	0.06813370	0.48097288	0.64805151	0.64820115	0.33886481	0.33878748	0.64835892	0.64825070	0.33876661	0.33876102	60060	46582	0
60060	46686	0.00067785	0.06803083	0.47858782	0.06792493	0.48061400	0.64867125	0.64866131	0.33908190	0.33870687	0.64859089	0.64865630	0.33901469	0.33886497	60060	46684	0
60060	46689	0.00041978	0.06793706	0.47889935	0.06794619	0.47967357	0.64897939	0.64890018	0.33932168	0.33898938	0.64881160	0.64887742	0.33898272	0.33894041	60060	46687	0
60060	46692	0.00147133	0.06828488	0.48158668	0.06832087	0.47843204	0.64891177	0.64893510	0.33927780	0.33908404	0.64888629	0.64890947	0.33915717	0.33909423	60060	46691	0
60060	46696	0.00093878	0.06848887	0.47900985	0.06816329	0.48060751	0.64884439	0.64894192	0.33922940	0.33916399	0.64893305	0.64897422	0.33935299	0.33907788	60060	46694	0
60060	46699	0.00051309	0.06841649	0.47994712	0.06830503	0.48122416	0.64883699	0.64896797	0.33904928	0.33913293	0.64889246	0.64890429	0.33931848	0.33901913	60060	46697	0
60060	46801	0.00120590	0.06752759	0.48038170	0.06777579	0.47830327	0.64951458	0.64962904	0.34001685	0.33999023	0.64947933	0.64992971	0.34035376	0.34037611	60060	46799	0
60060	46804	0.00028407	0.06788869	0.47806235	0.06753940	0.48082785	0.64957317	0.64961006	0.34004142	0.33999910	0.64941811	0.64950866	0.34012787	0.33990050	60060	46802	0
60060	46807	0.00101422	0.06786661	0.48020282	0.06744410	0.47801238	0.64953865	0.64959141	0.33996015	0.33992819	0.64950989	0.64951515	0.33994988	0.33998817	60060	46806	0
60060	46810	0.00157202	0.06777127	0.48105843	0.06784421	0.47938503	0.64951852	0.64927710	0.33998957	0.33969334	0.64933166	0.64943766	0.34000905	0.34000913	60060	46809	0
60060	46814	0.00140388	0.06750141	0.48028247	0.06757046	0.48078689	0.64951047	0.64941926	0.34006073	0.34002869	0.64947661	0.64959494	0.33997626	0.34002614	60060	46812	0
60060	46916	0.00076203	0.06760149	0.47961271	0.06769728	0.48153826	0.64957752	0.64945698	0.34016509	0.34004685	0.64914974	0.64928524	0.34013641	0.33995185	60060	46914	0
60060	46919	0.00063940	0.06770026	0.48058918	0.06756565	0.48095708	0.64963422	0.64983044	0.34027849	0.34003279	0.64984293	0.64983505	0.34027002	0.34012639	60060	46917	0
60060	46922	0.00213232	0.06776119	0.48217260	0.06790379	0.47769383	0.64971228	0.64970784	0.34048120	0.34014545	0.64978155	0.64966791	0.34033757	0.34013206	60060	46920	0
60060	46925	0.00056666	0.06759196	0.47722707	0.06772891	0.48192405	0.64954736	0.64965830	0.34026452	0.34005818	0.64989183	0.64980234	0.34015901	0.34013970	60060	46924	0
60060	46929	0.00070995	0.06746738	0.47924217	0.06769091	0.47881231	0.64964498	0.64960595	0.34036082	0.34011924	0.64973792	0.64952682	0.34034965	0.34015843	60060	46927	0
60060	47030	0.00102229	0.06800622	0.47901965	0.06844494	0.47808264	0.64868810	0.64875252	0.33906128	0.33883621	0.64875753	0.64878744	0.33924567	0.33907024	60060	47029	0
60060	47034	0.00110939	0.06840541	0.48092848	0.06825813	0.48066717	0.64884743	0.64875967	0.33939416	0.33906991	0.64905622	0.64903001	0.33924904	0.33915011	60060	47032	0
60060	47037	0.00017451	0.06834131	0.47893620	0.06805559	0.48174084	0.64894406	0.64907422	0.33940624	0.33917410	0.64850962	0.64879927	0.33906761	0.33898609	60060	47035	0
60060	47040	0.00096375	0.06824481	0.47993048	0.06801565	0.47756276	0.64895121	0.64931778	0.33917139	0.33942242	0.64861932	0.64864767	0.33933532	0.33903548	60060	47039	0
60060	47043	0.00063879	0.06852673	0.48052413	0.06835020	0.48149901	0.64906822	0.64880946	0.33931461	0.33910697	0.64872935	0.64900577	0.33951651	0.33930138	60060	47042	0
60060	47145	0.00173514	0.06753805	0.48115489	0.06771148	0.47786584	0.64846130	0.64849097	0.33885947	0.33884714	0.64853953	0.64855449	0.33903531	0.33888050	60060	47144	0
60060	47149	0.00086288	0.06762548	0.47921522	0.06727069	0.48183200	0.64845645	0.64853066	0.33920335	0.33897977	0.64859582	0.64856007	0.33914411	0.33883695	60060	47147	0
60060	47152	0.00198842	0.06773644	0.48224115	0.06726570	0.47886454	0.64825078	0.64844002	0.33922718	0.33892742	0.64835801	0.64865630	0.33891937	0.33883350	60060	47150	0
60060	47155	0.00072047	0.06759510	0.48008131	0.06777433	0.48388515	0.64864208	0.64857273	0.33894936	0.33889891	0.64838447	0.64848004	0.33884361	0.33875314	60060	47153	0
60060	47158	0.00154512	0.06758780	0.48045902	0.06762753	0.47798507	0.64832958	0.64853969	0.33884426	0.33871813	0.64839392	0.64828110	0.33895594	0.33861985	60060	47157	0
60060	47260	0.00112568	0.06780074	0.48040530	0.06793233	0.48166363	0.64801963	0.64807534	0.33860441	0.33835551	0.64794025	0.64786852	0.33870137	0.33843653	60060	47259	0
60060	47263	0.00093390	0.06791992	0.48014848	0.06804629	0.48072383	0.64802489	0.64802637	0.33870498	0.33843521	0.64799169	0.64817403	0.33872405	0.33856850	60060	47262	0
60060	47267	0.00132958	0.06782109	0.48174771	0.06808371	0.48056065	0.64795250	0.64810484	0.33875092	0.33877483	0.64796006	0.64821471	0.33850046	0.33837252	60060	47265	0
60060	47270	0.00143357	0.06799103	0.48087178	0.06763638	0.48055982	0.64833049	0.64818389	0.33877113	0.33850046	0.64808816	0.64814823	0.33850054	0.33842872	60060	47268	0
60060	47273	0.00119722	0.06797208	0.47854995	0.06797458	0.47925901	0.64797468	0.64820846	0.33867746	0.33850473	0.64826746	0.64832202	0.33892496	0.33867606	60060	47272	0
60060	47375	0.00085767	0.06794189	0.47884909	0.06812462	0.47986774	0.64810969	0.64802127	0.33831089	0.33816512	0.64792809	0.64809621	0.33851928	0.33839939	60060	47373	0
60060	47378	0.00003911	0.06792532	0.47966989	0.06779344	0.48212557	0.64812999	0.64827321	0.33844491	0.33835658	0.64818480	0.64832301	0.33866784	0.33850777	60060	47377	0
60060	47382	0.00078292	0.06796298	0.48012822	0.06784967	0.47789680	0.64809408	0.64838077	0.33864278	0.33839816	0.64804247	0.64822383	0.33865478	0.33830875	60060	47380	0
60060	47385	0.00064079	0.06791246	0.47981443	0.06780042	0.48024082	0.64827075	0.64828357	0.33855436	0.33838509	0.64826664	0.64831438	0.33828468	0.33841714	60060	47383	0
60060	47388	0.00049417	0.06773968	0.48072467	0.06762513	0.48116453	0.64886025	0.64873485	0.33886571	0.33861188	0.64818948	0.64831463	0.33834294	0.33847983	60060	47387	0
60060	47490	0.00044419	0.06767184	0.47945874	0.06738889	0.47960868	0.64921309	0.64912845	0.33969088	0.33958742	0.64913462	0.64920167	0.33999122	0.33965415	60060	47488	0
60060	47493	0.00076272	0.06732951	0.48043734	0.06738819	0.47948175	0.64924259	0.64938310	0.33976212	0.33977132	0.64924834	0.64936363	0.33985185	0.33972432	60060	47492	0
60060	47497	0.00166632	0.06711704	0.48064407	0.06718684	0.47793325	0.64919452	0.64925426	0.33991989	0.33984306	0.64913494	0.64927957	0.33990962	0.33975801	60060	47495	0
60060	47500	0.00066233	0.06726838	0.47940397	0.06723596	0.48241594	0.64927521	0.64919271	0.33972901	0.33968940	0.64916239	0.64918869	0.33968661	0.33954741	60060	47498	0
60060	47503	0.00115509	0.06730014	0.48066960	0.06743435	0.47919133	0.64949198	0.64941490	0.33988127	0.33963369	0.64919945	0.64920085	0.33977091	0.33947468	60060	47501	0
60060	47605	0.00089297	0.06782494	0.48071125	0.06797712	0.48149761	0.64840296	0.64878120	0.33894616	0.33873818	0.64853780	0.64856361	0.33902784	0.33881854	60060	47603	0
60060	47608	0.00195821	0.06800619	0.48057399	0.06779866	0.47737828	0.64865186	0.64864520	0.33918232	0.33875774	0.64861554	0.64848949	0.33892011	0.33887237	60060	47607	0
60060	47611	0.00018316	0.06773443	0.47686997	0.06778688	0.48219511	0.64852901	0.64866229	0.33885478	0.33873884	0.64854964	0.64857125	0.33898839	0.33869767	60060	47610	0
60060	47615	0.00176682	0.06780188	0.48206346	0.06773622	0.47731249	0.64869853	0.64874381	0.33882668	0.33871673	0.64859483	0.64863953	0.33896629	0.33875092	60060	47613	0
60060	47618	0.00075800	0.06799135	0.47873178	0.06813939	0.48175823	0.64855695	0.64873165	0.33889965	0.33882241	0.64844339	0.64855383	0.33883761	0.33867138	60060	47616	0
60060	47720	0.00071346	0.06751927	0.47978967	0.06721874	0.47992329	0.64966659	0.64960694	0.34002384	0.33993509	0.64946955	0.64964737	0.34000247	0.33995087	60060	47718	0
60060	47723	0.00090006	0.06728390	0.48247283	0.06728018	0.48191302	0.64969010	0.64969478	0.34006353	0.33996418	0.64980670	0.64971023	0.34019960	0.33995251	60060	47721	0
60060	47726	0.00246915	0.06736815	0.48180864	0.06756660	0.47710138	0.64972469	0.64986216	0.34018152	0.33999639	0.64973414	0.64980834	0.34014956	0.33993616	60060	47725	0
60060	47730	0.00084194	0.06746410	0.47660153	0.06776531	0.48148314	0.64959124	0.64944769	0.34004668	0.33981611	0.64946741	0.64954884	0.33995974	0.33975136	60060	47728	0
60060	47733	0.00012157	0.06749499	0.47890257	0.06772501	0.48106370	0.64964433	0.64958640	0.34017807	0.33975136	0.64931917	0.64945755	0.33981430	0.33982605	60060	47731	0
60060	47835	0.00119234	0.06780152	0.48160038	0.06835542	0.47838808	0.64976405	0.64964087	0.33996755	0.33962424	0.64969108	0.64978435	0.33996862	0.33990937	60060	47833	0
60060	47838	0.00150550	0.06768366	0.48009667	0.06811854	0.47915719	0.64982749	0.64983209	0.33984972	0.33983345	0.64981212	0.64972978	0.34011636	0.33980189	60060	47836	0
60060	47841	0.00155642	0.06775034	0.47908581	0.06776458	0.47893303	0.64986726	0.64980711	0.34001381	0.33985851	0.65016176	0.64967736	0.34030749	0.33981331	60060	47840	0
60060	47844	0.00067989	0.06771160	0.47831516	0.06783465	0.48094475	0.64992683	0.64994318	0.34005794	0.33995761	0.65015856	0.64996578	0.34022319	0.34010543	60060	47843	0
60060	47848	0.00013861	0.06792720	0.47852675	0.06779312	0.48015060	0.65060606	0.65069029	0.34056880	0.34059427	0.64989396	0.65018403	0.34027249	0.34023896	60060	47846	0
60060	47950	0.00183545	0.06761511	0.48355300	0.06767319	0.47846247	0.64932558	0.64949757	0.33975053	0.33964560	0.64940693	0.64946289	0.33964166	0.33959811	60060	47948	0
60060	47953	0.00020737	0.06728996	0.47736628	0.06767138	0.48225053	0.64971754	0.64960349	0.33999187	0.33963944	0.64969519	0.64981204	0.33987067	0.33975481	60060	47951	0
60060	47956	0.00042424	0.06778339	0.48021980	0.06788077	0.47956922	0.64973702	0.64980012	0.34012589	0.33973344	0.64971113	0.64972962	0.33971002	0.33970978	60060	47954	0
60060	47959	0.00033764	0.06735840	0.48049531	0.06772745	0.48075509	0.64952559	0.64971516	0.33978661	0.33967699	0.64961680	0.64964071	0.33970312	0.33959474	60060	47958	0
60060	47963	0.00029012	0.06806642	0.48028863	0.06762521	0.48043119	0.64933963	0.64954588	0.33979384	0.33960945	0.64965295	0.64961926	0.33989499	0.33955710	60060	47961	0
60060	48064	0.00044097	0.06809333	0.47984690	0.06783208	0.47939436	0.65030186	0.65016488	0.34052303	0.34025794	0.65028872	0.65023744	0.34059181	0.34034595	60060	48063	0
60060	48068	0.00101633	0.06794538	0.47997057	0.06805988	0.47824449	0.65015346	0.65040450	0.34051424	0.34027619	0.65022191	0.65040885	0.34059542	0.34049172	60060	48066	0
60060	48071	0.00130471	0.06817443	0.48079760	0.06798626	0.47993243	0.65038543	0.65014196	0.34039517	0.34042985	0.65029570	0.65029817	0.34063519	0.34043921	60060	48069	0
60060	48074	0.00156564	0.06752106	0.48000522	0.06800044	0.47922245	0.64996381	0.65008567	0.34039427	0.34042582	0.64999536	0.65026037	0.34046970	0.34053034	60060	48073	0
60060	48077	0.00083445	0.06770188	0.47958646	0.06783161	0.48178003	0.65029677	0.65035766	0.34062328	0.34051153	0.65007795	0.65037007	0.34054932	0.34053881	60060	48076	0
60060	48179	0.00070335	0.06733472	0.47969657	0.06781801	0.48008986	0.64955607	0.64974679	0.33961240	0.33965275	0.64980267	0.64990580	0.33963434	0.33961298	60060	48178	0
60060	48183	0.00152846	0.06786732	0.48139888	0.06789924	0.47892354	0.64980472	0.64982165	0.33982145	0.33969794	0.64977794	0.64974351	0.33991266	0.33970435	60060	48181	0
60060	48186	0.00064915	0.06816688	0.47771198	0.06775664	0.48034991	0.64969297	0.64988484	0.33976960	0.33974010	0.64951244	0.64968648	0.33993493	0.33953985	60060	48184	0
60060	48189	0.00174267	0.06815312	0.48161291	0.06741314	0.47833234	0.64942764	0.64963463	0.33969482	0.33963591	0.64982067	0.64959141	0.33990773	0.33959778	60060	48187	0
60060	48192	0.00137784	0.06805712	0.48013965	0.06763748	0.48123415	0.64965024	0.64966035	0.33984298	0.33973057	0.64943651	0.64961721	0.33964511	0.33970041	60060	48191	0
60060	48294	0.00144329	0.06734206	0.48032392	0.06742588	0.48012758	0.64953652	0.64971384	0.34007939	0.33968948	0.64943241	0.64965903	0.34003436	0.33984273	60060	48293	0
60060	48297	0.00127628	0.06774132	0.48079887	0.06766599	0.48129989	0.64974901	0.64963422	0.33990231	0.33968225	0.64967383	0.64949009	0.33990091	0.33957765	60060	48296	0
60060	48301	0.00077045	0.06739927	0.48028329	0.06757769	0.48180077	0.64952181	0.64952838	0.33970961	0.33961832	0.64963077	0.64965871	0.33977856	0.33968406	60060	48299	0
60060	48304	0.00126872	0.06760911	0.48093507	0.06761643	0.47944028	0.64947620	0.64956939	0.33984857	0.33955850	0.64937291	0.64958713	0.33980165	0.33949975	60060	48302	0
60060	48307	0.00103270	0.06760882	0.48003885	0.06772209	0.48074692	0.64917587	0.64935484	0.33970912	0.33936975	0.64973439	0.64943619	0.33994643	0.33947419	60060	48306	0
60060	48409	0.00143512	0.06763554	0.48072073	0.06775195	0.47951344	0.64890675	0.64909000	0.33888929	0.33882602	0.64885679	0.64894192	0.33899373	0.33877976	60060	48407	0
60060	48412	0.00097052	0.06780305	0.47870500	0.06781532	0.48009881	0.64916905	0.64904702	0.33906703	0.33897640	0.64910692	0.64904677	0.33895618	0.33875757	60060	48411	0
60060	48416	0.00071156	0.06760518	0.48018434	0.06780378	0.48096121	0.64912245	0.64897093	0.33916465	0.33879956	0.64907825	0.64914135	0.33904304	0.33898297	60060	48414	0
60060	48419	0.00189955	0.06772735	0.48278596	0.06780354	0.47922200	0.64888638	0.64913511	0.33896300	0.33869184	0.64916066	0.64889418	0.33905142	0.33868502	60060	48417	0
60060	48422	0.00120335	0.06772958	0.47783924	0.06799457	0.47992782	0.64882795	0.64894529	0.33902003	0.33883777	0.64903330	0.64888457	0.33881928	0.33889077	60060	48421	0
60060	48524	0.00228974	0.06722754	0.48138193	0.06739507	0.47812277	0.64961088	0.64976997	0.33986048	0.33984216	0.64978985	0.64984072	0.33998900	0.33983057	60060	48522	0
60060	48527	0.00037873	0.06742780	0.47679593	0.06765395	0.48252895	0.64966553	0.64980152	0.34017240	0.33979729	0.64991746	0.65006973	0.34010075	0.33992236	60060	48526	0
60060	48531	0.00113025	0.06749691	0.48120749	0.06756633	0.47895294	0.64979330	0.64970768	0.33998924	0.33980329	0.64963849	0.64958689	0.34004183	0.33976105	60060	48529	0
60060	48534	0.00169677	0.06755545	0.47917356	0.06730635	0.47747398	0.64986151	0.64980095	0.34000009	0.33980123	0.64978007	0.64967218	0.33986829	0.33969671	60060	48532	0
60060	48537	0.00154121	0.06732262	0.47955475	0.06779241	0.48002145	0.64965632	0.64964556	0.34002893	0.33973385	0.64963636	0.64971762	0.34009804	0.33984898	60060	48535	0
60060	48639	0.00134480	0.06755338	0.48066521	0.06793540	0.48125445	0.64876410	0.64880174	0.33902455	0.33877031	0.64917726	0.64883913	0.33892348	0.33886719	60060	48637	0
60060	48642	0.00066914	0.06756713	0.47864120	0.06764497	0.48066817	0.64890067	0.64896690	0.33897960	0.33896144	0.64884940	0.64878037	0.33901559	0.33868608	60060	48641	0
60060	48645	0.00032072	0.06775445	0.48015593	0.06683517	0.48120120	0.64882195	0.64887134	0.33911929	0.33884722	0.64907874	0.64882795	0.33894583	0.33865774	60060	48644	0
60060	48649	0.00125363	0.06773406	0.48124298	0.06780287	0.47844423	0.64877355	0.64876156	0.33907147	0.33870194	0.64873206	0.64877446	0.33882413	0.33860293	60060	48647	0
60060	48652	-0.00024792	0.06755760	0.47811133	0.06805928	0.48261598	0.64861365	0.64881464	0.33876678	0.33859972	0.64847445	0.64824026	0.33853965	0.33844598	60060	48650	0
60060	48754	0.00032983	0.06788466	0.48205805	0.06821141	0.48032482	0.64963488	0.65005058	0.33987363	0.33979877	0.64944835	0.64959165	0.33978932	0.33969326	60060	48752	0
60060	48757	0.00094173	0.06798836	0.48163052	0.06816339	0.47979483	0.64967309	0.64962691	0.33970329	0.33955110	0.64964934	0.64956092	0.33965448	0.33959737	60060	48755	0
60060	48760	0.00107291	0.06855400	0.48029002	0.06816617	0.47989648	0.64974038	0.64987687	0.33960435	0.33961618	0.64968558	0.64967046	0.33962835	0.33963369	60060	48759	0
60060	48764	0.00120588	0.06813404	0.48108856	0.06824810	0.48068964	0.64946322	0.64966265	0.33969860	0.33958397	0.64956585	0.64958237	0.33971159	0.33958110	60060	48762	0
60060	48767	0.00059355	0.06826223	0.47995814	0.06814365	0.48179514	0.64953915	0.64982593	0.33966064	0.33955398	0.64959634	0.64975238	0.33963393	0.33945981	60060	48765	0
60060	48869	0.00073405	0.06818325	0.47993227	0.06771650	0.47951077	0.64880831	0.64910216	0.33870383	0.33879981	0.64900741	0.64905787	0.33868773	0.33884632	60060	48867	0
60060	48872	0.00184800	0.06780773	0.48153937	0.06768334	0.47819752	0.64907496	0.64913421	0.33910072	0.33858477	0.64936979	0.64908876	0.33908741	0.33877006	60060	48870	0
60060	48875	0.00100765	0.06711959	0.48056124	0.06775357	0.48308228	0.64918343	0.64905918	0.33887237	0.33864763	0.64934235	0.64925919	0.33892635	0.33893350	60060	48874	0
