% File initiated 21/09/2022 15:00:12 UTC
% Raw fountain data
%
% File notes: coll shift ramsey rakon reference signal optimized to 0p53 longer expansion 4p5ms seq12 390mV 0p505 
%
%% fountain_code = ALPHA-CsF1
%% microwave_ref = ALPHA HM1
%% MJD_start = 59843.625149
%% clock_data = False
%% sequence = 2
%% density = LD
%
% Units: V.s, Hz
%
% Shot B MJD days	Shot B MJD seconds	freq error	shot A sum	shot A ratio	shot B sum	shot B ratio	shot A F=3 bg 1	shot A F=3 bg 2	shot A F=4 bg 1	shot A F=4 bg 2	shot B F=3 bg 1	shot B F=3 bg 2	shot B F=4 bg 1	shot B F=4 bg 2	Shot A MJD days	Shot A MJD seconds	Shot order (0=LF->HF)
59843	54045	0.00053648	0.00727147	0.46385009	0.00729266	0.46621274	0.64018712	0.63947264	0.34950027	0.34942624	0.64025105	0.63946262	0.34953224	0.34941884	59843	54044	0
59843	54049	0.00087206	0.00726496	0.46817795	0.00729633	0.46717121	0.64017258	0.63941586	0.34945812	0.34946108	0.64022821	0.63927765	0.34950200	0.34932944	59843	54047	0
59843	54052	-0.00009114	0.00725387	0.46599080	0.00727744	0.46888042	0.64014349	0.63920164	0.34944883	0.34926214	0.64014497	0.63906589	0.34936773	0.34916518	59843	54050	0
59843	54055	0.00170629	0.00730939	0.47019507	0.00729963	0.46480276	0.64007011	0.63912522	0.34944990	0.34928285	0.64005458	0.63915028	0.34943306	0.34918564	59843	54053	0
59843	54058	0.00153486	0.00731180	0.46543853	0.00729916	0.46595281	0.64002886	0.63911725	0.34924053	0.34918457	0.64015392	0.63913056	0.34941054	0.34930988	59843	54057	0
59843	54062	-0.00000195	0.00727429	0.46480825	0.00728236	0.46941870	0.64007266	0.63923139	0.34937274	0.34922607	0.64001062	0.63913705	0.34924496	0.34914315	59843	54060	0
59843	54065	0.00132728	0.00727888	0.46709839	0.00723924	0.46311070	0.64002631	0.63923237	0.34929304	0.34919114	0.64016707	0.63910353	0.34934209	0.34921366	59843	54063	0
59843	54068	0.00108325	0.00727194	0.46595011	0.00726303	0.46668220	0.64000421	0.63908816	0.34930421	0.34913239	0.64003979	0.63909087	0.34927956	0.34908325	59843	54066	0
59843	54071	0.00087183	0.00730428	0.46590648	0.00729003	0.46654072	0.64000051	0.63915291	0.34932295	0.34916288	0.64003428	0.63903039	0.34923971	0.34913091	59843	54070	0
59843	54075	0.00154577	0.00729870	0.46587477	0.00728850	0.46385295	0.64013987	0.63918085	0.34935294	0.34917857	0.64011087	0.63924141	0.34924332	0.34906271	59843	54073	0
59843	54078	0.00127478	0.00726640	0.46496341	0.00724722	0.46577638	0.64011276	0.63920238	0.34924316	0.34911250	0.64011341	0.63908923	0.34929583	0.34899451	59843	54076	0
59843	54081	0.00129974	0.00730608	0.46584810	0.00733187	0.46577321	0.64006411	0.63913245	0.34922582	0.34911982	0.64009731	0.63913401	0.34923174	0.34902368	59843	54080	0
59843	54084	0.00165642	0.00731081	0.46610552	0.00732688	0.46503549	0.64010364	0.63917124	0.34928967	0.34913461	0.64008063	0.63912078	0.34922927	0.34902836	59843	54083	0
59843	54088	0.00036875	0.00731300	0.46430305	0.00728336	0.46816607	0.64010692	0.63921742	0.34929336	0.34912467	0.64009788	0.63928521	0.34927241	0.34920322	59843	54086	0
59843	54091	-0.00017943	0.00731322	0.46574546	0.00728193	0.46739001	0.64004340	0.63913040	0.34925014	0.34908522	0.64001390	0.63915151	0.34927890	0.34910125	59843	54089	0
59843	54094	0.00242858	0.00728641	0.46905675	0.00729518	0.46123270	0.63993338	0.63908364	0.34915351	0.34906550	0.64013289	0.63908676	0.34919607	0.34903444	59843	54093	0
59843	54097	0.00157357	0.00730089	0.46543570	0.00730484	0.46800073	0.64017685	0.63915940	0.34925729	0.34907569	0.63997611	0.63903212	0.34914151	0.34901160	59843	54096	0
59843	54101	0.00119546	0.00726944	0.46347128	0.00731483	0.46460563	0.64005228	0.63909432	0.34932327	0.34910774	0.63991456	0.63908430	0.34920873	0.34906287	59843	54099	0
59843	54104	0.00106858	0.00729738	0.46461871	0.00727804	0.46499934	0.64007890	0.63910624	0.34925187	0.34908555	0.63995449	0.63901379	0.34923001	0.34897273	59843	54102	0
59843	54107	0.00047678	0.00730934	0.46443242	0.00725916	0.46620781	0.63998473	0.63908586	0.34916616	0.34899697	0.64006074	0.63908150	0.34913050	0.34898481	59843	54106	0
59843	54111	0.00136990	0.00726161	0.46684679	0.00729565	0.46416743	0.63997142	0.63909909	0.34912294	0.34892211	0.63990223	0.63887534	0.34909196	0.34887749	59843	54109	0
59843	54114	0.00129050	0.00725761	0.46456818	0.00728306	0.46480637	0.64001045	0.63888446	0.34914628	0.34887166	0.63988654	0.63902620	0.34908005	0.34897174	59843	54112	0
59843	54117	0.00178684	0.00726552	0.46679855	0.00725629	0.46530955	0.63984915	0.63891872	0.34898736	0.34892261	0.63981998	0.63890935	0.34906739	0.34885810	59843	54115	0
59843	54120	0.00101505	0.00726371	0.46330308	0.00728406	0.46561847	0.63993124	0.63890812	0.34909944	0.34886862	0.63988218	0.63891700	0.34910881	0.34886936	59843	54119	0
59843	54124	0.00235525	0.00724860	0.46664922	0.00727712	0.46262861	0.63977585	0.63891166	0.34904882	0.34889311	0.63985803	0.63899457	0.34902902	0.34887289	59843	54122	0
59843	54144	0.00075352	0.00729731	0.46455641	0.00734872	0.46936162	0.64001423	0.63903713	0.34911324	0.34893395	0.63994735	0.63894280	0.34905203	0.34892466	59843	54142	0
59843	54147	0.00064945	0.00732898	0.46724798	0.00734308	0.46756016	0.63987865	0.63894058	0.34901719	0.34887790	0.63989492	0.63900122	0.34913231	0.34895071	59843	54145	0
59843	54150	0.00096742	0.00730925	0.46777247	0.00733003	0.46681859	0.63984710	0.63898019	0.34903230	0.34894759	0.63996945	0.63904058	0.34920224	0.34887955	59843	54149	0
59843	54154	0.00175979	0.00732344	0.46649743	0.00736073	0.46412032	0.63992623	0.63892579	0.34909755	0.34886862	0.63990790	0.63893639	0.34906534	0.34897602	59843	54152	0
59843	54157	0.00114242	0.00734145	0.46693491	0.00735233	0.46878700	0.63990108	0.63904954	0.34907692	0.34896542	0.64000684	0.63921454	0.34921152	0.34901990	59843	54155	0
59843	54160	0.00104021	0.00731321	0.46714634	0.00731344	0.46745299	0.63985918	0.63896490	0.34898399	0.34884701	0.64009460	0.63902308	0.34910700	0.34893896	59843	54159	0
59843	54163	0.00290859	0.00727823	0.46949414	0.00730812	0.46388901	0.63989262	0.63915382	0.34905572	0.34899730	0.63999690	0.63903828	0.34923247	0.34906222	59843	54162	0
59843	54167	0.00003269	0.00729409	0.46207791	0.00728587	0.47070562	0.64000585	0.63904420	0.34914562	0.34901431	0.63993888	0.63899046	0.34900535	0.34889927	59843	54165	0
59843	54170	0.00093852	0.00739511	0.46926181	0.00726881	0.46654430	0.63998235	0.63896367	0.34904455	0.34888210	0.63974257	0.63886457	0.34904258	0.34885202	59843	54168	0
59843	54173	0.00158635	0.00727268	0.46818982	0.00728780	0.46624633	0.63977626	0.63888544	0.34901866	0.34878620	0.63977487	0.63883047	0.34897355	0.34877527	59843	54172	0
59843	54176	0.00100224	0.00734246	0.46579972	0.00729369	0.46755206	0.63981431	0.63884682	0.34904151	0.34889984	0.63981217	0.63885849	0.34890946	0.34881833	59843	54175	0
59843	54180	0.00117258	0.00732383	0.46736247	0.00728950	0.46685145	0.63978982	0.63887172	0.34894857	0.34877445	0.63984611	0.63895570	0.34906928	0.34882490	59843	54178	0
59843	54183	-0.00001864	0.00731834	0.46476833	0.00733250	0.46834199	0.63980831	0.63886424	0.34900560	0.34876081	0.63976534	0.63897402	0.34901209	0.34885613	59843	54181	0
59843	54186	-0.00004679	0.00730960	0.46689830	0.00732845	0.46698275	0.63977092	0.63885915	0.34895556	0.34872843	0.63976065	0.63884386	0.34890535	0.34871340	59843	54185	0
59843	54190	0.00134684	0.00733924	0.46765895	0.00732979	0.46347807	0.63986690	0.63886720	0.34900445	0.34882252	0.63982959	0.63880771	0.34894553	0.34877601	59843	54188	0
59843	54193	0.00182923	0.00728934	0.46661692	0.00726835	0.46516974	0.63983033	0.63887895	0.34898185	0.34878028	0.63985909	0.63898331	0.34890239	0.34881775	59843	54191	0
59843	54196	-0.00020648	0.00727159	0.46338309	0.00725052	0.46949020	0.63989172	0.63888117	0.34895013	0.34881151	0.63977462	0.63883450	0.34896336	0.34876549	59843	54194	0
59843	54199	0.00142259	0.00729301	0.46896893	0.00731836	0.46408171	0.63966057	0.63868790	0.34881784	0.34868234	0.63976542	0.63886810	0.34881093	0.34873295	59843	54198	0
59843	54203	0.00159779	0.00726030	0.46644511	0.00729594	0.46591952	0.63975317	0.63876769	0.34881685	0.34864733	0.63963172	0.63869497	0.34876097	0.34857362	59843	54201	0
59843	54206	0.00055166	0.00726686	0.46420370	0.00727186	0.46734210	0.63955005	0.63859472	0.34868086	0.34857814	0.63961135	0.63871502	0.34869466	0.34858135	59843	54204	0
59843	54209	0.00133941	0.00729383	0.46728007	0.00730116	0.46491680	0.63946179	0.63856366	0.34868349	0.34854667	0.63949450	0.63866991	0.34869647	0.34868045	59843	54207	0
59843	54212	0.00062740	0.00727947	0.46548572	0.00731700	0.46762175	0.63944520	0.63854336	0.34862317	0.34847395	0.63947165	0.63850096	0.34859310	0.34852711	59843	54211	0
59843	54216	0.00067467	0.00725591	0.46445704	0.00725498	0.46431522	0.63939729	0.63848223	0.34862178	0.34848003	0.63942317	0.63854328	0.34870699	0.34849564	59843	54214	0
59843	54219	0.00072059	0.00730218	0.46564324	0.00731971	0.46550550	0.63960995	0.63870302	0.34874520	0.34858053	0.63947642	0.63857944	0.34871274	0.34856631	59843	54217	0
59843	54222	0.00169309	0.00726584	0.46742252	0.00736147	0.46450500	0.63943386	0.63854090	0.34857099	0.34844207	0.63943994	0.63849866	0.34867675	0.34848849	59843	54221	0
59843	54242	0.00105439	0.00725281	0.46399276	0.00726425	0.46590887	0.63929195	0.63833161	0.34855324	0.34832497	0.63941685	0.63836817	0.34854930	0.34835718	59843	54241	0
59843	54246	0.00062815	0.00727494	0.46315752	0.00729205	0.46443623	0.63935998	0.63840688	0.34862071	0.34836425	0.63912226	0.63837368	0.34849589	0.34839704	59843	54244	0
59843	54249	0.00049082	0.00722407	0.46480222	0.00727684	0.46521422	0.63919194	0.63837458	0.34852522	0.34836113	0.63928981	0.63830835	0.34857083	0.34838200	59843	54247	0
59843	54252	0.00034949	0.00724987	0.46522242	0.00729003	0.46564641	0.63918718	0.63830129	0.34850550	0.34832399	0.63932942	0.63838313	0.34851019	0.34840772	59843	54251	0
59843	54255	0.00169007	0.00725255	0.46738523	0.00730785	0.46336349	0.63939704	0.63851920	0.34861570	0.34847502	0.63943295	0.63837943	0.34854092	0.34835644	59843	54254	0
59843	54259	0.00223795	0.00731234	0.46593438	0.00732254	0.46429074	0.63934832	0.63893113	0.34853015	0.34877141	0.63932547	0.63847993	0.34854626	0.34846064	59843	54257	0
59843	54262	0.00075523	0.00725917	0.46105014	0.00727645	0.46549830	0.63939458	0.63849242	0.34871027	0.34852539	0.63937691	0.63835429	0.34862819	0.34841815	59843	54260	0
59843	54265	0.00222917	0.00728935	0.46693643	0.00727853	0.46251460	0.63924182	0.63838313	0.34850304	0.34839679	0.63927962	0.63845010	0.34847214	0.34839704	59843	54264	0
59843	54268	0.00140484	0.00735932	0.46538566	0.00731827	0.46785866	0.63931594	0.63842380	0.34853361	0.34848940	0.63940797	0.63844098	0.34843253	0.34832563	59843	54267	0
59843	54272	-0.00001031	0.00730824	0.46510979	0.00732864	0.46935525	0.63936081	0.63839669	0.34848241	0.34833705	0.63926023	0.63835453	0.34854725	0.34838036	59843	54270	0
59843	54275	0.00021517	0.00730579	0.46670491	0.00729050	0.46602846	0.63941200	0.63845552	0.34854684	0.34844133	0.63948834	0.63841493	0.34859638	0.34838323	59843	54273	0
59843	54278	0.00107082	0.00727067	0.46728727	0.00730345	0.46472032	0.63938628	0.63848272	0.34859178	0.34836754	0.63936574	0.63851994	0.34852128	0.34840846	59843	54277	0
59843	54282	0.00088478	0.00732811	0.46663452	0.00731252	0.46719265	0.63932136	0.63842002	0.34856590	0.34839835	0.63941619	0.63844196	0.34853443	0.34836548	59843	54280	0
59843	54285	0.00134759	0.00732942	0.46750395	0.00727979	0.46611550	0.63925842	0.63835042	0.34846811	0.34833204	0.63934766	0.63840219	0.34847551	0.34830369	59843	54283	0
59843	54288	0.00112383	0.00728629	0.46607942	0.00728269	0.46675070	0.63927847	0.63843596	0.34839605	0.34835759	0.63935965	0.63836439	0.34846861	0.34834716	59843	54286	0
59843	54291	0.00099277	0.00730380	0.46699239	0.00727858	0.46738558	0.63927083	0.63827138	0.34847033	0.34832744	0.63920632	0.63833506	0.34843812	0.34832456	59843	54290	0
59843	54295	0.00170729	0.00727750	0.46755849	0.00729127	0.46541493	0.63929827	0.63841838	0.34857116	0.34838488	0.63942457	0.63848708	0.34847945	0.34843968	59843	54293	0
59843	54298	0.00075037	0.00730489	0.46625850	0.00723373	0.46912925	0.63928011	0.63834229	0.34854560	0.34834888	0.63931232	0.63850129	0.34856187	0.34838299	59843	54296	0
59843	54301	0.00132464	0.00729965	0.46619688	0.00730251	0.46447408	0.63929983	0.63835831	0.34848291	0.34832530	0.63928718	0.63839241	0.34850616	0.34829901	59843	54299	0
59843	54304	0.00189458	0.00729764	0.46860690	0.00728356	0.46689706	0.63930320	0.63829981	0.34847535	0.34833253	0.63934125	0.63839619	0.34857905	0.34831191	59843	54303	0
59843	54308	0.00043443	0.00736166	0.46471824	0.00724998	0.46909871	0.63933772	0.63838518	0.34850871	0.34833138	0.63937724	0.63854082	0.34865768	0.34840402	59843	54306	0
59843	54311	0.00038186	0.00728188	0.46535924	0.00729578	0.46551695	0.63923418	0.63830901	0.34843286	0.34829169	0.63933960	0.63835881	0.34842834	0.34833196	59843	54309	0
59843	54314	0.00123229	0.00729759	0.46938543	0.00726305	0.46683414	0.63932942	0.63838789	0.34855735	0.34840575	0.63927937	0.63835412	0.34849909	0.34832374	59843	54313	0
59843	54317	0.00092445	0.00726545	0.46699303	0.00728096	0.46791653	0.63920747	0.63829578	0.34842004	0.34829243	0.63917321	0.63835231	0.34842144	0.34832497	59843	54316	0
59843	54321	0.00031285	0.00728599	0.46570900	0.00727097	0.46754380	0.63935390	0.63843670	0.34845973	0.34820032	0.63937469	0.63834303	0.34849194	0.34828052	59843	54319	0
59843	54341	-0.00028337	0.00725201	0.46357132	0.00727809	0.46535998	0.63932013	0.63837680	0.34840665	0.34827148	0.63928948	0.63874567	0.34846236	0.34845579	59843	54339	0
59843	54344	0.00063071	0.00721318	0.46596095	0.00726161	0.46321870	0.63929490	0.63826077	0.34843681	0.34834535	0.63936122	0.63837212	0.34851241	0.34836499	59843	54343	0
59843	54347	0.00074725	0.00720628	0.46509275	0.00729908	0.46474315	0.63937831	0.63846259	0.34849351	0.34829465	0.63930600	0.63835963	0.34844313	0.34817246	59843	54346	0
59843	54351	0.00115541	0.00726952	0.46431920	0.00726937	0.46309473	0.63922029	0.63834968	0.34845217	0.34823146	0.63939540	0.63853679	0.34845250	0.34832062	59843	54349	0
59843	54354	0.00117419	0.00725202	0.46570904	0.00727414	0.46565270	0.63945317	0.63847820	0.34853098	0.34829761	0.63941224	0.63839767	0.34847009	0.34827641	59843	54352	0
59843	54357	0.00154359	0.00723022	0.46580162	0.00724198	0.46469342	0.63939104	0.63840770	0.34848176	0.34829128	0.63932687	0.63834919	0.34836819	0.34824338	59843	54356	0
59843	54361	0.00067454	0.00717710	0.46565108	0.00724414	0.46825822	0.63915225	0.63831164	0.34836178	0.34818397	0.63931660	0.63837623	0.34841799	0.34830878	59843	54359	0
59843	54364	0.00036147	0.00727308	0.46470295	0.00726626	0.46564216	0.63927666	0.63843169	0.34832678	0.34822785	0.63932399	0.63854969	0.34851249	0.34832111	59843	54362	0
59843	54367	0.00047300	0.00727547	0.46578050	0.00726038	0.46544591	0.63938135	0.63843161	0.34845119	0.34825406	0.63946434	0.63856399	0.34852629	0.34837896	59843	54365	0
59843	54370	0.00006435	0.00722605	0.46392148	0.00728213	0.46514742	0.63940058	0.63848453	0.34847921	0.34833516	0.63944314	0.63835535	0.34843944	0.34827361	59843	54369	0
59843	54374	0.00160603	0.00724522	0.46826161	0.00727040	0.46363656	0.63932317	0.63857927	0.34843796	0.34840123	0.63925579	0.63858552	0.34840304	0.34826918	59843	54372	0
59843	54377	0.00049401	0.00728703	0.46406145	0.00725977	0.46739753	0.63918849	0.63836497	0.34837888	0.34823212	0.63930633	0.63835585	0.34833426	0.34822768	59843	54375	0
59843	54380	0.00200504	0.00727932	0.46744108	0.00722404	0.46290797	0.63926204	0.63836719	0.34849622	0.34828454	0.63928397	0.63838222	0.34845727	0.34824798	59843	54378	0
59843	54383	0.00024496	0.00721935	0.46274818	0.00723052	0.46802844	0.63926532	0.63827639	0.34842571	0.34830517	0.63927165	0.63839989	0.34849614	0.34831298	59843	54382	0
59843	54387	0.00125625	0.00724558	0.46558263	0.00725191	0.46254876	0.63918915	0.63840951	0.34845324	0.34833097	0.63923927	0.63835585	0.34843295	0.34823031	59843	54385	0
59843	54390	0.00075382	0.00723644	0.46337465	0.00730111	0.46488192	0.63916384	0.63829898	0.34835702	0.34822513	0.63929646	0.63830622	0.34840764	0.34822152	59843	54388	0
59843	54393	0.00104859	0.00729868	0.46679651	0.00730396	0.46591221	0.63925932	0.63833440	0.34839482	0.34818643	0.63915661	0.63829693	0.34835948	0.34815274	59843	54392	0
59843	54396	0.00047206	0.00727544	0.46568213	0.00729233	0.46741172	0.63919268	0.63822330	0.34826121	0.34810097	0.63931060	0.63837499	0.34836885	0.34829868	59843	54395	0
59843	54400	0.00109621	0.00729918	0.46758055	0.00728349	0.46570810	0.63925916	0.63841000	0.34830911	0.34828586	0.63925842	0.63848740	0.34838151	0.34827386	59843	54398	0
59843	54403	0.00207303	0.00724384	0.46856229	0.00725686	0.46563184	0.63933887	0.63841378	0.34839416	0.34831528	0.63930337	0.63836259	0.34847239	0.34836170	59843	54401	0
59843	54406	0.00121157	0.00727766	0.46552707	0.00725811	0.46811145	0.63927617	0.63827088	0.34848397	0.34830369	0.63933303	0.63834919	0.34840895	0.34826696	59843	54405	0
59843	54409	0.00119234	0.00724855	0.46736114	0.00729806	0.46741882	0.63925480	0.63843506	0.34845530	0.34842736	0.63915858	0.63838863	0.34842958	0.34832095	59843	54408	0
59843	54413	0.00110008	0.00728816	0.46587302	0.00726308	0.46614980	0.63928233	0.63837590	0.34845094	0.34825661	0.63921881	0.63828633	0.34838907	0.34826638	59843	54411	0
59843	54416	0.00114249	0.00727448	0.46719414	0.00722621	0.46706691	0.63930912	0.63829981	0.34833549	0.34822637	0.63915916	0.63855717	0.34840690	0.34840624	59843	54414	0
59843	54419	0.00099288	0.00722949	0.46669834	0.00731435	0.46714717	0.63914979	0.63821624	0.34836951	0.34814493	0.63918093	0.63820646	0.34835094	0.34821552	59843	54418	0
59843	54440	0.00036277	0.00733987	0.46668127	0.00732118	0.46857160	0.63900476	0.63821854	0.34836063	0.34821001	0.63917378	0.63817638	0.34822135	0.34805980	59843	54438	0
59843	54443	0.00069513	0.00728280	0.46700194	0.00724343	0.46600486	0.63919893	0.63806208	0.34835110	0.34808766	0.63921413	0.63825305	0.34838216	0.34817484	59843	54441	0
59843	54446	0.00106700	0.00727583	0.46797590	0.00729308	0.46686028	0.63904247	0.63810991	0.34837107	0.34813286	0.63905677	0.63817302	0.34818799	0.34810968	59843	54444	0
59843	54449	0.00170865	0.00728236	0.46641024	0.00728663	0.46448530	0.63904510	0.63812067	0.34820015	0.34809325	0.63912563	0.63822421	0.34830698	0.34821116	59843	54448	0
59843	54453	0.00053487	0.00733363	0.46442763	0.00722865	0.46794898	0.63903130	0.63821698	0.34821330	0.34808733	0.63906334	0.63829915	0.34819596	0.34814773	59843	54451	0
59843	54456	0.00081136	0.00728303	0.46391651	0.00725361	0.46308702	0.63902045	0.63811681	0.34815455	0.34801231	0.63910246	0.63810292	0.34820804	0.34798265	59843	54454	0
59843	54459	0.00053504	0.00728638	0.46353858	0.00732126	0.46436755	0.63910509	0.63813957	0.34817427	0.34799711	0.63897600	0.63813135	0.34812299	0.34794329	59843	54457	0
59843	54462	0.00117901	0.00727270	0.46621626	0.00735248	0.46428435	0.63900188	0.63812355	0.34820780	0.34806802	0.63910739	0.63810243	0.34820591	0.34814765	59843	54461	0
59843	54466	0.00090730	0.00730251	0.46416531	0.00723671	0.46498043	0.63902612	0.63807942	0.34819761	0.34808413	0.63899153	0.63808476	0.34824855	0.34803778	59843	54464	0
59843	54469	0.00066863	0.00730460	0.46226073	0.00727328	0.46297674	0.63905496	0.63812240	0.34825611	0.34801362	0.63910361	0.63813185	0.34833130	0.34814945	59843	54467	0
59843	54472	0.00213965	0.00730442	0.46741547	0.00730427	0.46300241	0.63902965	0.63805551	0.34818372	0.34804452	0.63914576	0.63799577	0.34830574	0.34800960	59843	54471	0
59843	54475	0.00104859	0.00728540	0.46261537	0.00731056	0.46588855	0.63903910	0.63804861	0.34813984	0.34798347	0.63909490	0.63801245	0.34809604	0.34798445	59843	54474	0
59843	54479	0.00107404	0.00730610	0.46531823	0.00728480	0.46524186	0.63896737	0.63829110	0.34821338	0.34816844	0.63897624	0.63811476	0.34813540	0.34797451	59843	54477	0
59843	54482	-0.00002033	0.00727712	0.46195291	0.00726751	0.46523602	0.63919490	0.63809356	0.34829860	0.34809703	0.63895365	0.63811936	0.34818602	0.34796399	59843	54480	0
59843	54485	0.00108321	0.00729590	0.46658158	0.00724506	0.46327098	0.63903713	0.63806225	0.34822250	0.34802825	0.63914617	0.63809791	0.34829942	0.34813064	59843	54484	0
59843	54488	-0.00027353	0.00730270	0.46343440	0.00726210	0.46750462	0.63914864	0.63821542	0.34824683	0.34811954	0.63915119	0.63814023	0.34827690	0.34813894	59843	54487	0
59843	54492	0.00131105	0.00728635	0.46777856	0.00727728	0.46302483	0.63909695	0.63815255	0.34818084	0.34802201	0.63899974	0.63806595	0.34821363	0.34804074	59843	54490	0
59843	54495	0.00071453	0.00726009	0.46426518	0.00724265	0.46605474	0.63911758	0.63811328	0.34829999	0.34815019	0.63899974	0.63809725	0.34832358	0.34806695	59843	54493	0
59843	54498	-0.00018600	0.00726180	0.46264846	0.00727364	0.46535005	0.63906852	0.63814253	0.34830476	0.34812562	0.63898709	0.63807071	0.34817920	0.34808092	59843	54497	0
59843	54502	0.00094467	0.00723601	0.46601066	0.00727645	0.46261864	0.63908800	0.63821583	0.34820985	0.34814995	0.63908463	0.63834870	0.34825463	0.34826827	59843	54500	0
59843	54505	0.00113854	0.00728760	0.46448803	0.00725791	0.46390642	0.63903286	0.63814138	0.34833919	0.34818775	0.63906302	0.63807622	0.34831380	0.34813335	59843	54503	0
59843	54508	0.00160981	0.00729025	0.46483727	0.00725270	0.46342345	0.63902448	0.63820260	0.34826901	0.34812390	0.63910287	0.63813883	0.34830829	0.34809538	59843	54506	0
59843	54511	0.00057321	0.00728461	0.46473872	0.00725891	0.46784851	0.63909399	0.63817655	0.34829712	0.34818429	0.63914897	0.63825749	0.34826080	0.34819038	59843	54510	0
59843	54515	0.00056319	0.00726115	0.46330395	0.00730314	0.46333402	0.63906934	0.63811541	0.34827608	0.34806745	0.63919416	0.63821681	0.34823401	0.34814173	59843	54513	0
59843	54518	0.00145771	0.00734874	0.46846850	0.00728732	0.46578495	0.63926138	0.63833489	0.34842325	0.34815660	0.63929055	0.63830235	0.34834354	0.34815734	59843	54516	0
59843	54538	0.00096203	0.00725843	0.46719745	0.00728958	0.46868450	0.63930131	0.63840145	0.34846623	0.34829112	0.63917050	0.63861140	0.34841783	0.34844642	59843	54536	0
59843	54541	0.00041236	0.00730227	0.46622027	0.00730263	0.46786929	0.63949294	0.63842290	0.34848825	0.34832456	0.63931520	0.63836867	0.34847970	0.34831675	59843	54540	0
59843	54545	0.00126993	0.00731301	0.46839200	0.00729055	0.46581927	0.63931586	0.63843695	0.34851093	0.34839202	0.63926245	0.63844057	0.34848660	0.34834962	59843	54543	0
59843	54548	0.00052409	0.00728700	0.46683915	0.00733755	0.46907667	0.63935160	0.63837072	0.34855670	0.34841470	0.63944996	0.63837294	0.34856228	0.34839285	59843	54546	0
59843	54551	0.00005896	0.00729110	0.46627287	0.00733073	0.46766826	0.63939450	0.63845363	0.34847239	0.34838323	0.63930033	0.63835815	0.34861003	0.34840057	59843	54550	0
59843	54554	0.00038215	0.00728329	0.46701341	0.00731699	0.46604385	0.63942564	0.63851962	0.34856984	0.34843204	0.63938398	0.63849406	0.34859351	0.34844724	59843	54553	0
59843	54558	0.00131724	0.00729249	0.46724094	0.00726948	0.46443566	0.63942145	0.63846801	0.34866870	0.34846014	0.63946492	0.63851871	0.34862293	0.34841257	59843	54556	0
59843	54561	0.00140952	0.00730688	0.46564849	0.00728482	0.46537165	0.63951184	0.63856267	0.34860986	0.34839293	0.63940731	0.63851715	0.34859441	0.34845513	59843	54559	0
59843	54564	0.00129634	0.00729073	0.46452352	0.00725332	0.46486306	0.63944306	0.63848141	0.34866048	0.34843705	0.63937502	0.63855955	0.34855382	0.34846286	59843	54563	0
59843	54568	0.00074751	0.00728781	0.46482370	0.00723798	0.46647019	0.63948201	0.63852364	0.34866155	0.34851832	0.63955514	0.63862586	0.34867511	0.34853221	59843	54566	0
59843	54571	-0.00154225	0.00726378	0.46188416	0.00726549	0.46875344	0.63966459	0.63856128	0.34861438	0.34845735	0.63935892	0.63852701	0.34856730	0.34841281	59843	54569	0
59843	54574	0.00157038	0.00726947	0.47177122	0.00726021	0.46243335	0.63952014	0.63849546	0.34855694	0.34845776	0.63945054	0.63851395	0.34864100	0.34849005	59843	54572	0
59843	54577	0.00028199	0.00725457	0.46369338	0.00728349	0.46755854	0.63947617	0.63869793	0.34864824	0.34853172	0.63968760	0.63857861	0.34876985	0.34849696	59843	54576	0
59843	54581	0.00135236	0.00728129	0.46753901	0.00730211	0.46432791	0.63954873	0.63860992	0.34874479	0.34844355	0.63945070	0.63857738	0.34857740	0.34848595	59843	54579	0
59843	54584	0.00142280	0.00728029	0.46353157	0.00725107	0.46332024	0.63957231	0.63871223	0.34865054	0.34854914	0.63954988	0.63863852	0.34869992	0.34846910	59843	54582	0
59843	54587	0.00146256	0.00726607	0.46572356	0.00728014	0.46560427	0.63966796	0.63855741	0.34862679	0.34848636	0.63951685	0.63857574	0.34869269	0.34847633	59843	54585	0
59843	54590	0.00120686	0.00731243	0.46377076	0.00728139	0.46453787	0.63963222	0.63866259	0.34865078	0.34854445	0.63973847	0.63884354	0.34874783	0.34862350	59843	54589	0
59843	54594	0.00029896	0.00729261	0.46390035	0.00728341	0.46662404	0.63975917	0.63879744	0.34887470	0.34855653	0.63973238	0.63873293	0.34873624	0.34865916	59843	54592	0
59843	54597	0.00067639	0.00728910	0.46416792	0.00727163	0.46303566	0.63968645	0.63897370	0.34878883	0.34870617	0.63957749	0.63876021	0.34879639	0.34863870	59843	54595	0
59843	54600	0.00022397	0.00725685	0.46408682	0.00725614	0.46544408	0.63974529	0.63891650	0.34882696	0.34877774	0.63987167	0.63877262	0.34899697	0.34871241	59843	54599	0
59843	54603	0.00043074	0.00728954	0.46568310	0.00721900	0.46506277	0.63965580	0.63879431	0.34876426	0.34858463	0.63971907	0.63879604	0.34876632	0.34859055	59843	54602	0
59843	54607	0.00043011	0.00731643	0.46541211	0.00728514	0.46541400	0.63966837	0.63879390	0.34880642	0.34864955	0.63969171	0.63887180	0.34885095	0.34867790	59843	54605	0
59843	54610	-0.00014248	0.00725191	0.46264987	0.00728457	0.46436764	0.64006148	0.63880771	0.34911086	0.34864914	0.63965670	0.63880015	0.34874610	0.34868464	59843	54608	0
59843	54613	0.00114695	0.00730409	0.46707875	0.00728987	0.46321046	0.63975457	0.63870417	0.34883657	0.34865547	0.63988892	0.63904527	0.34884495	0.34883025	59843	54612	0
59843	54616	0.00118389	0.00727992	0.46574546	0.00731015	0.46563465	0.63980116	0.63885611	0.34887758	0.34864758	0.63978276	0.63888257	0.34883822	0.34865892	59843	54615	0
59843	54637	0.00041711	0.00730885	0.46464228	0.00731707	0.46694263	0.63996008	0.63909210	0.34904668	0.34888210	0.63999098	0.63906942	0.34903198	0.34887010	59843	54635	0
59843	54640	-0.00059144	0.00729481	0.46297042	0.00731294	0.46599608	0.64015343	0.63914272	0.34919583	0.34885309	0.64000610	0.63904108	0.34901119	0.34891151	59843	54638	0
59843	54643	0.00013317	0.00727874	0.46602914	0.00728984	0.46385530	0.63991891	0.63910131	0.34904619	0.34887856	0.63998786	0.63911667	0.34901078	0.34888892	59843	54642	0
59843	54646	0.00069943	0.00734362	0.46695518	0.00730403	0.46525641	0.64001160	0.63902037	0.34901677	0.34895983	0.64010906	0.63920525	0.34913247	0.34903732	59843	54645	0
59843	54650	0.00056998	0.00728243	0.46530837	0.00729157	0.46569672	0.64013223	0.63912144	0.34910338	0.34892425	0.64020347	0.63922900	0.34925261	0.34896821	59843	54648	0
59843	54653	0.00117423	0.00730822	0.46800764	0.00734545	0.46619489	0.64029608	0.63929967	0.34927800	0.34906501	0.64010783	0.63913492	0.34918227	0.34906279	59843	54651	0
59843	54656	0.00119355	0.00728762	0.46747769	0.00731718	0.46741973	0.64012147	0.63927946	0.34912204	0.34905827	0.64012311	0.63935620	0.34917750	0.34911891	59843	54655	0
59843	54660	0.00104255	0.00727648	0.46670289	0.00728957	0.46715589	0.64026428	0.63907920	0.34917134	0.34902286	0.64031104	0.63919293	0.34928926	0.34905811	59843	54658	0
59843	54663	0.00105715	0.00727939	0.46655523	0.00729484	0.46651143	0.64025286	0.63923328	0.34928359	0.34904989	0.64019049	0.63927313	0.34930520	0.34913477	59843	54661	0
59843	54666	0.00096689	0.00731466	0.46738090	0.00726341	0.46765169	0.64020824	0.63936491	0.34930840	0.34917758	0.64024571	0.63926614	0.34931637	0.34913140	59843	54664	0
59843	54669	0.00057149	0.00731415	0.46588824	0.00731676	0.46707444	0.64023988	0.63929720	0.34934193	0.34922919	0.64029699	0.63936837	0.34927948	0.34914250	59843	54668	0
59843	54673	0.00101956	0.00731203	0.46656319	0.00731512	0.46521897	0.64022887	0.63931380	0.34923773	0.34918391	0.64025532	0.63927740	0.34932837	0.34916345	59843	54671	0
59843	54676	0.00203574	0.00732001	0.46783802	0.00724960	0.46478947	0.64025664	0.63954791	0.34936830	0.34937192	0.64023478	0.63938776	0.34934028	0.34915334	59843	54674	0
59843	54679	0.00062840	0.00731283	0.46422805	0.00732387	0.46845009	0.64023766	0.63939408	0.34931465	0.34920610	0.64030101	0.63958431	0.34927578	0.34923313	59843	54678	0
59843	54682	0.00149192	0.00731550	0.46841286	0.00729374	0.46582229	0.64042986	0.63940107	0.34926165	0.34911111	0.64043668	0.63940214	0.34937636	0.34909788	59843	54681	0
59843	54686	-0.00028948	0.00739498	0.46480590	0.00732118	0.47015012	0.64037341	0.63943624	0.34933831	0.34920684	0.64039411	0.63934782	0.34932278	0.34917085	59843	54684	0
59843	54689	0.00032659	0.00726610	0.46931135	0.00731163	0.46746313	0.64037267	0.63978662	0.34937685	0.34942336	0.64039485	0.63944955	0.34933618	0.34913017	59843	54687	0
59843	54692	0.00220845	0.00733358	0.46896805	0.00730206	0.46332248	0.64027135	0.63938217	0.34937636	0.34928252	0.64028417	0.63940288	0.34934973	0.34922179	59843	54691	0
59843	54695	0.00101911	0.00734062	0.46566018	0.00731648	0.46922821	0.64028589	0.63935004	0.34931941	0.34915910	0.64036494	0.63947642	0.34933478	0.34922524	59843	54694	0
59843	54699	0.00178743	0.00731670	0.46792073	0.00729381	0.46561575	0.64031112	0.63949918	0.34938194	0.34927126	0.64036921	0.63944774	0.34939312	0.34916115	59843	54697	0
59843	54702	0.00133250	0.00731015	0.46561462	0.00725668	0.46697941	0.64043010	0.63942753	0.34934234	0.34915425	0.64030224	0.63939113	0.34934053	0.34920462	59843	54700	0
59843	54705	0.00121665	0.00731682	0.46518170	0.00731169	0.46552925	0.64035796	0.63948332	0.34935902	0.34917775	0.64038113	0.63942572	0.34930429	0.34916238	59843	54704	0
59843	54709	0.00234837	0.00727102	0.46508895	0.00734138	0.46169381	0.64043512	0.63957223	0.34937184	0.34917939	0.64024316	0.63942342	0.34933371	0.34921358	59843	54707	0
59843	54712	0.00204935	0.00727454	0.46576189	0.00726822	0.46665895	0.64053890	0.63948094	0.34939189	0.34918720	0.64032583	0.63943903	0.34937759	0.34917052	59843	54710	0
59843	54715	0.00095655	0.00731468	0.46322224	0.00731471	0.46650062	0.64036683	0.63938825	0.34936600	0.34920873	0.64028030	0.63940197	0.34928827	0.34902984	59843	54713	0
59843	54735	0.00027386	0.00730094	0.46378712	0.00724638	0.46583521	0.64028540	0.63942925	0.34930117	0.34923823	0.64034448	0.63934618	0.34935171	0.34914373	59843	54734	0
59843	54739	0.00101733	0.00722623	0.46512751	0.00726197	0.46289709	0.64027505	0.63935686	0.34923395	0.34917742	0.64022813	0.63937477	0.34932870	0.34914365	59843	54737	0
59843	54742	0.00177614	0.00726049	0.46688375	0.00726643	0.46460730	0.64033068	0.63933689	0.34930709	0.34907865	0.64051877	0.63934117	0.34930437	0.34910141	59843	54740	0
59843	54745	0.00112542	0.00727518	0.46354343	0.00728298	0.46549562	0.64033873	0.63932909	0.34917898	0.34907750	0.64026749	0.63935292	0.34925351	0.34912697	59843	54743	0
59843	54748	0.00257594	0.00724272	0.46847709	0.00728992	0.46412552	0.64028376	0.63946147	0.34923979	0.34922393	0.64031876	0.63938463	0.34931580	0.34918613	59843	54747	0
59843	54752	0.00193536	0.00725588	0.46396541	0.00729807	0.46588716	0.64036338	0.63926754	0.34936896	0.34907183	0.64017578	0.63933648	0.34912163	0.34913642	59843	54750	0
59843	54755	0.00161471	0.00729172	0.46403681	0.00726473	0.46499876	0.64025524	0.63938201	0.34918539	0.34919517	0.64024103	0.63942646	0.34928876	0.34916633	59843	54753	0
59843	54758	0.00096159	0.00726865	0.46527836	0.00728621	0.46723771	0.64026379	0.63930838	0.34930503	0.34907290	0.64013355	0.63921068	0.34926608	0.34904529	59843	54756	0
59843	54761	0.00002271	0.00724624	0.46214390	0.00727036	0.46496054	0.64014513	0.63926705	0.34917709	0.34904857	0.64020545	0.63924864	0.34915589	0.34903189	59843	54760	0
59843	54765	0.00125240	0.00732667	0.46712258	0.00731443	0.46343354	0.64021974	0.63930402	0.34916279	0.34900059	0.64021333	0.63929909	0.34922270	0.34908218	59843	54763	0
59843	54768	0.00052579	0.00731104	0.46419050	0.00730333	0.46637032	0.64012500	0.63932703	0.34907249	0.34901554	0.64017504	0.63926015	0.34921053	0.34905687	59843	54766	0
59843	54771	0.00150382	0.00729988	0.46693730	0.00732386	0.46400320	0.64016411	0.63931840	0.34919607	0.34912269	0.64026231	0.63928710	0.34920478	0.34905507	59843	54770	0
59843	54774	0.00093271	0.00728921	0.46515647	0.00735173	0.46686979	0.64017891	0.63928496	0.34918901	0.34906936	0.64007118	0.63916294	0.34911464	0.34903535	59843	54773	0
59843	54778	0.00025426	0.00733053	0.46576468	0.00732868	0.46780004	0.64009977	0.63909975	0.34915597	0.34894422	0.64005852	0.63917041	0.34913288	0.34897610	59843	54776	0
59843	54781	0.00155659	0.00730205	0.47035595	0.00731335	0.46644896	0.63992993	0.63905274	0.34915630	0.34897717	0.64004759	0.63904116	0.34919049	0.34901677	59843	54779	0
59843	54784	0.00107662	0.00732779	0.46622757	0.00733091	0.46766749	0.64000051	0.63919301	0.34912064	0.34897306	0.64011300	0.63923894	0.34916353	0.34900083	59843	54783	0
59843	54787	0.00025460	0.00732564	0.46567900	0.00730652	0.46814506	0.64007299	0.63919030	0.34917274	0.34896838	0.64020142	0.63915727	0.34923897	0.34901645	59843	54786	0
59843	54791	0.00204427	0.00732887	0.46943024	0.00727440	0.46406121	0.64019246	0.63924437	0.34920240	0.34907528	0.64011834	0.63921068	0.34913855	0.34900412	59843	54789	0
59843	54794	0.00031585	0.00728084	0.46541795	0.00726346	0.47060323	0.64017110	0.63924946	0.34921875	0.34904915	0.64000717	0.63919055	0.34923412	0.34902918	59843	54792	0
59843	54797	0.00098541	0.00725140	0.46755662	0.00733688	0.46554794	0.64009764	0.63926195	0.34925614	0.34903083	0.64011062	0.63924503	0.34913863	0.34900108	59843	54796	0
59843	54801	0.00147478	0.00730690	0.46699381	0.00732109	0.46552569	0.64011892	0.63921659	0.34909344	0.34903083	0.64016444	0.63916450	0.34929558	0.34903666	59843	54799	0
59843	54804	0.00104750	0.00731162	0.46821176	0.00729906	0.46949361	0.64016863	0.63920928	0.34918473	0.34903510	0.64011284	0.63910706	0.34908867	0.34897544	59843	54802	0
59843	54807	0.00107439	0.00729399	0.46574754	0.00732716	0.46566686	0.64013708	0.63924108	0.34910766	0.34908867	0.63999065	0.63922440	0.34910412	0.34896213	59843	54805	0
59843	54810	0.00035412	0.00728591	0.46534550	0.00731139	0.46750631	0.64018121	0.63910344	0.34916411	0.34891086	0.64010068	0.63907970	0.34912927	0.34901349	59843	54809	0
59843	54814	0.00048342	0.00733517	0.46738897	0.00737087	0.46700108	0.64001243	0.63915308	0.34907709	0.34898004	0.64016058	0.63922103	0.34913954	0.34902442	59843	54812	0
59843	54834	0.00183333	0.00733592	0.46707129	0.00730303	0.46302157	0.64014521	0.63939211	0.34917356	0.34908169	0.64006633	0.63928784	0.34908038	0.34896402	59843	54832	0
59843	54837	0.00172068	0.00730979	0.46562866	0.00726078	0.46596660	0.64019411	0.63933131	0.34919583	0.34904940	0.64016839	0.63921314	0.34909245	0.34894340	59843	54836	0
59843	54840	0.00178253	0.00728600	0.46524014	0.00727050	0.46505457	0.64004390	0.63924609	0.34910766	0.34891086	0.64024020	0.63922473	0.34915104	0.34898497	59843	54839	0
59843	54844	0.00052593	0.00729677	0.46365919	0.00730513	0.46742901	0.64022492	0.63927453	0.34921851	0.34901143	0.64020865	0.63930140	0.34914250	0.34896796	59843	54842	0
59843	54847	0.00113228	0.00729914	0.46628706	0.00729409	0.46446800	0.64017381	0.63932071	0.34908062	0.34894364	0.64019353	0.63925061	0.34915310	0.34897380	59843	54845	0
59843	54850	0.00004723	0.00728797	0.46373596	0.00731083	0.46699109	0.64040249	0.63922440	0.34935146	0.34901119	0.64019517	0.63931857	0.34908169	0.34897996	59843	54849	0
59843	54853	0.00006639	0.00729403	0.46398104	0.00735511	0.46392356	0.64026576	0.63920747	0.34916756	0.34898284	0.64015803	0.63944306	0.34920651	0.34914587	59843	54852	0
59843	54857	0.00127506	0.00730575	0.46902037	0.00731525	0.46539438	0.64029699	0.63934100	0.34922985	0.34910215	0.64027406	0.63937568	0.34919468	0.34899377	59843	54855	0
59843	54860	0.00105871	0.00731147	0.46471386	0.00730941	0.46536291	0.64016485	0.63916795	0.34912360	0.34895284	0.64010290	0.63931528	0.34915573	0.34892219	59843	54858	0
59843	54863	0.00064780	0.00729237	0.46404362	0.00731527	0.46527634	0.64013264	0.63926458	0.34911596	0.34902976	0.64033281	0.63928578	0.34920684	0.34899541	59843	54862	0
59843	54867	0.00130367	0.00729429	0.46601392	0.00734000	0.46404631	0.64024292	0.63932942	0.34912327	0.34904217	0.64019846	0.63924264	0.34913683	0.34895868	59843	54865	0
59843	54870	0.00157283	0.00727858	0.46461020	0.00731480	0.46380273	0.64016609	0.63925834	0.34914020	0.34901965	0.64001736	0.63910509	0.34910667	0.34889598	59843	54868	0
59843	54873	0.00101239	0.00731712	0.46378318	0.00730793	0.46546450	0.64015097	0.63927822	0.34920774	0.34903576	0.64032558	0.63933311	0.34922171	0.34904110	59843	54871	0
59843	54876	-0.00006725	0.00733716	0.46457803	0.00731639	0.46781695	0.64017858	0.63929975	0.34911472	0.34899648	0.64021564	0.63933887	0.34915030	0.34902417	59843	54875	0
59843	54880	0.00123631	0.00728327	0.46564272	0.00732079	0.46173203	0.64014480	0.63930041	0.34916797	0.34904364	0.64009312	0.63914363	0.34911891	0.34890650	59843	54878	0
59843	54883	0.00054446	0.00733697	0.46502823	0.00731620	0.46710380	0.64010709	0.63925595	0.34903140	0.34892565	0.64020027	0.63924716	0.34919188	0.34899171	59843	54881	0
59843	54886	0.00014619	0.00731208	0.46287765	0.00732599	0.46407244	0.64015121	0.63925809	0.34910544	0.34894808	0.64013667	0.63911503	0.34913214	0.34885424	59843	54884	0
59843	54889	0.00045821	0.00733355	0.46532139	0.00730609	0.46438536	0.64014719	0.63926171	0.34909492	0.34887076	0.64004718	0.63916598	0.34903041	0.34889081	59843	54888	0
59843	54893	0.00122939	0.00729916	0.46564930	0.00727821	0.46333576	0.64011752	0.63918627	0.34899500	0.34887043	0.64028745	0.63909268	0.34924381	0.34893846	59843	54891	0
59843	54896	0.00026149	0.00728337	0.46442653	0.00729019	0.46733021	0.64000610	0.63918208	0.34900026	0.34886016	0.64007981	0.63925308	0.34909804	0.34893460	59843	54894	0
59843	54899	0.00005459	0.00728244	0.46475578	0.00734427	0.46537650	0.64001210	0.63916861	0.34904611	0.34889048	0.64000733	0.63920008	0.34901053	0.34887577	59843	54898	0
59843	54902	0.00029864	0.00730066	0.46652011	0.00731298	0.46578795	0.64004176	0.63905414	0.34901275	0.34885687	0.64012212	0.63912530	0.34911481	0.34895383	59843	54901	0
59843	54906	0.00134761	0.00729466	0.46754579	0.00731667	0.46439887	0.64007134	0.63921758	0.34898990	0.34895704	0.63998153	0.63908471	0.34909385	0.34890880	59843	54904	0
59843	54909	0.00098908	0.00727681	0.46667549	0.00730527	0.46775109	0.64004669	0.63916861	0.34911604	0.34895358	0.64018926	0.63918208	0.34904800	0.34883353	59843	54907	0
59843	54912	-0.00009442	0.00733761	0.46501694	0.00732258	0.46826744	0.64001226	0.63925826	0.34908876	0.34892622	0.64009139	0.63922456	0.34906098	0.34891332	59843	54911	0
59843	54932	0.00132307	0.00735177	0.46960637	0.00733824	0.46535388	0.64001686	0.63906704	0.34902540	0.34886944	0.63998235	0.63908832	0.34905556	0.34889541	59843	54931	0
59843	54936	0.00190115	0.00731622	0.46828839	0.00733296	0.46655416	0.63989254	0.63913590	0.34897322	0.34888390	0.64015286	0.63913352	0.34916296	0.34892828	59843	54934	0
59843	54939	-0.00048554	0.00730537	0.46603482	0.00732638	0.47319488	0.64009895	0.63912842	0.34903362	0.34893469	0.63984011	0.63896868	0.34902811	0.34887018	59843	54937	0
59843	54942	0.00103868	0.00733609	0.46789958	0.00730872	0.46332695	0.63986493	0.63897706	0.34891883	0.34881447	0.63977035	0.63891576	0.34894142	0.34889516	59843	54941	0
59843	54945	0.00037854	0.00736731	0.46425858	0.00733835	0.46623898	0.64010117	0.63898577	0.34917528	0.34886903	0.63988777	0.63886539	0.34901677	0.34879401	59843	54944	0
59843	54949	0.00016812	0.00737138	0.46536138	0.00732951	0.46599266	0.63981078	0.63892258	0.34889598	0.34880140	0.63989508	0.63897427	0.34894882	0.34880962	59843	54947	0
59843	54952	-0.00006280	0.00725948	0.46628468	0.00728476	0.46697742	0.63993518	0.63909136	0.34894915	0.34896065	0.63985844	0.63894313	0.34898136	0.34879335	59843	54950	0
59843	54955	0.00117756	0.00730329	0.46809540	0.00736399	0.46437434	0.64005910	0.63906491	0.34902614	0.34882540	0.63983978	0.63896367	0.34888259	0.34877478	59843	54954	0
59843	54959	0.00162507	0.00732280	0.46617604	0.00734144	0.46483349	0.63996485	0.63913516	0.34894003	0.34886632	0.63983066	0.63925743	0.34893477	0.34904775	59843	54957	0
59843	54962	0.00047306	0.00735976	0.46330571	0.00732111	0.46676176	0.63986797	0.63894863	0.34892285	0.34879368	0.63985844	0.63894494	0.34895087	0.34875325	59843	54960	0
59843	54965	0.00077359	0.00731934	0.46626493	0.00730627	0.46536334	0.63980839	0.63890122	0.34884495	0.34870559	0.64001448	0.63893031	0.34894800	0.34877190	59843	54963	0
59843	54968	0.00080922	0.00730633	0.46593114	0.00731517	0.46582425	0.63985227	0.63890549	0.34898686	0.34873320	0.63980346	0.63885726	0.34880674	0.34876089	59843	54967	0
59843	54972	0.00064915	0.00733963	0.46461035	0.00730911	0.46509055	0.63988038	0.63888947	0.34888251	0.34862531	0.63985729	0.63896622	0.34888653	0.34875777	59843	54970	0
59843	54975	0.00072769	0.00734102	0.46538357	0.00732506	0.46514795	0.63986871	0.63896794	0.34895112	0.34880839	0.63999558	0.63900821	0.34895835	0.34883912	59843	54973	0
59843	54978	0.00054056	0.00732730	0.46542306	0.00733262	0.46598446	0.63983715	0.63887558	0.34889302	0.34871463	0.63989024	0.63892727	0.34889311	0.34871331	59843	54977	0
59843	54981	0.00022543	0.00732361	0.46419230	0.00734860	0.46513769	0.63979673	0.63897033	0.34891751	0.34872778	0.63991020	0.63899070	0.34896090	0.34877100	59843	54980	0
59843	54985	0.00097376	0.00735975	0.46681750	0.00730535	0.46457251	0.63983945	0.63894995	0.34889927	0.34876804	0.63984356	0.63896227	0.34880773	0.34869327	59843	54983	0
59843	54988	0.00089825	0.00731257	0.46490662	0.00733194	0.46513315	0.63980650	0.63886778	0.34884438	0.34863985	0.63969376	0.63872283	0.34885547	0.34865851	59843	54986	0
59843	54991	0.00120559	0.00732209	0.46620867	0.00732057	0.46528665	0.63979492	0.63881083	0.34898481	0.34868965	0.63984915	0.63897411	0.34872129	0.34865653	59843	54990	0
59843	54994	0.00092599	0.00732248	0.46359132	0.00730698	0.46443014	0.63990659	0.63895332	0.34887544	0.34866689	0.63983740	0.63884017	0.34877724	0.34870230	59843	54993	0
59843	54998	0.00167189	0.00731181	0.46684651	0.00729376	0.46460880	0.63987167	0.63901043	0.34884430	0.34874281	0.63997060	0.63894428	0.34888892	0.34865144	59843	54996	0
59843	55001	0.00121057	0.00733182	0.46649900	0.00731607	0.46788295	0.63992286	0.63903105	0.34876886	0.34865752	0.63981308	0.63888774	0.34874774	0.34858455	59843	54999	0
59843	55004	0.00108013	0.00729241	0.46534932	0.00729123	0.46574064	0.63975761	0.63903697	0.34875481	0.34879277	0.63971603	0.63897789	0.34879918	0.34871019	59843	55003	0
59843	55008	0.00065336	0.00729902	0.46495721	0.00730965	0.46623754	0.63967191	0.63883598	0.34869943	0.34861257	0.63964183	0.63869497	0.34868308	0.34846943	59843	55006	0
59843	55011	0.00063981	0.00731186	0.46642752	0.00730719	0.46646815	0.63971735	0.63882521	0.34875152	0.34852835	0.63971874	0.63874542	0.34869162	0.34853180	59843	55009	0
59843	55031	0.00076779	0.00730469	0.46530051	0.00733474	0.46491657	0.63966410	0.63892028	0.34875876	0.34867445	0.63969253	0.63869637	0.34867872	0.34856894	59843	55029	0
59843	55034	0.00105138	0.00731424	0.46740236	0.00732768	0.46655160	0.63972351	0.63873877	0.34875268	0.34865489	0.63961702	0.63876128	0.34872301	0.34856754	59843	55033	0
59843	55038	0.00048529	0.00728390	0.46640945	0.00730152	0.46810772	0.63965876	0.63877542	0.34866672	0.34851643	0.63975268	0.63888322	0.34879351	0.34861947	59843	55036	0
59843	55041	0.00090901	0.00731010	0.46816628	0.00732945	0.46689514	0.63964602	0.63880155	0.34867478	0.34861602	0.63971143	0.63878692	0.34873756	0.34851462	59843	55039	0
59843	55044	0.00157160	0.00733897	0.46911780	0.00727898	0.46713002	0.63965276	0.63870121	0.34863008	0.34843352	0.63958998	0.63861304	0.34864076	0.34849293	59843	55042	0
59843	55047	0.00049314	0.00734234	0.46502964	0.00728448	0.46826502	0.63967470	0.63875150	0.34869285	0.34859951	0.63971636	0.63882554	0.34870986	0.34854914	59843	55046	0
59843	55051	0.00066398	0.00731025	0.46797001	0.00728921	0.46745749	0.63968711	0.63867451	0.34863205	0.34852079	0.63959434	0.63859152	0.34862399	0.34841429	59843	55049	0
59843	55054	0.00081291	0.00727617	0.46830696	0.00732244	0.46786017	0.63947774	0.63863852	0.34868957	0.34852399	0.63952983	0.63852578	0.34854182	0.34846828	59843	55052	0
59843	55057	0.00108970	0.00733379	0.46790741	0.00727770	0.46707702	0.63954840	0.63856259	0.34865259	0.34844996	0.63953830	0.63859834	0.34862572	0.34847189	59843	55056	0
59843	55060	0.00135400	0.00729693	0.46761200	0.00729334	0.46681911	0.63962400	0.63864731	0.34865095	0.34844782	0.63960929	0.63864008	0.34860797	0.34851857	59843	55059	0
59843	55064	0.00126286	0.00731810	0.46593379	0.00729205	0.46620721	0.63951553	0.63867796	0.34859482	0.34848061	0.63958029	0.63870886	0.34862424	0.34857182	59843	55062	0
59843	55067	0.00209398	0.00727196	0.46824858	0.00732068	0.46575523	0.63954758	0.63857212	0.34863821	0.34839901	0.63974389	0.63861888	0.34863772	0.34844708	59843	55065	0
59843	55070	0.00132957	0.00732473	0.46728526	0.00732083	0.46957847	0.63962671	0.63863885	0.34867609	0.34849490	0.63956056	0.63855676	0.34853484	0.34842933	59843	55069	0
59843	55073	0.00061582	0.00732486	0.46447099	0.00729187	0.46661225	0.63946557	0.63860754	0.34856335	0.34836170	0.63938307	0.63852142	0.34840829	0.34834017	59843	55072	0
59843	55077	0.00076407	0.00731249	0.46755057	0.00734737	0.46710582	0.63937214	0.63849644	0.34846031	0.34827452	0.63939762	0.63844550	0.34850517	0.34832875	59843	55075	0
59843	55080	0.00109197	0.00731064	0.46550475	0.00729777	0.46452106	0.63940789	0.63855018	0.34852375	0.34838175	0.63941159	0.63850860	0.34851364	0.34836285	59843	55078	0
59843	55083	0.00150400	0.00728891	0.46804351	0.00729706	0.46680741	0.63948324	0.63843465	0.34849318	0.34830081	0.63926245	0.63839126	0.34839638	0.34822497	59843	55082	0
59843	55087	0.00095782	0.00728365	0.46597710	0.00730542	0.46761564	0.63935809	0.63843958	0.34839531	0.34828183	0.63945226	0.63853720	0.34843319	0.34829786	59843	55085	0
59843	55090	0.00130083	0.00729824	0.46723746	0.00730676	0.46620843	0.63935620	0.63846785	0.34842917	0.34830451	0.63957856	0.63849192	0.34852432	0.34827074	59843	55088	0
59843	55093	-0.00077499	0.00735326	0.46248006	0.00732168	0.46870753	0.63947396	0.63857442	0.34851380	0.34828413	0.63949729	0.63855191	0.34842793	0.34825480	59843	55091	0
59843	55096	0.00137220	0.00727242	0.46731798	0.00727881	0.46087639	0.63926351	0.63846694	0.34836022	0.34821708	0.63923549	0.63827105	0.34832177	0.34816326	59843	55095	0
59843	55100	-0.00062890	0.00727071	0.46165036	0.00732412	0.46765367	0.63922982	0.63831838	0.34824551	0.34817295	0.63933361	0.63842134	0.34837354	0.34811198	59843	55098	0
59843	55103	0.00094726	0.00726542	0.46861222	0.00727911	0.46388375	0.63906195	0.63834295	0.34827312	0.34807279	0.63917789	0.63830071	0.34821922	0.34811124	59843	55101	0
59843	55106	0.00138221	0.00727752	0.46587460	0.00726016	0.46456973	0.63917058	0.63837729	0.34825373	0.34809440	0.63929983	0.63837319	0.34831035	0.34816096	59843	55104	0
59843	55109	0.00111050	0.00731271	0.46628333	0.00729643	0.46709846	0.63939047	0.63843054	0.34831347	0.34816589	0.63921816	0.63823054	0.34819506	0.34805298	59843	55108	0
59843	55130	-0.00000703	0.00730213	0.46389679	0.00728278	0.46724938	0.63932580	0.63838280	0.34829440	0.34814732	0.63927305	0.63832947	0.34827353	0.34808002	59843	55128	0
59843	55133	0.00104677	0.00730430	0.46653047	0.00729331	0.46336907	0.63911930	0.63840096	0.34826737	0.34810360	0.63938965	0.63846924	0.34831519	0.34815726	59843	55131	0
59843	55136	0.00005745	0.00728317	0.46505196	0.00730681	0.46801992	0.63933944	0.63829866	0.34830583	0.34813762	0.63936746	0.63837631	0.34838414	0.34815307	59843	55135	0
59843	55139	0.00186371	0.00727109	0.46726135	0.00725900	0.46184256	0.63936730	0.63851781	0.34827288	0.34821289	0.63924831	0.63824623	0.34831873	0.34813318	59843	55138	0
59843	55143	0.00129019	0.00731979	0.46534042	0.00728618	0.46706100	0.63938439	0.63850228	0.34834880	0.34814567	0.63953369	0.63864928	0.34840386	0.34831717	59843	55141	0
59843	55146	0.00025111	0.00733383	0.46105204	0.00734647	0.46416927	0.63940296	0.63858979	0.34833680	0.34822497	0.63939269	0.63836875	0.34836326	0.34817074	59843	55144	0
59843	55149	0.00085760	0.00731850	0.46512569	0.00726451	0.46330623	0.63928997	0.63829373	0.34826638	0.34812193	0.63914839	0.63829208	0.34820163	0.34807796	59843	55148	0
59843	55152	0.00084816	0.00732187	0.46390342	0.00731222	0.46393174	0.63929679	0.63824861	0.34830262	0.34801831	0.63919950	0.63831895	0.34817369	0.34808939	59843	55151	0
59843	55156	0.00169912	0.00731937	0.46629853	0.00743928	0.46374564	0.63931347	0.63828140	0.34826104	0.34807295	0.63927025	0.63857179	0.34822431	0.34825562	59843	55154	0
59843	55159	0.00088099	0.00734103	0.46600103	0.00733256	0.46845542	0.63931923	0.63842495	0.34827920	0.34808150	0.63936409	0.63842553	0.34829366	0.34810771	59843	55157	0
59843	55162	0.00092285	0.00727606	0.46786714	0.00737138	0.46774154	0.63949803	0.63854427	0.34838183	0.34819563	0.63936804	0.63848938	0.34838545	0.34826277	59843	55161	0
59843	55166	0.00041161	0.00729282	0.46667340	0.00733867	0.46820714	0.63951866	0.63842840	0.34837017	0.34814748	0.63941980	0.63840556	0.34832292	0.34820665	59843	55164	0
59843	55169	0.00059014	0.00734572	0.46808954	0.00731867	0.46755392	0.63942613	0.63839669	0.34828627	0.34813852	0.63935604	0.63847771	0.34829802	0.34813384	59843	55167	0
59843	55172	0.00102603	0.00732848	0.46721701	0.00733575	0.46590936	0.63934601	0.63845922	0.34841298	0.34817369	0.63935398	0.63851271	0.34835907	0.34821601	59843	55170	0
59843	55175	0.00113226	0.00729775	0.46723164	0.00730682	0.46691294	0.63936902	0.63837442	0.34834888	0.34817608	0.63929416	0.63849316	0.34824157	0.34818273	59843	55174	0
59843	55179	0.00155376	0.00731540	0.46757400	0.00731810	0.46630951	0.63933254	0.63849464	0.34828643	0.34826868	0.63934675	0.63853054	0.34829498	0.34822390	59843	55177	0
59843	55182	0.00106615	0.00730716	0.46710898	0.00732714	0.46857182	0.63936015	0.63860894	0.34832777	0.34828068	0.63926573	0.63839225	0.34831708	0.34818512	59843	55180	0
59843	55185	0.00175649	0.00731467	0.46698795	0.00731954	0.46491692	0.63931208	0.63846431	0.34832760	0.34823746	0.63939959	0.63849537	0.34829465	0.34818766	59843	55183	0
59843	55188	-0.00035140	0.00730017	0.46383508	0.00727886	0.47015875	0.63934125	0.63831271	0.34833261	0.34812316	0.63932925	0.63837713	0.34834174	0.34820287	59843	55187	0
59843	55192	-0.00063040	0.00726162	0.46446825	0.00730631	0.46530525	0.63928997	0.63843046	0.34836310	0.34813376	0.63938159	0.63851953	0.34828652	0.34819580	59843	55190	0
59843	55195	-0.00056565	0.00729559	0.46692845	0.00728545	0.46673422	0.63954462	0.63866350	0.34840846	0.34828216	0.63948628	0.63853835	0.34840895	0.34821182	59843	55193	0
59843	55198	-0.00069277	0.00737369	0.46666200	0.00733988	0.46704336	0.63936097	0.63844632	0.34839843	0.34818783	0.63939688	0.63833161	0.34837674	0.34824395	59843	55197	0
59843	55201	0.00099237	0.00728548	0.46908463	0.00730827	0.46402921	0.63924913	0.63884214	0.34830698	0.34845513	0.63943698	0.63850474	0.34830311	0.34821782	59843	55200	0
59843	55205	0.00036872	0.00731636	0.46476686	0.00730529	0.46663781	0.63932621	0.63845010	0.34830147	0.34817131	0.63933558	0.63849003	0.34832267	0.34812669	59843	55203	0
59843	55208	0.00221222	0.00731696	0.47184506	0.00732660	0.46631453	0.63949795	0.63852422	0.34832752	0.34827444	0.63942441	0.63859850	0.34834921	0.34822530	59843	55206	0
59843	55228	0.00066889	0.00723001	0.46326364	0.00720421	0.46789365	0.63966065	0.63879793	0.34860115	0.34833196	0.63963296	0.63877985	0.34854511	0.34836105	59843	55227	0
59843	55231	0.00091161	0.00716117	0.46539840	0.00716038	0.46467023	0.63962951	0.63885824	0.34852309	0.34847337	0.63977166	0.63883532	0.34856048	0.34841101	59843	55230	0
59843	55235	0.00130123	0.00718158	0.46422235	0.00719351	0.46305349	0.63961299	0.63877032	0.34857970	0.34839063	0.63969064	0.63877583	0.34857412	0.34841068	59843	55233	0
59843	55238	0.00182438	0.00714275	0.46578729	0.00728122	0.46421785	0.63972959	0.63875274	0.34858956	0.34847050	0.63957305	0.63867229	0.34856056	0.34837855	59843	55236	0
59843	55241	-0.00065746	0.00731758	0.46250352	0.00733284	0.46994903	0.63981751	0.63863194	0.34873246	0.34841142	0.63958571	0.63868872	0.34858143	0.34849646	59843	55240	0
59843	55245	0.00111552	0.00736501	0.46786181	0.00732163	0.46254287	0.63971759	0.63886063	0.34861537	0.34848463	0.63974307	0.63889637	0.34862827	0.34846811	59843	55243	0
59843	55248	-0.00021548	0.00731598	0.46193309	0.00728234	0.46592610	0.63967503	0.63876021	0.34856582	0.34840681	0.63973230	0.63880639	0.34862161	0.34842259	59843	55246	0
59843	55251	-0.00089853	0.00732176	0.46511946	0.00732743	0.46716859	0.64003502	0.63900648	0.34861528	0.34847050	0.63983485	0.63899687	0.34858652	0.34843960	59843	55249	0
59843	55254	-0.00179374	0.00734049	0.46253481	0.00730674	0.46522046	0.63976073	0.63883047	0.34860074	0.34837000	0.63979640	0.63886531	0.34857247	0.34840230	59843	55253	0
59843	55258	0.00105086	0.00731792	0.46978223	0.00729550	0.46124841	0.63978078	0.63889769	0.34859877	0.34841355	0.63983493	0.63904954	0.34865711	0.34848373	59843	55256	0
59843	55261	0.00136440	0.00728132	0.46588723	0.00725945	0.46494662	0.63990946	0.63918857	0.34867017	0.34862712	0.63989533	0.63905168	0.34867322	0.34853952	59843	55259	0
59843	55264	0.00117679	0.00730176	0.46546865	0.00723416	0.46603148	0.63995786	0.63904436	0.34865727	0.34849038	0.63990166	0.63904140	0.34869343	0.34849811	59843	55262	0
59843	55267	0.00122946	0.00725268	0.46502877	0.00725949	0.46487075	0.63992853	0.63900870	0.34871142	0.34857050	0.64003091	0.63896055	0.34871726	0.34855374	59843	55266	0
59843	55271	0.00125222	0.00733091	0.46726107	0.00733845	0.46719280	0.64004579	0.63905192	0.34884914	0.34864396	0.63992532	0.63897139	0.34875169	0.34856598	59843	55269	0
59843	55274	0.00229683	0.00727722	0.46924329	0.00729483	0.46610946	0.63992730	0.63913352	0.34880781	0.34874807	0.64003182	0.63935587	0.34887741	0.34888777	59843	55272	0
59843	55277	0.00134883	0.00730353	0.46476934	0.00730266	0.46761333	0.64008868	0.63908652	0.34885276	0.34864330	0.63995055	0.63899892	0.34882983	0.34864914	59843	55276	0
59843	55280	0.00141483	0.00732972	0.46652012	0.00728263	0.46632212	0.63980428	0.63908380	0.34883148	0.34868718	0.64000577	0.63920534	0.34885564	0.34875169	59843	55279	0
59843	55284	0.00048882	0.00730697	0.46799047	0.00729734	0.47076852	0.64016551	0.63912234	0.34897158	0.34872769	0.64015039	0.63910772	0.34889368	0.34877067	59843	55282	0
59843	55287	0.00597870	0.00739995	0.48699777	0.00734476	0.47052812	0.64016280	0.63918529	0.34896336	0.34881365	0.64009558	0.63921043	0.34895326	0.34881209	59843	55285	0
59843	55290	0.00031997	0.00731901	0.45714001	0.00732818	0.47411620	0.64010988	0.63911207	0.34905170	0.34884421	0.64004554	0.63921002	0.34892565	0.34881521	59843	55289	0
59843	55293	0.00116901	0.00734684	0.47015078	0.00734005	0.46760364	0.64009016	0.63916450	0.34903033	0.34884380	0.64014941	0.63932958	0.34898884	0.34884914	59843	55292	0
59843	55297	0.00023613	0.00731721	0.46438895	0.00729817	0.46718759	0.64031621	0.63927001	0.34915277	0.34882630	0.64015779	0.63921512	0.34900938	0.34887100	59843	55295	0
59843	55300	0.00001556	0.00734414	0.46585499	0.00733855	0.46651671	0.64016337	0.63924083	0.34904496	0.34887256	0.64031991	0.63917641	0.34904463	0.34886246	59843	55298	0
59843	55303	0.00076531	0.00732404	0.46881858	0.00726663	0.46656933	0.64020282	0.63926491	0.34905022	0.34896550	0.64028984	0.63931939	0.34897552	0.34887947	59843	55302	0
59843	55307	0.00145540	0.00729572	0.46888115	0.00732065	0.46681088	0.64022656	0.63943246	0.34903452	0.34903592	0.64022344	0.63933747	0.34901760	0.34898119	59843	55305	0
59843	55327	0.00188663	0.00730802	0.46755231	0.00733482	0.46625861	0.64035303	0.63947379	0.34919229	0.34897257	0.64040562	0.63951019	0.34919763	0.34899985	59843	55325	0
59843	55330	0.00103335	0.00734064	0.46525529	0.00731363	0.46781513	0.64052468	0.63949811	0.34918268	0.34906649	0.64047530	0.63950387	0.34920404	0.34899960	59843	55328	0
59843	55333	0.00057523	0.00729556	0.46548096	0.00733374	0.46685532	0.64039255	0.63947798	0.34923888	0.34900174	0.64040816	0.63953304	0.34922475	0.34903132	59843	55332	0
59843	55337	0.00202820	0.00731557	0.46832936	0.00730379	0.46397047	0.64051983	0.63953575	0.34925425	0.34918120	0.64041161	0.63959524	0.34922976	0.34903543	59843	55335	0
59843	55340	0.00215229	0.00733787	0.46469613	0.00729161	0.46432385	0.64049551	0.63957256	0.34925195	0.34905457	0.64047480	0.63960978	0.34917471	0.34911505	59843	55338	0
59843	55343	-0.00001336	0.00730207	0.46140456	0.00730448	0.46790150	0.64057201	0.63965334	0.34923486	0.34910527	0.64067037	0.63954939	0.34935573	0.34910322	59843	55341	0
59843	55346	0.00212950	0.00733224	0.46859972	0.00728174	0.46217115	0.64049535	0.63955448	0.34927816	0.34912491	0.64042361	0.63944544	0.34927266	0.34913946	59843	55345	0
59843	55350	0.00130390	0.00730977	0.46588757	0.00729337	0.46836435	0.64035303	0.63957536	0.34923667	0.34914102	0.64052871	0.63954421	0.34926206	0.34907084	59843	55348	0
59843	55353	0.00054065	0.00730605	0.46487167	0.00729455	0.46716142	0.64046987	0.63953254	0.34928761	0.34916805	0.64056076	0.63959179	0.34933601	0.34911333	59843	55351	0
59843	55356	0.00077671	0.00731232	0.46605544	0.00729767	0.46534727	0.64053750	0.63954429	0.34921892	0.34912541	0.64046059	0.63961619	0.34925466	0.34909681	59843	55355	0
59843	55359	0.00048359	0.00730494	0.46423892	0.00729786	0.46511827	0.64040890	0.63951611	0.34923593	0.34908991	0.64045977	0.63952696	0.34930594	0.34910462	59843	55358	0
59843	55363	0.00218813	0.00730453	0.46717322	0.00731777	0.46205962	0.64046231	0.63956952	0.34926156	0.34903682	0.64046716	0.63959450	0.34922787	0.34918769	59843	55361	0
59843	55366	0.00146978	0.00730933	0.46423069	0.00724810	0.46638572	0.64050578	0.63962499	0.34923584	0.34917356	0.64052279	0.63965539	0.34934899	0.34912639	59843	55364	0
59843	55369	0.00136425	0.00725848	0.46530419	0.00733727	0.46562078	0.64061491	0.63964093	0.34932270	0.34913223	0.64051877	0.63965827	0.34925466	0.34917249	59843	55368	0
59843	55372	0.00158942	0.00730507	0.46664333	0.00731827	0.46596782	0.64062123	0.63952112	0.34932623	0.34917397	0.64057053	0.63967840	0.34929156	0.34918876	59843	55371	0
