% File initiated 06/12/2022 13:15:12 UTC
% Raw fountain data
%
% File notes: maser 5 MHz RF amplitudes 280 800 1280 1740 2200 2660 1280 microwave leakage pio2 3pio2 5pio2 7pio2 9pio2 11pio2 no water cooling
%
%% fountain_code = ALPHA-CsF1
%% microwave_ref = ALPHA HM1
%% MJD_start = 59919.552225
%% clock_data = False
%% sequence = 14
%% density = LD
%
% Units: V.s, Hz
%
% Shot B MJD days	Shot B MJD seconds	freq error	shot A sum	shot A ratio	shot B sum	shot B ratio	shot A F=3 bg 1	shot A F=3 bg 2	shot A F=4 bg 1	shot A F=4 bg 2	shot B F=3 bg 1	shot B F=3 bg 2	shot B F=4 bg 1	shot B F=4 bg 2	Shot A MJD days	Shot A MJD seconds	Shot order (0=LF->HF)
59919	48417	0.00021200	0.00626806	0.45572804	0.00622004	0.45538884	0.58595900	0.58526901	0.31929130	0.31936254	0.58587971	0.58517394	0.31920945	0.31935284	59919	48415	0
59919	48420	0.00179257	0.00625975	0.45637675	0.00626457	0.45384784	0.58607363	0.58536301	0.31936747	0.31949245	0.58604183	0.58535110	0.31937864	0.31941406	59919	48418	0
59919	48423	0.00073361	0.00628215	0.45477254	0.00632412	0.45646688	0.58594117	0.58513786	0.31928645	0.31930691	0.58615474	0.58531954	0.31933057	0.31948366	59919	48421	0
59919	48426	0.00002612	0.00627007	0.45522165	0.00628011	0.45635363	0.58598390	0.58523556	0.31925728	0.31930444	0.58588135	0.58512932	0.31923197	0.31931858	59919	48425	0
59919	48430	0.00138193	0.00626660	0.45517454	0.00621313	0.45300525	0.58610420	0.58531240	0.31928620	0.31940519	0.58591775	0.58525093	0.31933082	0.31943838	59919	48428	0
59919	48433	0.00257611	0.00620173	0.45686567	0.00623284	0.45495497	0.58583221	0.58519612	0.31924323	0.31932934	0.58596714	0.58511888	0.31933148	0.31940108	59919	48431	0
59919	48436	0.00077220	0.00625779	0.45326392	0.00627942	0.45615017	0.58603970	0.58518971	0.31930987	0.31943411	0.58599713	0.58528774	0.31936698	0.31944931	59919	48434	0
59919	48439	0.00018793	0.00626341	0.45435621	0.00626962	0.45529105	0.58608152	0.58536112	0.31930222	0.31949557	0.58595539	0.58509563	0.31924972	0.31926443	59919	48438	0
59919	48443	0.00088219	0.00625029	0.45501713	0.00625619	0.45390632	0.58591907	0.58519957	0.31933748	0.31939409	0.58583131	0.58504361	0.31922071	0.31929220	59919	48441	0
59919	48446	0.00065996	0.00628132	0.45444000	0.00626536	0.45479556	0.58600798	0.58526465	0.31937569	0.31939886	0.58603657	0.58529736	0.31930313	0.31939804	59919	48444	0
59919	48449	0.00183336	0.00621417	0.45561116	0.00627580	0.45373372	0.58604619	0.58524419	0.31931915	0.31935210	0.58601603	0.58518174	0.31926591	0.31945030	59919	48448	0
59919	48452	0.00122906	0.00625608	0.45503828	0.00626948	0.45600516	0.58600962	0.58520245	0.31927741	0.31937733	0.58594577	0.58520327	0.31919943	0.31933534	59919	48451	0
59919	48456	0.00004410	0.00620318	0.45412417	0.00625880	0.45602011	0.58590559	0.58513080	0.31918809	0.31933361	0.58583024	0.58502644	0.31929705	0.31933468	59919	48454	0
59919	48459	0.00063160	0.00629516	0.45572409	0.00625574	0.45478410	0.58587971	0.58514148	0.31927946	0.31932055	0.58603427	0.58526506	0.31930987	0.31941669	59919	48457	0
59919	48462	0.00241867	0.00626149	0.45550700	0.00626964	0.45264768	0.58612622	0.58540089	0.31938415	0.31954381	0.58601151	0.58525019	0.31934249	0.31944003	59919	48461	0
59919	48465	0.00194403	0.00627404	0.45465591	0.00626144	0.45541533	0.58598456	0.58512200	0.31925892	0.31932318	0.58612228	0.58521223	0.31941455	0.31940716	59919	48464	0
59919	48469	0.00099858	0.00623752	0.45325065	0.00628851	0.45476337	0.58607100	0.58525833	0.31935744	0.31940223	0.58612367	0.58525430	0.31945022	0.31955359	59919	48467	0
59919	48472	0.00085578	0.00625457	0.45356591	0.00623374	0.45379439	0.58611751	0.58521593	0.31940420	0.31950601	0.58603394	0.58526884	0.31931734	0.31942671	59919	48470	0
59919	48475	0.00123502	0.00625095	0.45501794	0.00627341	0.45441115	0.58613403	0.58538019	0.31941603	0.31946082	0.58612072	0.58533335	0.31940798	0.31950437	59919	48474	0
59919	48479	0.00177070	0.00630477	0.45530466	0.00624564	0.45444758	0.58610642	0.58543376	0.31940946	0.31951858	0.58612795	0.58553188	0.31946090	0.31961776	59919	48477	0
59919	48482	0.00072098	0.00626504	0.45374792	0.00628265	0.45542747	0.58618760	0.58532760	0.31937840	0.31947479	0.58622236	0.58546252	0.31947043	0.31955926	59919	48480	0
59919	48485	0.00177274	0.00630383	0.45516556	0.00624137	0.45348274	0.58620691	0.58548923	0.31950601	0.31959369	0.58624874	0.58540361	0.31949319	0.31956189	59919	48483	0
59919	48488	0.00047581	0.00623496	0.45315341	0.00626978	0.45522850	0.58619023	0.58537978	0.31945013	0.31964003	0.58613781	0.58547378	0.31946723	0.31959903	59919	48487	0
59919	48492	0.00158389	0.00627644	0.45502749	0.00626498	0.45325456	0.58632878	0.58559301	0.31959878	0.31964085	0.58634061	0.58553311	0.31956534	0.31968531	59919	48490	0
59919	48495	0.00089880	0.00623806	0.45486094	0.00626118	0.45595708	0.58628079	0.58557271	0.31949155	0.31959213	0.58633321	0.58557493	0.31948769	0.31959812	59919	48493	0
59919	48498	0.00088568	0.00629799	0.45408568	0.00631412	0.45410668	0.58645359	0.58563508	0.31958555	0.31962705	0.58647077	0.58577313	0.31956065	0.31970676	59919	48497	0
59919	48501	0.00170391	0.00627112	0.45632068	0.00626927	0.45501150	0.58663380	0.58578291	0.31963157	0.31975655	0.58652344	0.58568052	0.31972327	0.31963601	59919	48500	0
59919	48505	0.00176543	0.00626630	0.45487373	0.00626404	0.45477529	0.58656650	0.58579745	0.31968892	0.31975006	0.58647997	0.58577461	0.31962237	0.31973198	59919	48503	0
59919	48508	0.00174077	0.00626505	0.45460499	0.00625216	0.45464444	0.58669255	0.58579770	0.31987603	0.31972220	0.58650618	0.58573155	0.31965753	0.31978819	59919	48506	0
59919	48511	0.00073351	0.00632566	0.45411740	0.00626921	0.45572902	0.58647603	0.58568948	0.31967816	0.31975984	0.58644636	0.58582589	0.31964546	0.31975302	59919	48510	0
59919	49217	0.00090432	0.00624498	0.45553600	0.00626987	0.45526271	0.58693495	0.58620618	0.31928267	0.31943584	0.58698475	0.58615934	0.31930781	0.31938086	59919	49215	0
59919	49220	0.00095940	0.00626960	0.45579133	0.00623146	0.45570320	0.58690817	0.58613050	0.31923994	0.31937577	0.58683347	0.58609968	0.31924199	0.31932564	59919	49219	0
59919	49224	0.00022913	0.00628552	0.45494741	0.00624204	0.45611584	0.58680455	0.58606772	0.31923402	0.31933641	0.58701384	0.58609952	0.31927716	0.31937569	59919	49222	0
59919	49227	0.00052778	0.00627347	0.45517518	0.00627372	0.45469735	0.58690496	0.58617396	0.31927248	0.31935325	0.58696388	0.58613469	0.31927782	0.31940864	59919	49225	0
59919	49230	0.00007307	0.00625455	0.45457924	0.00625829	0.45530677	0.58698516	0.58621004	0.31927059	0.31939984	0.58705336	0.58631834	0.31934964	0.31952803	59919	49228	0
59919	49233	0.00104976	0.00630021	0.45541344	0.00636258	0.45385074	0.58712370	0.58627134	0.31945827	0.31955383	0.58709650	0.58622959	0.31946082	0.31946501	59919	49232	0
59919	49237	-0.00007428	0.00624303	0.45495478	0.00627769	0.45675325	0.58712650	0.58639254	0.31941439	0.31948078	0.58707613	0.58627134	0.31939886	0.31948884	59919	49235	0
59919	49240	0.00268317	0.00628093	0.45840543	0.00624990	0.45399350	0.58696528	0.58624126	0.31929779	0.31940330	0.58690932	0.58619903	0.31932532	0.31941570	59919	49238	0
59919	49243	-0.00061613	0.00621554	0.45238329	0.00627885	0.45766218	0.58712452	0.58630840	0.31947298	0.31958169	0.58716824	0.58630988	0.31945416	0.31958752	59919	49242	0
59919	49246	0.00015194	0.00629746	0.45511343	0.00627262	0.45388451	0.58706265	0.58631177	0.31942885	0.31950018	0.58705172	0.58626394	0.31937018	0.31948119	59919	49245	0
59919	49250	-0.00050716	0.00624342	0.45411105	0.00627645	0.45516560	0.58717120	0.58636723	0.31944225	0.31953395	0.58712518	0.58630766	0.31939278	0.31948719	59919	49248	0
59919	49253	0.00146602	0.00629807	0.45588913	0.00624478	0.45273204	0.58713677	0.58625605	0.31936188	0.31954890	0.58699404	0.58626402	0.31935827	0.31947643	59919	49251	0
59919	49256	-0.00054401	0.00630881	0.45335300	0.00621829	0.45656906	0.58713340	0.58620790	0.31941431	0.31959098	0.58701039	0.58617610	0.31940716	0.31947183	59919	49255	0
59919	49259	0.00076790	0.00636572	0.45609537	0.00625792	0.45399631	0.58713052	0.58640963	0.31948128	0.31959024	0.58718952	0.58636633	0.31949730	0.31961579	59919	49258	0
59919	49263	0.00064350	0.00628566	0.45471727	0.00627025	0.45491631	0.58708221	0.58626082	0.31942984	0.31953592	0.58714047	0.58634882	0.31942211	0.31952762	59919	49261	0
59919	49266	-0.00005670	0.00630568	0.45382035	0.00620139	0.45494067	0.58701745	0.58636674	0.31947602	0.31957060	0.58696182	0.58629878	0.31939648	0.31950281	59919	49264	0
59919	49269	0.00078779	0.00632298	0.45498321	0.00623300	0.45363203	0.58705936	0.58617717	0.31947741	0.31954973	0.58702304	0.58623387	0.31947972	0.31961727	59919	49268	0
59919	49273	0.00184072	0.00624526	0.45569873	0.00627763	0.45401403	0.58711047	0.58634784	0.31959270	0.31958194	0.58711918	0.58641070	0.31956164	0.31969394	59919	49271	0
59919	49276	0.00115390	0.00630823	0.45404948	0.00627419	0.45514839	0.58709404	0.58629886	0.31953239	0.31959969	0.58724606	0.58644069	0.31962080	0.31966230	59919	49274	0
59919	49279	0.00010625	0.00631790	0.45364431	0.00626534	0.45532055	0.58718599	0.58638095	0.31960618	0.31968827	0.58713660	0.58646173	0.31959558	0.31976493	59919	49277	0
59919	49282	0.00105652	0.00627709	0.45591813	0.00629506	0.45439770	0.58721434	0.58640248	0.31964053	0.31966830	0.58713734	0.58646649	0.31953042	0.31972516	59919	49281	0
59919	49286	0.00064420	0.00629747	0.45409314	0.00631385	0.45475285	0.58738131	0.58651752	0.31975359	0.31981654	0.58716257	0.58639443	0.31969895	0.31968827	59919	49284	0
59919	49289	0.00093836	0.00623289	0.45524434	0.00626505	0.45477368	0.58708862	0.58642040	0.31965211	0.31975179	0.58737720	0.58658729	0.31977594	0.31986863	59919	49287	0
59919	49292	-0.00018191	0.00629304	0.45483748	0.00629753	0.45662990	0.58733406	0.58648350	0.31975269	0.31979402	0.58731253	0.58647036	0.31977570	0.31980742	59919	49290	0
59919	49295	-0.00020794	0.00630747	0.45533527	0.00627752	0.45537693	0.58736882	0.58656395	0.31979731	0.31988474	0.58731319	0.58655910	0.31979172	0.31993519	59919	49294	0
59919	49299	0.00026436	0.00624419	0.45495102	0.00626424	0.45419535	0.58732510	0.58651563	0.31978597	0.31986387	0.58717687	0.58647874	0.31980117	0.31990890	59919	49297	0
59919	49302	0.00116856	0.00629416	0.45596640	0.00625362	0.45451966	0.58730021	0.58644866	0.31977093	0.31980577	0.58733291	0.58660684	0.31986732	0.31994571	59919	49300	0
59919	49305	0.00010980	0.00631392	0.45387123	0.00631175	0.45556524	0.58730621	0.58649846	0.31979608	0.31986214	0.58733299	0.58660265	0.31975721	0.31984899	59919	49304	0
59919	49308	0.00161593	0.00628163	0.45568862	0.00625972	0.45327883	0.58728320	0.58650076	0.31976534	0.31988803	0.58744212	0.58658162	0.31990306	0.32001309	59919	49307	0
59919	49312	-0.00018319	0.00627605	0.45195155	0.00627987	0.45483015	0.58739314	0.58660627	0.31990643	0.31999255	0.58741894	0.58663429	0.31991210	0.32007160	59919	49310	0
59919	50018	0.00001496	0.00628599	0.45468541	0.00633200	0.45436836	0.58656691	0.58577436	0.31864904	0.31876302	0.58663495	0.58577149	0.31866622	0.31881084	59919	50016	0
59919	50021	0.00136484	0.00626497	0.45587748	0.00630071	0.45371768	0.58662714	0.58583739	0.31870393	0.31879695	0.58665532	0.58596328	0.31873228	0.31881577	59919	50019	0
59919	50024	0.00047951	0.00635066	0.45319590	0.00629739	0.45461242	0.58664119	0.58579178	0.31870172	0.31883541	0.58664727	0.58582227	0.31871100	0.31883631	59919	50022	0
59919	50027	0.00222488	0.00629563	0.45754685	0.00634133	0.45475426	0.58667899	0.58600494	0.31869350	0.31890386	0.58687596	0.58599425	0.31884938	0.31891939	59919	50026	0
59919	50031	0.00055751	0.00635056	0.45326166	0.00633669	0.45592946	0.58676461	0.58602795	0.31882662	0.31891816	0.58677661	0.58593879	0.31870418	0.31887526	59919	50029	0
59919	50034	0.00121948	0.00626309	0.45607649	0.00631839	0.45501734	0.58689855	0.58602277	0.31881215	0.31890065	0.58679181	0.58617832	0.31884519	0.31889227	59919	50032	0
59919	50037	0.00004614	0.00627754	0.45435526	0.00634772	0.45623261	0.58680825	0.58606648	0.31880640	0.31890961	0.58688499	0.58608053	0.31881265	0.31899285	59919	50035	0
59919	50040	0.00212134	0.00633149	0.45678593	0.00632807	0.45346561	0.58690167	0.58610535	0.31881322	0.31893475	0.58682641	0.58608801	0.31875028	0.31889630	59919	50039	0
59919	50044	0.00136481	0.00632635	0.45353664	0.00630615	0.45474708	0.58676938	0.58607158	0.31876466	0.31888167	0.58677225	0.58600921	0.31875151	0.31894790	59919	50042	0
59919	50047	0.00029530	0.00631032	0.45327535	0.00636160	0.45498656	0.58686683	0.58600214	0.31884124	0.31891503	0.58679214	0.58598850	0.31874946	0.31885209	59919	50045	0
59919	50050	-0.00052302	0.00628875	0.45457146	0.00633483	0.45588076	0.58676913	0.58604668	0.31871059	0.31890616	0.58681515	0.58595194	0.31879876	0.31885874	59919	50049	0
59919	50053	0.00126726	0.00632494	0.45657930	0.00634084	0.45371486	0.58688442	0.58601315	0.31884897	0.31897001	0.58681055	0.58614603	0.31883229	0.31901282	59919	50052	0
59919	50057	0.00146561	0.00631221	0.45563935	0.00633543	0.45532198	0.58692633	0.58606459	0.31881191	0.31894116	0.58676092	0.58606903	0.31874502	0.31885587	59919	50055	0
59919	50060	0.00174342	0.00627787	0.45358668	0.00630473	0.45314218	0.58679830	0.58616846	0.31879210	0.31896655	0.58672197	0.58603444	0.31875652	0.31886162	59919	50058	0
59919	50063	0.00023450	0.00631458	0.45374486	0.00630987	0.45615914	0.58682180	0.58600798	0.31878569	0.31879654	0.58677365	0.58604471	0.31876030	0.31892243	59919	50062	0
59919	50066	0.00100287	0.00636142	0.45588538	0.00636745	0.45465598	0.58680866	0.58603559	0.31881059	0.31889506	0.58688056	0.58607289	0.31878282	0.31891027	59919	50065	0
59919	50070	0.00067567	0.00633450	0.45546695	0.00628669	0.45599047	0.58683750	0.58599541	0.31881906	0.31883845	0.58688409	0.58604282	0.31880928	0.31891922	59919	50068	0
59919	50073	0.00054245	0.00633523	0.45512707	0.00632992	0.45534021	0.58686158	0.58612187	0.31878011	0.31885702	0.58683084	0.58613337	0.31877838	0.31884872	59919	50071	0
59919	50076	0.00168125	0.00631703	0.45635348	0.00630706	0.45453140	0.58682008	0.58603575	0.31865808	0.31887510	0.58672558	0.58609557	0.31871560	0.31885850	59919	50075	0
59919	50080	0.00101394	0.00629475	0.45472675	0.00637477	0.45579445	0.58689798	0.58612828	0.31878413	0.31889104	0.58687390	0.58610724	0.31884034	0.31887140	59919	50078	0
59919	50083	0.00150941	0.00633631	0.45558473	0.00634320	0.45479197	0.58691408	0.58612680	0.31880542	0.31889161	0.58694128	0.58624726	0.31890534	0.31902703	59919	50081	0
59919	50086	0.00117161	0.00635058	0.45395718	0.00633905	0.45449767	0.58694416	0.58605539	0.31886187	0.31896647	0.58690315	0.58607355	0.31878758	0.31897683	59919	50084	0
59919	50089	0.00004922	0.00633993	0.45415584	0.00631869	0.45595166	0.58690940	0.58618678	0.31883385	0.31887978	0.58701450	0.58615712	0.31888422	0.31895916	59919	50088	0
59919	50093	0.00122493	0.00628984	0.45680025	0.00629047	0.45491911	0.58694539	0.58618465	0.31883040	0.31894568	0.58700940	0.58624102	0.31886943	0.31896072	59919	50091	0
59919	50096	-0.00072031	0.00628710	0.45407410	0.00632670	0.45718648	0.58703849	0.58620256	0.31893393	0.31900427	0.58699017	0.58608382	0.31888299	0.31894889	59919	50094	0
59919	50099	0.00112486	0.00630431	0.45705737	0.00626964	0.45410510	0.58689633	0.58611965	0.31890887	0.31905735	0.58698993	0.58617594	0.31898447	0.31900731	59919	50097	0
59919	50102	0.00150836	0.00632572	0.45537343	0.00630887	0.45475983	0.58699198	0.58623378	0.31901199	0.31905645	0.58698779	0.58619845	0.31905218	0.31907601	59919	50101	0
59919	50106	0.00141944	0.00631689	0.45489536	0.00630008	0.45503764	0.58694654	0.58610009	0.31896532	0.31903500	0.58688483	0.58612367	0.31890377	0.31897280	59919	50104	0
59919	50109	-0.00036275	0.00632211	0.45358658	0.00628754	0.45643809	0.58698820	0.58620815	0.31892259	0.31904199	0.58707777	0.58623872	0.31891791	0.31905218	59919	50107	0
59919	50112	0.00216463	0.00627509	0.45706926	0.00636859	0.45302544	0.58703898	0.58624365	0.31892662	0.31901175	0.58707177	0.58630462	0.31892276	0.31899038	59919	50111	0
59919	50818	0.00026737	0.00632204	0.45553697	0.00633202	0.45857258	0.58816408	0.58742650	0.31941529	0.31951349	0.58803844	0.58726578	0.31932975	0.31948662	59919	50816	0
59919	50821	0.00172172	0.00634789	0.45681291	0.00630553	0.45448595	0.58813507	0.58725986	0.31943304	0.31945490	0.58804460	0.58732601	0.31933978	0.31943222	59919	50820	0
59919	50825	0.00106988	0.00632213	0.45533458	0.00630175	0.45637754	0.58813030	0.58728870	0.31941176	0.31945621	0.58813926	0.58739405	0.31938399	0.31954299	59919	50823	0
59919	50828	-0.00081037	0.00634110	0.45367343	0.00633445	0.45668182	0.58810146	0.58729947	0.31934117	0.31951686	0.58809776	0.58717440	0.31944348	0.31941447	59919	50826	0
59919	50831	0.00002654	0.00631962	0.45614148	0.00635961	0.45480243	0.58804181	0.58718607	0.31939878	0.31942688	0.58807057	0.58737391	0.31941266	0.31955967	59919	50829	0
59919	50834	0.00133699	0.00630835	0.45650730	0.00632207	0.45441058	0.58809366	0.58743661	0.31943855	0.31957142	0.58821461	0.58736578	0.31941160	0.31952055	59919	50833	0
59919	50838	-0.00026757	0.00633420	0.45451995	0.00631778	0.45708725	0.58806884	0.58729922	0.31941866	0.31946739	0.58824543	0.58742519	0.31953559	0.31957561	59919	50836	0
59919	50841	0.00129312	0.00632181	0.45736709	0.00631010	0.45486998	0.58816703	0.58744195	0.31951513	0.31963206	0.58828684	0.58752684	0.31956550	0.31961628	59919	50839	0
59919	50844	0.00214116	0.00634379	0.45734639	0.00633111	0.45598953	0.58827723	0.58747145	0.31951694	0.31963379	0.58830426	0.58756201	0.31963214	0.31966551	59919	50842	0
59919	50847	0.00125279	0.00635859	0.45583546	0.00631539	0.45725684	0.58841741	0.58765872	0.31960963	0.31980051	0.58832061	0.58752947	0.31965852	0.31967578	59919	50846	0
59919	50851	0.00114812	0.00632418	0.45511055	0.00633776	0.45527803	0.58831133	0.58757162	0.31970741	0.31974234	0.58814542	0.58752108	0.31964891	0.31967537	59919	50849	0
59919	50854	0.00178914	0.00632657	0.45620991	0.00628241	0.45518428	0.58837501	0.58759397	0.31967504	0.31978909	0.58831272	0.58749799	0.31963305	0.31973354	59919	50852	0
59919	50857	0.00085529	0.00634398	0.45580192	0.00627559	0.45729608	0.58835389	0.58753908	0.31973206	0.31976181	0.58831872	0.58754393	0.31968687	0.31975425	59919	50856	0
59919	50860	0.00220335	0.00634382	0.45687357	0.00633156	0.45471668	0.58829177	0.58752815	0.31963034	0.31980766	0.58843910	0.58766242	0.31967191	0.31986724	59919	50859	0
59919	50864	0.00057255	0.00630549	0.45429644	0.00632312	0.45690572	0.58831544	0.58763374	0.31967997	0.31981613	0.58837057	0.58752651	0.31977225	0.31988778	59919	50862	0
59919	50867	0.00041115	0.00637170	0.45587477	0.00634938	0.45613301	0.58842160	0.58756866	0.31980947	0.31980700	0.58848266	0.58760580	0.31976378	0.31982927	59919	50865	0
59919	50870	0.00024768	0.00635532	0.45505169	0.00631521	0.45531325	0.58842472	0.58768814	0.31992221	0.31997989	0.58848290	0.58775511	0.31988835	0.31997825	59919	50869	0
59919	50874	0.00024119	0.00633039	0.45569790	0.00634452	0.45570828	0.58853705	0.58762824	0.31983535	0.31993297	0.58836951	0.58752388	0.31973888	0.31981974	59919	50872	0
59919	50877	0.00191121	0.00634698	0.45650892	0.00640307	0.45383689	0.58840443	0.58766431	0.31976428	0.31993642	0.58847904	0.58775897	0.31987669	0.32003339	59919	50875	0
59919	50880	0.00206706	0.00637073	0.45487308	0.00633550	0.45462371	0.58844494	0.58768888	0.31978958	0.31993412	0.58839432	0.58770959	0.31977890	0.31988219	59919	50878	0
59919	50883	0.00039391	0.00632824	0.45360272	0.00635156	0.45627976	0.58838504	0.58761517	0.31979041	0.31991588	0.58854289	0.58775757	0.31988852	0.31999838	59919	50882	0
59919	50887	0.00312382	0.00636271	0.45764862	0.00635038	0.45328077	0.58855957	0.58789669	0.31987365	0.32005894	0.58845250	0.58760564	0.31985171	0.31997307	59919	50885	0
59919	50890	0.00076184	0.00631646	0.45359788	0.00632850	0.45737705	0.58853015	0.58779332	0.31992517	0.32003339	0.58851207	0.58782060	0.31995294	0.32005829	59919	50888	0
59919	50893	-0.00041321	0.00635317	0.45508126	0.00632495	0.45696134	0.58846063	0.58777894	0.31991416	0.31999937	0.58873295	0.58788116	0.31999345	0.32009058	59919	50891	0
59919	50896	0.00057018	0.00635412	0.45585456	0.00631679	0.45428113	0.58867370	0.58784673	0.31999452	0.32014670	0.58862021	0.58794484	0.31999731	0.32011909	59919	50895	0
59919	50900	0.00058533	0.00636666	0.45628667	0.00637441	0.45626243	0.58862818	0.58776029	0.31994711	0.32002821	0.58855324	0.58784394	0.31995960	0.32012024	59919	50898	0
59919	50903	0.00078855	0.00634472	0.45515172	0.00631728	0.45482657	0.58875382	0.58793449	0.32013840	0.32010808	0.58857674	0.58780515	0.32000553	0.32006478	59919	50901	0
59919	50906	0.00136283	0.00631594	0.45548078	0.00635177	0.45456193	0.58870756	0.58787097	0.32001753	0.32004925	0.58871101	0.58785560	0.32001835	0.32010364	59919	50905	0
59919	50909	0.00037526	0.00635974	0.45507103	0.00636825	0.45665115	0.58869030	0.58783169	0.31998137	0.32012723	0.58867724	0.58785281	0.32001079	0.32005845	59919	50908	0
59919	50913	0.00014366	0.00631589	0.45579370	0.00632650	0.45616425	0.58868143	0.58779389	0.31999362	0.32006124	0.58870805	0.58785503	0.32001178	0.32018351	59919	50911	0
59919	51619	-0.00056775	0.00632537	0.45446554	0.00636809	0.45560380	0.58890666	0.58815002	0.31978827	0.31989197	0.58905301	0.58821732	0.31985368	0.31996247	59919	51617	0
59919	51622	0.00176664	0.00633916	0.45728669	0.00633212	0.45355167	0.58912885	0.58828520	0.31996206	0.32002098	0.58923395	0.58839260	0.31995483	0.32003577	59919	51620	0
59919	51625	-0.00018391	0.00632577	0.45484664	0.00636868	0.45796752	0.58908045	0.58838684	0.31996732	0.32009148	0.58913929	0.58830968	0.31992944	0.32009921	59919	51623	0
59919	51628	0.00110360	0.00631848	0.45625167	0.00639884	0.45419164	0.58921793	0.58825923	0.31999452	0.32007086	0.58922006	0.58836918	0.31999633	0.32010751	59919	51627	0
59919	51632	0.00048863	0.00635038	0.45566529	0.00636126	0.45664923	0.58928383	0.58839531	0.32004695	0.32007242	0.58925342	0.58843787	0.32000339	0.32014457	59919	51630	0
59919	51635	-0.00016775	0.00637945	0.45476191	0.00637215	0.45581212	0.58911875	0.58842924	0.32004473	0.32008499	0.58928194	0.58835570	0.32015780	0.32009263	59919	51633	0
59919	51638	0.00069753	0.00635136	0.45646880	0.00631669	0.45508435	0.58910749	0.58832226	0.31993117	0.32011318	0.58906369	0.58828857	0.31997365	0.32012369	59919	51636	0
59919	51641	0.00001240	0.00632983	0.45577136	0.00634172	0.45686756	0.58914520	0.58840640	0.32004193	0.32021868	0.58919796	0.58837140	0.32010405	0.32014473	59919	51640	0
59919	51645	0.00064918	0.00632087	0.45518478	0.00633003	0.45416594	0.58918226	0.58842744	0.32018212	0.32023750	0.58922705	0.58836392	0.32009839	0.32017883	59919	51643	0
59919	51648	0.00121165	0.00632395	0.45670455	0.00634738	0.45580459	0.58933888	0.58842900	0.32010118	0.32014802	0.58934127	0.58848964	0.32006141	0.32020472	59919	51646	0
59919	51651	-0.00023705	0.00631208	0.45505985	0.00635845	0.45737776	0.58933543	0.58853631	0.32020348	0.32030151	0.58925696	0.58839473	0.32012032	0.32019658	59919	51650	0
59919	51654	0.00061354	0.00635017	0.45701631	0.00639933	0.45565537	0.58924028	0.58838602	0.32020907	0.32025311	0.58918136	0.58843031	0.32011235	0.32026618	59919	51653	0
59919	51658	0.00144742	0.00631789	0.45685810	0.00637380	0.45552391	0.58920494	0.58845579	0.32015780	0.32029050	0.58918736	0.58849613	0.32008688	0.32028261	59919	51656	0
59919	51661	0.00101030	0.00645358	0.45581119	0.00635240	0.45651058	0.58952508	0.58844403	0.32029362	0.32024728	0.58967644	0.58861257	0.32045369	0.32038475	59919	51659	0
59919	51664	0.00002287	0.00633924	0.45531850	0.00632151	0.45689838	0.58933666	0.58864979	0.32020726	0.32039223	0.58938950	0.58853303	0.32023972	0.32031754	59919	51663	0
59919	51667	0.00112832	0.00632849	0.45658156	0.00639577	0.45481284	0.58945138	0.58858126	0.32026782	0.32038656	0.58941144	0.58856105	0.32029017	0.32033718	59919	51666	0
59919	51671	0.00113681	0.00638251	0.45593998	0.00636414	0.45592640	0.58950684	0.58852358	0.32038960	0.32034769	0.58921127	0.58854256	0.32023405	0.32029757	59919	51669	0
59919	51674	0.00088459	0.00634177	0.45555094	0.00636383	0.45595450	0.58928564	0.58854502	0.32022090	0.32036758	0.58935162	0.58858118	0.32023553	0.32042255	59919	51672	0
59919	51677	0.00090995	0.00633264	0.45581465	0.00636455	0.45577406	0.58928013	0.58844864	0.32028031	0.32043973	0.58931596	0.58854502	0.32036224	0.32033561	59919	51676	0
59919	51681	0.00056690	0.00631939	0.45619790	0.00631584	0.45674678	0.58920963	0.58853105	0.32027982	0.32035640	0.58933634	0.58842037	0.32029009	0.32040998	59919	51679	0
59919	51684	0.00193559	0.00630378	0.45718096	0.00636768	0.45499107	0.58933445	0.58853960	0.32039018	0.32046257	0.58930881	0.58860443	0.32035928	0.32045682	59919	51682	0
59919	51687	0.00075680	0.00635339	0.45402201	0.00630461	0.45590807	0.58931719	0.58852925	0.32036018	0.32045090	0.58934184	0.58858816	0.32028417	0.32048081	59919	51685	0
59919	51690	0.00046589	0.00640537	0.45523849	0.00634372	0.45570395	0.58949632	0.58856055	0.32043365	0.32049560	0.58940791	0.58872539	0.32036807	0.32053693	59919	51689	0
59919	51694	0.00113135	0.00639285	0.45607627	0.00638172	0.45501153	0.58933683	0.58855316	0.32040957	0.32049741	0.58941226	0.58862374	0.32045205	0.32053315	59919	51692	0
59919	51697	0.00091965	0.00633077	0.45553339	0.00630365	0.45587211	0.58930380	0.58865365	0.32037415	0.32049955	0.58932820	0.58858225	0.32036561	0.32047276	59919	51695	0
59919	51700	0.00041282	0.00633454	0.45582946	0.00634765	0.45664038	0.58941349	0.58865760	0.32041244	0.32048714	0.58946978	0.58873525	0.32045443	0.32056191	59919	51698	0
59919	51703	-0.00038310	0.00631119	0.45496163	0.00639844	0.45623511	0.58950643	0.58865431	0.32054039	0.32056685	0.58941810	0.58862678	0.32044433	0.32051237	59919	51702	0
59919	51707	0.00156652	0.00636875	0.45740236	0.00634713	0.45428296	0.58943658	0.58873328	0.32048492	0.32056791	0.58951070	0.58890535	0.32044926	0.32064548	59919	51705	0
59919	51710	0.00192894	0.00634247	0.45666201	0.00636781	0.45608215	0.58957743	0.58873919	0.32046430	0.32056249	0.58957578	0.58871085	0.32052321	0.32054893	59919	51708	0
59919	51713	-0.00022036	0.00636122	0.45463378	0.00632405	0.45807266	0.58951473	0.58878357	0.32043488	0.32060694	0.58940676	0.58875399	0.32043373	0.32046569	59919	51712	0
59919	52419	0.00168067	0.00640088	0.45647721	0.00637319	0.45343556	0.58905350	0.58833121	0.31963543	0.31977446	0.58897256	0.58826975	0.31960281	0.31967619	59919	52417	0
59919	52422	0.00095563	0.00633810	0.45466201	0.00636113	0.45582207	0.58906040	0.58818363	0.31953173	0.31962015	0.58885185	0.58804608	0.31949796	0.31958900	59919	52421	0
59919	52426	0.00096999	0.00269966	0.45605046	0.00576288	0.45602749	0.58816473	0.58797196	0.31940141	0.31957586	0.58880296	0.58818511	0.31943723	0.31956246	59919	52424	0
59919	52429	-0.00059705	0.00616308	0.45528590	0.00626290	0.45779316	0.58888094	0.58808782	0.31957175	0.31968531	0.58894668	0.58815808	0.31957323	0.31966288	59919	52427	0
59919	52432	0.00126755	0.00628273	0.45668651	0.00630030	0.45370316	0.58874593	0.58815619	0.31949878	0.31955392	0.58878472	0.58806720	0.31944767	0.31958711	59919	52430	0
59919	52435	0.00005389	0.00628968	0.45476994	0.00632156	0.45671179	0.58891389	0.58812398	0.31954069	0.31967101	0.58879220	0.58811305	0.31946090	0.31960412	59919	52434	0
59919	52439	0.00022647	0.00629829	0.45597993	0.00635023	0.45570380	0.58897577	0.58824041	0.31954726	0.31975910	0.58872038	0.58813285	0.31954356	0.31967808	59919	52437	0
59919	52442	0.00239491	0.00632221	0.45733672	0.00627518	0.45386721	0.58897051	0.58817180	0.31956041	0.31970511	0.58889269	0.58807246	0.31956526	0.31965860	59919	52440	0
59919	52445	0.00066617	0.00629970	0.45469791	0.00632600	0.45746390	0.58887461	0.58795495	0.31956246	0.31956476	0.58894849	0.58814945	0.31963321	0.31974718	59919	52443	0
59919	52448	0.00054608	0.00634100	0.45506372	0.00632349	0.45525587	0.58875686	0.58802249	0.31953461	0.31960429	0.58888020	0.58809267	0.31958062	0.31967972	59919	52447	0
59919	52452	0.00081808	0.00632273	0.45652562	0.00630104	0.45609041	0.58882687	0.58799595	0.31954028	0.31961020	0.58865579	0.58800581	0.31947840	0.31956156	59919	52450	0
59919	52455	0.00098576	0.00632858	0.45560030	0.00633100	0.45533201	0.58895029	0.58815298	0.31960018	0.31968449	0.58885251	0.58806013	0.31958654	0.31966345	59919	52453	0
59919	52458	0.00077911	0.00635032	0.45506993	0.00637342	0.45540057	0.58903411	0.58825677	0.31968210	0.31978638	0.58907429	0.58828273	0.31969591	0.31980232	59919	52457	0
59919	52461	-0.00006586	0.00638350	0.45572360	0.00636763	0.45707556	0.58903189	0.58819078	0.31965154	0.31971826	0.58910321	0.58829021	0.31970289	0.31971226	59919	52460	0
59919	52465	0.00060809	0.00629432	0.45680647	0.00635951	0.45572814	0.58906681	0.58824000	0.31963370	0.31973699	0.58902219	0.58825964	0.31960634	0.31971415	59919	52463	0
59919	52468	0.00099764	0.00636429	0.45638245	0.00635008	0.45575917	0.58913600	0.58822694	0.31969731	0.31977562	0.58910453	0.58828043	0.31966477	0.31976912	59919	52466	0
59919	52471	0.00013082	0.00635832	0.45394446	0.00631667	0.45533138	0.58891586	0.58818314	0.31961316	0.31972401	0.58879852	0.58800672	0.31951061	0.31963518	59919	52470	0
59919	52474	-0.00078907	0.00630749	0.45469029	0.00634767	0.45616210	0.58890921	0.58812118	0.31966230	0.31973987	0.58897412	0.58812126	0.31969632	0.31975269	59919	52473	0
59919	52478	0.00144358	0.00633949	0.45714896	0.00633206	0.45357672	0.58891710	0.58822012	0.31960281	0.31969780	0.58884224	0.58807410	0.31958309	0.31967980	59919	52476	0
59919	52481	0.00216595	0.00633383	0.45581800	0.00634516	0.45466221	0.58895046	0.58814682	0.31959237	0.31970026	0.58898053	0.58822036	0.31971185	0.31975729	59919	52479	0
59919	52484	0.00000316	0.00641651	0.45379399	0.00635283	0.45725445	0.58888661	0.58824806	0.31961333	0.31986107	0.58881808	0.58812036	0.31956871	0.31973798	59919	52483	0
59919	52488	0.00064690	0.00639350	0.45735490	0.00633107	0.45632492	0.58886393	0.58806210	0.31954874	0.31972812	0.58891652	0.58807303	0.31959903	0.31968975	59919	52486	0
59919	52491	0.00090765	0.00635975	0.45623064	0.00636576	0.45581344	0.58894298	0.58818396	0.31962771	0.31968662	0.58901217	0.58820500	0.31963379	0.31976000	59919	52489	0
59919	52494	0.00031847	0.00635995	0.45490145	0.00635042	0.45584413	0.58895810	0.58823113	0.31958251	0.31972401	0.58904085	0.58806366	0.31965811	0.31963946	59919	52492	0
59919	52497	0.00034956	0.00631414	0.45398710	0.00636872	0.45393737	0.58880501	0.58799184	0.31947224	0.31945876	0.58869121	0.58789989	0.31939278	0.31953181	59919	52496	0
59919	52501	0.00119949	0.00633270	0.45584880	0.00631316	0.45448891	0.58872514	0.58792405	0.31939812	0.31956156	0.58870863	0.58804197	0.31947487	0.31964061	59919	52499	0
59919	52504	-0.00061413	0.00635985	0.45340796	0.00634622	0.45630975	0.58894972	0.58819547	0.31952392	0.31965302	0.58898020	0.58810393	0.31961061	0.31971185	59919	52502	0
59919	52507	0.00100191	0.00635207	0.45653886	0.00635482	0.45395320	0.58888957	0.58810524	0.31945243	0.31961086	0.58887379	0.58811790	0.31944644	0.31962261	59919	52506	0
59919	52510	-0.00083444	0.00633203	0.45387287	0.00634974	0.45681102	0.58880658	0.58807566	0.31950363	0.31957676	0.58885119	0.58807632	0.31940905	0.31964570	59919	52509	0
59919	52514	0.00092804	0.00639892	0.45660076	0.00637535	0.45378080	0.58884421	0.58803950	0.31949927	0.31954488	0.58885834	0.58804805	0.31939639	0.31949286	59919	52512	0
59919	53219	0.00107639	0.00632368	0.45571930	0.00638410	0.45548193	0.58955746	0.58880460	0.32025977	0.32031310	0.58956872	0.58884996	0.32029510	0.32033767	59919	53218	0
59919	53223	0.00038453	0.00633920	0.45434891	0.00633311	0.45545588	0.58956617	0.58886533	0.32035254	0.32041072	0.58970537	0.58903000	0.32036150	0.32051754	59919	53221	0
59919	53226	0.00111166	0.00634925	0.45560689	0.00636387	0.45444348	0.58968129	0.58875325	0.32031696	0.32037004	0.58969543	0.58890452	0.32034301	0.32040324	59919	53224	0
59919	53229	0.00150071	0.00630789	0.45571442	0.00637331	0.45509195	0.58970455	0.58894035	0.32035575	0.32049585	0.58970290	0.58888349	0.32032493	0.32037210	59919	53228	0
59919	53233	0.00152309	0.00635105	0.45469080	0.00636224	0.45465499	0.58972591	0.58896796	0.32035780	0.32043200	0.58974013	0.58898456	0.32034334	0.32048919	59919	53231	0
59919	53236	-0.00167582	0.00638944	0.45298916	0.00637853	0.45810741	0.58963930	0.58891389	0.32035254	0.32033964	0.58968573	0.58896977	0.32030028	0.32041228	59919	53234	0
59919	53239	0.00088040	0.00632809	0.45714912	0.00632072	0.45305917	0.58965311	0.58890543	0.32034712	0.32045139	0.58967036	0.58884240	0.32030324	0.32035624	59919	53237	0
59919	53242	0.00186994	0.00638177	0.45829813	0.00633921	0.45671486	0.58982378	0.58893008	0.32045000	0.32045789	0.58979165	0.58901965	0.32046125	0.32050990	59919	53241	0
59919	53246	0.00115718	0.00635446	0.45524268	0.00634039	0.45638310	0.58973700	0.58894881	0.32040645	0.32052461	0.58977965	0.58894857	0.32043644	0.32059659	59919	53244	0
59919	53249	0.00076410	0.00630513	0.45476768	0.00632727	0.45539660	0.58983586	0.58909212	0.32056405	0.32065436	0.58986716	0.58912458	0.32060390	0.32067802	59919	53247	0
59919	53252	0.00001027	0.00635055	0.45601866	0.00628396	0.45722480	0.58992288	0.58908152	0.32057580	0.32062453	0.58986043	0.58912754	0.32057063	0.32073579	59919	53251	0
59919	53255	0.00012838	0.00632564	0.45572829	0.00629513	0.45553931	0.58993446	0.58912384	0.32059930	0.32068476	0.58974810	0.58901661	0.32061303	0.32067433	59919	53254	0
59919	53259	0.00093340	0.00635274	0.45506192	0.00631893	0.45377388	0.58985755	0.58911086	0.32064639	0.32071286	0.58980553	0.58910091	0.32058599	0.32069306	59919	53257	0
59919	53262	0.00223923	0.00638894	0.45628781	0.00633273	0.45419847	0.58984070	0.58898965	0.32060826	0.32072650	0.58973347	0.58894766	0.32053759	0.32072379	59919	53260	0
59919	53265	0.00043840	0.00637426	0.45410239	0.00633000	0.45698373	0.58972394	0.58896048	0.32056150	0.32068534	0.58980784	0.58903518	0.32062231	0.32064754	59919	53264	0
59919	53268	0.00116928	0.00637401	0.45626254	0.00639013	0.45509313	0.58978376	0.58904356	0.32057030	0.32067326	0.58970907	0.58894651	0.32065230	0.32070744	59919	53267	0
59919	53272	-0.00000538	0.00633506	0.45379169	0.00633906	0.45567115	0.58981983	0.58903419	0.32065641	0.32071352	0.58983282	0.58895670	0.32070506	0.32076365	59919	53270	0
59919	53275	0.00081431	0.00630459	0.45579375	0.00631480	0.45448225	0.58980841	0.58902006	0.32062510	0.32074014	0.58978318	0.58900790	0.32062938	0.32075091	59919	53273	0
59919	53278	0.00078918	0.00633633	0.45429633	0.00637290	0.45433654	0.58984424	0.58902047	0.32068427	0.32073217	0.58992386	0.58917388	0.32067646	0.32080695	59919	53277	0
59919	53282	0.00022425	0.00633532	0.45552485	0.00633413	0.45642874	0.58995262	0.58914446	0.32067605	0.32077334	0.58995854	0.58919130	0.32068805	0.32071270	59919	53280	0
59919	53285	0.00198732	0.00630814	0.45624120	0.00635702	0.45342028	0.58994942	0.58914627	0.32056002	0.32070514	0.59003003	0.58912622	0.32074499	0.32080629	59919	53283	0
59919	53288	0.00229664	0.00637838	0.45616552	0.00627755	0.45567061	0.58977193	0.58903312	0.32052568	0.32060637	0.58988615	0.58905950	0.32057432	0.32064647	59919	53286	0
59919	53291	0.00105216	0.00636710	0.45375761	0.00631252	0.45574878	0.58988812	0.58917462	0.32057063	0.32078641	0.58979945	0.58914340	0.32057892	0.32062502	59919	53290	0
59919	53295	0.00011184	0.00635167	0.45443411	0.00631324	0.45593862	0.58979839	0.58900050	0.32059939	0.32065847	0.58979633	0.58914364	0.32059322	0.32074943	59919	53293	0
59919	53298	0.00085721	0.00630964	0.45635886	0.00635162	0.45516626	0.58987472	0.58911275	0.32055485	0.32066718	0.58981104	0.58900954	0.32055518	0.32055797	59919	53296	0
59919	53301	0.00037120	0.00640146	0.45537026	0.00630312	0.45614788	0.58987029	0.58900223	0.32048476	0.32054359	0.58981564	0.58908333	0.32056438	0.32062445	59919	53299	0
59919	53304	0.00112455	0.00638766	0.45602049	0.00633477	0.45481513	0.58988565	0.58896911	0.32053817	0.32055148	0.58990102	0.58903616	0.32055830	0.32065222	59919	53303	0
59919	53308	0.00083217	0.00634894	0.45431311	0.00634052	0.45478091	0.58984999	0.58898349	0.32056389	0.32060185	0.58979625	0.58909138	0.32042880	0.32065214	59919	53306	0
59919	53311	0.00061587	0.00631021	0.45489862	0.00632702	0.45524471	0.58981572	0.58910716	0.32051606	0.32060662	0.58981104	0.58893008	0.32053611	0.32057646	59919	53309	0
59919	53314	0.00115278	0.00633542	0.45552219	0.00637339	0.45466314	0.58972673	0.58902203	0.32047292	0.32053504	0.58980726	0.58893641	0.32044934	0.32051754	59919	53313	0
59919	54020	0.00034719	0.00631215	0.45340395	0.00627699	0.45469289	0.58880017	0.58798831	0.31982804	0.31994209	0.58892852	0.58809620	0.31998918	0.32009461	59919	54018	0
59919	54023	0.00346619	0.00627995	0.45764079	0.00628395	0.45265039	0.58904750	0.58832143	0.32007316	0.32017497	0.58910371	0.58832998	0.32012912	0.32022435	59919	54022	0
59919	54026	0.00142865	0.00634724	0.45223307	0.00627298	0.45549314	0.58926205	0.58843927	0.32014062	0.32027596	0.58915120	0.58849301	0.32026199	0.32034276	59919	54025	0
59919	54030	0.00030941	0.00631263	0.45478678	0.00630005	0.45657757	0.58907289	0.58831823	0.32023463	0.32031137	0.58907585	0.58824485	0.32028327	0.32029469	59919	54028	0
59919	54033	0.00120576	0.00632143	0.45576878	0.00633308	0.45433461	0.58916616	0.58830968	0.32021244	0.32028352	0.58907117	0.58831864	0.32022550	0.32034161	59919	54031	0
59919	54036	0.00045280	0.00630581	0.45480590	0.00627781	0.45601065	0.58927619	0.58851183	0.32024514	0.32047637	0.58912310	0.58837608	0.32026182	0.32040973	59919	54035	0
59919	54040	0.00051463	0.00631264	0.45457415	0.00627860	0.45447522	0.58923855	0.58845151	0.32034909	0.32044030	0.58922524	0.58847912	0.32030250	0.32045739	59919	54038	0
59919	54043	-0.00074664	0.00624264	0.45425722	0.00632959	0.45627525	0.58929632	0.58841955	0.32036232	0.32043578	0.58938564	0.58864864	0.32027119	0.32039346	59919	54041	0
59919	54046	-0.00006344	0.00628571	0.45632056	0.00624629	0.45522743	0.58901948	0.58838142	0.32018179	0.32033841	0.58912047	0.58839333	0.32019379	0.32031031	59919	54044	0
59919	54049	-0.00079951	0.00636645	0.45508409	0.00628399	0.45626179	0.58933058	0.58851667	0.32024555	0.32033586	0.58899787	0.58838043	0.32004489	0.32018614	59919	54048	0
59919	54053	-0.00015440	0.00625999	0.45522675	0.00636552	0.45419458	0.58918202	0.58849219	0.32009419	0.32029593	0.58907150	0.58831412	0.32000504	0.32011868	59919	54051	0
59919	54056	0.00061523	0.00629205	0.45591511	0.00630298	0.45468371	0.58909007	0.58819916	0.31990084	0.31994538	0.58920478	0.58832497	0.31999986	0.32001556	59919	54054	0
59919	54059	0.00007976	0.00635135	0.45366542	0.00629639	0.45452216	0.58877173	0.58789809	0.31966698	0.31976296	0.58877173	0.58790417	0.31958900	0.31971596	59919	54057	0
59919	54062	-0.00003262	0.00627724	0.45479923	0.00633889	0.45497905	0.58867379	0.58790203	0.31949533	0.31958490	0.58869934	0.58800877	0.31948982	0.31960371	59919	54061	0
59919	54066	-0.00002069	0.00632844	0.45510777	0.00627694	0.45508867	0.58887757	0.58799834	0.31940551	0.31957150	0.58869647	0.58801535	0.31932425	0.31944463	59919	54064	0
59919	54069	-0.00014946	0.00631414	0.45500867	0.00630711	0.45521470	0.58872572	0.58789357	0.31932162	0.31940987	0.58862909	0.58781140	0.31919696	0.31936090	59919	54067	0
59919	54072	-0.00106899	0.00633749	0.45504689	0.00635641	0.45651813	0.58851799	0.58776176	0.31912679	0.31927429	0.58861372	0.58786021	0.31912063	0.31920797	59919	54071	0
59919	54075	0.00009657	0.00629135	0.45608363	0.00637434	0.45421874	0.58840196	0.58765889	0.31904955	0.31915210	0.58828651	0.58758510	0.31900534	0.31902851	59919	54074	0
59919	54079	-0.00015191	0.00630638	0.45499578	0.00631988	0.45539334	0.58832587	0.58754081	0.31893163	0.31898554	0.58841059	0.58746726	0.31889194	0.31894765	59919	54077	0
59919	54082	0.00106299	0.00633793	0.45535986	0.00627589	0.45341602	0.58841519	0.58756275	0.31891676	0.31908028	0.58839481	0.58764944	0.31895447	0.31910855	59919	54080	0
59919	54085	0.00139275	0.00629211	0.45486321	0.00629179	0.45433560	0.58850985	0.58761517	0.31897798	0.31907486	0.58822620	0.58741681	0.31899646	0.31903057	59919	54084	0
59919	54089	-0.00057099	0.00629348	0.45353806	0.00627865	0.45668005	0.58829054	0.58752215	0.31894782	0.31902021	0.58826507	0.58760868	0.31899975	0.31913903	59919	54087	0
59919	54092	0.00007902	0.00630608	0.45467752	0.00625738	0.45363750	0.58856450	0.58772618	0.31912071	0.31922268	0.58857272	0.58777212	0.31924503	0.31939533	59919	54090	0
59919	54095	0.00011650	0.00632942	0.45528740	0.00626027	0.45522744	0.58852128	0.58773555	0.31924331	0.31939541	0.58860665	0.58783605	0.31936961	0.31941628	59919	54093	0
59919	54098	-0.00042764	0.00624486	0.45478375	0.00627892	0.45565438	0.58865431	0.58804443	0.31943082	0.31965491	0.58884963	0.58805840	0.31962730	0.31974940	59919	54097	0
59919	54102	-0.00000304	0.00626326	0.45588877	0.00620932	0.45520941	0.58861848	0.58808536	0.31961382	0.31978819	0.58897831	0.58822710	0.31985343	0.31996050	59919	54100	0
59919	54105	0.00052149	0.00630427	0.45449219	0.00622209	0.45365295	0.58913411	0.58833992	0.31997776	0.32008261	0.58904413	0.58834132	0.31999534	0.32011663	59919	54103	0
59919	54108	-0.00037877	0.00624517	0.45466154	0.00624725	0.45610195	0.58900937	0.58825233	0.31999600	0.32015007	0.58927175	0.58860000	0.32016568	0.32025188	59919	54106	0
59919	54111	0.00176849	0.00631669	0.45684024	0.00632219	0.45340463	0.58932212	0.58859991	0.32019839	0.32029223	0.58924652	0.58861191	0.32029995	0.32039133	59919	54110	0
59919	54115	0.00048595	0.00627373	0.45465653	0.00630108	0.45670859	0.58936115	0.58860098	0.32039264	0.32049930	0.58938712	0.58866647	0.32036832	0.32054671	59919	54113	0
59919	54820	0.00123433	0.00627929	0.45626598	0.00629242	0.45506858	0.58878266	0.58807459	0.32109611	0.32112726	0.58877831	0.58807599	0.32097031	0.32109151	59919	54819	0
59919	54824	-0.00012823	0.00623233	0.45451516	0.00625467	0.45669526	0.58883969	0.58812981	0.32101583	0.32118946	0.58892819	0.58824247	0.32103366	0.32120622	59919	54822	0
59919	54827	0.00010913	0.00638895	0.45512779	0.00629356	0.45474801	0.58890222	0.58816835	0.32110893	0.32112619	0.58891964	0.58813071	0.32096382	0.32113777	59919	54825	0
59919	54830	0.00085354	0.00629194	0.45654119	0.00628189	0.45535014	0.58883271	0.58826687	0.32110375	0.32126267	0.58893107	0.58806342	0.32108789	0.32124723	59919	54829	0
59919	54834	0.00142800	0.00626724	0.45639849	0.00627849	0.45547936	0.58888546	0.58805347	0.32116538	0.32117335	0.58891611	0.58809538	0.32114237	0.32120294	59919	54832	0
59919	54837	0.00147231	0.00628819	0.45648104	0.00628354	0.45641014	0.58884339	0.58797714	0.32103646	0.32104402	0.58891028	0.58798149	0.32107729	0.32112356	59919	54835	0
59919	54840	-0.00036759	0.00628499	0.45446507	0.00630610	0.45740890	0.58888653	0.58811560	0.32108296	0.32122167	0.58880329	0.58798437	0.32103062	0.32114081	59919	54838	0
59919	54843	-0.00079683	0.00629007	0.45649248	0.00634640	0.45717927	0.58890239	0.58827041	0.32111123	0.32125133	0.58900001	0.58811264	0.32104328	0.32113021	59919	54842	0
59919	54847	0.00116869	0.00624635	0.45622320	0.00631952	0.45307837	0.58887560	0.58817648	0.32116686	0.32127426	0.58896878	0.58817336	0.32111822	0.32116226	59919	54845	0
59919	54850	0.00060588	0.00625975	0.45546340	0.00631074	0.45636389	0.58899705	0.58811091	0.32096308	0.32104180	0.58888595	0.58820385	0.32104467	0.32112479	59919	54848	0
59919	54853	0.00003531	0.00629590	0.45606268	0.00632750	0.45697558	0.58897100	0.58818067	0.32110737	0.32112553	0.58902556	0.58802874	0.32107236	0.32109307	59919	54851	0
59919	54856	0.00085822	0.00636364	0.45667446	0.00630421	0.45535782	0.58897659	0.58811716	0.32115963	0.32115388	0.58898070	0.58823203	0.32115478	0.32119505	59919	54855	0
59919	54860	-0.00056020	0.00630130	0.45558993	0.00622637	0.45785939	0.58896098	0.58827936	0.32107787	0.32124821	0.58910067	0.58822102	0.32115495	0.32126391	59919	54858	0
59919	54863	-0.00090379	0.00626459	0.45417934	0.00632836	0.45472909	0.58895884	0.58822809	0.32121682	0.32125725	0.58899615	0.58818832	0.32110729	0.32122175	59919	54861	0
59919	54866	0.00105718	0.00628035	0.45753178	0.00627876	0.45439423	0.58901776	0.58815537	0.32112627	0.32117146	0.58910404	0.58821313	0.32114542	0.32122340	59919	54865	0
59919	54869	-0.00172140	0.00625896	0.45344934	0.00629555	0.45789507	0.58898489	0.58811872	0.32124106	0.32131518	0.58893608	0.58810541	0.32113128	0.32117952	59919	54868	0
59919	54873	0.00151220	0.00632861	0.45726770	0.00633511	0.45209394	0.58898735	0.58817369	0.32120770	0.32121953	0.58897314	0.58819308	0.32115848	0.32123794	59919	54871	0
59919	54876	0.00158471	0.00629611	0.45432307	0.00631253	0.45420707	0.58895292	0.58825660	0.32114780	0.32123178	0.58896352	0.58815200	0.32107072	0.32119973	59919	54874	0
59919	54879	0.00094434	0.00625917	0.45359379	0.00628652	0.45461838	0.58896500	0.58819974	0.32103350	0.32117623	0.58880354	0.58795413	0.32106390	0.32109381	59919	54878	0
59919	54882	0.00091675	0.00634651	0.45502142	0.00633182	0.45506556	0.58880197	0.58791197	0.32110269	0.32111361	0.58875497	0.58797722	0.32106398	0.32110474	59919	54881	0
59919	54886	0.00107787	0.00630569	0.45514567	0.00631712	0.45488788	0.58868981	0.58809160	0.32108691	0.32125191	0.58875867	0.58788527	0.32107664	0.32116596	59919	54884	0
59919	54889	0.00009396	0.00634234	0.45462028	0.00629092	0.45619455	0.58880773	0.58795372	0.32116210	0.32125248	0.58870082	0.58797500	0.32114172	0.32127237	59919	54887	0
59919	54892	0.00012644	0.00630532	0.45522749	0.00628096	0.45517553	0.58869499	0.58780614	0.32117294	0.32122027	0.58867543	0.58771731	0.32102857	0.32109948	59919	54891	0
59919	54896	-0.00038718	0.00628412	0.45465935	0.00630466	0.45548113	0.58869252	0.58787138	0.32111715	0.32119258	0.58862621	0.58800286	0.32114394	0.32132069	59919	54894	0
59919	54899	0.00059943	0.00632633	0.45502917	0.00632123	0.45345059	0.58871356	0.58790672	0.32118839	0.32132208	0.58868554	0.58782027	0.32111090	0.32123137	59919	54897	0
59919	54902	0.00088000	0.00629411	0.45592662	0.00631868	0.45547773	0.58875735	0.58800310	0.32120006	0.32132767	0.58869844	0.58778970	0.32121699	0.32126670	59919	54900	0
59919	54905	0.00000245	0.00632125	0.45468543	0.00632138	0.45608951	0.58859893	0.58784714	0.32117935	0.32122841	0.58867009	0.58790910	0.32117680	0.32121403	59919	54904	0
59919	54909	0.00077150	0.00631734	0.45543370	0.00631663	0.45420322	0.58865415	0.58780852	0.32121444	0.32123416	0.58865801	0.58793531	0.32121781	0.32130318	59919	54907	0
59919	54912	0.00133933	0.00632385	0.45602635	0.00631858	0.45511782	0.58861947	0.58787352	0.32113440	0.32123901	0.58874577	0.58797804	0.32123038	0.32132200	59919	54910	0
59919	54915	-0.00059799	0.00631649	0.45236875	0.00632741	0.45546846	0.58873591	0.58781698	0.32128922	0.32123621	0.58862235	0.58780170	0.32113424	0.32123983	59919	54913	0
59919	55621	-0.00066922	0.00641506	0.45458003	0.00636710	0.45469400	0.58709059	0.58631620	0.31950387	0.31963140	0.58719946	0.58647644	0.31953420	0.31964094	59919	55619	0
59919	55624	0.00052718	0.00634149	0.45553676	0.00638339	0.45362252	0.58718681	0.58642705	0.31950971	0.31962754	0.58719001	0.58640980	0.31947479	0.31960470	59919	55623	0
59919	55627	0.00003655	0.00639864	0.45442368	0.00636926	0.45520869	0.58726569	0.58643724	0.31948423	0.31964422	0.58695796	0.58626181	0.31941077	0.31959024	59919	55626	0
59919	55631	-0.00108202	0.00634440	0.45456765	0.00636534	0.45635736	0.58705887	0.58613707	0.31947725	0.31954274	0.58703233	0.58625515	0.31936492	0.31944266	59919	55629	0
59919	55634	0.00279436	0.00634807	0.45741812	0.00635544	0.45121591	0.58701672	0.58616410	0.31936114	0.31938119	0.58685180	0.58608497	0.31932597	0.31940362	59919	55632	0
59919	55637	0.00121849	0.00640050	0.45471498	0.00635018	0.45723638	0.58693397	0.58619656	0.31927371	0.31934775	0.58697152	0.58626526	0.31933715	0.31948210	59919	55636	0
59919	55640	0.00016880	0.00638387	0.45485603	0.00638357	0.45653553	0.58705961	0.58625236	0.31930280	0.31940461	0.58704268	0.58610708	0.31929351	0.31934652	59919	55639	0
59919	55644	0.00049500	0.00642005	0.45573449	0.00634475	0.45521257	0.58692460	0.58614759	0.31926895	0.31933830	0.58704005	0.58611825	0.31924101	0.31934816	59919	55642	0
59919	55647	-0.00041790	0.00636661	0.45449361	0.00641648	0.45595426	0.58704679	0.58617594	0.31929212	0.31935030	0.58704589	0.58619977	0.31926549	0.31940979	59919	55645	0
59919	55650	0.00204207	0.00638169	0.45648747	0.00639420	0.45255151	0.58695394	0.58626189	0.31926878	0.31934873	0.58696084	0.58621447	0.31923739	0.31930214	59919	55649	0
59919	55654	0.00048849	0.00637417	0.45317800	0.00633407	0.45566373	0.58700414	0.58617257	0.31915506	0.31926829	0.58684415	0.58608119	0.31913854	0.31917100	59919	55652	0
59919	55657	-0.00103372	0.00638377	0.45424258	0.00635443	0.45667811	0.58686412	0.58613682	0.31916960	0.31926097	0.58695237	0.58611562	0.31913476	0.31920838	59919	55655	0
59919	55660	0.00140987	0.00638075	0.45652662	0.00638020	0.45261687	0.58677710	0.58602507	0.31906154	0.31913805	0.58678425	0.58595793	0.31910879	0.31918267	59919	55658	0
59919	55663	-0.00010984	0.00631018	0.45388944	0.00631334	0.45632097	0.58661933	0.58577584	0.31892974	0.31896516	0.58661909	0.58587716	0.31893229	0.31900213	59919	55662	0
59919	55667	-0.00049636	0.00634362	0.45550586	0.00629681	0.45612429	0.58648909	0.58579803	0.31881183	0.31891240	0.58640199	0.58582334	0.31883607	0.31900156	59919	55665	0
59919	55670	0.00161959	0.00633407	0.45711906	0.00635946	0.45373355	0.58648654	0.58579671	0.31887715	0.31891142	0.58673322	0.58596443	0.31897995	0.31904873	59919	55668	0
59919	55673	0.00025931	0.00633424	0.45449763	0.00633388	0.45667408	0.58675073	0.58586705	0.31890920	0.31900567	0.58659665	0.58580452	0.31883771	0.31890583	59919	55672	0
59919	55676	0.00110775	0.00635768	0.45621356	0.00633608	0.45485606	0.58667677	0.58596788	0.31888266	0.31904823	0.58675442	0.58586294	0.31891191	0.31904347	59919	55675	0
59919	55680	-0.00001775	0.00633509	0.45551389	0.00636376	0.45731469	0.58669748	0.58594709	0.31888783	0.31896590	0.58662426	0.58588176	0.31888685	0.31895678	59919	55678	0
59919	55683	-0.00069262	0.00635350	0.45304013	0.00633210	0.45411992	0.58657143	0.58572753	0.31884363	0.31891479	0.58644464	0.58560575	0.31872596	0.31882021	59919	55681	0
59919	55686	0.00079665	0.00630643	0.45579121	0.00632097	0.45340838	0.58644258	0.58563492	0.31880985	0.31881183	0.58659411	0.58560000	0.31888742	0.31882744	59919	55685	0
59919	55689	-0.00024951	0.00629588	0.45473702	0.00631042	0.45641087	0.58640922	0.58586541	0.31874486	0.31891684	0.58660068	0.58586401	0.31887962	0.31894256	59919	55688	0
59919	55693	0.00024507	0.00634162	0.45460837	0.00634598	0.45381705	0.58659172	0.58585029	0.31891569	0.31897469	0.58653650	0.58583139	0.31883040	0.31897329	59919	55691	0
59919	55696	0.00104714	0.00634245	0.45519938	0.00632844	0.45391607	0.58678483	0.58592934	0.31896154	0.31897600	0.58664793	0.58585760	0.31891018	0.31893204	59919	55694	0
59919	55699	-0.00055203	0.00632780	0.45338392	0.00633746	0.45594259	0.58661514	0.58584298	0.31895571	0.31899351	0.58647693	0.58571454	0.31886630	0.31894281	59919	55698	0
59919	55703	0.00110540	0.00633472	0.45608182	0.00634401	0.45342994	0.58654070	0.58573977	0.31889811	0.31895020	0.58651415	0.58566253	0.31887156	0.31895300	59919	55701	0
59919	55706	0.00163637	0.00633420	0.45595831	0.00632217	0.45510875	0.58657110	0.58573073	0.31888981	0.31898348	0.58657003	0.58575300	0.31891627	0.31893779	59919	55704	0
59919	55709	0.00033630	0.00632307	0.45308704	0.00632268	0.45516716	0.58662607	0.58572136	0.31900468	0.31894289	0.58669115	0.58585070	0.31901602	0.31900731	59919	55707	0
59919	55712	0.00069184	0.00637739	0.45461378	0.00635681	0.45404490	0.58672328	0.58593862	0.31893549	0.31905283	0.58656091	0.58582054	0.31892539	0.31904799	59919	55711	0
59919	55716	0.00036480	0.00630396	0.45427022	0.00632604	0.45479349	0.58655910	0.58573837	0.31889884	0.31891824	0.58654374	0.58586393	0.31890821	0.31902005	59919	55714	0
59919	56421	-0.00013350	0.00630858	0.45498103	0.00635041	0.45577830	0.58736192	0.58656699	0.31992829	0.32001326	0.58732280	0.58659000	0.31994464	0.31997513	59919	56420	0
59919	56425	0.00258299	0.00627691	0.45684112	0.00632688	0.45249473	0.58737917	0.58660635	0.31988334	0.31993330	0.58737696	0.58672435	0.32004719	0.32009650	59919	56423	0
59919	56428	-0.00009919	0.00629359	0.45302998	0.00632022	0.45732147	0.58743669	0.58672295	0.32009904	0.32021729	0.58758460	0.58671654	0.32009493	0.32018425	59919	56426	0
59919	56431	0.00112088	0.00636859	0.45535106	0.00632441	0.45339894	0.58763818	0.58679239	0.32016355	0.32018269	0.58745929	0.58675360	0.32006823	0.32019946	59919	56430	0
59919	56434	-0.00069047	0.00630674	0.45374600	0.00629290	0.45664417	0.58755379	0.58669411	0.32016733	0.32020849	0.58762404	0.58676683	0.32021071	0.32018006	59919	56433	0
59919	56438	0.00009519	0.00630662	0.45522816	0.00636921	0.45397110	0.58748345	0.58667669	0.32013372	0.32019839	0.58750481	0.58673881	0.32017267	0.32025706	59919	56436	0
59919	56441	0.00006926	0.00634991	0.45491096	0.00632213	0.45495245	0.58767787	0.58681285	0.32009115	0.32022271	0.58750868	0.58664004	0.32011498	0.32016067	59919	56439	0
59919	56444	0.00012121	0.00634901	0.45521254	0.00633999	0.45512941	0.58755001	0.58683388	0.32012148	0.32028508	0.58757162	0.58686872	0.32008113	0.32029141	59919	56443	0
59919	56447	0.00053259	0.00629421	0.45445503	0.00632271	0.45379683	0.58750457	0.58671490	0.32004308	0.32019157	0.58753900	0.58686042	0.32006050	0.32017916	59919	56446	0
59919	56451	0.00021441	0.00634320	0.45467666	0.00631195	0.45518574	0.58756299	0.58679617	0.32010619	0.32016683	0.58771049	0.58679773	0.32019559	0.32013281	59919	56449	0
59919	56454	0.00065924	0.00636111	0.45482421	0.00636008	0.45411249	0.58748444	0.58664234	0.32000849	0.32006806	0.58743028	0.58668606	0.32000964	0.32012057	59919	56452	0
59919	56457	0.00022060	0.00631591	0.45315588	0.00630957	0.45385769	0.58758321	0.58686486	0.32003840	0.32019354	0.58759964	0.58680315	0.32004629	0.32014333	59919	56456	0
59919	56461	-0.00102064	0.00631717	0.45352141	0.00632256	0.45550740	0.58744812	0.58676634	0.32007439	0.32009567	0.58764196	0.58674547	0.32017004	0.32023841	59919	56459	0
59919	56464	0.00041283	0.00636678	0.45629833	0.00633150	0.45400477	0.58755297	0.58688343	0.32013536	0.32017842	0.58769841	0.58691359	0.32012797	0.32022123	59919	56462	0
59919	56467	0.00049215	0.00633711	0.45405768	0.00629797	0.45393077	0.58781608	0.58689880	0.32019707	0.32037341	0.58763711	0.58689412	0.32012690	0.32026150	59919	56465	0
59919	56470	0.00064210	0.00634570	0.45461195	0.00634011	0.45437203	0.58772561	0.58671498	0.32019757	0.32021967	0.58764237	0.58677768	0.32015278	0.32022378	59919	56469	0
59919	56474	0.00024923	0.00631092	0.45420868	0.00627369	0.45483728	0.58765683	0.58686363	0.32016642	0.32026404	0.58756685	0.58681926	0.32019165	0.32025780	59919	56472	0
59919	56477	0.00062104	0.00630164	0.45473637	0.00629866	0.45414147	0.58766784	0.58702830	0.32014974	0.32027867	0.58774130	0.58693890	0.32022016	0.32023668	59919	56475	0
59919	56480	-0.00034368	0.00639057	0.45437850	0.00635605	0.45592205	0.58769266	0.58680052	0.32019354	0.32016519	0.58753111	0.58676494	0.32005541	0.32012131	59919	56479	0
59919	56483	0.00080651	0.00632739	0.45562317	0.00635540	0.45378287	0.58761040	0.58679124	0.32013347	0.32026133	0.58762380	0.58691351	0.32014670	0.32030151	59919	56482	0
59919	56487	0.00018700	0.00635730	0.45424494	0.00627654	0.45523614	0.58749405	0.58674136	0.32016823	0.32030020	0.58755740	0.58674834	0.32013922	0.32022608	59919	56485	0
59919	56490	0.00005961	0.00629117	0.45316970	0.00634835	0.45337351	0.58762971	0.58667505	0.32023076	0.32024251	0.58754196	0.58679091	0.32013191	0.32018606	59919	56488	0
59919	56493	0.00023168	0.00626776	0.45502949	0.00631763	0.45475419	0.58760178	0.58678154	0.32011991	0.32020693	0.58749364	0.58665861	0.32018746	0.32017423	59919	56492	0
59919	56496	0.00072486	0.00633817	0.45558145	0.00633664	0.45479237	0.58765445	0.58679650	0.32026610	0.32027522	0.58737671	0.58667751	0.32008170	0.32016651	59919	56495	0
59919	56500	0.00118379	0.00633298	0.45494166	0.00630758	0.45420737	0.58737375	0.58661301	0.32009847	0.32024112	0.58760728	0.58679395	0.32020882	0.32025772	59919	56498	0
59919	56503	-0.00209829	0.00634074	0.45352672	0.00639719	0.45877804	0.58761032	0.58689765	0.32023594	0.32033200	0.58789891	0.58759627	0.32029946	0.32080892	59919	56501	0
59919	56506	-0.00036893	0.00635443	0.45592992	0.00638781	0.45316296	0.58766505	0.58704013	0.32021203	0.32039733	0.58780622	0.58702559	0.32031696	0.32035024	59919	56505	0
59919	56510	0.00054997	0.00635339	0.45596354	0.00640399	0.45449330	0.58780762	0.58698138	0.32030562	0.32029116	0.58791271	0.58699995	0.32040538	0.32033290	59919	56508	0
59919	56513	0.00012949	0.00637924	0.45413102	0.00641064	0.45480378	0.58775141	0.58710694	0.32024851	0.32047876	0.58778461	0.58689798	0.32028911	0.32034876	59919	56511	0
59919	56516	0.00145384	0.00635499	0.45646445	0.00634773	0.45434550	0.58752634	0.58685443	0.32016116	0.32028376	0.58750613	0.58683865	0.32014095	0.32029338	59919	56514	0
59919	57222	0.00128969	0.00643220	0.45469751	0.00643453	0.45496016	0.58741163	0.58658022	0.31971300	0.31980618	0.58736751	0.58653963	0.31962146	0.31968564	59919	57220	0
59919	57225	0.00005500	0.00641544	0.45343868	0.00642969	0.45541418	0.58735995	0.58662229	0.31966822	0.31981292	0.58706700	0.58633313	0.31959993	0.31970914	59919	57224	0
59919	57228	0.00142900	0.00643747	0.45665260	0.00638333	0.45445419	0.58715287	0.58632237	0.31962894	0.31964554	0.58700653	0.58628243	0.31954866	0.31966526	59919	57227	0
59919	57232	-0.00046922	0.00638481	0.45283541	0.00637414	0.45587258	0.58713611	0.58629426	0.31968827	0.31984965	0.58700751	0.58631144	0.31965334	0.31977751	59919	57230	0
59919	57235	0.00170296	0.00638451	0.45665163	0.00640828	0.45317614	0.58709445	0.58618769	0.31968095	0.31971399	0.58699757	0.58618686	0.31965638	0.31979147	59919	57233	0
59919	57238	-0.00071863	0.00640469	0.45293305	0.00645501	0.45680759	0.58706676	0.58633305	0.31964299	0.31982286	0.58687702	0.58609911	0.31963206	0.31972007	59919	57237	0
59919	57242	0.00146122	0.00647957	0.45708641	0.00641057	0.45359865	0.58697957	0.58603641	0.31960207	0.31968794	0.58696610	0.58608612	0.31963773	0.31973198	59919	57240	0
59919	57245	0.00039129	0.00640990	0.45473832	0.00641899	0.45645021	0.58680578	0.58616591	0.31953247	0.31965803	0.58682098	0.58605062	0.31965310	0.31961826	59919	57243	0
59919	57248	0.00048365	0.00642150	0.45477738	0.00643076	0.45462961	0.58680923	0.58601956	0.31961637	0.31972253	0.58675886	0.58593920	0.31957429	0.31967520	59919	57246	0
59919	57251	-0.00017708	0.00638431	0.45496801	0.00643554	0.45602516	0.58674234	0.58601693	0.31954496	0.31965449	0.58682443	0.58600921	0.31957980	0.31968367	59919	57250	0
59919	57255	0.00070482	0.00642042	0.45517827	0.00638009	0.45376722	0.58670537	0.58591570	0.31959196	0.31971908	0.58686971	0.58603304	0.31959188	0.31969081	59919	57253	0
59919	57258	0.00062621	0.00641041	0.45389643	0.00639974	0.45402221	0.58668639	0.58596845	0.31949746	0.31967890	0.58680841	0.58605325	0.31958498	0.31968186	59919	57256	0
59919	57261	0.00080846	0.00643197	0.45575496	0.00640879	0.45546336	0.58690200	0.58616887	0.31966041	0.31974899	0.58679986	0.58605062	0.31960864	0.31974694	59919	57259	0
59919	57264	0.00019563	0.00646000	0.45443048	0.00641973	0.45541102	0.58678318	0.58604413	0.31959319	0.31968169	0.58677431	0.58595120	0.31961234	0.31971292	59919	57263	0
59919	57268	0.00150469	0.00637299	0.45607710	0.00638681	0.45398260	0.58670208	0.58589713	0.31964455	0.31971432	0.58673298	0.58594306	0.31965910	0.31976953	59919	57266	0
59919	57271	-0.00012821	0.00640846	0.45435784	0.00642113	0.45697048	0.58676749	0.58604545	0.31967356	0.31976551	0.58674308	0.58604964	0.31969007	0.31976197	59919	57269	0
59919	57274	0.00039793	0.00641434	0.45535049	0.00639625	0.45450865	0.58684128	0.58596056	0.31974053	0.31978227	0.58690274	0.58603501	0.31975548	0.31982492	59919	57273	0
59919	57277	0.00145375	0.00638348	0.45499175	0.00640890	0.45330244	0.58698491	0.58606476	0.31988868	0.31987233	0.58678507	0.58606903	0.31974127	0.31987488	59919	57276	0
59919	57281	0.00051054	0.00636966	0.45327972	0.00640125	0.45478885	0.58681679	0.58600633	0.31976584	0.31984349	0.58678417	0.58601291	0.31986025	0.31990865	59919	57279	0
59919	57284	0.00092051	0.00643816	0.45618166	0.00642091	0.45552571	0.58678442	0.58597552	0.31976403	0.31986888	0.58687045	0.58606574	0.31985770	0.31988696	59919	57282	0
59919	57287	-0.00041884	0.00637287	0.45384999	0.00637376	0.45599295	0.58673898	0.58594051	0.31978112	0.31994062	0.58684440	0.58603575	0.31986641	0.31993149	59919	57286	0
59919	57290	0.00171243	0.00638875	0.45705102	0.00641334	0.45364099	0.58686059	0.58609360	0.31981654	0.31991769	0.58682353	0.58602655	0.31972475	0.31990635	59919	57289	0
59919	57294	-0.00018090	0.00640309	0.45346749	0.00641699	0.45649681	0.58675409	0.58609212	0.31989789	0.31994596	0.58684062	0.58603830	0.31989287	0.31991564	59919	57292	0
59919	57297	0.00231954	0.00640439	0.45706458	0.00648035	0.45306388	0.58687275	0.58611710	0.31989074	0.32002665	0.58691359	0.58607889	0.31991144	0.32000208	59919	57295	0
59919	57300	0.00135665	0.00643112	0.45488566	0.00640245	0.45642629	0.58688877	0.58615704	0.31997735	0.32008228	0.58689913	0.58608637	0.31990545	0.31997463	59919	57299	0
59919	57304	0.00097676	0.00642136	0.45406771	0.00643485	0.45467553	0.58689535	0.58613937	0.31988934	0.31999099	0.58687316	0.58604824	0.31988827	0.31998384	59919	57302	0
59919	57307	-0.00007363	0.00638859	0.45473143	0.00640628	0.45641206	0.58691655	0.58621250	0.31993018	0.32005237	0.58678737	0.58589170	0.31985351	0.31987135	59919	57305	0
59919	57310	-0.00007722	0.00643048	0.45386398	0.00642415	0.45386973	0.58671843	0.58599475	0.31981161	0.31989698	0.58668869	0.58600831	0.31986946	0.31991777	59919	57308	0
59919	57313	0.00145596	0.00642233	0.45742250	0.00639633	0.45496941	0.58678910	0.58603452	0.31983412	0.31991506	0.58683503	0.58602334	0.31997044	0.31993758	59919	57312	0
59919	57317	-0.00058206	0.00638557	0.45228925	0.00641619	0.45555009	0.58671728	0.58595342	0.31981481	0.31988178	0.58666091	0.58596689	0.31982484	0.31992755	59919	57315	0
59919	58022	0.00077991	0.00645308	0.45659166	0.00650176	0.45441251	0.58733472	0.58649484	0.32024465	0.32033972	0.58717572	0.58642081	0.32018327	0.32033044	59919	58021	0
59919	58026	0.00082139	0.00647992	0.45474453	0.00654364	0.45467817	0.58711335	0.58642681	0.32018746	0.32034679	0.58714252	0.58634389	0.32012936	0.32024440	59919	58024	0
59919	58029	0.00047058	0.00650413	0.45478036	0.00649373	0.45534166	0.58716438	0.58637989	0.32014835	0.32030422	0.58711138	0.58636937	0.32014350	0.32022896	59919	58027	0
59919	58032	-0.00174694	0.00651640	0.45320679	0.00649434	0.45675483	0.58703340	0.58626723	0.32017185	0.32023076	0.58705410	0.58633847	0.32012320	0.32020167	59919	58031	0
59919	58035	0.00021618	0.00654648	0.45611945	0.00650370	0.45297846	0.58722502	0.58629656	0.32014169	0.32021910	0.58717925	0.58632647	0.32008203	0.32024120	59919	58034	0
59919	58039	0.00006811	0.00651156	0.45463986	0.00648678	0.45487676	0.58706101	0.58617832	0.32013429	0.32012747	0.58715986	0.58628876	0.32012830	0.32020603	59919	58037	0
59919	58042	-0.00024297	0.00646702	0.45494601	0.00643532	0.45544374	0.58710053	0.58645672	0.32013824	0.32033471	0.58713093	0.58631555	0.32020151	0.32026100	59919	58040	0
59919	58045	0.00236936	0.00648106	0.45672939	0.00643710	0.45254967	0.58715008	0.58650676	0.32012320	0.32037506	0.58711877	0.58636682	0.32020545	0.32029313	59919	58044	0
59919	58049	-0.00024927	0.00647926	0.45270774	0.00647379	0.45689754	0.58724474	0.58640347	0.32019296	0.32027744	0.58714523	0.58639468	0.32015360	0.32026076	59919	58047	0
59919	58052	0.00045792	0.00650706	0.45579197	0.00649016	0.45466047	0.58715895	0.58629196	0.32019403	0.32030020	0.58710102	0.58627545	0.32013586	0.32021293	59919	58050	0
59919	58055	0.00064080	0.00658054	0.45458438	0.00652752	0.45429178	0.58718599	0.58628087	0.32022764	0.32025426	0.58707719	0.58627651	0.32007981	0.32016231	59919	58053	0
59919	58058	0.00278624	0.00649970	0.45563878	0.00646723	0.45220607	0.58707900	0.58626657	0.32007612	0.32018130	0.58711877	0.58625852	0.32013857	0.32025213	59919	58057	0
59919	58062	0.00050055	0.00646946	0.45398171	0.00646568	0.45763881	0.58708590	0.58629837	0.32009239	0.32020455	0.58706125	0.58633313	0.32013964	0.32021532	59919	58060	0
59919	58065	-0.00038645	0.00648614	0.45346079	0.00648652	0.45488000	0.58702904	0.58634439	0.32014744	0.32028656	0.58702649	0.58630856	0.32011572	0.32016618	59919	58063	0
59919	58068	-0.00030826	0.00649777	0.45652750	0.00649401	0.45640239	0.58704548	0.58616838	0.32010126	0.32011490	0.58705394	0.58640889	0.32007636	0.32020907	59919	58066	0
59919	58071	0.00068988	0.00646927	0.45631975	0.00649818	0.45472273	0.58716125	0.58641810	0.32016757	0.32024177	0.58716010	0.58632212	0.32015114	0.32017078	59919	58070	0
59919	58075	-0.00039552	0.00652235	0.45350671	0.00647804	0.45524335	0.58705928	0.58620305	0.32015919	0.32021408	0.58706626	0.58618596	0.32009567	0.32017530	59919	58073	0
59919	58078	-0.00001791	0.00648893	0.45417726	0.00646948	0.45357309	0.58700546	0.58623518	0.32010537	0.32016429	0.58702017	0.58620848	0.32006478	0.32005393	59919	58076	0
59919	58081	0.00124104	0.00645500	0.45618249	0.00644397	0.45416816	0.58719568	0.58623017	0.32018943	0.32010627	0.58700727	0.58626641	0.32001399	0.32012024	59919	58080	0
59919	58084	-0.00024222	0.00646949	0.45426719	0.00650301	0.45664041	0.58700275	0.58613674	0.31999017	0.32013355	0.58710324	0.58632311	0.32010397	0.32014769	59919	58083	0
59919	58088	0.00021107	0.00648627	0.45483168	0.00650215	0.45410641	0.58692452	0.58615145	0.32003733	0.32010258	0.58689075	0.58614438	0.31997217	0.32007324	59919	58086	0
59919	58091	-0.00019914	0.00651829	0.45492246	0.00649381	0.45557880	0.58691433	0.58611349	0.32003026	0.32007324	0.58711253	0.58623420	0.32014325	0.32014744	59919	58089	0
59919	58094	0.00096658	0.00652858	0.45569381	0.00649048	0.45382866	0.58691942	0.58614290	0.31998203	0.32004645	0.58712066	0.58625466	0.32005689	0.32009904	59919	58093	0
59919	58097	0.00048389	0.00644030	0.45369345	0.00647710	0.45446575	0.58696380	0.58620946	0.32004300	0.32011120	0.58690595	0.58623411	0.31997891	0.32015122	59919	58096	0
59919	58101	0.00076134	0.00649357	0.45465798	0.00646453	0.45421405	0.58707506	0.58613082	0.32008976	0.32011424	0.58706240	0.58628383	0.32008055	0.32010825	59919	58099	0
59919	58104	0.00028280	0.00649309	0.45399121	0.00646320	0.45475689	0.58704556	0.58623239	0.32006067	0.32014021	0.58696191	0.58623066	0.31996527	0.32009444	59919	58102	0
59919	58107	-0.00069612	0.00648979	0.45439072	0.00650972	0.45595698	0.58707949	0.58627487	0.32008590	0.32017965	0.58718484	0.58638317	0.32014103	0.32023857	59919	58106	0
59919	58111	0.00197397	0.00652432	0.45605279	0.00648867	0.45178065	0.58719117	0.58629829	0.32014687	0.32014070	0.58696922	0.58631850	0.32010118	0.32012731	59919	58109	0
59919	58114	0.00101429	0.00646997	0.45353955	0.00653498	0.45507504	0.58704170	0.58624825	0.32005878	0.32020102	0.58710521	0.58628218	0.32015607	0.32027464	59919	58112	0
59919	58117	-0.00091625	0.00650039	0.45284252	0.00643728	0.45593137	0.58710727	0.58638983	0.32013175	0.32021926	0.58724088	0.58635326	0.32012591	0.32026174	59919	58115	0
59919	58823	0.00113409	0.00642960	0.45591532	0.00643684	0.45263477	0.58636460	0.58557551	0.31996206	0.32002344	0.58633502	0.58556663	0.31992278	0.32003955	59919	58821	0
59919	58826	0.00114535	0.00642952	0.45541016	0.00641307	0.45539216	0.58619673	0.58535627	0.31981111	0.31995475	0.58632434	0.58559901	0.31988079	0.32005886	59919	58825	0
59919	58829	0.00101035	0.00640504	0.45438531	0.00639924	0.45460131	0.58638687	0.58556154	0.31993314	0.31994103	0.58640610	0.58549243	0.31994612	0.32001991	59919	58828	0
59919	58833	0.00087228	0.00643643	0.45561638	0.00638684	0.45583728	0.58633864	0.58559827	0.31990084	0.32004580	0.58622343	0.58536367	0.31986822	0.31995952	59919	58831	0
59919	58836	0.00109302	0.00643378	0.45512577	0.00642406	0.45477259	0.58637947	0.58555686	0.31995968	0.32001564	0.58624085	0.58540024	0.31986329	0.31996683	59919	58834	0
59919	58839	0.00010812	0.00636546	0.45331635	0.00642823	0.45489219	0.58621258	0.58553689	0.31987496	0.32002271	0.58625548	0.58548044	0.31987003	0.31995113	59919	58838	0
59919	58843	0.00027141	0.00639680	0.45415211	0.00639484	0.45389083	0.58641867	0.58561742	0.31993437	0.32007160	0.58628038	0.58550517	0.31992287	0.31995261	59919	58841	0
59919	58846	0.00055715	0.00643817	0.45434307	0.00637092	0.45388589	0.58625844	0.58534255	0.31981111	0.31993963	0.58617199	0.58542629	0.31984743	0.31993831	59919	58844	0
59919	58849	0.00016845	0.00635679	0.45436125	0.00636733	0.45498316	0.58606016	0.58554034	0.31983708	0.32002509	0.58632269	0.58553919	0.31990454	0.32000939	59919	58847	0
59919	58852	0.00064549	0.00645293	0.45506816	0.00647001	0.45430490	0.58631744	0.58552801	0.31998523	0.32002821	0.58632565	0.58561396	0.31984875	0.32000487	59919	58851	0
59919	58856	-0.00019510	0.00644656	0.45520249	0.00640154	0.45654745	0.58625909	0.58559055	0.31986510	0.31994818	0.58629706	0.58547049	0.31985754	0.32002123	59919	58854	0
59919	58859	-0.00006805	0.00640031	0.45551892	0.00642724	0.45531563	0.58624940	0.58550402	0.31987340	0.31993799	0.58632048	0.58545603	0.31991333	0.31992295	59919	58857	0
59919	58862	-0.00053966	0.00645907	0.45398020	0.00643481	0.45473479	0.58607067	0.58540648	0.31979328	0.31988055	0.58623157	0.58538627	0.31984398	0.31988597	59919	58860	0
59919	58865	0.00115143	0.00644516	0.45593246	0.00643872	0.45322670	0.58636649	0.58566105	0.31990947	0.32005713	0.58634932	0.58551528	0.31993848	0.31999559	59919	58864	0
59919	58869	0.00079888	0.00642808	0.45368746	0.00639127	0.45425154	0.58638621	0.58564864	0.31994661	0.31998433	0.58632212	0.58546417	0.31993864	0.32008006	59919	58867	0
59919	58872	0.00031940	0.00638338	0.45457659	0.00635184	0.45534377	0.58626082	0.58545726	0.31990068	0.32000898	0.58621751	0.58561857	0.31987948	0.32001473	59919	58870	0
59919	58875	0.00140794	0.00643591	0.45557826	0.00644970	0.45383659	0.58640618	0.58548627	0.31993947	0.31997324	0.58630486	0.58553368	0.31993897	0.31994325	59919	58874	0
59919	58878	0.00067062	0.00642864	0.45439733	0.00644117	0.45557704	0.58618235	0.58551684	0.31991794	0.31987496	0.58618728	0.58546055	0.31979871	0.31996387	59919	58877	0
59919	58882	-0.00078763	0.00640791	0.45376589	0.00643395	0.45609909	0.58629500	0.58544765	0.31987093	0.31990816	0.58629048	0.58548208	0.31979460	0.31993182	59919	58880	0
59919	58885	0.00078930	0.00640135	0.45482909	0.00642317	0.45230600	0.58624217	0.58536835	0.31981876	0.31992122	0.58622212	0.58531848	0.31986485	0.31991522	59919	58883	0
59919	58888	0.00215659	0.00639123	0.45640252	0.00643324	0.45421486	0.58627068	0.58551536	0.31976658	0.31994571	0.58632080	0.58548791	0.31988737	0.31987200	59919	58887	0
59919	58891	0.00018196	0.00643711	0.45224080	0.00643372	0.45540022	0.58641390	0.58550279	0.31995343	0.31991029	0.58611036	0.58541462	0.31979838	0.31986025	59919	58890	0
59919	58895	-0.00096741	0.00642170	0.45269685	0.00645093	0.45453583	0.58637471	0.58563089	0.31994826	0.32004448	0.58649443	0.58558159	0.31996420	0.31995705	59919	58893	0
59919	58898	0.00005884	0.00644491	0.45523053	0.00635995	0.45358853	0.58640462	0.58561791	0.31987767	0.31995943	0.58636362	0.58558134	0.31987291	0.32001227	59919	58896	0
59919	58901	0.00091896	0.00642768	0.45500778	0.00643763	0.45363159	0.58624743	0.58547156	0.31973921	0.31989148	0.58623633	0.58548274	0.31982755	0.31989419	59919	58900	0
59919	58905	-0.00025923	0.00638579	0.45290980	0.00641138	0.45479490	0.58615498	0.58540804	0.31977282	0.31981514	0.58631316	0.58549210	0.31981120	0.31990766	59919	58903	0
59919	58908	0.00094488	0.00642022	0.45558520	0.00642567	0.45365863	0.58623502	0.58551158	0.31983692	0.31993306	0.58621135	0.58543450	0.31976239	0.31993306	59919	58906	0
59919	58911	-0.00058329	0.00641655	0.45282282	0.00636880	0.45526790	0.58636879	0.58557074	0.31985014	0.31994012	0.58624808	0.58551996	0.31977315	0.31984382	59919	58909	0
59919	58914	-0.00123607	0.00639256	0.45324120	0.00643936	0.45428566	0.58624019	0.58548142	0.31976526	0.31988589	0.58638588	0.58550435	0.31985877	0.31992796	59919	58913	0
59919	58918	0.00126054	0.00640764	0.45728593	0.00639657	0.45329135	0.58631612	0.58554338	0.31976847	0.31993716	0.58612178	0.58526884	0.31973634	0.31983470	59919	58916	0
