% File initiated 12/12/2022 11:58:01 UTC
% Raw fountain data
%
% File notes: maser 5 MHz RF amplitudes 2300 uwave leak  no water cooling
%
%% fountain_code = ALPHA-CsF1
%% microwave_ref = ALPHA HM1
%% MJD_start = 59925.498629
%% clock_data = False
%% sequence = 7
%% density = HD
%
% Units: V.s, Hz
%
% Shot B MJD days	Shot B MJD seconds	freq error	shot A sum	shot A ratio	shot B sum	shot B ratio	shot A F=3 bg 1	shot A F=3 bg 2	shot A F=4 bg 1	shot A F=4 bg 2	shot B F=3 bg 1	shot B F=3 bg 2	shot B F=4 bg 1	shot B F=4 bg 2	Shot A MJD days	Shot A MJD seconds	Shot order (0=LF->HF)
59925	43104	-0.00143437	0.04149039	0.51619715	0.04169624	0.51763153	0.61835127	0.61845119	0.31576145	0.31563910	0.61837461	0.61838143	0.31569752	0.31543392	59925	43102	0
59925	43607	0.00134403	0.04163374	0.51797272	0.04162816	0.51519432	0.61884742	0.61872909	0.31636040	0.31614150	0.61876369	0.61884150	0.31639812	0.31621438	59925	43605	0
59925	44111	0.00078455	0.04165924	0.51598436	0.04160349	0.51654384	0.61874742	0.61867355	0.31609055	0.31594995	0.61865736	0.61860206	0.31616056	0.31592152	59925	44109	0
59925	44614	0.00084964	0.04159162	0.51776897	0.04140228	0.51770388	0.61932155	0.61922155	0.31683133	0.31662171	0.61914907	0.61919813	0.31680774	0.31655630	59925	44612	0
59925	45118	-0.00002822	0.04110610	0.51790792	0.04114430	0.51878578	0.61924464	0.61911752	0.31635268	0.31618151	0.61910051	0.61921029	0.31639483	0.31632901	59925	45116	0
59925	45621	-0.00166741	0.04116333	0.51709236	0.04127711	0.51873155	0.61948121	0.61944004	0.31634709	0.31620962	0.61949493	0.61939822	0.31640896	0.31615473	59925	45620	0
59925	46125	-0.00057188	0.04103798	0.51874803	0.04110952	0.51765250	0.61880954	0.61870050	0.31566219	0.31547484	0.61885235	0.61878226	0.31571478	0.31556860	59925	46123	0
59925	46628	-0.00190328	0.04116674	0.51698415	0.04104457	0.51831555	0.61915622	0.61916830	0.31596014	0.31577090	0.61925384	0.61913017	0.31593960	0.31579276	59925	46627	0
59925	47132	-0.00154436	0.04149289	0.51740242	0.04151803	0.51704351	0.61811149	0.61811371	0.31486849	0.31466134	0.61811667	0.61792110	0.31484886	0.31461508	59925	47130	0
59925	47635	-0.00079707	0.04145506	0.51813042	0.04152618	0.51738313	0.61773811	0.61760729	0.31468155	0.31440488	0.61782480	0.61770795	0.31473472	0.31449889	59925	47634	0
59925	48139	0.00056690	0.04151950	0.51766423	0.04159120	0.51630026	0.61768165	0.61752010	0.31461664	0.31433569	0.61763613	0.61758650	0.31457161	0.31435246	59925	48137	0
59925	48643	0.00095840	0.04164065	0.51784518	0.04148582	0.51745368	0.61847921	0.61823722	0.31524977	0.31498263	0.61832391	0.61817222	0.31520523	0.31485403	59925	48641	0
59925	49146	0.00052371	0.04159151	0.51816376	0.04172175	0.51859845	0.61935672	0.61931259	0.31577509	0.31565545	0.61951523	0.61942114	0.31588389	0.31564534	59925	49144	0
59925	49650	0.00134116	0.04113596	0.52008429	0.04119835	0.51926683	0.62035724	0.62027795	0.31632507	0.31610739	0.62058288	0.62036242	0.31656295	0.31614503	59925	49648	0
59925	50153	0.00161705	0.04127879	0.51889382	0.04133543	0.51861793	0.62017827	0.62004261	0.31661242	0.31642466	0.62036538	0.62001442	0.31672516	0.31645588	59925	50151	0
59925	50657	0.00076609	0.04147936	0.51766139	0.04158511	0.51851235	0.62002477	0.62002108	0.31684916	0.31670692	0.62011467	0.62010949	0.31685433	0.31663132	59925	50655	0
59925	51160	0.00012259	0.04105131	0.51988226	0.04113217	0.52052576	0.62178201	0.62178111	0.31604552	0.31584584	0.62180519	0.62176730	0.31605735	0.31590344	59925	51159	0
59925	51664	0.00016177	0.04117893	0.52134243	0.04121362	0.52130325	0.62085783	0.62084994	0.31502446	0.31480399	0.62085964	0.62074279	0.31496085	0.31473521	59925	51662	0
59925	52167	0.00180835	0.04106638	0.52034582	0.04108714	0.51869924	0.62043917	0.62024869	0.31531888	0.31509036	0.62034237	0.62019561	0.31538363	0.31505469	59925	52166	0
59925	52671	-0.00001674	0.04128557	0.52023291	0.04117736	0.52205801	0.62214168	0.62213058	0.31610600	0.31596696	0.62240668	0.62217175	0.31629664	0.31607658	59925	52669	0
59925	53174	-0.00007420	0.04136209	0.52234442	0.04135696	0.52240188	0.62245902	0.62235376	0.31581823	0.31551198	0.62248803	0.62235475	0.31567024	0.31550384	59925	53173	0
59925	53678	0.00086169	0.04118103	0.52143177	0.04110441	0.52049588	0.62077114	0.62064821	0.31563589	0.31543589	0.62070770	0.62068420	0.31571256	0.31558930	59925	53676	0
59925	54181	0.00058608	0.04111551	0.52293786	0.04114891	0.52321347	0.62354591	0.62343629	0.31516686	0.31491172	0.62335174	0.62339874	0.31513424	0.31489060	59925	54180	0
59925	54685	0.00242716	0.04141188	0.52308733	0.04129657	0.52124625	0.62208933	0.62206912	0.31533852	0.31511090	0.62203313	0.62212072	0.31539111	0.31522487	59925	54683	0
59925	55189	0.00029112	0.04106834	0.52097024	0.04111861	0.52310627	0.62241687	0.62231539	0.31595193	0.31570738	0.62232344	0.62229994	0.31598085	0.31569982	59925	55187	0
59925	55692	0.00087458	0.04097333	0.52265538	0.04097932	0.52207193	0.62252361	0.62263487	0.31539899	0.31526883	0.62261942	0.62241712	0.31553351	0.31523276	59925	55691	0
59925	56196	-0.00009301	0.04113492	0.52200186	0.04120106	0.52296945	0.62303628	0.62309240	0.31548371	0.31525955	0.62314935	0.62305345	0.31544797	0.31523654	59925	56194	0
59925	56699	0.00042977	0.04111936	0.52156272	0.04118247	0.52103994	0.62106556	0.62087854	0.31531789	0.31514837	0.62092422	0.62086901	0.31536144	0.31502158	59925	56698	0
59925	57203	-0.00086881	0.04108508	0.51983703	0.04113742	0.52113561	0.62086334	0.62073983	0.31559275	0.31529694	0.62085725	0.62080828	0.31559300	0.31529053	59925	57201	0
59925	57706	0.00056552	0.04073567	0.52080805	0.04079020	0.51937372	0.62073079	0.62063482	0.31590788	0.31557476	0.62065470	0.62068453	0.31586737	0.31568150	59925	57705	0
59925	58210	0.00010131	0.04134103	0.51854167	0.04124925	0.51900588	0.62032035	0.62018279	0.31642277	0.31626377	0.62035930	0.62031007	0.31649960	0.31628587	59925	58208	0
59925	58713	0.00081751	0.04123287	0.51805869	0.04120417	0.51734248	0.61968508	0.61975320	0.31634027	0.31612950	0.61964210	0.61962624	0.31633419	0.31611742	59925	58712	0
59925	59217	0.00099846	0.04118006	0.51735196	0.04125051	0.51717101	0.61949740	0.61951457	0.31602038	0.31583500	0.61957020	0.61966297	0.31613262	0.31594256	59925	59215	0
59925	59721	0.00060765	0.04146736	0.51869943	0.04134942	0.51909024	0.61983307	0.61990480	0.31613221	0.31594009	0.62001031	0.61984638	0.31623156	0.31582103	59925	59719	0
59925	60224	0.00164317	0.04104664	0.51991010	0.04104006	0.51887458	0.62053900	0.62049767	0.31592029	0.31578997	0.62069472	0.62056850	0.31594272	0.31578323	59925	60223	0
59925	60728	0.00165677	0.04080657	0.52180267	0.04076852	0.52178907	0.62178489	0.62166369	0.31528157	0.31502618	0.62175638	0.62163928	0.31522898	0.31495379	59925	60726	0
59925	61231	0.00137563	0.04111420	0.52120367	0.04102145	0.52148482	0.62105480	0.62105093	0.31486595	0.31455756	0.62107657	0.62108577	0.31483760	0.31458878	59925	61230	0
59925	61735	0.00027139	0.04093574	0.52053268	0.04079992	0.52163692	0.62103548	0.62111979	0.31512668	0.31498871	0.62113541	0.62096753	0.31509997	0.31488624	59925	61733	0
59925	62238	0.00131097	0.04083402	0.52181819	0.04083278	0.52077861	0.62081740	0.62083959	0.31536013	0.31512824	0.62082430	0.62071649	0.31535635	0.31521797	59925	62237	0
59925	62742	-0.00009704	0.04079775	0.51953614	0.04082070	0.52094414	0.62026225	0.62026611	0.31545446	0.31516546	0.62023834	0.62027104	0.31557057	0.31530187	59925	62740	0
59925	63245	-0.00025203	0.04112638	0.51894366	0.04098324	0.51909864	0.62076637	0.62064895	0.31638752	0.31620986	0.62067598	0.62055536	0.31637700	0.31612613	59925	63244	0
59925	63749	-0.00001322	0.04136962	0.51791235	0.04132939	0.51767355	0.62070746	0.62060934	0.31656131	0.31633665	0.62064558	0.62065725	0.31658802	0.31631669	59925	63747	0
59925	64253	-0.00086991	0.04133191	0.51830607	0.04132629	0.51916276	0.62028912	0.62030703	0.31662598	0.31644947	0.62036028	0.62030966	0.31668966	0.31653649	59925	64251	0
59925	64756	-0.00024024	0.04142120	0.51758827	0.04136482	0.51695860	0.61953668	0.61952879	0.31622819	0.31600805	0.61962822	0.61949386	0.31626705	0.31602128	59925	64755	0
59925	65260	0.00087002	0.04148534	0.51682258	0.04162481	0.51571232	0.61852564	0.61870798	0.31571207	0.31561888	0.61846245	0.61842769	0.31574461	0.31546818	59925	65258	0
59925	65763	0.00001817	0.04136071	0.51681939	0.04133703	0.51767123	0.61862367	0.61862342	0.31556646	0.31539439	0.61858866	0.61859926	0.31558799	0.31539184	59925	65762	0
59925	66267	0.00060176	0.04124091	0.51762463	0.04125961	0.51704104	0.61857823	0.61834387	0.31567287	0.31546621	0.61836951	0.61831084	0.31564263	0.31536325	59925	66265	0
59925	66770	0.00026553	0.04151107	0.51641277	0.04137224	0.51674900	0.61829786	0.61818446	0.31553088	0.31539562	0.61834642	0.61824223	0.31563326	0.31542060	59925	66769	0
59925	67274	0.00009670	0.04126139	0.51816888	0.04119966	0.51833771	0.61926206	0.61919476	0.31640412	0.31620781	0.61928079	0.61920084	0.31640847	0.31605579	59925	67272	0
59925	67778	-0.00032984	0.04164494	0.51721927	0.04146132	0.51764581	0.61906633	0.61896583	0.31569999	0.31547829	0.61891275	0.61885810	0.31567986	0.31549850	59925	67776	0
59925	68281	0.00070367	0.04161069	0.51849390	0.04150665	0.51746040	0.61822900	0.61838200	0.31485600	0.31487614	0.61825957	0.61841618	0.31494738	0.31485502	59925	68279	0
59925	68785	-0.00076463	0.04153171	0.51745944	0.04163644	0.51892773	0.61728279	0.61706496	0.31437719	0.31401375	0.61732651	0.61717638	0.31434514	0.31410077	59925	68783	0
59925	69288	-0.00091653	0.04090302	0.51969009	0.04092093	0.51984199	0.61865358	0.61850115	0.31462880	0.31441663	0.61851841	0.61860797	0.31459560	0.31439034	59925	69287	0
59925	69792	0.00009841	0.04068849	0.52272411	0.04088532	0.52170918	0.62295288	0.62294269	0.31580591	0.31557476	0.62319208	0.62282378	0.31584395	0.31553959	59925	69790	0
59925	70295	0.00053715	0.04105651	0.52438423	0.04108539	0.52394548	0.62517019	0.62515302	0.31586893	0.31570155	0.62516132	0.62507438	0.31587920	0.31562612	59925	70294	0
59925	70799	0.00284297	0.04118521	0.52463847	0.04128161	0.52233265	0.62628247	0.62628255	0.31634125	0.31616245	0.62627589	0.62618468	0.31630584	0.31605875	59925	70797	0
59925	71302	0.00162910	0.04137822	0.52385292	0.04118621	0.52506678	0.62571474	0.62564753	0.31578052	0.31556284	0.62555763	0.62559025	0.31580254	0.31551025	59925	71301	0
59925	71806	0.00042851	0.04110628	0.52060446	0.04104586	0.52180504	0.62238729	0.62219870	0.31573606	0.31552710	0.62235689	0.62215893	0.31573590	0.31552817	59925	71804	0
59925	72309	0.00258562	0.04125541	0.52087208	0.04134660	0.51871497	0.62100525	0.62095036	0.31496028	0.31473077	0.62116507	0.62105364	0.31498395	0.31483283	59925	72308	0
59925	72813	-0.00015059	0.04100581	0.51877540	0.04102291	0.52151161	0.62134626	0.62129285	0.31641578	0.31616056	0.62151183	0.62134872	0.31645819	0.31620879	59925	72811	0
59925	73317	0.00027987	0.04133126	0.51857925	0.04123001	0.51814879	0.61905474	0.61890609	0.31573992	0.31554156	0.61910790	0.61899993	0.31577764	0.31558396	59925	73315	0
59925	73820	0.00057828	0.04111111	0.51819412	0.04112120	0.51789571	0.61846968	0.61827740	0.31566252	0.31540918	0.61845530	0.61836113	0.31569777	0.31553581	59925	73819	0
59925	74324	-0.00078066	0.04101687	0.51700775	0.04107578	0.51836669	0.61849852	0.61851824	0.31606179	0.31591265	0.61851783	0.61851298	0.31610222	0.31596212	59925	74322	0
59925	74827	-0.00150988	0.04123683	0.51707967	0.04116878	0.51780888	0.61878694	0.61881168	0.31653280	0.31627585	0.61886796	0.61879853	0.31656583	0.31634791	59925	74826	0
59925	75331	0.00077075	0.04125131	0.51896094	0.04129993	0.51668032	0.61854117	0.61835866	0.31602473	0.31578290	0.61835291	0.61821363	0.31602826	0.31582349	59925	75329	0
59925	75834	-0.00135094	0.04142020	0.51709908	0.04151843	0.51922078	0.61811913	0.61785717	0.31529053	0.31489002	0.61788684	0.61783006	0.31513374	0.31486660	59925	75833	0
59925	76338	-0.00080244	0.04168703	0.51698451	0.04168926	0.51643600	0.61772405	0.61757417	0.31526259	0.31501344	0.61766160	0.61758198	0.31523325	0.31498279	59925	76336	0
59925	76841	-0.00096568	0.04163376	0.51634581	0.04160067	0.51650905	0.61790738	0.61785528	0.31552874	0.31538708	0.61778897	0.61778371	0.31563433	0.31539061	59925	76840	0
59925	77345	-0.00128058	0.04165151	0.51579931	0.04164224	0.51611421	0.61797772	0.61787476	0.31556572	0.31539020	0.61786588	0.61784723	0.31564855	0.31543309	59925	77343	0
59925	77849	0.00001421	0.04142475	0.51801118	0.04142021	0.51671639	0.61723398	0.61719635	0.31455443	0.31436421	0.61709692	0.61707243	0.31454622	0.31432657	59925	77847	0
59925	78352	-0.00102623	0.04151037	0.51677237	0.04154139	0.51781281	0.61696676	0.61696988	0.31452937	0.31425114	0.61702691	0.61702116	0.31448525	0.31432879	59925	78350	0
59925	78856	-0.00026895	0.04166073	0.51779527	0.04174483	0.51703800	0.61745511	0.61757426	0.31493431	0.31470349	0.61744664	0.61761090	0.31491919	0.31476619	59925	78854	0
59925	79359	-0.00084355	0.04163996	0.51650547	0.04169540	0.51708007	0.61787032	0.61786227	0.31539332	0.31525848	0.61788503	0.61781017	0.31550532	0.31523810	59925	79358	0
59925	79863	-0.00062729	0.04165730	0.51800137	0.04173536	0.51778511	0.61765372	0.61754040	0.31507581	0.31490029	0.61756078	0.61765478	0.31505626	0.31499003	59925	79861	0
59925	80366	-0.00079512	0.04151524	0.51648776	0.04137330	0.51665559	0.61639468	0.61627841	0.31375244	0.31347947	0.61649033	0.61641416	0.31386222	0.31359023	59925	80365	0
59925	80870	-0.00058341	0.04148785	0.51825905	0.04161746	0.51804735	0.61705781	0.61685682	0.31417250	0.31397258	0.61696882	0.61687284	0.31422156	0.31394308	59925	80868	0
59925	81373	0.00131703	0.04160334	0.51912368	0.04161189	0.51722323	0.61769669	0.61771962	0.31498082	0.31481467	0.61763514	0.61750992	0.31499857	0.31465863	59925	81372	0
59925	81877	0.00038281	0.04149795	0.51727468	0.04154101	0.51820890	0.61813171	0.61803639	0.31547615	0.31518461	0.61817986	0.61811766	0.31549168	0.31523416	59925	81875	0
59925	82380	0.00035742	0.04146311	0.51986474	0.04144927	0.51989013	0.61887922	0.61865580	0.31477572	0.31447169	0.61889853	0.61875917	0.31487096	0.31462157	59925	82379	0
59925	82884	0.00059966	0.04086038	0.52385995	0.04082510	0.52361770	0.62223593	0.62215425	0.31499652	0.31485132	0.62214957	0.62212270	0.31496513	0.31479322	59925	82882	0
59925	83388	0.00064912	0.04105304	0.52425382	0.04100303	0.52420437	0.62539682	0.62530356	0.31629557	0.31614166	0.62551170	0.62534571	0.31639664	0.31617478	59925	83386	0
59925	83891	0.00196833	0.04121980	0.52601268	0.04113379	0.52469348	0.62511505	0.62508243	0.31521682	0.31503851	0.62520643	0.62514899	0.31530474	0.31507598	59925	83889	0
59925	84395	0.00037480	0.04094985	0.52176089	0.04101534	0.52335442	0.62405208	0.62391872	0.31608283	0.31580139	0.62410451	0.62398799	0.31600928	0.31579210	59925	84393	0
59925	84898	-0.00024818	0.04136007	0.52007901	0.04152874	0.52070198	0.62193313	0.62181102	0.31583385	0.31556424	0.62197191	0.62189697	0.31580533	0.31565060	59925	84897	0
59925	85402	0.00007827	0.04120431	0.52110848	0.04135556	0.52078204	0.62137494	0.62134790	0.31525388	0.31503760	0.62133204	0.62140649	0.31531041	0.31513909	59925	85400	0
59925	85905	-0.00051610	0.04128163	0.51846779	0.04131552	0.51906215	0.61999881	0.62011861	0.31605135	0.31601298	0.62014129	0.61994901	0.31617782	0.31594445	59925	85904	0
59926	9	-0.00167177	0.04124680	0.51779775	0.04124324	0.51895342	0.61956420	0.61939123	0.31637486	0.31611421	0.61948326	0.61921793	0.31637462	0.31602095	59926	7	0
59926	512	-0.00149227	0.04115154	0.51993020	0.04117490	0.51975070	0.61929427	0.61910306	0.31612251	0.31585496	0.61925655	0.61899623	0.31606179	0.31580320	59926	511	0
59926	1016	0.00018655	0.04086008	0.52043709	0.04098490	0.51875828	0.61898013	0.61893592	0.31554394	0.31522520	0.61891587	0.61879878	0.31543096	0.31520178	59926	1014	0
59926	1519	0.00053922	0.04085700	0.52011816	0.04086763	0.51976548	0.61873534	0.61860970	0.31550664	0.31509208	0.61870715	0.61860124	0.31542356	0.31514245	59926	1518	0
59926	2023	0.00080756	0.04160740	0.51784624	0.04165215	0.51757791	0.61767828	0.61753185	0.31513276	0.31487745	0.61764887	0.61761493	0.31514155	0.31494565	59926	2021	0
59926	2527	-0.00041858	0.04147146	0.51791925	0.04137297	0.51914539	0.61783285	0.61760721	0.31534920	0.31507212	0.61776637	0.61766086	0.31541272	0.31512101	59926	2525	0
59926	3030	0.00158261	0.04143746	0.51936712	0.04126335	0.51736593	0.61858160	0.61837715	0.31612030	0.31591405	0.61849836	0.61861611	0.31613098	0.31613344	59926	3029	0
59926	3534	0.00087017	0.04115389	0.51801192	0.04127119	0.51872436	0.61813697	0.61806153	0.31575874	0.31553622	0.61820262	0.61807813	0.31575348	0.31559810	59926	3532	0
59926	4037	0.00149991	0.04124338	0.51810840	0.04123414	0.51747866	0.61786309	0.61783425	0.31534575	0.31512848	0.61795274	0.61778453	0.31532660	0.31513966	59926	4036	0
59926	4541	-0.00095066	0.04121572	0.51722618	0.04101611	0.51967674	0.61796506	0.61788716	0.31537484	0.31519085	0.61804789	0.61796942	0.31541551	0.31523827	59926	4539	0
59926	5044	0.00046480	0.04160557	0.51902177	0.04172637	0.51760631	0.61804608	0.61789555	0.31508723	0.31483719	0.61794666	0.61780844	0.31486718	0.31471985	59926	5043	0
59926	5548	0.00066505	0.04178149	0.51830549	0.04176616	0.51810524	0.61721015	0.61713086	0.31458500	0.31434112	0.61719602	0.61717835	0.31461647	0.31446043	59926	5546	0
59926	6052	-0.00045421	0.04166474	0.51718107	0.04156256	0.51830033	0.61704630	0.61707358	0.31466002	0.31445016	0.61707728	0.61706800	0.31452231	0.31441203	59926	6050	0
59926	6555	-0.00096309	0.04100535	0.51918642	0.04099105	0.51969531	0.61782282	0.61772923	0.31511830	0.31478624	0.61775503	0.61771674	0.31498789	0.31477876	59926	6554	0
59926	7059	-0.00057492	0.04091822	0.52119570	0.04087397	0.52080753	0.62102119	0.62096457	0.31520088	0.31502380	0.62119013	0.62121084	0.31531518	0.31512775	59926	7057	0
59926	7562	0.00028686	0.04123234	0.52558531	0.04121316	0.52472352	0.62399111	0.62393803	0.31517820	0.31500917	0.62397361	0.62385676	0.31515544	0.31501254	59926	7561	0
59926	8066	0.00018322	0.04101072	0.52476971	0.04096689	0.52487335	0.62520914	0.62518137	0.31566022	0.31541485	0.62513921	0.62505228	0.31563154	0.31537015	59926	8064	0
59926	8569	0.00141631	0.04092795	0.52399913	0.04094823	0.52276603	0.62351583	0.62341673	0.31501829	0.31468418	0.62341106	0.62337943	0.31489167	0.31466463	59926	8568	0
59926	9073	0.00078656	0.04126949	0.52160605	0.04135691	0.52223580	0.62276733	0.62261967	0.31599252	0.31577575	0.62264646	0.62265295	0.31594034	0.31570763	59926	9071	0
59926	9577	0.00035359	0.04131421	0.52234976	0.04113637	0.52278273	0.62179557	0.62172170	0.31516020	0.31500235	0.62184027	0.62158686	0.31531805	0.31500515	59926	9575	0
59926	10080	-0.00124091	0.04103394	0.52006634	0.04109577	0.52166083	0.62055725	0.62054944	0.31614117	0.31597255	0.62050852	0.62049808	0.31614413	0.31595702	59926	10078	0
59926	10584	0.00020522	0.04115276	0.52065578	0.04117552	0.51920966	0.61922418	0.61914110	0.31616541	0.31600977	0.61930791	0.61929747	0.31620855	0.31609236	59926	10582	0
59926	11087	0.00093799	0.04113975	0.52005587	0.04123776	0.51932310	0.61907364	0.61890732	0.31622391	0.31600961	0.61902031	0.61902179	0.31627486	0.31609860	59926	11086	0
59926	11591	0.00229632	0.04079063	0.52188793	0.04101488	0.52052960	0.61840698	0.61827329	0.31491517	0.31472026	0.61851791	0.61834264	0.31501690	0.31478041	59926	11589	0
59926	12094	0.00158994	0.04092232	0.52048343	0.04079705	0.52118981	0.61882096	0.61862515	0.31548273	0.31519940	0.61878998	0.61874093	0.31554049	0.31524024	59926	12093	0
59926	12598	-0.00096910	0.04135193	0.51784069	0.04155740	0.52039973	0.61826647	0.61804354	0.31560344	0.31535314	0.61822752	0.61823261	0.31561050	0.31553622	59926	12596	0
59926	13101	0.00016862	0.04145730	0.51917301	0.04157022	0.51803529	0.61840411	0.61817025	0.31589589	0.31563885	0.61833911	0.61821076	0.31592284	0.31580328	59926	13100	0
59926	13605	-0.00167635	0.04121839	0.51843930	0.04126433	0.52028427	0.61828290	0.61820961	0.31589350	0.31576597	0.61825168	0.61817452	0.31581593	0.31565685	59926	13603	0
59926	14109	-0.00070044	0.04097453	0.52167162	0.04117755	0.52069571	0.61856179	0.61855012	0.31443060	0.31421794	0.61854552	0.61856344	0.31440570	0.31409657	59926	14107	0
59926	14612	0.00054513	0.04086627	0.52503324	0.04076934	0.52378767	0.62270685	0.62258803	0.31529192	0.31513580	0.62250931	0.62250512	0.31534230	0.31508362	59926	14610	0
59926	15116	-0.00080794	0.04102867	0.52384857	0.04093797	0.52520164	0.62553955	0.62542624	0.31617856	0.31592317	0.62533248	0.62542739	0.31618234	0.31596368	59926	15114	0
59926	15619	-0.00036672	0.04125423	0.52588015	0.04112326	0.52543893	0.62456500	0.62440518	0.31526062	0.31498312	0.62457971	0.62440805	0.31524895	0.31502807	59926	15618	0
59926	16123	-0.00047346	0.04062048	0.52583589	0.04063452	0.52594263	0.62479352	0.62472983	0.31572932	0.31549168	0.62479122	0.62475769	0.31562086	0.31543145	59926	16121	0
59926	16626	-0.00017196	0.04131578	0.52309720	0.04144429	0.52279570	0.62266043	0.62267579	0.31548996	0.31537368	0.62257456	0.62249995	0.31544320	0.31523539	59926	16625	0
59926	17130	0.00022826	0.04122872	0.52274831	0.04137480	0.52234809	0.62115274	0.62137592	0.31542143	0.31538067	0.62117641	0.62108832	0.31542669	0.31508485	59926	17128	0
59926	17633	-0.00073039	0.04106104	0.52211153	0.04101411	0.52307018	0.62057007	0.62051238	0.31527845	0.31499118	0.62048296	0.62038953	0.31512873	0.31495732	59926	17632	0
59926	18137	0.00112318	0.04085869	0.52341001	0.04100919	0.52155644	0.62053917	0.62044180	0.31575044	0.31540524	0.62053531	0.62045207	0.31561716	0.31535618	59926	18135	0
59926	18640	0.00245212	0.04089243	0.52161502	0.04101282	0.52028608	0.61942303	0.61913404	0.31568125	0.31538954	0.61927036	0.61907356	0.31549661	0.31522915	59926	18639	0
59926	19144	0.00105794	0.04100097	0.51843211	0.04108416	0.51982628	0.61793655	0.61776341	0.31544386	0.31527220	0.61790475	0.61795233	0.31548117	0.31533334	59926	19142	0
59926	19648	-0.00067774	0.04093578	0.51962149	0.04088510	0.52135717	0.61879467	0.61872449	0.31592843	0.31574584	0.61872400	0.61877503	0.31585603	0.31564017	59926	19646	0
59926	20151	0.00027826	0.04096090	0.52026642	0.04081293	0.51931042	0.61906033	0.61898604	0.31612358	0.31595998	0.61913568	0.61899804	0.31603549	0.31579210	59926	20150	0
59926	20655	0.00078156	0.04136967	0.51961413	0.04146206	0.51911083	0.61755511	0.61734984	0.31490317	0.31471261	0.61744985	0.61747918	0.31488871	0.31473069	59926	20653	0
59926	21158	0.00050882	0.04081679	0.52217174	0.04085875	0.52244448	0.61834001	0.61820418	0.31511394	0.31498189	0.61823771	0.61817156	0.31511715	0.31490465	59926	21157	0
59926	21662	0.00028716	0.04069615	0.52176046	0.04082535	0.52198211	0.62211103	0.62200741	0.31572308	0.31561371	0.62207216	0.62200601	0.31582423	0.31554452	59926	21660	0
59926	22165	-0.00179645	0.04105913	0.52469419	0.04104812	0.52677780	0.62379152	0.62358436	0.31456586	0.31436232	0.62398692	0.62358477	0.31472749	0.31438344	59926	22164	0
59926	22669	-0.00060746	0.04107745	0.52795308	0.04101903	0.52676410	0.62483049	0.62483789	0.31566457	0.31545676	0.62483838	0.62471956	0.31573639	0.31547500	59926	22667	0
59926	23172	-0.00147560	0.04113442	0.52460441	0.04131744	0.52547255	0.62606003	0.62599980	0.31657561	0.31628382	0.62612765	0.62601943	0.31652943	0.31635046	59926	23171	0
59926	23676	0.00007694	0.04059730	0.52680430	0.04059060	0.52525176	0.62401330	0.62389037	0.31540738	0.31520490	0.62388848	0.62387164	0.31544074	0.31519661	59926	23674	0
59926	24180	0.00070754	0.04081831	0.52536651	0.04077900	0.52473591	0.62215589	0.62213962	0.31479495	0.31457958	0.62212960	0.62214102	0.31470933	0.31459240	59926	24178	0
59926	24683	0.00100025	0.04070590	0.52320477	0.04081658	0.52291206	0.62048305	0.62041435	0.31544978	0.31516982	0.62052035	0.62052569	0.31543967	0.31522799	59926	24681	0
59926	25187	0.00181982	0.04090282	0.52257358	0.04084118	0.52175401	0.61931259	0.61923880	0.31514903	0.31493883	0.61927586	0.61930298	0.31506834	0.31498764	59926	25185	0
59926	25690	0.00318596	0.04063174	0.52326645	0.04067009	0.52190032	0.61996479	0.62003036	0.31516785	0.31503588	0.61999232	0.61987613	0.31517384	0.31486044	59926	25689	0
59926	26194	0.00148639	0.04110835	0.51986958	0.04109079	0.52156914	0.61903913	0.61900692	0.31601799	0.31589950	0.61909451	0.61898013	0.31611364	0.31589046	59926	26192	0
59926	26697	-0.00063289	0.04094994	0.51951791	0.04087870	0.52163719	0.61837042	0.61836828	0.31577411	0.31552932	0.61848562	0.61835028	0.31572061	0.31552094	59926	26696	0
59926	27201	-0.00155487	0.04118607	0.51915386	0.04127841	0.52007585	0.61704277	0.61696816	0.31434301	0.31405500	0.61722092	0.61712354	0.31442978	0.31423232	59926	27199	0
59926	27704	0.00068902	0.04145179	0.52093211	0.04149946	0.51868821	0.61691121	0.61681548	0.31464129	0.31447029	0.61683512	0.61679017	0.31479520	0.31451992	59926	27703	0
59926	28208	-0.00091302	0.04135777	0.51889891	0.04130669	0.52050095	0.61591431	0.61601957	0.31393322	0.31386263	0.61604504	0.61598933	0.31397817	0.31378983	59926	28206	0
59926	28712	-0.00075843	0.04122247	0.52025607	0.04109785	0.52010147	0.61778626	0.61780844	0.31551387	0.31527689	0.61798306	0.61784690	0.31552283	0.31536021	59926	28710	0
59926	29215	-0.00046927	0.04140362	0.52044089	0.04135663	0.52015173	0.61867774	0.61864035	0.31530918	0.31500654	0.61854183	0.61846171	0.31519085	0.31499150	59926	29213	0
59926	29719	0.00138252	0.04136697	0.52093987	0.04150615	0.51908808	0.61733095	0.61725428	0.31496611	0.31472280	0.61744023	0.61742922	0.31507910	0.31483694	59926	29717	0
59926	30222	-0.00102292	0.04112734	0.52136089	0.04088077	0.52376632	0.61973685	0.61969790	0.31423594	0.31404801	0.61962493	0.61962739	0.31419995	0.31401588	59926	30221	0
59926	30726	0.00098722	0.04104562	0.52692241	0.04116010	0.52491227	0.62268976	0.62267892	0.31466413	0.31443159	0.62263487	0.62272912	0.31461960	0.31451335	59926	30724	0
59926	31229	0.00032303	0.04087241	0.52573526	0.04079152	0.52639945	0.62449770	0.62439671	0.31549012	0.31522717	0.62446015	0.62440731	0.31540195	0.31525618	59926	31228	0
59926	31733	-0.00050136	0.04069775	0.52605913	0.04062683	0.52688352	0.62412587	0.62403195	0.31548133	0.31519562	0.62414592	0.62398840	0.31557032	0.31528831	59926	31731	0
59926	32237	0.00164010	0.04087437	0.52556126	0.04107471	0.52341981	0.62214998	0.62213363	0.31473686	0.31448245	0.62209385	0.62207208	0.31461097	0.31447259	59926	32235	0
59926	32740	0.00151651	0.04121210	0.52304161	0.04129253	0.52316520	0.62021418	0.62005748	0.31476504	0.31453923	0.62021402	0.62021697	0.31479914	0.31458073	59926	32738	0
59926	33244	-0.00050794	0.04081750	0.52264553	0.04083984	0.52466997	0.61970274	0.61963101	0.31511517	0.31485042	0.61967333	0.61966651	0.31516801	0.31484269	59926	33242	0
59926	33747	-0.00092841	0.04083585	0.52263575	0.04080705	0.52305623	0.62045207	0.62039167	0.31550072	0.31530433	0.62045141	0.62049200	0.31547073	0.31527327	59926	33746	0
59926	34251	-0.00006410	0.04117475	0.52077930	0.04106670	0.51991498	0.61835694	0.61822735	0.31517475	0.31502503	0.61823656	0.61820377	0.31519817	0.31502487	59926	34249	0
59926	34754	0.00117825	0.04117528	0.52061331	0.04117277	0.51937096	0.61738584	0.61723480	0.31493037	0.31478476	0.61739792	0.61731796	0.31498288	0.31475477	59926	34753	0
59926	35258	-0.00024893	0.04089890	0.52088566	0.04086853	0.52231284	0.61735551	0.61726480	0.31452904	0.31428705	0.61748609	0.61719265	0.31461458	0.31437530	59926	35256	0
59926	35762	-0.00008335	0.04118964	0.52180937	0.04124362	0.52164379	0.61748576	0.61726858	0.31465320	0.31442255	0.61745601	0.61743152	0.31463274	0.31455271	59926	35760	0
59926	36265	0.00158085	0.04100169	0.52205756	0.04106801	0.52039336	0.61813006	0.61785093	0.31491944	0.31456068	0.61807764	0.61803096	0.31491747	0.31463011	59926	36264	0
59926	36769	0.00066477	0.04110453	0.52245745	0.04116561	0.52337352	0.61978615	0.61966807	0.31502635	0.31478254	0.61965599	0.61956946	0.31506949	0.31475888	59926	36767	0
59926	37272	0.00069118	0.04133547	0.52153156	0.04141994	0.52150515	0.61692789	0.61677292	0.31431836	0.31409822	0.61682074	0.61675698	0.31429748	0.31412336	59926	37271	0
59926	37776	-0.00072062	0.04129437	0.52068568	0.04128706	0.52209748	0.61741377	0.61733505	0.31447013	0.31428384	0.61758124	0.61745305	0.31460513	0.31434712	59926	37774	0
59926	38279	0.00051303	0.04093585	0.52230264	0.04093397	0.52106899	0.61884101	0.61876188	0.31489693	0.31478780	0.61896123	0.61881299	0.31496554	0.31475099	59926	38278	0
59926	38783	-0.00064125	0.04119826	0.52059827	0.04122038	0.52175255	0.61748115	0.61737425	0.31398170	0.31369952	0.61762027	0.61745355	0.31408844	0.31380330	59926	38781	0
59926	39286	-0.00125764	0.04125466	0.52107862	0.04144124	0.52169500	0.61825899	0.61813524	0.31477852	0.31460628	0.61832046	0.61826754	0.31488131	0.31471270	59926	39285	0
59926	39790	-0.00042413	0.04148720	0.52124318	0.04138625	0.52040968	0.61807936	0.61818610	0.31510950	0.31499298	0.61816458	0.61809259	0.31520096	0.31491163	59926	39788	0
59926	40294	0.00030035	0.04137608	0.52195532	0.04139598	0.52123084	0.61839236	0.61834478	0.31519472	0.31508847	0.61855464	0.61834198	0.31534041	0.31505428	59926	40292	0
59926	40797	-0.00115018	0.04113872	0.52154645	0.04128464	0.52299699	0.61915384	0.61912960	0.31490818	0.31474400	0.61915146	0.61911760	0.31484803	0.31474310	59926	40795	0
59926	41301	-0.00101458	0.04119916	0.52138018	0.04119154	0.52124457	0.61655015	0.61637874	0.31384028	0.31354134	0.61650915	0.61636124	0.31380749	0.31358604	59926	41299	0
59926	41804	-0.00041263	0.04129574	0.52073629	0.04128329	0.52013435	0.61563829	0.61548398	0.31351464	0.31330847	0.61550633	0.61542005	0.31342581	0.31317823	59926	41803	0
59926	42308	0.00000076	0.04079089	0.52236212	0.04064276	0.52194873	0.61827222	0.61821544	0.31477958	0.31464540	0.61823664	0.61821544	0.31478895	0.31458024	59926	42306	0
59926	42811	-0.00069305	0.04060982	0.52340851	0.04080475	0.52410232	0.62163534	0.62148053	0.31523506	0.31504023	0.62155407	0.62155037	0.31518173	0.31501320	59926	42810	0
59926	43315	0.00075007	0.04111614	0.52685197	0.04116728	0.52540885	0.62362553	0.62348272	0.31493653	0.31476463	0.62379341	0.62368856	0.31508551	0.31491246	59926	43313	0
59926	43818	0.00032541	0.04127628	0.52475054	0.04112791	0.52517520	0.62487651	0.62478957	0.31625087	0.31602103	0.62498539	0.62482688	0.31623197	0.31600821	59926	43817	0
59926	44322	0.00047631	0.04103320	0.52415689	0.04111752	0.52400599	0.62351715	0.62357656	0.31620181	0.31594971	0.62377369	0.62359669	0.31627289	0.31601487	59926	44320	0
59926	44825	-0.00026334	0.04119995	0.52260683	0.04116049	0.52334649	0.62108183	0.62100097	0.31511945	0.31488279	0.62105512	0.62091395	0.31504294	0.31487482	59926	44824	0
59926	45329	0.00020318	0.04122882	0.52411031	0.04122964	0.52364379	0.61992033	0.61973578	0.31413454	0.31384620	0.61987687	0.61990932	0.31409682	0.31385252	59926	45327	0
59926	45833	0.00014678	0.04095972	0.52286653	0.04102899	0.52292294	0.61916230	0.61910519	0.31542184	0.31517105	0.61915852	0.61910051	0.31534049	0.31518633	59926	45831	0
59926	46336	0.00168994	0.04070509	0.52373716	0.04082138	0.52219400	0.61844388	0.61873131	0.31532471	0.31536062	0.61847272	0.61837378	0.31530483	0.31513300	59926	46334	0
59926	46840	-0.00070756	0.04093548	0.52196966	0.04095577	0.52436716	0.61924825	0.61915055	0.31545183	0.31517327	0.61913683	0.61920257	0.31540606	0.31517204	59926	46838	0
59926	47343	-0.00049906	0.04109232	0.52221504	0.04093306	0.52200654	0.61911579	0.61897429	0.31555389	0.31526694	0.61905006	0.61891751	0.31557731	0.31535988	59926	47342	0
59926	47847	-0.00047169	0.04121838	0.52016621	0.04124911	0.52013884	0.61737910	0.61735806	0.31501147	0.31486258	0.61760885	0.61758880	0.31517204	0.31503062	59926	47845	0
59926	48350	-0.00037323	0.04089813	0.52092820	0.04079401	0.52082974	0.61774821	0.61767722	0.31521082	0.31496768	0.61782759	0.61779538	0.31518773	0.31503612	59926	48349	0
59926	48854	-0.00036564	0.04097011	0.52282323	0.04074185	0.52281564	0.61838997	0.61826047	0.31480087	0.31468648	0.61848652	0.61840180	0.31502511	0.31468451	59926	48852	0
59926	49358	-0.00001715	0.04138211	0.52094448	0.04142791	0.52059599	0.61789341	0.61789629	0.31505461	0.31488402	0.61776251	0.61772414	0.31500843	0.31480506	59926	49356	0
59926	49861	0.00146806	0.04144299	0.52124796	0.04144866	0.51976275	0.61767828	0.61751641	0.31522085	0.31493119	0.61763358	0.61767935	0.31518617	0.31499890	59926	49860	0
59926	50365	0.00061247	0.04116557	0.52001810	0.04120057	0.52087370	0.61775725	0.61759373	0.31550327	0.31522767	0.61779990	0.61769258	0.31546301	0.31532956	59926	50363	0
59926	50868	-0.00060517	0.04119663	0.51911221	0.04114029	0.52032985	0.61766308	0.61757746	0.31547829	0.31543942	0.61774180	0.61767639	0.31568191	0.31544098	59926	50867	0
