% File initiated 31/01/2023 17:34:50 UTC
% Raw fountain data
%
% File notes: maser 5 MHz RF amplitudes 200 220 180
%
%% fountain_code = ALPHA-CsF1
%% microwave_ref = ALPHA HM1
%% MJD_start = 59975.732534
%% clock_data = False
%% sequence = 5
%% density = HD
%
% Units: V.s, Hz
%
% Shot B MJD days	Shot B MJD seconds	freq error	shot A sum	shot A ratio	shot B sum	shot B ratio	shot A F=3 bg 1	shot A F=3 bg 2	shot A F=4 bg 1	shot A F=4 bg 2	shot B F=3 bg 1	shot B F=3 bg 2	shot B F=4 bg 1	shot B F=4 bg 2	Shot A MJD days	Shot A MJD seconds	Shot order (0=LF->HF)
59975	63522	0.00171178	0.03635205	0.45109616	0.03624437	0.44596081	0.52979796	0.52974299	0.27974894	0.27965469	0.52971069	0.52975507	0.27981066	0.27962725	59975	63520	0
59975	63525	0.00078519	0.03615435	0.44559077	0.03622181	0.44837055	0.52972466	0.52974775	0.27972125	0.27962823	0.52971316	0.52969673	0.27987270	0.27962750	59975	63523	0
59975	63528	0.00011388	0.03628835	0.44835208	0.03631854	0.45036600	0.52966953	0.52979410	0.27982356	0.27965371	0.52966205	0.52973847	0.27980433	0.27967129	59975	63527	0
59975	63532	0.00028916	0.03636811	0.44859171	0.03636450	0.44806589	0.52969590	0.52975983	0.27995799	0.27972429	0.52987150	0.52992598	0.27983218	0.27977861	59975	63530	0
59975	63535	0.00079812	0.03627583	0.44960724	0.03630746	0.44808035	0.52967158	0.52978448	0.27987927	0.27973678	0.52964093	0.52973682	0.27982471	0.27963908	59975	63533	0
59975	63865	0.00043104	0.03657600	0.44790119	0.03654704	0.44900244	0.53016535	0.53034547	0.28037838	0.28026827	0.53023536	0.53050365	0.28041897	0.28035603	59975	63864	0
59975	63869	0.00053506	0.03660324	0.44978345	0.03671685	0.44947141	0.53044868	0.53030668	0.28036227	0.28020360	0.53030003	0.53035788	0.28037517	0.28021897	59975	63867	0
59975	63872	0.00097556	0.03665977	0.45000321	0.03659169	0.44868170	0.53028688	0.53034366	0.28051889	0.28018265	0.53028836	0.53033701	0.28027649	0.28020475	59975	63870	0
59975	63875	0.00100989	0.03661747	0.44950127	0.03657070	0.44939827	0.53029247	0.53033306	0.28042645	0.28018454	0.53040907	0.53049675	0.28036219	0.28028651	59975	63873	0
59975	63878	0.00070302	0.03666637	0.44833344	0.03677508	0.44925406	0.53023109	0.53030184	0.28039054	0.28014978	0.53019411	0.53030504	0.28040697	0.28016276	59975	63877	0
59975	64209	0.00090982	0.03649880	0.44958203	0.03649271	0.44896164	0.53020101	0.53017094	0.27990688	0.27981542	0.53013782	0.53016675	0.28002816	0.27977614	59975	64207	0
59975	64212	0.00052148	0.03666131	0.44821317	0.03656562	0.44937816	0.53014267	0.53023281	0.27989784	0.27981287	0.53022246	0.53018187	0.27991288	0.27981953	59975	64210	0
59975	64215	0.00034625	0.03642534	0.44819093	0.03645331	0.44871664	0.53018367	0.53029995	0.27993506	0.27989677	0.53016091	0.53021350	0.28010467	0.27996432	59975	64214	0
59975	64219	0.00113339	0.03649698	0.44895321	0.03648541	0.44659179	0.53032460	0.53032764	0.27999267	0.27994254	0.53019559	0.53030471	0.28000803	0.27995117	59975	64217	0
59975	64222	0.00119722	0.03653205	0.44896500	0.03646768	0.44877352	0.53012278	0.53007595	0.28004887	0.27988313	0.53026658	0.53018811	0.28021100	0.27998897	59975	64220	0
59975	64552	0.00128288	0.03684541	0.44810488	0.03688288	0.44784788	0.53115174	0.53118674	0.28133140	0.28112318	0.53120728	0.53112158	0.28124217	0.28116205	59975	64551	0
59975	64555	0.00103661	0.03677998	0.44851045	0.03668829	0.44924927	0.53115108	0.53115634	0.28118054	0.28108851	0.53112429	0.53113662	0.28117257	0.28110979	59975	64554	0
59975	64559	0.00096404	0.03677868	0.44915133	0.03672960	0.44936903	0.53126480	0.53131608	0.28126986	0.28117676	0.53147837	0.53120663	0.28145696	0.28110757	59975	64557	0
59975	64562	0.00078587	0.03669428	0.44913403	0.03669317	0.44966857	0.53123514	0.53124615	0.28130757	0.28117240	0.53124656	0.53128091	0.28122976	0.28115063	59975	64560	0
59975	64565	0.00101110	0.03670842	0.44876972	0.03675980	0.44809401	0.53122865	0.53121813	0.28118382	0.28109467	0.53114566	0.53121567	0.28142418	0.28109015	59975	64564	0
59975	64896	0.00096163	0.03692663	0.44753970	0.03689294	0.44768811	0.53177772	0.53180089	0.28146502	0.28141029	0.53165413	0.53161625	0.28141267	0.28137003	59975	64894	0
59975	64899	0.00107867	0.03692544	0.44836703	0.03691001	0.44801592	0.53161633	0.53179111	0.28163108	0.28145162	0.53152784	0.53162735	0.28162656	0.28132130	59975	64897	0
59975	64902	0.00138415	0.03703462	0.44902234	0.03701283	0.44810589	0.53163252	0.53162357	0.28147709	0.28140725	0.53158445	0.53158831	0.28148737	0.28133371	59975	64901	0
59975	64905	0.00184002	0.03699336	0.45005348	0.03694818	0.44868588	0.53145848	0.53169851	0.28160167	0.28129369	0.53169037	0.53171182	0.28158416	0.28138654	59975	64904	0
59975	64909	0.00103700	0.03688590	0.44686794	0.03693511	0.44927698	0.53168067	0.53161091	0.28146649	0.28133560	0.53154756	0.53162028	0.28147397	0.28128350	59975	64907	0
59975	65239	0.00056327	0.03689641	0.44782358	0.03698025	0.44924478	0.53165758	0.53162611	0.28158975	0.28146912	0.53157763	0.53149439	0.28153149	0.28142179	59975	65237	0
59975	65242	0.00132861	0.03691777	0.45020638	0.03680429	0.44791036	0.53170418	0.53152800	0.28182419	0.28139821	0.53159275	0.53166745	0.28170504	0.28148285	59975	65241	0
59975	65246	0.00108138	0.03682193	0.44897152	0.03682674	0.44971323	0.53157722	0.53154978	0.28150701	0.28144209	0.53159587	0.53163375	0.28146937	0.28143552	59975	65244	0
59975	65249	0.00085419	0.03684718	0.44800604	0.03686768	0.44868759	0.53142808	0.53150105	0.28160643	0.28138514	0.53163540	0.53161946	0.28157340	0.28149164	59975	65247	0
59975	65252	0.00179714	0.03688802	0.44930429	0.03678022	0.44647546	0.53147492	0.53158741	0.28143626	0.28137553	0.53155314	0.53148461	0.28160931	0.28139920	59975	65251	0
59975	65583	0.00180369	0.03695880	0.44912675	0.03704727	0.44910708	0.53141756	0.53142414	0.28143724	0.28122442	0.53148864	0.53139579	0.28133025	0.28119278	59975	65581	0
59975	65586	0.00136034	0.03703251	0.44762991	0.03715712	0.44895996	0.53148108	0.53149521	0.28131818	0.28119023	0.53149349	0.53155914	0.28125079	0.28125063	59975	65584	0
59975	65589	0.00150481	0.03709394	0.44826512	0.03716034	0.44783172	0.53139447	0.53140006	0.28131300	0.28116517	0.53140721	0.53139184	0.28142064	0.28115219	59975	65587	0
59975	65592	0.00057019	0.03709176	0.44789566	0.03708532	0.45069950	0.53137615	0.53134443	0.28139575	0.28111718	0.53144328	0.53145963	0.28124167	0.28115704	59975	65591	0
59975	65596	0.00060144	0.03702163	0.44938971	0.03702336	0.44929598	0.53141888	0.53147418	0.28143749	0.28117470	0.53144920	0.53143761	0.28127808	0.28116772	59975	65594	0
59975	65926	0.00073272	0.03687058	0.44970923	0.03675787	0.44931538	0.53079043	0.53083932	0.28047411	0.28047025	0.53064293	0.53065912	0.28063944	0.28037715	59975	65924	0
59975	65929	0.00093008	0.03668647	0.44791934	0.03671679	0.44732725	0.53074310	0.53076397	0.28067806	0.28043245	0.53065287	0.53083497	0.28062572	0.28049580	59975	65928	0
59975	65933	0.00072849	0.03669811	0.44775824	0.03672748	0.44836303	0.53080251	0.53081311	0.28050657	0.28043672	0.53083513	0.53073463	0.28052547	0.28038372	59975	65931	0
59975	65936	0.00123944	0.03677509	0.44859348	0.03666064	0.44706063	0.53075896	0.53067498	0.28050706	0.28037353	0.53074638	0.53069470	0.28060641	0.28034625	59975	65934	0
59975	65939	0.00071279	0.03673154	0.44633911	0.03677564	0.44791906	0.53075920	0.53073291	0.28047789	0.28038043	0.53055813	0.53062214	0.28051815	0.28026145	59975	65937	0
59975	66269	0.00089330	0.03675273	0.44854280	0.03684434	0.44800127	0.53124870	0.53109956	0.28125129	0.28101472	0.53129825	0.53130786	0.28126189	0.28116213	59975	66268	0
59975	66273	0.00067507	0.03673523	0.44972905	0.03681283	0.45038373	0.53133835	0.53128584	0.28109722	0.28100592	0.53128214	0.53136620	0.28114118	0.28102063	59975	66271	0
59975	66276	0.00027295	0.03689798	0.44825034	0.03683211	0.44945672	0.53117565	0.53124254	0.28120913	0.28099771	0.53127508	0.53125971	0.28133428	0.28101365	59975	66274	0
59975	66279	0.00042378	0.03692218	0.44913963	0.03693790	0.44868712	0.53126505	0.53117852	0.28122573	0.28099384	0.53118469	0.53115708	0.28110765	0.28094249	59975	66278	0
59975	66283	0.00077973	0.03693480	0.44947456	0.03685710	0.44840671	0.53124418	0.53121345	0.28111455	0.28094783	0.53113974	0.53119759	0.28118309	0.28096081	59975	66281	0
59975	66613	0.00032691	0.03675184	0.44847747	0.03672641	0.44983596	0.53047867	0.53039321	0.28022727	0.27992915	0.53042361	0.53048779	0.28024123	0.27988387	59975	66611	0
59975	66616	0.00035599	0.03671562	0.44834608	0.03676066	0.44825884	0.53049034	0.53046273	0.28002734	0.27991115	0.53048229	0.53047990	0.28012011	0.27991148	59975	66615	0
59975	66619	0.00191828	0.03694703	0.45010918	0.03702360	0.44542229	0.53064630	0.53051819	0.28024641	0.28004279	0.53051417	0.53055673	0.28023031	0.28005166	59975	66618	0
59975	66623	0.00138359	0.03700604	0.44709292	0.03683718	0.44869700	0.53047579	0.53048122	0.28010499	0.28001033	0.53048450	0.53042854	0.28023252	0.27994065	59975	66621	0
59975	66626	0.00064519	0.03687901	0.44585200	0.03695141	0.44806721	0.53048861	0.53037144	0.28007673	0.27993334	0.53060316	0.53041589	0.27998470	0.27992315	59975	66624	0
59975	66956	0.00131334	0.03708818	0.45050243	0.03706479	0.44849797	0.53121378	0.53118674	0.28102918	0.28085982	0.53111164	0.53125922	0.28113781	0.28094331	59975	66955	0
59975	66960	0.00096633	0.03693532	0.44763470	0.03698388	0.44867573	0.53120991	0.53117820	0.28093805	0.28088595	0.53125174	0.53105872	0.28103789	0.28088521	59975	66958	0
59975	66963	0.00066928	0.03689987	0.44992690	0.03692810	0.45081805	0.53109841	0.53110112	0.28121069	0.28088160	0.53118880	0.53113095	0.28092655	0.28083016	59975	66961	0
59975	66966	0.00034371	0.03700211	0.44843329	0.03701168	0.44940999	0.53113645	0.53121936	0.28119977	0.28098201	0.53110022	0.53113464	0.28099491	0.28076154	59975	66965	0
59975	66969	0.00097538	0.03707155	0.44835867	0.03718137	0.44646366	0.53118403	0.53129258	0.28126312	0.28095210	0.53121394	0.53113662	0.28118243	0.28080715	59975	66968	0
59975	67300	0.00086458	0.03699076	0.44796790	0.03706082	0.44830030	0.53123210	0.53123604	0.28082769	0.28076598	0.53123005	0.53115979	0.28123798	0.28076015	59975	67298	0
59975	67303	0.00095602	0.03706422	0.44914986	0.03699033	0.44887555	0.53117573	0.53122093	0.28087913	0.28080879	0.53127475	0.53116069	0.28087470	0.28077428	59975	67301	0
59975	67306	0.00079556	0.03712478	0.44825117	0.03707214	0.44873254	0.53123243	0.53128740	0.28090387	0.28078554	0.53120309	0.53115724	0.28081455	0.28075875	59975	67305	0
59975	67310	0.00107796	0.03709244	0.44891305	0.03691422	0.44806588	0.53109381	0.53104647	0.28079219	0.28063788	0.53104302	0.53103612	0.28071068	0.28053960	59975	67308	0
59975	67313	0.00097338	0.03698221	0.44724636	0.03708863	0.44756009	0.53104286	0.53103530	0.28067683	0.28066384	0.53102412	0.53108994	0.28080370	0.28058110	59975	67311	0
59975	67643	0.00184365	0.03687770	0.45093532	0.03675560	0.44832451	0.53105634	0.53104812	0.28080312	0.28068085	0.53097096	0.53089520	0.28090288	0.28064494	59975	67642	0
59975	67647	0.00151813	0.03678593	0.44789883	0.03680698	0.44887538	0.53100933	0.53110309	0.28104356	0.28080041	0.53098263	0.53099578	0.28094881	0.28069359	59975	67645	0
59975	67650	0.00077624	0.03691770	0.44771094	0.03686872	0.44993661	0.53119077	0.53091862	0.28105687	0.28067272	0.53096159	0.53101763	0.28093082	0.28067436	59975	67648	0
59975	67653	0.00136077	0.03690361	0.44833951	0.03684542	0.44658593	0.53089758	0.53106833	0.28090789	0.28074593	0.53103234	0.53109224	0.28078217	0.28073952	59975	67651	0
59975	67656	0.00034211	0.03683972	0.44689886	0.03698182	0.44995485	0.53106924	0.53102519	0.28081241	0.28078587	0.53098838	0.53113218	0.28092844	0.28075785	59975	67655	0
59975	67987	0.00077257	0.03724734	0.44846244	0.03718358	0.44717105	0.53094376	0.53097367	0.28068702	0.28051832	0.53075058	0.53080612	0.28068389	0.28041979	59975	67985	0
59975	67990	0.00028150	0.03704496	0.44808270	0.03704536	0.44955593	0.53088690	0.53103127	0.28064724	0.28066228	0.53096085	0.53090128	0.28059893	0.28046548	59975	67988	0
59975	67993	0.00132355	0.03706780	0.44948844	0.03696809	0.44636227	0.53087235	0.53091804	0.28074618	0.28048758	0.53092461	0.53096315	0.28083566	0.28055768	59975	67992	0
59975	67997	0.00168289	0.03704829	0.44839492	0.03715699	0.44731692	0.53101755	0.53096644	0.28072670	0.28053516	0.53105592	0.53096874	0.28080789	0.28061462	59975	67995	0
59975	68000	0.00115008	0.03713972	0.44716667	0.03711952	0.44876507	0.53090407	0.53106579	0.28085727	0.28062013	0.53096480	0.53104089	0.28069359	0.28050763	59975	67998	0
59975	68330	0.00010435	0.03676186	0.44696767	0.03675090	0.45010488	0.53103012	0.53102511	0.28088645	0.28066434	0.53090465	0.53096307	0.28080797	0.28061585	59975	68329	0
59975	68333	0.00064523	0.03681715	0.44961630	0.03686511	0.44799366	0.53102076	0.53104943	0.28072136	0.28067715	0.53093374	0.53111008	0.28091479	0.28074618	59975	68332	0
59975	68337	0.00010274	0.03678735	0.44928752	0.03685214	0.45091498	0.53079536	0.53090892	0.28081487	0.28064675	0.53080736	0.53090498	0.28066844	0.28064018	59975	68335	0
59975	68340	0.00088141	0.03673968	0.44836116	0.03661068	0.44602515	0.53083751	0.53074737	0.28061002	0.28057789	0.53085304	0.53084696	0.28091184	0.28056400	59975	68338	0
59975	68343	0.00021589	0.03667469	0.44776536	0.03684225	0.44976192	0.53098559	0.53085608	0.28066212	0.28051363	0.53089101	0.53094138	0.28072687	0.28054363	59975	68342	0
59975	68674	0.00136513	0.03684083	0.45020125	0.03683058	0.44675355	0.53138954	0.53116349	0.28108571	0.28085859	0.53118288	0.53122544	0.28110839	0.28081742	59975	68672	0
59975	68677	-0.00007941	0.03686634	0.44790949	0.03693537	0.45224310	0.53128214	0.53133046	0.28118999	0.28093065	0.53140869	0.53127771	0.28097914	0.28088554	59975	68675	0
59975	68680	0.00052565	0.03682769	0.44906558	0.03679303	0.44725040	0.53131830	0.53128896	0.28112170	0.28092638	0.53125503	0.53128748	0.28108045	0.28085990	59975	68679	0
59975	68683	0.00079226	0.03683196	0.44760734	0.03683646	0.44680752	0.53108378	0.53113128	0.28105843	0.28081175	0.53122824	0.53129808	0.28110568	0.28085514	59975	68682	0
59975	68687	0.00014030	0.03678461	0.44648159	0.03672342	0.44843747	0.53129685	0.53134500	0.28100765	0.28087075	0.53128025	0.53121698	0.28121143	0.28091019	59975	68685	0
59975	69017	0.00090890	0.03674018	0.44897468	0.03671468	0.44666890	0.53074910	0.53089101	0.28064034	0.28053549	0.53086471	0.53091508	0.28071356	0.28049794	59975	69015	0
59975	69020	0.00081176	0.03658465	0.44805973	0.03665924	0.44835114	0.53079470	0.53076693	0.28054872	0.28038446	0.53067440	0.53080243	0.28054067	0.28030664	59975	69019	0
59975	69024	0.00118238	0.03665249	0.44795176	0.03665893	0.44683988	0.53078369	0.53071869	0.28059885	0.28031100	0.53089183	0.53082888	0.28043606	0.28034124	59975	69022	0
59975	69027	0.00072089	0.03668395	0.44841509	0.03669848	0.44979958	0.53082371	0.53078196	0.28051158	0.28030582	0.53084105	0.53077350	0.28045472	0.28029900	59975	69025	0
59975	69030	0.00103743	0.03672191	0.44847724	0.03674063	0.44752760	0.53083505	0.53081163	0.28061405	0.28031642	0.53082132	0.53076619	0.28043820	0.28027714	59975	69028	0
59975	69361	0.00048007	0.03714632	0.44658034	0.03702409	0.44825244	0.53133514	0.53127269	0.28100083	0.28083764	0.53128116	0.53125338	0.28111874	0.28083772	59975	69359	0
59975	69364	0.00017265	0.03691128	0.44789958	0.03685813	0.44882183	0.53131189	0.53128387	0.28089376	0.28084363	0.53127327	0.53142134	0.28111661	0.28092063	59975	69362	0
59975	69367	0.00136110	0.03674136	0.45067627	0.03686327	0.44711093	0.53132043	0.53131189	0.28106755	0.28087042	0.53135889	0.53129102	0.28092794	0.28084758	59975	69365	0
59975	69370	0.00085106	0.03690257	0.44780703	0.03683400	0.44933715	0.53115806	0.53125659	0.28103813	0.28081487	0.53112232	0.53115461	0.28111160	0.28075892	59975	69369	0
59975	69374	0.00053989	0.03682951	0.44893615	0.03674785	0.44986965	0.53105239	0.53124484	0.28109327	0.28073459	0.53104500	0.53111172	0.28103592	0.28068808	59975	69372	0
59975	69704	0.00043877	0.03681920	0.44954987	0.03708234	0.44985322	0.53156835	0.53142833	0.28109894	0.28097289	0.53143342	0.53150606	0.28130174	0.28105843	59975	69702	0
59975	69707	0.00175730	0.03688785	0.45044979	0.03685675	0.44649422	0.53143572	0.53143736	0.28128268	0.28099434	0.53159891	0.53139546	0.28138514	0.28090559	59975	69706	0
59975	69710	0.00102400	0.03696693	0.44702850	0.03687217	0.44922838	0.53137040	0.53149793	0.28116156	0.28101307	0.53142290	0.53149949	0.28123066	0.28098941	59975	69709	0
59975	69714	0.00090968	0.03693618	0.44779905	0.03696113	0.44814202	0.53144566	0.53132224	0.28107339	0.28091800	0.53127006	0.53133531	0.28112351	0.28091373	59975	69712	0
59975	69717	0.00024237	0.03682681	0.44683025	0.03692514	0.44883220	0.53128116	0.53132405	0.28119163	0.28093419	0.53138469	0.53145585	0.28113411	0.28101817	59975	69715	0
59975	70047	0.00166496	0.03681720	0.45005751	0.03683670	0.44578972	0.53134936	0.53140187	0.28132647	0.28105136	0.53143235	0.53129085	0.28113715	0.28099984	59975	70046	0
59975	70051	0.00137667	0.03699389	0.44809202	0.03700493	0.44895688	0.53134164	0.53137229	0.28123313	0.28107388	0.53142627	0.53148880	0.28117495	0.28110634	59975	70049	0
59975	70054	0.00013467	0.03688172	0.44726340	0.03681124	0.45098943	0.53121846	0.53135700	0.28117051	0.28102679	0.53122339	0.53129981	0.28108612	0.28098152	59975	70052	0
59975	70057	0.00058049	0.03687195	0.45029913	0.03702698	0.44896166	0.53152734	0.53132832	0.28139279	0.28104495	0.53116940	0.53137196	0.28119574	0.28100855	59975	70056	0
59975	70060	0.00110459	0.03695919	0.44923667	0.03680785	0.44766437	0.53130827	0.53135749	0.28110436	0.28101546	0.53130983	0.53143605	0.28125696	0.28107339	59975	70059	0
59975	70391	0.00061795	0.03721136	0.44798474	0.03737972	0.44944466	0.53131534	0.53142019	0.28100954	0.28092359	0.53126020	0.53134270	0.28111899	0.28091118	59975	70389	0
59975	70394	-0.00006361	0.03730568	0.44753408	0.03724645	0.44957876	0.53147196	0.53148166	0.28107363	0.28100288	0.53150688	0.53152389	0.28100017	0.28093682	59975	70393	0
59975	70397	0.00111944	0.03717939	0.44987984	0.03714795	0.44633069	0.53137048	0.53146629	0.28098292	0.28094282	0.53134435	0.53149924	0.28116813	0.28088554	59975	70396	0
59975	70401	0.00035560	0.03725971	0.44848696	0.03727401	0.45077848	0.53143128	0.53153991	0.28122836	0.28091241	0.53133917	0.53135010	0.28088916	0.28083180	59975	70399	0
59975	70404	0.00007332	0.03731014	0.44787526	0.03725497	0.44872210	0.53128370	0.53134804	0.28109779	0.28093936	0.53158486	0.53143967	0.28123773	0.28099861	59975	70402	0
59975	70734	0.00137742	0.03674186	0.45003530	0.03670914	0.44612300	0.53120728	0.53130186	0.28109179	0.28084248	0.53134131	0.53122848	0.28110856	0.28077297	59975	70733	0
59975	70738	0.00096530	0.03676576	0.44738940	0.03692111	0.44862573	0.53129965	0.53130441	0.28091192	0.28079178	0.53141773	0.53143490	0.28121193	0.28086779	59975	70736	0
59975	70741	0.00086140	0.03690294	0.44839442	0.03690404	0.44870614	0.53122947	0.53127072	0.28113066	0.28086196	0.53132389	0.53127064	0.28089244	0.28085760	59975	70739	0
59975	70744	0.00007528	0.03686465	0.44692305	0.03681338	0.44928140	0.53124245	0.53130186	0.28086968	0.28086294	0.53114829	0.53116768	0.28097429	0.28079441	59975	70742	0
59975	70747	0.00044747	0.03684970	0.45000693	0.03668362	0.44889036	0.53116036	0.53113900	0.28081718	0.28072769	0.53107392	0.53111566	0.28100592	0.28078069	59975	70746	0
59975	71078	0.00081629	0.03703173	0.44926532	0.03706093	0.44815886	0.53154156	0.53152677	0.28139525	0.28117733	0.53156687	0.53154197	0.28134965	0.28119640	59975	71076	0
59975	71081	0.00130649	0.03702640	0.45022420	0.03711091	0.44875359	0.53155750	0.53154312	0.28124973	0.28117150	0.53164756	0.53156580	0.28135277	0.28114750	59975	71079	0
59975	71084	0.00031876	0.03701990	0.44741136	0.03688892	0.45037456	0.53165282	0.53162874	0.28163938	0.28119673	0.53156046	0.53158478	0.28136008	0.28114742	59975	71083	0
59975	71088	0.00080970	0.03703527	0.44952918	0.03713254	0.44805637	0.53148667	0.53163260	0.28139805	0.28113058	0.53170672	0.53170048	0.28137307	0.28123354	59975	71086	0
59975	71091	0.00034845	0.03701619	0.44851324	0.03707841	0.44989697	0.53173721	0.53164608	0.28138408	0.28113041	0.53158642	0.53166054	0.28142064	0.28123296	59975	71089	0
59975	71421	0.00042713	0.03688308	0.44679156	0.03690517	0.44655555	0.53167821	0.53176646	0.28150939	0.28124964	0.53169423	0.53170212	0.28147430	0.28122286	59975	71420	0
59975	71424	0.00106742	0.03699658	0.45020252	0.03697400	0.44828162	0.53175529	0.53184140	0.28140708	0.28138194	0.53176342	0.53173113	0.28151530	0.28128054	59975	71423	0
59975	71428	0.00115999	0.03695629	0.44738835	0.03690938	0.44711065	0.53179695	0.53177115	0.28136526	0.28127980	0.53183409	0.53188430	0.28136288	0.28128498	59975	71426	0
59975	71431	0.00089570	0.03703172	0.44727437	0.03699067	0.44806724	0.53186523	0.53192883	0.28137109	0.28132565	0.53189555	0.53189498	0.28148860	0.28131152	59975	71429	0
59975	71434	0.00166971	0.03703074	0.44944121	0.03712690	0.44711917	0.53174649	0.53188709	0.28159361	0.28129500	0.53172792	0.53179456	0.28142870	0.28127084	59975	71433	0
59975	71765	0.00126965	0.03674440	0.44748302	0.03680619	0.44868322	0.53143769	0.53153737	0.28130002	0.28104873	0.53155257	0.53152537	0.28127799	0.28109680	59975	71763	0
59975	71768	0.00083406	0.03691909	0.44751309	0.03689390	0.44881984	0.53148396	0.53162652	0.28131045	0.28110716	0.53141814	0.53159209	0.28115720	0.28108670	59975	71766	0
59975	71771	0.00109585	0.03685273	0.45009719	0.03687649	0.44931183	0.53175562	0.53172373	0.28128136	0.28116246	0.53137680	0.53145207	0.28124126	0.28101176	59975	71769	0
59975	71774	0.00023891	0.03681222	0.44656173	0.03684555	0.44913256	0.53145602	0.53148568	0.28127035	0.28105975	0.53145939	0.53163080	0.28128769	0.28110584	59975	71773	0
59975	71778	0.00008020	0.03690444	0.44857233	0.03691968	0.44904845	0.53140261	0.53152126	0.28129114	0.28101365	0.53152356	0.53147944	0.28117717	0.28100469	59975	71776	0
59975	72108	-0.00006999	0.03704205	0.44882048	0.03704829	0.44927105	0.53162307	0.53163384	0.28133403	0.28125071	0.53159768	0.53164320	0.28132869	0.28119180	59975	72106	0
59975	72111	0.00010042	0.03714797	0.44875379	0.03713952	0.44824255	0.53167196	0.53163655	0.28128851	0.28119097	0.53178700	0.53173935	0.28137159	0.28131472	59975	72110	0
59975	72115	-0.00027861	0.03711372	0.44867373	0.03701860	0.44981083	0.53160647	0.53159538	0.28135187	0.28124578	0.53155076	0.53161855	0.28145458	0.28123576	59975	72113	0
59975	72118	0.00154560	0.03705400	0.45134058	0.03707134	0.44586797	0.53155972	0.53156596	0.28138720	0.28113526	0.53160853	0.53165191	0.28124365	0.28111028	59975	72116	0
59975	72121	0.00089051	0.03702348	0.44723464	0.03709153	0.44919989	0.53170253	0.53160910	0.28126731	0.28108152	0.53159924	0.53162472	0.28124011	0.28116994	59975	72119	0
59975	72451	0.00121700	0.03663460	0.44920858	0.03664091	0.44822913	0.53108386	0.53120457	0.28093887	0.28067346	0.53113596	0.53107630	0.28071758	0.28072925	59975	72450	0
59975	72455	0.00099397	0.03659980	0.44743823	0.03672495	0.44810730	0.53112610	0.53113308	0.28071997	0.28063221	0.53103629	0.53126768	0.28087617	0.28068907	59975	72453	0
59975	72458	0.00016187	0.03655249	0.44589462	0.03656531	0.44839092	0.53117105	0.53118107	0.28085243	0.28070493	0.53127976	0.53122536	0.28089269	0.28062054	59975	72456	0
59975	72461	0.00098043	0.03674416	0.44990747	0.03661481	0.44745178	0.53119710	0.53126579	0.28101036	0.28067658	0.53118765	0.53116891	0.28095621	0.28076779	59975	72460	0
59975	72464	0.00224268	0.03670459	0.44940084	0.03664332	0.44561410	0.53119143	0.53136185	0.28094043	0.28081586	0.53131156	0.53133933	0.28092038	0.28073435	59975	72463	0
59975	72795	0.00133925	0.03706927	0.44629858	0.03700056	0.44900885	0.53159382	0.53158692	0.28121530	0.28123748	0.53143515	0.53151691	0.28135219	0.28112039	59975	72793	0
59975	72798	0.00055033	0.03698575	0.44670230	0.03689427	0.44906908	0.53144361	0.53142323	0.28120626	0.28107725	0.53152282	0.53160130	0.28128210	0.28113945	59975	72796	0
59975	72801	0.00075899	0.03687879	0.44979676	0.03691344	0.44917077	0.53148749	0.53141354	0.28138909	0.28110478	0.53144369	0.53148724	0.28129122	0.28107659	59975	72800	0
59975	72805	0.00131726	0.03688911	0.44950929	0.03689629	0.44783446	0.53142340	0.53162817	0.28121809	0.28117084	0.53141321	0.53150105	0.28123452	0.28107487	59975	72803	0
59975	72808	0.00072252	0.03683648	0.44699434	0.03689743	0.44877858	0.53148108	0.53146834	0.28108045	0.28110773	0.53145733	0.53146070	0.28126370	0.28112376	59975	72806	0
59975	73138	0.00056104	0.03718340	0.44742356	0.03719472	0.44790801	0.53134911	0.53152825	0.28104002	0.28092433	0.53135782	0.53138453	0.28112285	0.28083320	59975	73137	0
59975	73142	0.00131643	0.03715145	0.44969794	0.03724739	0.44743178	0.53143013	0.53138223	0.28098349	0.28094849	0.53141658	0.53148034	0.28110058	0.28087470	59975	73140	0
59975	73145	0.00142429	0.03715731	0.44852426	0.03706222	0.44820067	0.53139422	0.53136399	0.28108974	0.28093016	0.53130392	0.53143128	0.28117561	0.28095383	59975	73143	0
59975	73148	0.00149260	0.03725764	0.44844427	0.03722256	0.44823934	0.53147064	0.53153729	0.28103000	0.28099746	0.53141321	0.53144303	0.28110256	0.28092433	59975	73147	0
59975	73151	-0.00016007	0.03724436	0.44669951	0.03729485	0.45165752	0.53127080	0.53158199	0.28117676	0.28096319	0.53139685	0.53134155	0.28111907	0.28086229	59975	73150	0
59975	73482	0.00103064	0.03689832	0.44933193	0.03679981	0.44575981	0.53165816	0.53179884	0.28138539	0.28122770	0.53171289	0.53182563	0.28153913	0.28131234	59975	73480	0
59975	73485	0.00112473	0.03691217	0.44882700	0.03679045	0.44854472	0.53173302	0.53177131	0.28129599	0.28127019	0.53176983	0.53179226	0.28159550	0.28129739	59975	73483	0
59975	73488	0.00066096	0.03679425	0.44651990	0.03692830	0.44791122	0.53183138	0.53181831	0.28138736	0.28134242	0.53174534	0.53173499	0.28133987	0.28119631	59975	73487	0
59975	73492	0.00093676	0.03702006	0.44914731	0.03686965	0.44831992	0.53171412	0.53173261	0.28144768	0.28120979	0.53198192	0.53191864	0.28138646	0.28129722	59975	73490	0
59975	73495	0.00101145	0.03686836	0.44809452	0.03695396	0.44787045	0.53186441	0.53177550	0.28140848	0.28128555	0.53183442	0.53194732	0.28164514	0.28139755	59975	73493	0
59975	73825	0.00132134	0.03704452	0.44899785	0.03697680	0.44806816	0.53188742	0.53177098	0.28155623	0.28151547	0.53163770	0.53187945	0.28146797	0.28148893	59975	73824	0
59975	73828	0.00130641	0.03698110	0.45104521	0.03694776	0.45109001	0.53176178	0.53177879	0.28160832	0.28133576	0.53178774	0.53180237	0.28148646	0.28140799	59975	73827	0
59975	73832	0.00099316	0.03712853	0.44780713	0.03704631	0.44874688	0.53183598	0.53191938	0.28166099	0.28138605	0.53169719	0.53169358	0.28146625	0.28130979	59975	73830	0
59975	73835	0.00074740	0.03701383	0.44843664	0.03706971	0.44917392	0.53178553	0.53163704	0.28164218	0.28130856	0.53167846	0.53178569	0.28151341	0.28133214	59975	73833	0
59975	73838	0.00121011	0.03691095	0.44951828	0.03701964	0.44813017	0.53173746	0.53173565	0.28150397	0.28129196	0.53159407	0.53181190	0.28150528	0.28145368	59975	73837	0
59975	74169	0.00131765	0.03723001	0.44753109	0.03738657	0.44720847	0.53121394	0.53157040	0.28103452	0.28095005	0.53179925	0.53155807	0.28120807	0.28095785	59975	74167	0
59975	74172	0.00125641	0.03713587	0.44853194	0.03725871	0.44871565	0.53123522	0.53136505	0.28102252	0.28077740	0.53110950	0.53135774	0.28107051	0.28081348	59975	74170	0
59975	74175	0.00066592	0.03722298	0.44754349	0.03722626	0.44931496	0.53118115	0.53141386	0.28105210	0.28086401	0.53122996	0.53129077	0.28090913	0.28077190	59975	74174	0
59975	74178	0.00004550	0.03720287	0.44814903	0.03721949	0.45001028	0.53127319	0.53138913	0.28098735	0.28086040	0.53137935	0.53136399	0.28120387	0.28088258	59975	74177	0
59975	74182	0.00144215	0.03726134	0.45054678	0.03731242	0.44635685	0.53131493	0.53131542	0.28103493	0.28078620	0.53135807	0.53130490	0.28099089	0.28082810	59975	74180	0
59975	74512	0.00018345	0.03723643	0.44558197	0.03733394	0.44935805	0.53148667	0.53145174	0.28100691	0.28084618	0.53153014	0.53157656	0.28117635	0.28091726	59975	74510	0
59975	74515	0.00045941	0.03733101	0.44910896	0.03734174	0.44828109	0.53152192	0.53148806	0.28108670	0.28094323	0.53151017	0.53150466	0.28112893	0.28094232	59975	74514	0
59975	74519	0.00123078	0.03734973	0.44834803	0.03730764	0.44603392	0.53144427	0.53137590	0.28102803	0.28085727	0.53125207	0.53132471	0.28094339	0.28079482	59975	74517	0
59975	74522	0.00056233	0.03713951	0.44669887	0.03720670	0.44870420	0.53116069	0.53136620	0.28105030	0.28083156	0.53112782	0.53133588	0.28100937	0.28079252	59975	74520	0
59975	74525	0.00111817	0.03729551	0.44838755	0.03719519	0.44672003	0.53129784	0.53137442	0.28106353	0.28083451	0.53124796	0.53136916	0.28102655	0.28074182	59975	74523	0
59975	74856	0.00212487	0.03697491	0.44945728	0.03711694	0.44643719	0.53200501	0.53212654	0.28200916	0.28173520	0.53210271	0.53217420	0.28206610	0.28186881	59975	74854	0
59975	74859	0.00057557	0.03705876	0.44497725	0.03700250	0.44962515	0.53224018	0.53225366	0.28207111	0.28183060	0.53207099	0.53215029	0.28200455	0.28173248	59975	74857	0
59975	74862	0.00090932	0.03706755	0.44966168	0.03702674	0.44866044	0.53217231	0.53223122	0.28182222	0.28183002	0.53204157	0.53208110	0.28198187	0.28175278	59975	74860	0
59975	74865	0.00063718	0.03701636	0.44772306	0.03705404	0.44853949	0.53196663	0.53205488	0.28189625	0.28169164	0.53218702	0.53210534	0.28183232	0.28175105	59975	74864	0
59975	74869	0.00087154	0.03703259	0.44902805	0.03718482	0.44832496	0.53206524	0.53206532	0.28186667	0.28177020	0.53218874	0.53204116	0.28210727	0.28181753	59975	74867	0
59975	75199	0.00062024	0.03750299	0.44842129	0.03731754	0.44917519	0.53175159	0.53179358	0.28152664	0.28124923	0.53179013	0.53187583	0.28132516	0.28122368	59975	75197	0
59975	75202	0.00095352	0.03728339	0.44789939	0.03730395	0.44689955	0.53166062	0.53201947	0.28151391	0.28143872	0.53175824	0.53186811	0.28135400	0.28124151	59975	75201	0
59975	75205	0.00007422	0.03729746	0.44685651	0.03733778	0.44949442	0.53171782	0.53177706	0.28134044	0.28129196	0.53170574	0.53184354	0.28151687	0.28128547	59975	75204	0
59975	75209	0.00063680	0.03720832	0.44812872	0.03715169	0.44644098	0.53161658	0.53175578	0.28150380	0.28132261	0.53182300	0.53178092	0.28143322	0.28129796	59975	75207	0
59975	75212	0.00099018	0.03733466	0.44736172	0.03737500	0.44630157	0.53169144	0.53177221	0.28155409	0.28126213	0.53173179	0.53183294	0.28151629	0.28128555	59975	75210	0
59975	75542	0.00063074	0.03715317	0.44752813	0.03717846	0.44860646	0.53234873	0.53241627	0.28205221	0.28188327	0.53221471	0.53230526	0.28198697	0.28191154	59975	75541	0
59975	75546	0.00124211	0.03710466	0.44904145	0.03712491	0.44720735	0.53226524	0.53223862	0.28193537	0.28190751	0.53221331	0.53222013	0.28199486	0.28181926	59975	75544	0
59975	75549	0.00155439	0.03714596	0.44840947	0.03711132	0.44747263	0.53214149	0.53217165	0.28194227	0.28177176	0.53210657	0.53213952	0.28180521	0.28169148	59975	75547	0
59975	75552	0.00167734	0.03722199	0.44760014	0.03703927	0.44723130	0.53207296	0.53209827	0.28177184	0.28165779	0.53195940	0.53202826	0.28191910	0.28165910	59975	75551	0
59975	75555	0.00151510	0.03721567	0.44877050	0.03711722	0.44925723	0.53216886	0.53219227	0.28184202	0.28171301	0.53215341	0.53220271	0.28205591	0.28171835	59975	75554	0
59975	75886	0.00096263	0.03708920	0.44781138	0.03713459	0.44946878	0.53217354	0.53222186	0.28215394	0.28189329	0.53227921	0.53223155	0.28205887	0.28198303	59975	75884	0
59975	75889	0.00072378	0.03708528	0.44791851	0.03711474	0.44863507	0.53217642	0.53227954	0.28218607	0.28191458	0.53226984	0.53234709	0.28198031	0.28199174	59975	75888	0
59975	75892	0.00076884	0.03698443	0.44870987	0.03696554	0.44857469	0.53216384	0.53217494	0.28216882	0.28194810	0.53248275	0.53225785	0.28244968	0.28188499	59975	75891	0
59975	75896	0.00043649	0.03708826	0.44703412	0.03711254	0.44803116	0.53231594	0.53241496	0.28205616	0.28193167	0.53231553	0.53227001	0.28199921	0.28192279	59975	75894	0
59975	75899	0.00053038	0.03702753	0.44740897	0.03712929	0.44712730	0.53235350	0.53244783	0.28214737	0.28208286	0.53231964	0.53236714	0.28209946	0.28195246	59975	75897	0
59975	76229	0.00113400	0.03727765	0.45073118	0.03731949	0.44892031	0.53212292	0.53226754	0.28201647	0.28182131	0.53220435	0.53219310	0.28210957	0.28189609	59975	76228	0
59975	76233	0.00058790	0.03722894	0.44773322	0.03725036	0.44937154	0.53214092	0.53213640	0.28205566	0.28173281	0.53226401	0.53228406	0.28195961	0.28186486	59975	76231	0
59975	76236	0.00048358	0.03732235	0.44931534	0.03738996	0.44962829	0.53220172	0.53218825	0.28196495	0.28179691	0.53212629	0.53224355	0.28207382	0.28183594	59975	76234	0
59975	76239	0.00052723	0.03734886	0.44854928	0.03738464	0.44841833	0.53216319	0.53215538	0.28187226	0.28178195	0.53248702	0.53233279	0.28216906	0.28184374	59975	76237	0
59975	76242	0.00090539	0.03717622	0.44787059	0.03722431	0.44673610	0.53231233	0.53212826	0.28205205	0.28179017	0.53212974	0.53217362	0.28195648	0.28177447	59975	76241	0
59975	76573	0.00169719	0.03720774	0.44741069	0.03715302	0.44503528	0.53198200	0.53198109	0.28172534	0.28157126	0.53199860	0.53191700	0.28160775	0.28147159	59975	76571	0
59975	76576	0.00081180	0.03720390	0.44778119	0.03723561	0.45043735	0.53194354	0.53192218	0.28168762	0.28144004	0.53185808	0.53191963	0.28168893	0.28149706	59975	76574	0
59975	76579	0.00043446	0.03718856	0.44839932	0.03723758	0.44953135	0.53185011	0.53193820	0.28171498	0.28147266	0.53183236	0.53195521	0.28159090	0.28152130	59975	76578	0
59975	76583	0.00111242	0.03707813	0.44955730	0.03719263	0.44752343	0.53198257	0.53188446	0.28161744	0.28146723	0.53185595	0.53192563	0.28177924	0.28151194	59975	76581	0
59975	76586	0.00073278	0.03733720	0.44801836	0.03739166	0.44915726	0.53193467	0.53196885	0.28177883	0.28148548	0.53180607	0.53200410	0.28176848	0.28148071	59975	76584	0
59975	76916	0.00112483	0.03695229	0.44986713	0.03695315	0.44869099	0.53212982	0.53224248	0.28196552	0.28186059	0.53225924	0.53212728	0.28195887	0.28186437	59975	76915	0
59975	76919	0.00115350	0.03695194	0.44733582	0.03693865	0.44724982	0.53204815	0.53211446	0.28211006	0.28190546	0.53219441	0.53232227	0.28214737	0.28197185	59975	76918	0
59975	76923	0.00106076	0.03692817	0.44857262	0.03695616	0.44885083	0.53217617	0.53224873	0.28215066	0.28198376	0.53217469	0.53226976	0.28209782	0.28191770	59975	76921	0
59975	76926	0.00097138	0.03688928	0.44757871	0.03681242	0.44784685	0.53227305	0.53226795	0.28221845	0.28196059	0.53232416	0.53221265	0.28204235	0.28198031	59975	76924	0
59975	76929	0.00082166	0.03691344	0.44739312	0.03704443	0.44784227	0.53220057	0.53217132	0.28204917	0.28193824	0.53225974	0.53225768	0.28201466	0.28193750	59975	76928	0
59975	77260	0.00102330	0.03706309	0.44891401	0.03697133	0.44830909	0.53208545	0.53210805	0.28208927	0.28180159	0.53211964	0.53222243	0.28210842	0.28194038	59975	77258	0
59975	77263	0.00130695	0.03707754	0.44792018	0.03708482	0.44706923	0.53195883	0.53219441	0.28209223	0.28192452	0.53205612	0.53213574	0.28218246	0.28191458	59975	77261	0
59975	77266	0.00073736	0.03713173	0.44697048	0.03714534	0.44867924	0.53216647	0.53224733	0.28201943	0.28188820	0.53216697	0.53217247	0.28204728	0.28190808	59975	77265	0
59975	77269	0.00039612	0.03696386	0.44722391	0.03712391	0.44824765	0.53241102	0.53214108	0.28228238	0.28191022	0.53215694	0.53221561	0.28207284	0.28192329	59975	77268	0
59975	77273	0.00053926	0.03711494	0.44950650	0.03701953	0.44907707	0.53225292	0.53217469	0.28208631	0.28189050	0.53238415	0.53248513	0.28220234	0.28211721	59975	77271	0
59975	77603	0.00036747	0.03723369	0.44765969	0.03726857	0.44817505	0.53187928	0.53185973	0.28144455	0.28136041	0.53181051	0.53186926	0.28146156	0.28150051	59975	77601	0
59975	77606	-0.00024308	0.03723020	0.44563166	0.03724970	0.44746331	0.53177887	0.53179522	0.28156740	0.28139238	0.53185677	0.53186753	0.28156058	0.28146025	59975	77605	0
59975	77610	0.00052034	0.03719918	0.44943993	0.03731487	0.44714966	0.53185192	0.53190204	0.28168096	0.28146748	0.53182143	0.53188306	0.28180931	0.28142837	59975	77608	0
59975	77613	0.00106217	0.03739610	0.44922896	0.03726341	0.44760349	0.53174173	0.53188750	0.28164407	0.28149000	0.53177583	0.53189950	0.28168745	0.28153708	59975	77611	0
59975	77616	0.00083413	0.03722467	0.44759496	0.03719549	0.44827908	0.53180319	0.53194691	0.28168129	0.28154579	0.53193804	0.53188413	0.28163281	0.28148737	59975	77614	0
59975	77946	0.00067529	0.03695187	0.44678041	0.03688081	0.44725693	0.53228365	0.53228028	0.28200694	0.28199042	0.53218176	0.53234741	0.28220933	0.28204268	59975	77945	0
59975	77950	0.00095356	0.03689511	0.44834378	0.03693982	0.44750899	0.53233057	0.53230674	0.28204556	0.28194153	0.53222375	0.53234240	0.28210086	0.28204096	59975	77948	0
59975	77953	0.00082469	0.03695162	0.44711169	0.03702398	0.44749830	0.53236870	0.53248522	0.28206766	0.28209092	0.53234306	0.53241340	0.28203578	0.28200497	59975	77951	0
59975	77956	0.00106322	0.03707309	0.44824149	0.03709381	0.44752589	0.53222925	0.53219745	0.28210858	0.28189979	0.53217469	0.53232449	0.28217859	0.28201943	59975	77955	0
59975	77960	0.00037055	0.03707543	0.44855460	0.03701795	0.45063260	0.53210197	0.53203311	0.28202206	0.28183775	0.53225210	0.53227872	0.28198007	0.28194687	59975	77958	0
59975	78290	0.00151218	0.03700103	0.44934821	0.03689683	0.44592333	0.53205677	0.53214716	0.28205739	0.28189658	0.53207773	0.53216310	0.28196971	0.28188130	59975	78288	0
59975	78293	0.00121730	0.03697195	0.44822929	0.03697692	0.44911394	0.53204354	0.53208997	0.28208385	0.28182526	0.53211191	0.53209638	0.28194013	0.28184317	59975	78292	0
59975	78296	0.00110031	0.03687733	0.44816575	0.03703512	0.44851671	0.53221610	0.53212226	0.28209486	0.28187579	0.53201059	0.53223714	0.28207555	0.28195714	59975	78295	0
59975	78300	0.00118480	0.03685785	0.44826374	0.03698810	0.44801027	0.53200558	0.53215439	0.28205912	0.28188089	0.53206023	0.53221972	0.28209108	0.28197990	59975	78298	0
59975	78303	0.00118209	0.03699725	0.44830014	0.03691869	0.44830827	0.53222991	0.53215653	0.28201811	0.28189444	0.53209186	0.53217543	0.28212584	0.28185821	59975	78301	0
59975	78633	-0.00019479	0.03736287	0.44741329	0.03730805	0.45154392	0.53180714	0.53177632	0.28158071	0.28136197	0.53177986	0.53183779	0.28155277	0.28144455	59975	78632	0
59975	78637	0.00079254	0.03723289	0.44922247	0.03735576	0.44626050	0.53181330	0.53184428	0.28153683	0.28152393	0.53193220	0.53188939	0.28168524	0.28149336	59975	78635	0
59975	78640	0.00063476	0.03731039	0.44838880	0.03730090	0.44886212	0.53185406	0.53188684	0.28172443	0.28151555	0.53185858	0.53186277	0.28177686	0.28149074	59975	78638	0
59975	78643	0.00051217	0.03734508	0.44897841	0.03730057	0.44934619	0.53191240	0.53191421	0.28156584	0.28148687	0.53183220	0.53191117	0.28171301	0.28153634	59975	78641	0
59975	78646	0.00054302	0.03739287	0.44838446	0.03733026	0.44829191	0.53178963	0.53182448	0.28158490	0.28143675	0.53180007	0.53183203	0.28151161	0.28145458	59975	78645	0
59975	78977	0.00110892	0.03726144	0.44810603	0.03713034	0.44640833	0.53159135	0.53165454	0.28154694	0.28128506	0.53167451	0.53171190	0.28143642	0.28125770	59975	78975	0
59975	78980	0.00066018	0.03719962	0.44732812	0.03721906	0.44867434	0.53162225	0.53171182	0.28138621	0.28130873	0.53156391	0.53165150	0.28153437	0.28133034	59975	78978	0
59975	78983	0.00144020	0.03713874	0.44848821	0.03720631	0.44614817	0.53168807	0.53169103	0.28130355	0.28124134	0.53163836	0.53177090	0.28153034	0.28123428	59975	78982	0
59975	78987	0.00110004	0.03717848	0.44813394	0.03719453	0.44915441	0.53157311	0.53173630	0.28153388	0.28127134	0.53164205	0.53171157	0.28149838	0.28136025	59975	78985	0
59975	78990	0.00067548	0.03718954	0.44746481	0.03710517	0.44873849	0.53169267	0.53170278	0.28146551	0.28132689	0.53167402	0.53184609	0.28144250	0.28136025	59975	78988	0
59975	79320	0.00119938	0.03692322	0.44766281	0.03697082	0.44609112	0.53236878	0.53219121	0.28208820	0.28198089	0.53209211	0.53211265	0.28224367	0.28185558	59975	79319	0
59975	79323	0.00057654	0.03703378	0.44578111	0.03702567	0.44764962	0.53213960	0.53218348	0.28219010	0.28188886	0.53213640	0.53218989	0.28203816	0.28193602	59975	79322	0
59975	79327	0.00086527	0.03692897	0.44690227	0.03689554	0.44603609	0.53202087	0.53220518	0.28214482	0.28195566	0.53222021	0.53219285	0.28198114	0.28183890	59975	79325	0
59975	79330	0.00070311	0.03694101	0.44819024	0.03705383	0.44867673	0.53215916	0.53218291	0.28192690	0.28182789	0.53210854	0.53214766	0.28197070	0.28187103	59975	79328	0
59975	79333	0.00078389	0.03699020	0.44782125	0.03692973	0.44757889	0.53222679	0.53210230	0.28191252	0.28180373	0.53212703	0.53220140	0.28196807	0.28180726	59975	79332	0
59975	79664	-0.00015836	0.03711324	0.44629117	0.03713291	0.44911792	0.53203352	0.53212177	0.28208812	0.28186166	0.53207272	0.53207773	0.28196380	0.28180841	59975	79662	0
59975	79667	0.00136532	0.03711835	0.44940506	0.03719194	0.44483403	0.53194625	0.53200377	0.28181687	0.28178573	0.53212785	0.53209597	0.28207900	0.28185821	59975	79665	0
59975	79670	0.00062794	0.03713653	0.44571464	0.03700378	0.44792678	0.53206729	0.53214922	0.28212190	0.28194564	0.53226565	0.53206105	0.28204416	0.28180011	59975	79669	0
59975	79673	0.00071399	0.03714589	0.45002264	0.03711861	0.44976448	0.53225514	0.53216467	0.28202658	0.28196552	0.53200780	0.53221306	0.28204687	0.28203249	59975	79672	0
59975	79677	0.00068909	0.03711254	0.44819186	0.03704758	0.44826658	0.53215029	0.53230649	0.28201335	0.28205271	0.53209071	0.53219762	0.28217128	0.28191984	59975	79675	0
59975	80007	0.00085142	0.03731831	0.44892684	0.03727822	0.44843984	0.53153457	0.53159472	0.28146403	0.28115745	0.53157550	0.53182242	0.28139969	0.28136559	59975	80006	0
59975	80011	0.00069591	0.03720493	0.44791139	0.03728927	0.44837790	0.53156218	0.53172077	0.28136329	0.28122943	0.53157804	0.53172990	0.28139673	0.28124397	59975	80009	0
59975	80014	0.00174613	0.03744881	0.44979645	0.03749711	0.44664580	0.53167648	0.53155988	0.28125096	0.28115539	0.53161354	0.53169555	0.28132730	0.28118522	59975	80012	0
59975	80017	0.00156413	0.03742983	0.44688736	0.03737160	0.44743336	0.53166966	0.53166728	0.28144924	0.28123247	0.53167328	0.53174674	0.28141851	0.28122820	59975	80016	0
59975	80020	0.00138318	0.03744211	0.44743644	0.03741717	0.44797929	0.53157582	0.53180648	0.28153881	0.28132746	0.53159250	0.53169415	0.28143453	0.28135195	59975	80019	0
59975	80351	0.00125197	0.03734897	0.44754618	0.03737962	0.44793983	0.53094614	0.53114590	0.28092457	0.28073410	0.53121616	0.53111328	0.28089220	0.28078143	59975	80349	0
59975	80354	0.00128435	0.03726968	0.44737299	0.03721011	0.44727584	0.53114771	0.53131337	0.28104808	0.28081939	0.53113637	0.53127327	0.28096656	0.28075226	59975	80352	0
59975	80357	0.00076539	0.03717382	0.44664157	0.03719123	0.44819843	0.53118419	0.53140540	0.28099154	0.28095407	0.53121780	0.53116743	0.28085004	0.28074478	59975	80356	0
59975	80361	0.00078383	0.03731983	0.44823209	0.03739194	0.44817678	0.53110942	0.53112322	0.28096969	0.28079696	0.53123013	0.53118304	0.28088324	0.28083657	59975	80359	0
59975	80364	0.00095401	0.03733178	0.44835494	0.03728441	0.44784440	0.53104878	0.53115552	0.28103715	0.28074799	0.53116283	0.53117885	0.28107585	0.28075094	59975	80362	0
59975	80694	0.00069416	0.03703876	0.44906082	0.03696715	0.44984038	0.53235382	0.53238283	0.28221878	0.28221557	0.53230871	0.53237987	0.28224145	0.28213915	59975	80693	0
59975	80698	-0.00055191	0.03692531	0.44575016	0.03701019	0.44948836	0.53229910	0.53217650	0.28230415	0.28208089	0.53227412	0.53222605	0.28213044	0.28203627	59975	80696	0
59975	80701	0.00068670	0.03710484	0.45025581	0.03695264	0.44653998	0.53227740	0.53220970	0.28213488	0.28201203	0.53219055	0.53227593	0.28208919	0.28209807	59975	80699	0
59975	80704	0.00019405	0.03691737	0.44619945	0.03693498	0.44767739	0.53211166	0.53230411	0.28228517	0.28211573	0.53210805	0.53221701	0.28226767	0.28199568	59975	80702	0
59975	80707	0.00062567	0.03690081	0.45022537	0.03699713	0.44893052	0.53213853	0.53211355	0.28203340	0.28188409	0.53209161	0.53222728	0.28233135	0.28203200	59975	80706	0
59975	81038	0.00078953	0.03725513	0.44825150	0.03729562	0.44775992	0.53204930	0.53209885	0.28182402	0.28178187	0.53200295	0.53213640	0.28189806	0.28181120	59975	81036	0
59975	81041	-0.00000678	0.03724354	0.44489273	0.03731375	0.44728166	0.53186638	0.53206737	0.28194350	0.28177604	0.53212062	0.53218907	0.28194917	0.28185517	59975	81039	0
59975	81044	0.00105178	0.03720051	0.44977476	0.03718520	0.44659907	0.53192818	0.53196696	0.28192887	0.28171934	0.53200616	0.53208110	0.28178228	0.28169469	59975	81043	0
59975	81048	0.00095766	0.03725392	0.44788090	0.03735012	0.44816328	0.53206359	0.53203968	0.28188327	0.28174555	0.53199235	0.53203377	0.28177883	0.28176889	59975	81046	0
59975	81051	0.00124815	0.03736822	0.44749405	0.03721564	0.44662256	0.53199605	0.53196400	0.28181079	0.28168532	0.53204987	0.53205004	0.28186232	0.28176864	59975	81049	0
59975	81381	0.00041231	0.03717703	0.44632432	0.03727392	0.44883185	0.53157903	0.53157640	0.28150799	0.28117659	0.53151329	0.53158593	0.28127405	0.28119574	59975	81380	0
59975	81385	0.00075494	0.03726562	0.44888290	0.03717416	0.44785501	0.53152471	0.53161822	0.28148564	0.28120223	0.53157566	0.53157451	0.28117618	0.28115465	59975	81383	0
59975	81388	0.00068225	0.03729422	0.44753939	0.03729206	0.44775744	0.53164263	0.53155183	0.28123313	0.28115975	0.53146826	0.53164452	0.28140832	0.28125038	59975	81386	0
59975	81391	0.00107802	0.03726624	0.44850763	0.03727634	0.44732032	0.53163400	0.53152348	0.28146181	0.28118588	0.53151715	0.53156752	0.28128506	0.28116755	59975	81389	0
59975	81394	0.00013296	0.03713585	0.44650301	0.03712123	0.44933819	0.53153203	0.53165101	0.28131448	0.28126723	0.53146769	0.53151050	0.28116961	0.28120724	59975	81393	0
59975	81725	0.00125830	0.03678457	0.44969748	0.03670799	0.44632148	0.53185981	0.53189868	0.28202543	0.28179904	0.53188339	0.53183746	0.28191573	0.28171252	59975	81723	0
59975	81728	-0.00022705	0.03666305	0.44410210	0.03687796	0.44855813	0.53170245	0.53182037	0.28187900	0.28166757	0.53172447	0.53182300	0.28185574	0.28166017	59975	81726	0
59975	81731	0.00138994	0.03665596	0.44973569	0.03666529	0.44488471	0.53176991	0.53177123	0.28192205	0.28165787	0.53184995	0.53177024	0.28204013	0.28163445	59975	81730	0
59975	81735	0.00096649	0.03679052	0.44617668	0.03674887	0.44744706	0.53173893	0.53181552	0.28193931	0.28165631	0.53182004	0.53184485	0.28176790	0.28171408	59975	81733	0
59975	81738	0.00071252	0.03681731	0.44797872	0.03667103	0.44874061	0.53179226	0.53202021	0.28189543	0.28181186	0.53180985	0.53190459	0.28193594	0.28164472	59975	81736	0
59975	82068	0.00119362	0.03716512	0.44889984	0.03731234	0.44745655	0.53202966	0.53199038	0.28184958	0.28173347	0.53195192	0.53206474	0.28184621	0.28178261	59975	82067	0
59975	82071	0.00120033	0.03717533	0.44731759	0.03724633	0.44729746	0.53200492	0.53202062	0.28185467	0.28182361	0.53210575	0.53210443	0.28184785	0.28178655	59975	82070	0
59975	82075	0.00088025	0.03710993	0.44767730	0.03708823	0.44863753	0.53200271	0.53199375	0.28194358	0.28176519	0.53207617	0.53202399	0.28190808	0.28183454	59975	82073	0
59975	82078	0.00142434	0.03717840	0.44809148	0.03715228	0.44645921	0.53204075	0.53215900	0.28205353	0.28191400	0.53206285	0.53206277	0.28212239	0.28190833	59975	82076	0
59975	82081	0.00126075	0.03715616	0.44789123	0.03712961	0.44838202	0.53222021	0.53215407	0.28222806	0.28189132	0.53211413	0.53203960	0.28190135	0.28181383	59975	82080	0
59975	82412	0.00085940	0.03717141	0.44706957	0.03720742	0.44827362	0.53154600	0.53154846	0.28147512	0.28117635	0.53142783	0.53147656	0.28139575	0.28114430	59975	82410	0
59975	82415	0.00056954	0.03731590	0.44733582	0.03738895	0.44820539	0.53152373	0.53157352	0.28122343	0.28119278	0.53131476	0.53150129	0.28133140	0.28113871	59975	82413	0
59975	82418	0.00129909	0.03727579	0.44889980	0.03718952	0.44671116	0.53148659	0.53153137	0.28125770	0.28114890	0.53149226	0.53151337	0.28120618	0.28116139	59975	82416	0
59975	82421	0.00079737	0.03713197	0.44749957	0.03719777	0.44900473	0.53143736	0.53158799	0.28140914	0.28116542	0.53139217	0.53159439	0.28141333	0.28116460	59975	82420	0
59975	82425	0.00009297	0.03729091	0.44480680	0.03730728	0.44692001	0.53141986	0.53156153	0.28140404	0.28122006	0.53152192	0.53165668	0.28142418	0.28119623	59975	82423	0
59975	82755	0.00084919	0.03676233	0.44922466	0.03676154	0.44695598	0.53174411	0.53182365	0.28191359	0.28159074	0.53183409	0.53190492	0.28198360	0.28168811	59975	82753	0
59975	82758	0.00088583	0.03676770	0.44742351	0.03670052	0.44731361	0.53196943	0.53196351	0.28172484	0.28167998	0.53198290	0.53198553	0.28191827	0.28172032	59975	82757	0
59975	82762	0.00157422	0.03682327	0.44814124	0.03687430	0.44607605	0.53178725	0.53195316	0.28192403	0.28170422	0.53200312	0.53191716	0.28177636	0.28170701	59975	82760	0
59975	82765	0.00005924	0.03684309	0.44549339	0.03691810	0.45003834	0.53193606	0.53186400	0.28188425	0.28176009	0.53192949	0.53193146	0.28190422	0.28171663	59975	82763	0
59975	82768	0.00055170	0.03680515	0.44916115	0.03680203	0.44768379	0.53183212	0.53198800	0.28176798	0.28175401	0.53177788	0.53185093	0.28188417	0.28163963	59975	82766	0
59975	83099	0.00041165	0.03743229	0.44819647	0.03720646	0.44861660	0.53141592	0.53136399	0.28108251	0.28103435	0.53134599	0.53152940	0.28109828	0.28113263	59975	83097	0
59975	83102	0.00040535	0.03724533	0.44788489	0.03721667	0.44790380	0.53144057	0.53137064	0.28116583	0.28102499	0.53127434	0.53137894	0.28128325	0.28107289	59975	83100	0
59975	83105	0.00056648	0.03718258	0.44892295	0.03726372	0.44843954	0.53145947	0.53138009	0.28119697	0.28104002	0.53132783	0.53146366	0.28123189	0.28104578	59975	83103	0
59975	83108	0.00075513	0.03718677	0.44774034	0.03708421	0.44717441	0.53137426	0.53144501	0.28120018	0.28105268	0.53138510	0.53143712	0.28141497	0.28119689	59975	83107	0
59975	83112	0.00032427	0.03703666	0.44683564	0.03718902	0.44812823	0.53137229	0.53129595	0.28114093	0.28104923	0.53134928	0.53142578	0.28132590	0.28115950	59975	83110	0
59975	83442	0.00148834	0.03718380	0.44895177	0.03727331	0.44545953	0.53086315	0.53096644	0.28064338	0.28059942	0.53110161	0.53092790	0.28071249	0.28050451	59975	83440	0
59975	83445	0.00132940	0.03721653	0.44828248	0.03725820	0.44875931	0.53076504	0.53093448	0.28066894	0.28056277	0.53092979	0.53093587	0.28070337	0.28055801	59975	83444	0
59975	83448	0.00118005	0.03703778	0.44817825	0.03708272	0.44862631	0.53084253	0.53108271	0.28061692	0.28071462	0.53091056	0.53098887	0.28063681	0.28063894	59975	83447	0
59975	83452	0.00139003	0.03706993	0.44824132	0.03700817	0.44761136	0.53083833	0.53070809	0.28066664	0.28049523	0.53070242	0.53083973	0.28070509	0.28056540	59975	83450	0
59975	83455	0.00128157	0.03706842	0.44788193	0.03702275	0.44820732	0.53090218	0.53089347	0.28066286	0.28058882	0.53094442	0.53094721	0.28080403	0.28055472	59975	83453	0
59975	83785	0.00039844	0.03701776	0.44657430	0.03692633	0.44922368	0.53149127	0.53157377	0.28147923	0.28127734	0.53150269	0.53146851	0.28131111	0.28120823	59975	83784	0
59975	83789	0.00041409	0.03693961	0.44771839	0.03699558	0.44767145	0.53134122	0.53147927	0.28135334	0.28117939	0.53139143	0.53147738	0.28136214	0.28128268	59975	83787	0
59975	83792	0.00017251	0.03705655	0.44775506	0.03697832	0.44847979	0.53132290	0.53131312	0.28124603	0.28120141	0.53142438	0.53135741	0.28137109	0.28109007	59975	83790	0
59975	83795	0.00103014	0.03688065	0.44946102	0.03699569	0.44688813	0.53135602	0.53147870	0.28152245	0.28121472	0.53135963	0.53148428	0.28126181	0.28117857	59975	83794	0
59975	83798	0.00116450	0.03696065	0.44781190	0.03698895	0.44740882	0.53142865	0.53152438	0.28129541	0.28128366	0.53139283	0.53141929	0.28128457	0.28124241	59975	83797	0
59975	84129	0.00194378	0.03707541	0.44976038	0.03705822	0.44742256	0.53132726	0.53137795	0.28128958	0.28114759	0.53127647	0.53129628	0.28117840	0.28107084	59975	84127	0
59975	84132	0.00071326	0.03714538	0.44592021	0.03724775	0.44961176	0.53126743	0.53133145	0.28125827	0.28108662	0.53126480	0.53143654	0.28128333	0.28113641	59975	84130	0
59975	84135	0.00069225	0.03706782	0.44694714	0.03718357	0.44701019	0.53124582	0.53125979	0.28134373	0.28111948	0.53122429	0.53140491	0.28134817	0.28109163	59975	84134	0
59975	84139	0.00098191	0.03714055	0.44859409	0.03710708	0.44772509	0.53136489	0.53132569	0.28126074	0.28114167	0.53138058	0.53130047	0.28126937	0.28112425	59975	84137	0
59975	84142	0.00043244	0.03699531	0.44676026	0.03703277	0.44840866	0.53142266	0.53142298	0.28125318	0.28116353	0.53125519	0.53134320	0.28135326	0.28115638	59975	84140	0
59975	84472	0.00119113	0.03698758	0.44904671	0.03699366	0.44677064	0.53086184	0.53088032	0.28078102	0.28060328	0.53081278	0.53082593	0.28070329	0.28057674	59975	84471	0
59975	84476	0.00034807	0.03721740	0.44656605	0.03705948	0.44909525	0.53080621	0.53093324	0.28080584	0.28059737	0.53098789	0.53101591	0.28067173	0.28060189	59975	84474	0
59975	84479	0.00060932	0.03707602	0.44678074	0.03713816	0.44599696	0.53087507	0.53093349	0.28060402	0.28054075	0.53092831	0.53101582	0.28090083	0.28065300	59975	84477	0
59975	84482	0.00039323	0.03710345	0.44671603	0.03730107	0.44736432	0.53073546	0.53082823	0.28080206	0.28052982	0.53074425	0.53095789	0.28074692	0.28058060	59975	84480	0
59975	84485	0.00094078	0.03736783	0.44890244	0.03721161	0.44725978	0.53094220	0.53083899	0.28055554	0.28054059	0.53084557	0.53099725	0.28084388	0.28069137	59975	84484	0
59975	84816	0.00118192	0.03687165	0.44857959	0.03689483	0.44785617	0.53115100	0.53117088	0.28113345	0.28099195	0.53111854	0.53117138	0.28130799	0.28106878	59975	84814	0
59975	84819	0.00102773	0.03687155	0.44845469	0.03691590	0.44891729	0.53123210	0.53115938	0.28116295	0.28109664	0.53121567	0.53126579	0.28118415	0.28114479	59975	84817	0
59975	84822	0.00062708	0.03682588	0.44734154	0.03669313	0.44854347	0.53128157	0.53120802	0.28112302	0.28108645	0.53103168	0.53138913	0.28133683	0.28124077	59975	84821	0
59975	84825	0.00124411	0.03683622	0.44642112	0.03669147	0.44457005	0.53128124	0.53122429	0.28121571	0.28115482	0.53119405	0.53122027	0.28120059	0.28123280	59975	84824	0
59975	84829	0.00067325	0.03669791	0.44733253	0.03682405	0.44904510	0.53110564	0.53113251	0.28109664	0.28108259	0.53118682	0.53111213	0.28123707	0.28101480	59975	84827	0
59975	85159	0.00008270	0.03714993	0.44714275	0.03714543	0.44891438	0.53130425	0.53146407	0.28134463	0.28117684	0.53120687	0.53137491	0.28135203	0.28109056	59975	85157	0
59975	85162	0.00108693	0.03708451	0.44889708	0.03703352	0.44588439	0.53147295	0.53138009	0.28121998	0.28110182	0.53137385	0.53139151	0.28136608	0.28119229	59975	85161	0
59975	85166	0.00056300	0.03702790	0.44736064	0.03708853	0.44893244	0.53122701	0.53145240	0.28138391	0.28117372	0.53150614	0.53143441	0.28124644	0.28115810	59975	85164	0
59975	85169	0.00061310	0.03705204	0.44883437	0.03701615	0.44868406	0.53140277	0.53142759	0.28141522	0.28120823	0.53135182	0.53133687	0.28125162	0.28113165	59975	85167	0
59975	85172	0.00104231	0.03715648	0.44863669	0.03711169	0.44734907	0.53138732	0.53167279	0.28126181	0.28135228	0.53132652	0.53139020	0.28138958	0.28118374	59975	85171	0
59975	85503	0.00046194	0.03721490	0.44606998	0.03716004	0.44781109	0.53055936	0.53080473	0.28057017	0.28038865	0.53076249	0.53074523	0.28043730	0.28033688	59975	85501	0
59975	85506	0.00035396	0.03721015	0.44888699	0.03727213	0.44921093	0.53072872	0.53073200	0.28052070	0.28037920	0.53085551	0.53089972	0.28055455	0.28040755	59975	85504	0
59975	85509	0.00097819	0.03729387	0.44949004	0.03707361	0.44761735	0.53067818	0.53073833	0.28047682	0.28037008	0.53068969	0.53066503	0.28068923	0.28034494	59975	85507	0
59975	85512	0.00110179	0.03718340	0.44645355	0.03732146	0.44608275	0.53062313	0.53068393	0.28045850	0.28031108	0.53069692	0.53078977	0.28058274	0.28038520	59975	85511	0
59975	85516	0.00070014	0.03743552	0.44589934	0.03741597	0.44710430	0.53082067	0.53076578	0.28037838	0.28037731	0.53071475	0.53079372	0.28055957	0.28031807	59975	85514	0
59975	85846	0.00073817	0.03685253	0.44869455	0.03674891	0.44858043	0.53114804	0.53118707	0.28132927	0.28099598	0.53121846	0.53119290	0.28112170	0.28107610	59975	85844	0
59975	85849	0.00096901	0.03664934	0.44869372	0.03669253	0.44800121	0.53120022	0.53125815	0.28124636	0.28104791	0.53119874	0.53134048	0.28135565	0.28120593	59975	85848	0
59975	85852	0.00129948	0.03670658	0.44779228	0.03662710	0.44680086	0.53113144	0.53118641	0.28128194	0.28113962	0.53118592	0.53120079	0.28121037	0.28107593	59975	85851	0
59975	85856	0.00139046	0.03664287	0.44715851	0.03670737	0.44688558	0.53118378	0.53130762	0.28109730	0.28107503	0.53114031	0.53127795	0.28122392	0.28111636	59975	85854	0
59975	85859	0.00104776	0.03657612	0.44804730	0.03667597	0.44907539	0.53136095	0.53122733	0.28137438	0.28103156	0.53124591	0.53120531	0.28098858	0.28099647	59975	85857	0
59975	86189	0.00070827	0.03697092	0.44819357	0.03697695	0.44921207	0.53152562	0.53160516	0.28165155	0.28143617	0.53157829	0.53153770	0.28170331	0.28139032	59975	86188	0
59975	86193	0.00054706	0.03697170	0.44852516	0.03705879	0.44900879	0.53147673	0.53151115	0.28151728	0.28137693	0.53177427	0.53155249	0.28185484	0.28141333	59975	86191	0
59975	86196	-0.00009857	0.03715467	0.44724632	0.03703983	0.44918320	0.53148864	0.53160442	0.28160413	0.28147414	0.53153375	0.53151896	0.28149476	0.28136904	59975	86194	0
59975	86199	0.00002757	0.03694778	0.44889696	0.03698677	0.44851855	0.53163836	0.53178783	0.28167505	0.28152319	0.53160508	0.53167837	0.28143946	0.28134176	59975	86198	0
59975	86202	0.00026741	0.03701990	0.44750810	0.03697803	0.44678859	0.53165085	0.53165265	0.28149616	0.28147709	0.53155701	0.53169119	0.28144727	0.28141982	59975	86201	0
