% File initiated 05/12/2022 17:18:52 UTC
% Raw fountain data
%
% File notes: maser 5 MHz RF amplitudes 280 800 1280 1740 2200 2660 1280 microwave leakage pio2 3pio2 5pio2 7pio2 9pio2 11pio2 no water cooling
%
%% fountain_code = ALPHA-CsF1
%% microwave_ref = ALPHA HM1
%% MJD_start = 59918.721446
%% clock_data = False
%% sequence = 5
%% density = HD
%
% Units: V.s, Hz
%
% Shot B MJD days	Shot B MJD seconds	freq error	shot A sum	shot A ratio	shot B sum	shot B ratio	shot A F=3 bg 1	shot A F=3 bg 2	shot A F=4 bg 1	shot A F=4 bg 2	shot B F=3 bg 1	shot B F=3 bg 2	shot B F=4 bg 1	shot B F=4 bg 2	Shot A MJD days	Shot A MJD seconds	Shot order (0=LF->HF)
59918	62564	0.00075168	0.04308534	0.35859842	0.04331518	0.35739573	0.58826087	0.58826893	0.32305344	0.32302895	0.58831067	0.58831782	0.32311638	0.32303520	59918	62562	0
59918	62567	0.00010421	0.04314036	0.35712293	0.04314159	0.35815889	0.58849095	0.58844305	0.32317629	0.32311334	0.58850032	0.58853015	0.32334975	0.32317612	59918	62565	0
59918	62570	-0.00000553	0.04310460	0.35879716	0.04321271	0.35897274	0.58864034	0.58847855	0.32338221	0.32321417	0.58843409	0.58839769	0.32341639	0.32314695	59918	62569	0
59918	62574	0.00077008	0.04324950	0.35847377	0.04314949	0.35723279	0.58837854	0.58844617	0.32331967	0.32312345	0.58845406	0.58847436	0.32332009	0.32322066	59918	62572	0
59918	62577	0.00063977	0.04310001	0.35887636	0.04308973	0.35908485	0.58851257	0.58840887	0.32336240	0.32321055	0.58848101	0.58844790	0.32346413	0.32324317	59918	62575	0
59918	63364	-0.00047022	0.04367687	0.35837931	0.04369963	0.36015530	0.58920445	0.58917405	0.32357958	0.32348755	0.58917717	0.58923510	0.32372626	0.32347194	59918	63363	0
59918	63368	-0.00042111	0.04372329	0.35875142	0.04378605	0.35867285	0.58911168	0.58917816	0.32364721	0.32347974	0.58919615	0.58934505	0.32359922	0.32349774	59918	63366	0
59918	63371	-0.00142953	0.04375338	0.35893727	0.04356535	0.36055075	0.58928958	0.58920470	0.32358936	0.32341524	0.58920675	0.58912959	0.32365189	0.32348887	59918	63369	0
59918	63374	-0.00197857	0.04356913	0.36083740	0.04346270	0.36171585	0.58906821	0.58913608	0.32369914	0.32347539	0.58911587	0.58909048	0.32351031	0.32345304	59918	63373	0
59918	63377	-0.00127845	0.04368302	0.36102077	0.04349722	0.35990058	0.58923469	0.58912220	0.32349051	0.32336750	0.58903099	0.58905038	0.32356923	0.32334827	59918	63376	0
59918	64165	-0.00002638	0.04348214	0.36122140	0.04350757	0.35921809	0.58855225	0.58855414	0.32314613	0.32289715	0.58858151	0.58849802	0.32308820	0.32280766	59918	64163	0
59918	64168	-0.00098812	0.04347992	0.35880749	0.04351869	0.36034628	0.58868061	0.58865793	0.32304448	0.32288375	0.58851692	0.58846663	0.32309181	0.32295697	59918	64166	0
59918	64171	-0.00073083	0.04326946	0.36027211	0.04337787	0.35986044	0.58856450	0.58860254	0.32304917	0.32304999	0.58856524	0.58871619	0.32303848	0.32295303	59918	64170	0
59918	64175	-0.00009570	0.04333823	0.35974309	0.04354789	0.35872687	0.58864223	0.58852399	0.32309707	0.32288811	0.58860558	0.58853073	0.32300520	0.32285524	59918	64173	0
59918	64178	-0.00017232	0.04346194	0.35962090	0.04338030	0.35974349	0.58849662	0.58854609	0.32311704	0.32293413	0.58845390	0.58843130	0.32312090	0.32293413	59918	64176	0
59918	64965	0.00033274	0.04379903	0.35877883	0.04387035	0.35797074	0.58949567	0.58939994	0.32360382	0.32355362	0.58930667	0.58929205	0.32365789	0.32346652	59918	64964	0
59918	64969	0.00028153	0.04380456	0.35913844	0.04379092	0.35922038	0.58940388	0.58944587	0.32358410	0.32353957	0.58954300	0.58945943	0.32376504	0.32355994	59918	64967	0
59918	64972	0.00080654	0.04369422	0.35867969	0.04366507	0.35783966	0.58931957	0.58942278	0.32374294	0.32358410	0.58946025	0.58936362	0.32369249	0.32347974	59918	64970	0
59918	64975	0.00071818	0.04378838	0.35877351	0.04367174	0.35891489	0.58930034	0.58925901	0.32376241	0.32351837	0.58945557	0.58935154	0.32361105	0.32352379	59918	64974	0
59918	64978	0.00076175	0.04385932	0.35859100	0.04374900	0.35852128	0.58934381	0.58936838	0.32362478	0.32345715	0.58933691	0.58942147	0.32373045	0.32357851	59918	64977	0
59918	65766	0.00066242	0.04381913	0.35863917	0.04375185	0.35879811	0.58959378	0.58951021	0.32365584	0.32357301	0.58952097	0.58953453	0.32380293	0.32353283	59918	65764	0
59918	65769	0.00066724	0.04354747	0.35939852	0.04354236	0.35939081	0.58958622	0.58953059	0.32372182	0.32359552	0.58933823	0.58936888	0.32371180	0.32343973	59918	65768	0
59918	65772	0.00094251	0.04359139	0.35866624	0.04369714	0.35822581	0.58958433	0.58956132	0.32367457	0.32358287	0.58951769	0.58948885	0.32370300	0.32348155	59918	65771	0
59918	65776	-0.00027391	0.04375978	0.35807017	0.04376252	0.36001644	0.58951268	0.58957233	0.32363135	0.32351039	0.58953807	0.58946321	0.32375124	0.32351187	59918	65774	0
59918	65779	0.00011245	0.04358700	0.35994574	0.04367351	0.35932758	0.58949731	0.58944291	0.32375198	0.32343406	0.58958532	0.58943034	0.32360144	0.32343619	59918	65777	0
59918	66566	-0.00032190	0.04413952	0.35827585	0.04409291	0.35897080	0.58997900	0.58993068	0.32389972	0.32366562	0.59003364	0.58990077	0.32377712	0.32362691	59918	66565	0
59918	66570	-0.00014758	0.04409048	0.35838122	0.04408442	0.35810231	0.59005953	0.58994260	0.32379405	0.32370769	0.59007177	0.58994539	0.32378896	0.32367162	59918	66568	0
59918	66573	-0.00055205	0.04405686	0.35878438	0.04411726	0.35943153	0.58997086	0.58986412	0.32378214	0.32365157	0.58995106	0.59002017	0.32392528	0.32364795	59918	66571	0
59918	66576	0.00061857	0.04398194	0.36077106	0.04402215	0.35889807	0.59000398	0.58992534	0.32383473	0.32364622	0.58999954	0.58994334	0.32384401	0.32367720	59918	66575	0
59918	66579	0.00111378	0.04406160	0.35796254	0.04414842	0.35717020	0.58998968	0.58990217	0.32389274	0.32360949	0.59002050	0.58995065	0.32385108	0.32370777	59918	66578	0
59918	67367	0.00043533	0.04375571	0.35868466	0.04374920	0.35977017	0.58954456	0.58952344	0.32344523	0.32331039	0.58955614	0.58952163	0.32356701	0.32334876	59918	67365	0
59918	67370	0.00034591	0.04375682	0.35986946	0.04374030	0.36001254	0.58961202	0.58961260	0.32357827	0.32333159	0.58956264	0.58950216	0.32335682	0.32323093	59918	67369	0
59918	67373	0.00001838	0.04366457	0.35951359	0.04388984	0.36003764	0.58959748	0.58952196	0.32343858	0.32324293	0.58961457	0.58946099	0.32339018	0.32324087	59918	67372	0
59918	67377	-0.00056201	0.04381425	0.35965538	0.04376177	0.36058401	0.58955294	0.58945869	0.32345912	0.32329297	0.58952328	0.58943141	0.32342855	0.32327481	59918	67375	0
59918	67380	0.00055788	0.04379026	0.36080479	0.04368324	0.35901297	0.58937093	0.58938227	0.32342181	0.32321606	0.58954949	0.58952722	0.32343307	0.32321532	59918	67378	0
59918	68167	-0.00220707	0.04374336	0.35989042	0.04391760	0.36431434	0.58993241	0.58988483	0.32391410	0.32377499	0.59004145	0.58996380	0.32396078	0.32380465	59918	68166	0
59918	68171	-0.00165445	0.04391790	0.36013316	0.04389681	0.35924896	0.59000168	0.58997834	0.32403744	0.32380432	0.58994276	0.59000102	0.32409233	0.32382528	59918	68169	0
59918	68174	-0.00066201	0.04377106	0.36132885	0.04377452	0.35974094	0.58999001	0.58984547	0.32394623	0.32379553	0.58999535	0.58990554	0.32404895	0.32375494	59918	68172	0
59918	68177	-0.00054198	0.04386986	0.35975236	0.04369726	0.35956032	0.59003397	0.59001507	0.32408140	0.32388814	0.59015345	0.59001926	0.32415396	0.32383284	59918	68176	0
59918	68180	-0.00038336	0.04375630	0.36044119	0.04373414	0.36018740	0.59004293	0.58997111	0.32404328	0.32379939	0.59000858	0.58998146	0.32410573	0.32386045	59918	68179	0
59918	68968	0.00046712	0.04385407	0.35901502	0.04371829	0.35765425	0.58973511	0.58966543	0.32360744	0.32324243	0.58959813	0.58961103	0.32350004	0.32331228	59918	68966	0
59918	68971	0.00119027	0.04387811	0.35934405	0.04389205	0.35818700	0.58963371	0.58971457	0.32344720	0.32325616	0.58952410	0.58940248	0.32328631	0.32324325	59918	68970	0
59918	68974	0.00100839	0.04389764	0.35828532	0.04382946	0.35857633	0.58972221	0.58951399	0.32346750	0.32327810	0.58961276	0.58952360	0.32350744	0.32320817	59918	68973	0
59918	68978	0.00024530	0.04373218	0.35806028	0.04380022	0.35928122	0.58975656	0.58951695	0.32344219	0.32320053	0.58960799	0.58948055	0.32328985	0.32327497	59918	68976	0
59918	68981	-0.00001426	0.04372594	0.35820455	0.04384236	0.35861984	0.58939607	0.58946230	0.32336035	0.32313126	0.58949238	0.58938178	0.32319042	0.32314859	59918	68979	0
59918	69768	-0.00005850	0.04378957	0.35806633	0.04370712	0.35813712	0.58990151	0.58983068	0.32373045	0.32365403	0.58978968	0.58966535	0.32388066	0.32355025	59918	69767	0
59918	69772	-0.00009481	0.04376940	0.35806526	0.04366250	0.35812335	0.58989461	0.58975451	0.32366159	0.32359240	0.58982534	0.58986741	0.32373070	0.32367153	59918	69770	0
59918	69775	0.00031655	0.04361154	0.35855510	0.04359580	0.35789692	0.58979658	0.58976774	0.32382298	0.32362700	0.58989412	0.59001836	0.32381574	0.32366291	59918	69773	0
59918	69778	0.00037558	0.04369075	0.35852688	0.04372956	0.35843244	0.58993298	0.58986453	0.32386874	0.32360539	0.58987645	0.58971983	0.32383473	0.32360308	59918	69777	0
59918	69781	0.00093332	0.04374597	0.35982139	0.04376528	0.35892901	0.58988631	0.58972665	0.32369125	0.32354022	0.58974358	0.58973479	0.32376570	0.32348870	59918	69780	0
59918	70569	0.00036646	0.04356745	0.35777502	0.04370933	0.35868198	0.58915531	0.58900132	0.32303931	0.32294333	0.58908037	0.58907503	0.32308286	0.32292698	59918	70567	0
59918	70572	-0.00053840	0.04383713	0.35803935	0.04374713	0.35948712	0.58923568	0.58912483	0.32307867	0.32298055	0.58926559	0.58926772	0.32322649	0.32300709	59918	70570	0
59918	70575	-0.00011962	0.04359847	0.35955612	0.04377128	0.35888608	0.58930248	0.58941440	0.32329527	0.32311827	0.58941621	0.58930380	0.32315459	0.32308672	59918	70574	0
59918	70579	0.00069308	0.04356038	0.36006662	0.04368486	0.35876630	0.58923379	0.58924406	0.32320340	0.32300438	0.58946658	0.58935671	0.32340144	0.32311162	59918	70577	0
59918	70582	0.00031032	0.04381386	0.35816794	0.04360872	0.35878036	0.58941399	0.58934332	0.32324671	0.32317242	0.58954423	0.58935154	0.32344063	0.32320899	59918	70580	0
59918	71369	0.00046836	0.04342784	0.35673401	0.04360809	0.35648113	0.58893698	0.58896796	0.32303931	0.32283577	0.58905013	0.58904742	0.32296297	0.32289370	59918	71368	0
59918	71373	0.00094945	0.04366384	0.35675494	0.04371455	0.35598520	0.58899450	0.58912663	0.32300644	0.32284974	0.58889959	0.58893912	0.32302353	0.32278416	59918	71371	0
59918	71376	0.00150184	0.04350913	0.35768064	0.04356036	0.35679682	0.58903838	0.58892835	0.32291720	0.32277332	0.58901176	0.58900469	0.32286009	0.32276050	59918	71374	0
59918	71379	0.00134946	0.04363740	0.35591875	0.04364788	0.35616255	0.58898111	0.58903238	0.32295007	0.32274242	0.58902334	0.58897330	0.32292090	0.32280964	59918	71377	0
59918	71382	0.00042168	0.04347082	0.35722817	0.04343147	0.35871263	0.58914093	0.58903115	0.32311959	0.32283338	0.58899804	0.58892992	0.32297176	0.32276584	59918	71381	0
59918	72170	0.00016445	0.04375472	0.35531699	0.04379304	0.35572855	0.58935770	0.58934201	0.32325994	0.32313454	0.58945548	0.58937093	0.32324350	0.32314333	59918	72168	0
59918	72173	-0.00039430	0.04361552	0.35563228	0.04368896	0.35652628	0.58940429	0.58948589	0.32330842	0.32308573	0.58945236	0.58937504	0.32316930	0.32309321	59918	72171	0
59918	72176	0.00048994	0.04371752	0.35627696	0.04367873	0.35486217	0.58945762	0.58954250	0.32332321	0.32321367	0.58942911	0.58946945	0.32333800	0.32312222	59918	72175	0
59918	72180	-0.00008537	0.04357183	0.35621402	0.04353678	0.35713452	0.58940848	0.58942714	0.32327810	0.32306026	0.58946723	0.58936879	0.32323857	0.32305796	59918	72178	0
59918	72183	-0.00042951	0.04352153	0.35555054	0.04362464	0.35610116	0.58950306	0.58934800	0.32332041	0.32316577	0.58937298	0.58948424	0.32338377	0.32312526	59918	72181	0
59918	72970	-0.00075151	0.04388104	0.35517327	0.04390072	0.35568847	0.59014088	0.59016619	0.32379430	0.32371122	0.59008919	0.58999313	0.32371829	0.32362979	59918	72969	0
59918	72974	0.00057910	0.04380758	0.35633861	0.04379889	0.35420964	0.59001836	0.58997629	0.32364384	0.32358312	0.58995123	0.59004630	0.32366907	0.32358994	59918	72972	0
59918	72977	0.00054537	0.04393109	0.35509823	0.04376940	0.35515220	0.59002008	0.59005673	0.32376915	0.32363316	0.58992123	0.58997842	0.32374705	0.32367104	59918	72975	0
59918	72980	0.00040921	0.04365405	0.35569911	0.04374094	0.35591696	0.58999486	0.59002173	0.32376184	0.32364475	0.59003824	0.59004745	0.32385379	0.32362083	59918	72979	0
59918	72983	0.00083729	0.04391465	0.35546347	0.04391024	0.35477856	0.59006963	0.59002173	0.32370966	0.32361401	0.59001121	0.59009461	0.32379512	0.32367038	59918	72982	0
59918	73771	0.00112134	0.04347969	0.35464469	0.04363924	0.35419020	0.58919130	0.58919352	0.32288614	0.32281185	0.58895095	0.58902811	0.32299732	0.32276518	59918	73769	0
59918	73774	0.00051449	0.04352154	0.35507678	0.04364789	0.35604773	0.58911751	0.58911554	0.32295163	0.32282615	0.58909566	0.58920314	0.32301022	0.32282065	59918	73773	0
59918	73777	-0.00011632	0.04372057	0.35409449	0.04371469	0.35510379	0.58938449	0.58923798	0.32298943	0.32286313	0.58917520	0.58905745	0.32284456	0.32272451	59918	73776	0
59918	73781	0.00030688	0.04364398	0.35537780	0.04354830	0.35470068	0.58911151	0.58912811	0.32283273	0.32277627	0.58895818	0.58906599	0.32296453	0.32277989	59918	73779	0
59918	73784	0.00062224	0.04355082	0.35427366	0.04364159	0.35376908	0.58910486	0.58904964	0.32291498	0.32280733	0.58919779	0.58928835	0.32291703	0.32283330	59918	73782	0
59918	74571	0.00120816	0.04365489	0.35569632	0.04351459	0.35475885	0.58954579	0.58951374	0.32337917	0.32329248	0.58947890	0.58937644	0.32338147	0.32319091	59918	74570	0
59918	74575	0.00142531	0.04360033	0.35543960	0.04360851	0.35509215	0.58951153	0.58953848	0.32352576	0.32326174	0.58949476	0.58952451	0.32341910	0.32326462	59918	74573	0
59918	74578	-0.00005159	0.04352399	0.35397709	0.04367376	0.35634013	0.58976190	0.58983709	0.32362018	0.32340604	0.58942393	0.58929944	0.32326519	0.32324671	59918	74576	0
59918	74581	0.00002365	0.04357756	0.35482212	0.04362706	0.35470173	0.58956214	0.58942114	0.32338944	0.32318409	0.58948794	0.58944981	0.32338508	0.32320151	59918	74580	0
59918	74584	-0.00028197	0.04347271	0.35535580	0.04344295	0.35584479	0.58952352	0.58945606	0.32351302	0.32328557	0.58955869	0.58967653	0.32350111	0.32331795	59918	74583	0
59918	75372	0.00017741	0.04364181	0.35476822	0.04373202	0.35403321	0.58978614	0.58976576	0.32361097	0.32340431	0.58966017	0.58966247	0.32345230	0.32336339	59918	75370	0
59918	75375	-0.00048131	0.04371165	0.35412249	0.04370018	0.35517646	0.58965672	0.58965516	0.32347761	0.32345345	0.58964292	0.58968984	0.32352428	0.32337555	59918	75374	0
59918	75378	-0.00123029	0.04384274	0.35368696	0.04376591	0.35488533	0.58978672	0.58964349	0.32358476	0.32335197	0.58967891	0.58966067	0.32345140	0.32335295	59918	75377	0
59918	75382	-0.00072833	0.04364618	0.35573379	0.04368508	0.35493065	0.58975467	0.58959090	0.32367720	0.32329987	0.58960126	0.58972041	0.32349125	0.32331770	59918	75380	0
59918	75385	-0.00065645	0.04366986	0.35496798	0.04356345	0.35485297	0.58971087	0.58962279	0.32351204	0.32333373	0.58977538	0.58976806	0.32346315	0.32342740	59918	75383	0
59918	76172	0.00108774	0.04371978	0.35552911	0.04383479	0.35273839	0.58812283	0.58816112	0.32185850	0.32177362	0.58822546	0.58821239	0.32190369	0.32178282	59918	76171	0
59918	76176	0.00154442	0.04366697	0.35621964	0.04355620	0.35548896	0.58817854	0.58822077	0.32194248	0.32179794	0.58803309	0.58808478	0.32182391	0.32161503	59918	76174	0
59918	76179	0.00015070	0.04362559	0.35429329	0.04352781	0.35652325	0.58797796	0.58784114	0.32168479	0.32152595	0.58808371	0.58806153	0.32188521	0.32168660	59918	76177	0
59918	76182	-0.00082833	0.04369878	0.35518553	0.04370550	0.35675197	0.58809941	0.58821124	0.32184453	0.32172185	0.58811568	0.58810039	0.32182769	0.32156720	59918	76181	0
59918	76186	-0.00042195	0.04373234	0.35505111	0.04366906	0.35440091	0.58822028	0.58816252	0.32181922	0.32160894	0.58808544	0.58808429	0.32156161	0.32156359	59918	76184	0
59918	76973	-0.00088366	0.04355427	0.35778043	0.04352038	0.35851917	0.58813080	0.58814468	0.32198217	0.32176934	0.58812365	0.58807878	0.32193640	0.32167822	59918	76971	0
59918	76976	-0.00101789	0.04348718	0.35710243	0.04355353	0.35731720	0.58828347	0.58814542	0.32198414	0.32175529	0.58824945	0.58821239	0.32197453	0.32178405	59918	76975	0
59918	76979	-0.00065718	0.04358989	0.35714953	0.04347377	0.35657238	0.58822957	0.58816112	0.32200994	0.32183886	0.58822332	0.58822020	0.32184847	0.32178233	59918	76978	0
59918	76983	0.00078478	0.04346518	0.35814358	0.04340070	0.35583646	0.58820146	0.58805914	0.32188290	0.32162563	0.58805923	0.58805709	0.32184642	0.32177542	59918	76981	0
59918	76986	0.00018124	0.04342618	0.35662361	0.04349474	0.35758927	0.58819415	0.58809596	0.32186910	0.32179580	0.58814830	0.58799217	0.32186762	0.32169112	59918	76984	0
59918	77773	0.00021348	0.04354877	0.35461327	0.04354236	0.35456168	0.58784936	0.58775519	0.32181692	0.32161938	0.58781518	0.58784164	0.32163179	0.32154715	59918	77772	0
59918	77777	0.00010256	0.04351204	0.35566496	0.04345755	0.35584244	0.58778420	0.58783761	0.32170961	0.32149218	0.58799053	0.58802529	0.32173031	0.32161190	59918	77775	0
59918	77780	0.00006087	0.04350141	0.35453273	0.04355404	0.35459943	0.58789587	0.58786924	0.32183853	0.32160048	0.58791444	0.58792118	0.32173393	0.32158306	59918	77778	0
59918	77783	0.00110764	0.04360247	0.35524473	0.04362913	0.35356990	0.58775782	0.58779036	0.32157903	0.32149160	0.58780679	0.58776982	0.32176417	0.32155101	59918	77782	0
59918	77787	-0.00032708	0.04340363	0.35302559	0.04364019	0.35532114	0.58777688	0.58776226	0.32169334	0.32150056	0.58796399	0.58783350	0.32163951	0.32152529	59918	77785	0
59918	78574	0.00024014	0.04357145	0.35314957	0.04357546	0.35224202	0.58900518	0.58885678	0.32282829	0.32272681	0.58896048	0.58887190	0.32278926	0.32270240	59918	78572	0
59918	78577	-0.00023700	0.04377571	0.35186187	0.04358131	0.35262530	0.58892047	0.58889203	0.32292032	0.32279715	0.58904348	0.58901291	0.32297102	0.32286338	59918	78576	0
59918	78581	-0.00012464	0.04355813	0.35301460	0.04357411	0.35283482	0.58902318	0.58890526	0.32307341	0.32284119	0.58892277	0.58892153	0.32298745	0.32278655	59918	78579	0
59918	78584	-0.00068264	0.04361609	0.35221014	0.04343639	0.35310293	0.58903329	0.58903468	0.32300389	0.32280093	0.58906057	0.58899294	0.32289682	0.32287669	59918	78582	0
59918	78587	0.00005834	0.04350348	0.35359971	0.04362411	0.35241414	0.58898267	0.58885563	0.32285803	0.32273412	0.58883303	0.58878653	0.32278811	0.32269197	59918	78585	0
59918	79375	0.00000763	0.04362320	0.35345822	0.04340606	0.35353936	0.58840040	0.58847682	0.32247881	0.32229557	0.58844888	0.58836605	0.32233452	0.32228489	59918	79373	0
59918	79378	0.00090899	0.04344437	0.35536136	0.04345888	0.35391918	0.58850870	0.58833483	0.32235243	0.32223838	0.58849531	0.58838495	0.32238555	0.32224742	59918	79376	0
59918	79381	0.00105629	0.04344990	0.35418862	0.04333219	0.35395294	0.58861495	0.58852933	0.32269246	0.32244216	0.58856047	0.58851709	0.32270437	0.32248777	59918	79379	0
59918	79384	-0.00021082	0.04355645	0.35255527	0.04351087	0.35458266	0.58846655	0.58854215	0.32262886	0.32251480	0.58846055	0.58847370	0.32250577	0.32238522	59918	79383	0
59918	79388	0.00042581	0.04341458	0.35319160	0.04351654	0.35217298	0.58852243	0.58847674	0.32272525	0.32249212	0.58853787	0.58867346	0.32265236	0.32251784	59918	79386	0
59918	80175	0.00054975	0.04352287	0.35211118	0.04352071	0.35191289	0.58872917	0.58864149	0.32264488	0.32258071	0.58864856	0.58866187	0.32272459	0.32256246	59918	80173	0
59918	80178	0.00100499	0.04353240	0.35247564	0.04358322	0.35174725	0.58863862	0.58862292	0.32280865	0.32254652	0.58872670	0.58867050	0.32276773	0.32254899	59918	80177	0
59918	80182	0.00080015	0.04351069	0.35218020	0.04336196	0.35250795	0.58859088	0.58868011	0.32276419	0.32253181	0.58859104	0.58866894	0.32276707	0.32261596	59918	80180	0
59918	80185	-0.00035375	0.04337414	0.35130621	0.04348944	0.35315245	0.58849038	0.58855677	0.32270947	0.32253387	0.58858767	0.58849457	0.32273001	0.32256476	59918	80183	0
59918	80188	-0.00041156	0.04333177	0.35244677	0.04336570	0.35253927	0.58861183	0.58863213	0.32267644	0.32253099	0.58855891	0.58860632	0.32264505	0.32240511	59918	80187	0
59918	80976	0.00031049	0.04355206	0.35149379	0.04353395	0.35033850	0.58788971	0.58796719	0.32186606	0.32174272	0.58805980	0.58804008	0.32195908	0.32175858	59918	80974	0
59918	80979	-0.00087882	0.04342338	0.35150627	0.04341752	0.35340917	0.58805881	0.58808642	0.32194766	0.32176951	0.58804723	0.58798108	0.32182349	0.32169777	59918	80977	0
59918	80982	-0.00062311	0.04343813	0.35187423	0.04346611	0.35146509	0.58796333	0.58795996	0.32198011	0.32180764	0.58801000	0.58795577	0.32196458	0.32189071	59918	80980	0
59918	80985	-0.00090830	0.04344922	0.35188132	0.04351759	0.35233764	0.58808930	0.58812135	0.32215062	0.32186926	0.58821272	0.58817985	0.32207856	0.32195842	59918	80984	0
59918	80989	0.00052586	0.04360939	0.35301958	0.04364504	0.35072493	0.58817114	0.58813786	0.32191618	0.32184880	0.58813203	0.58817312	0.32208743	0.32181988	59918	80987	0
59918	81776	0.00001073	0.04362518	0.35150391	0.04359190	0.35232811	0.58814666	0.58820796	0.32201931	0.32178545	0.58814904	0.58810664	0.32179860	0.32173097	59918	81774	0
59918	81779	0.00063865	0.04346708	0.35321467	0.04356641	0.35221001	0.58811699	0.58812135	0.32200361	0.32176663	0.58815175	0.58818109	0.32188003	0.32173023	59918	81778	0
59918	81783	0.00029604	0.04368701	0.35142114	0.04372101	0.35196930	0.58819432	0.58822168	0.32196902	0.32179473	0.58820549	0.58813137	0.32184092	0.32174379	59918	81781	0
59918	81786	-0.00043627	0.04359173	0.35193281	0.04348714	0.35310450	0.58816194	0.58805290	0.32179999	0.32166992	0.58816679	0.58794920	0.32178356	0.32166162	59918	81784	0
59918	81789	0.00052844	0.04356458	0.35221048	0.04372655	0.35066695	0.58795947	0.58796596	0.32181100	0.32163910	0.58792578	0.58798659	0.32177090	0.32156572	59918	81788	0
59918	82577	0.00025951	0.04346584	0.35309728	0.04345214	0.35352756	0.58684900	0.58679132	0.32075198	0.32054203	0.58682238	0.58683512	0.32075313	0.32062297	59918	82575	0
59918	82580	-0.00013126	0.04345064	0.35215526	0.04333032	0.35278049	0.58695147	0.58686207	0.32081771	0.32066964	0.58703159	0.58696010	0.32086044	0.32064277	59918	82578	0
59918	82583	0.00045852	0.04338847	0.35351513	0.04343123	0.35257148	0.58687185	0.58678573	0.32066397	0.32055633	0.58677209	0.58678844	0.32064343	0.32049790	59918	82582	0
59918	82586	-0.00004829	0.04348888	0.35214831	0.04358638	0.35295921	0.58691515	0.58685048	0.32091764	0.32062510	0.58707580	0.58705410	0.32086447	0.32068180	59918	82585	0
59918	82590	0.00032721	0.04341539	0.35409800	0.04326716	0.35349719	0.58700677	0.58687037	0.32066414	0.32063045	0.58695714	0.58697456	0.32092388	0.32072207	59918	82588	0
59918	83377	0.00036784	0.04319772	0.35307550	0.04325946	0.35301051	0.58705994	0.58695164	0.32102446	0.32082963	0.58701976	0.58701565	0.32093152	0.32091197	59918	83376	0
59918	83380	0.00049852	0.04323451	0.35296662	0.04319114	0.35275752	0.58700505	0.58700340	0.32111624	0.32084483	0.58703340	0.58688310	0.32112323	0.32094073	59918	83379	0
59918	83384	0.00039229	0.04310138	0.35306122	0.04311709	0.35323119	0.58693372	0.58701951	0.32117483	0.32095765	0.58699330	0.58697735	0.32105987	0.32083801	59918	83382	0
59918	83387	-0.00078065	0.04309288	0.35322137	0.04311899	0.35509807	0.58705534	0.58702485	0.32102520	0.32087778	0.58708985	0.58698837	0.32105388	0.32085773	59918	83385	0
59918	83390	-0.00033875	0.04315235	0.35411040	0.04308944	0.35340336	0.58700447	0.58701655	0.32123934	0.32100860	0.58708919	0.58697349	0.32110934	0.32095050	59918	83389	0
59918	84178	0.00024166	0.04312276	0.35469735	0.04306998	0.35376869	0.58761714	0.58753735	0.32160065	0.32147353	0.58761279	0.58745272	0.32166392	0.32153154	59918	84176	0
59918	84181	0.00003606	0.04306422	0.35337947	0.04309604	0.35370843	0.58761575	0.58757039	0.32172070	0.32146860	0.58748041	0.58745642	0.32176400	0.32141453	59918	84179	0
59918	84184	0.00018992	0.04309562	0.35327113	0.04299844	0.35302495	0.58749561	0.58754253	0.32180517	0.32155668	0.58755601	0.58750777	0.32164387	0.32157821	59918	84183	0
59918	84187	-0.00087711	0.04315373	0.35324060	0.04306248	0.35494784	0.58767080	0.58753809	0.32173048	0.32160303	0.58753004	0.58749068	0.32177657	0.32154855	59918	84186	0
59918	84191	-0.00110407	0.04310686	0.35334602	0.04318484	0.35370916	0.58760687	0.58756086	0.32180838	0.32165110	0.58767228	0.58752848	0.32182916	0.32159029	59918	84189	0
59918	84978	-0.00070496	0.04303934	0.35183130	0.04303583	0.35119274	0.58624085	0.58636986	0.32043365	0.32035049	0.58627898	0.58620182	0.32043660	0.32035082	59918	84977	0
59918	84981	-0.00007112	0.04319114	0.35299998	0.04320807	0.35198583	0.58641571	0.58639558	0.32043989	0.32037506	0.58637496	0.58644833	0.32052584	0.32043685	59918	84980	0
59918	84985	-0.00045227	0.04312398	0.35176100	0.04307537	0.35237085	0.58628481	0.58627561	0.32063209	0.32038977	0.58643995	0.58633609	0.32051146	0.32045386	59918	84983	0
59918	84988	-0.00063342	0.04319515	0.35271640	0.04317404	0.35300624	0.58646050	0.58630848	0.32066479	0.32042789	0.58640404	0.58630979	0.32049568	0.32038993	59918	84986	0
59918	84991	-0.00063179	0.04305838	0.35300812	0.04297790	0.35300550	0.58639040	0.58634587	0.32058328	0.32036117	0.58639435	0.58629763	0.32056290	0.32041006	59918	84990	0
59918	85779	-0.00103018	0.04312304	0.35327560	0.04308780	0.35391303	0.58690636	0.58683594	0.32115322	0.32087663	0.58682723	0.58688738	0.32106250	0.32085938	59918	85777	0
59918	85782	-0.00068192	0.04314671	0.35311705	0.04328774	0.35255983	0.58708451	0.58708245	0.32118625	0.32100285	0.58704490	0.58696528	0.32104319	0.32097392	59918	85780	0
59918	85785	-0.00012700	0.04322422	0.35303007	0.04318697	0.35214219	0.58694514	0.58696708	0.32120680	0.32097968	0.58698229	0.58693676	0.32107565	0.32096078	59918	85784	0
59918	85788	-0.00049362	0.04313449	0.35217066	0.04314373	0.35275725	0.58692633	0.58694145	0.32119759	0.32095067	0.58688245	0.58693117	0.32124591	0.32101328	59918	85787	0
59918	85792	0.00012485	0.04323831	0.35425006	0.04329034	0.35326051	0.58702501	0.58705961	0.32120655	0.32094368	0.58705583	0.58690734	0.32111460	0.32098748	59918	85790	0
59919	179	-0.00036630	0.04321767	0.35185977	0.04328272	0.35264562	0.58691606	0.58684210	0.32096127	0.32081476	0.58691195	0.58691836	0.32108510	0.32087515	59919	178	0
59919	182	-0.00001296	0.04325987	0.35220577	0.04317054	0.35164043	0.58682830	0.58668762	0.32099225	0.32074820	0.58676913	0.58669559	0.32081821	0.32076669	59919	181	0
59919	186	-0.00060595	0.04322795	0.35179806	0.04340740	0.35274684	0.58692016	0.58698393	0.32103251	0.32088362	0.58682608	0.58673142	0.32111501	0.32081599	59919	184	0
59919	189	-0.00066262	0.04324405	0.35163933	0.04336473	0.35173000	0.58670948	0.58667348	0.32095248	0.32078049	0.58675319	0.58671342	0.32095420	0.32073143	59919	187	0
59919	192	-0.00139324	0.04329900	0.35243254	0.04332121	0.35360155	0.58676346	0.58678179	0.32105363	0.32077186	0.58674070	0.58670701	0.32095379	0.32074540	59919	191	0
59919	980	0.00022058	0.04315069	0.35234244	0.04329483	0.34976032	0.58716512	0.58721080	0.32172300	0.32143145	0.58718147	0.58708130	0.32162234	0.32140483	59919	978	0
59919	983	0.00038510	0.04335182	0.34972050	0.04321753	0.34945727	0.58713463	0.58706142	0.32159752	0.32138445	0.58713397	0.58711655	0.32161133	0.32134098	59919	981	0
59919	986	0.00082621	0.04321609	0.35080456	0.04333108	0.35009879	0.58713249	0.58704761	0.32146079	0.32136621	0.58689806	0.58695846	0.32145643	0.32127541	59919	985	0
59919	990	0.00026792	0.04335673	0.34965830	0.04320304	0.35055155	0.58710743	0.58700225	0.32144846	0.32133334	0.58706692	0.58705082	0.32146399	0.32131411	59919	988	0
59919	993	0.00026095	0.04321569	0.35007331	0.04332967	0.35008447	0.58709322	0.58707662	0.32139218	0.32128379	0.58717843	0.58709667	0.32143071	0.32136983	59919	991	0
59919	1780	0.00093492	0.04357176	0.35251253	0.04365398	0.35143417	0.58727424	0.58717128	0.32061377	0.32048287	0.58716150	0.58711335	0.32065682	0.32038985	59919	1779	0
59919	1784	0.00032901	0.04367998	0.35068107	0.04364233	0.35165054	0.58717810	0.58720341	0.32058164	0.32042074	0.58724293	0.58713890	0.32068271	0.32041088	59919	1782	0
59919	1787	0.00012713	0.04366696	0.35267621	0.04375784	0.35299922	0.58725518	0.58723151	0.32071747	0.32048697	0.58718303	0.58708574	0.32070982	0.32041294	59919	1785	0
59919	1790	0.00048437	0.04373696	0.35220900	0.04369189	0.35163740	0.58714449	0.58713151	0.32057210	0.32039124	0.58723825	0.58729084	0.32063036	0.32039371	59919	1788	0
59919	1793	-0.00028530	0.04383119	0.35020923	0.04367163	0.35144070	0.58707399	0.58710201	0.32061188	0.32037391	0.58718722	0.58710735	0.32059569	0.32037736	59919	1792	0
59919	2581	0.00098442	0.04346733	0.35386348	0.04338180	0.35183194	0.58730522	0.58735345	0.32051779	0.32039272	0.58716117	0.58724277	0.32050160	0.32027407	59919	2579	0
59919	2584	0.00095548	0.04335528	0.35300199	0.04340484	0.35304829	0.58724055	0.58719207	0.32058188	0.32027464	0.58734376	0.58735132	0.32054195	0.32029551	59919	2582	0
59919	2587	0.00136503	0.04348147	0.35305814	0.04355795	0.35240286	0.58733349	0.58738665	0.32068862	0.32039864	0.58741525	0.58741073	0.32060851	0.32043143	59919	2586	0
59919	2591	0.00098644	0.04363033	0.35215386	0.04359321	0.35275960	0.58732165	0.58723915	0.32062708	0.32041146	0.58740169	0.58736685	0.32053250	0.32039995	59919	2589	0
59919	2594	0.00039547	0.04361298	0.35211540	0.04368275	0.35306096	0.58747893	0.58737129	0.32080835	0.32045139	0.58745691	0.58744516	0.32067153	0.32048229	59919	2592	0
59919	3381	-0.00022335	0.04364747	0.35283405	0.04358550	0.35382415	0.58769217	0.58764779	0.32073826	0.32048089	0.58768074	0.58763604	0.32059733	0.32050727	59919	3380	0
59919	3385	-0.00058513	0.04356662	0.35284069	0.04367208	0.35341954	0.58769940	0.58775355	0.32060136	0.32056241	0.58768896	0.58761870	0.32061828	0.32053587	59919	3383	0
59919	3388	-0.00003676	0.04361282	0.35378645	0.04366777	0.35290906	0.58750333	0.58762076	0.32072987	0.32054022	0.58771862	0.58777688	0.32077030	0.32061713	59919	3386	0
59919	3391	0.00083493	0.04363799	0.35349348	0.04368410	0.35209877	0.58773859	0.58766603	0.32059848	0.32056619	0.58777376	0.58772996	0.32068846	0.32046010	59919	3390	0
59919	3394	0.00091728	0.04380222	0.35136941	0.04371518	0.35123765	0.58768280	0.58778296	0.32070974	0.32050645	0.58759118	0.58774278	0.32063455	0.32049634	59919	3393	0
59919	4182	0.00194292	0.04324109	0.35188250	0.04343015	0.35024148	0.58805635	0.58800212	0.32177156	0.32156400	0.58801732	0.58809481	0.32174313	0.32153433	59919	4180	0
59919	4185	0.00189419	0.04335320	0.35090766	0.04335223	0.35098564	0.58814929	0.58811888	0.32184001	0.32161215	0.58818487	0.58813466	0.32179539	0.32164502	59919	4184	0
59919	4188	0.00133118	0.04341650	0.35104054	0.04349541	0.35194135	0.58828306	0.58824551	0.32187715	0.32157419	0.58825849	0.58827616	0.32167148	0.32163392	59919	4187	0
59919	4192	0.00063513	0.04346536	0.35044224	0.04340165	0.35155592	0.58813039	0.58812069	0.32182571	0.32154493	0.58802200	0.58812850	0.32164609	0.32147583	59919	4190	0
59919	4195	0.00011522	0.04345455	0.34965930	0.04345832	0.35049115	0.58813680	0.58814509	0.32180731	0.32155824	0.58824945	0.58819752	0.32165332	0.32153491	59919	4193	0
59919	4982	0.00094715	0.04368067	0.35088544	0.04365746	0.34955435	0.58867050	0.58859129	0.32189876	0.32165907	0.58849654	0.58863903	0.32185365	0.32177181	59919	4981	0
59919	4986	0.00052296	0.04378827	0.34962982	0.04385782	0.35030853	0.58856269	0.58850969	0.32187567	0.32165874	0.58846704	0.58856244	0.32184174	0.32171914	59919	4984	0
59919	4989	0.00003707	0.04367332	0.35080824	0.04364621	0.35158567	0.58852933	0.58847773	0.32180854	0.32166030	0.58865349	0.58846597	0.32176384	0.32160549	59919	4987	0
59919	4992	0.00031697	0.04379132	0.35059210	0.04364905	0.35014426	0.58843146	0.58848808	0.32169522	0.32149974	0.58849547	0.58849194	0.32175891	0.32154000	59919	4991	0
59919	4995	0.00041921	0.04354336	0.35121677	0.04352403	0.35105318	0.58859539	0.58865226	0.32182152	0.32166466	0.58852251	0.58863936	0.32179120	0.32161848	59919	4994	0
59919	5783	0.00012543	0.04350115	0.34922513	0.04345903	0.34969518	0.58754286	0.58751862	0.32104574	0.32095494	0.58751024	0.58754910	0.32116037	0.32097368	59919	5781	0
59919	5786	-0.00037115	0.04342609	0.34886800	0.04326672	0.34966253	0.58758419	0.58747720	0.32120277	0.32093686	0.58749191	0.58756644	0.32100926	0.32095774	59919	5785	0
59919	5789	0.00054802	0.04335202	0.35063916	0.04320322	0.34916849	0.58754606	0.58751796	0.32118321	0.32094130	0.58762741	0.58744770	0.32120976	0.32090465	59919	5788	0
59919	5793	0.00118093	0.04326043	0.35064825	0.04341954	0.34963560	0.58764960	0.58740761	0.32105215	0.32090112	0.58747277	0.58755749	0.32109702	0.32097212	59919	5791	0
59919	5796	0.00115285	0.04351565	0.34885597	0.04365088	0.34890090	0.58756513	0.58752544	0.32097861	0.32098173	0.58764179	0.58755576	0.32104163	0.32091911	59919	5794	0
59919	6583	0.00095561	0.04345540	0.34801764	0.04346492	0.34833322	0.58794180	0.58794361	0.32142200	0.32114944	0.58794460	0.58787089	0.32142940	0.32121674	59919	6582	0
59919	6587	0.00002713	0.04342486	0.34813467	0.04342209	0.34962023	0.58790294	0.58787253	0.32136227	0.32122578	0.58810409	0.58810352	0.32131510	0.32122915	59919	6585	0
59919	6590	0.00072470	0.04345523	0.35034114	0.04368928	0.34922503	0.58814814	0.58816416	0.32133293	0.32135208	0.58817648	0.58817443	0.32137755	0.32124312	59919	6588	0
59919	6593	0.00122004	0.04347127	0.34948768	0.04338084	0.34869514	0.58798733	0.58801157	0.32140730	0.32127820	0.58795372	0.58806909	0.32143293	0.32129193	59919	6592	0
59919	6596	0.00118744	0.04345402	0.34851216	0.04353587	0.34856433	0.58810154	0.58800121	0.32142874	0.32128675	0.58800738	0.58799373	0.32134936	0.32126629	59919	6595	0
59919	7384	-0.00053448	0.04315841	0.34918277	0.04328095	0.35193784	0.58646222	0.58652212	0.32010184	0.31993207	0.58668869	0.58670726	0.32007554	0.31996913	59919	7382	0
59919	7387	-0.00011060	0.04344281	0.34895324	0.04326662	0.34827502	0.58667883	0.58667940	0.32015648	0.31995976	0.58668458	0.58667792	0.32017645	0.31997439	59919	7386	0
59919	7390	-0.00000193	0.04337910	0.35021877	0.04322273	0.35004490	0.58674711	0.58683807	0.32014646	0.32007735	0.58677760	0.58675705	0.32020069	0.32009378	59919	7389	0
59919	7394	-0.00060344	0.04329483	0.34850921	0.04335291	0.34947161	0.58680044	0.58694901	0.32025993	0.32019379	0.58675262	0.58684810	0.32032025	0.32013273	59919	7392	0
59919	7397	0.00031397	0.04327563	0.35004989	0.04335064	0.34858205	0.58683306	0.58687415	0.32032978	0.32009181	0.58684687	0.58674530	0.32014613	0.31998170	59919	7395	0
59919	8184	0.00068947	0.04339539	0.34849760	0.04339946	0.34789679	0.58779488	0.58775700	0.32141970	0.32107064	0.58784131	0.58769989	0.32134279	0.32113399	59919	8183	0
59919	8188	0.00049927	0.04359806	0.34819174	0.04334921	0.34849606	0.58801000	0.58791658	0.32154329	0.32137936	0.58779209	0.58778683	0.32138117	0.32122849	59919	8186	0
59919	8191	0.00070479	0.04325617	0.34802550	0.04339618	0.34769667	0.58773678	0.58767754	0.32141058	0.32118157	0.58784665	0.58775733	0.32141962	0.32121312	59919	8189	0
59919	8194	-0.00006263	0.04337410	0.34758387	0.04327581	0.34881174	0.58781690	0.58766538	0.32146942	0.32120614	0.58772019	0.58778132	0.32143869	0.32123737	59919	8193	0
59919	8197	0.00020510	0.04317289	0.34839930	0.04327670	0.34797093	0.58776653	0.58780375	0.32146021	0.32123170	0.58772380	0.58773818	0.32142504	0.32122997	59919	8196	0
59919	8985	0.00045954	0.04330934	0.34850284	0.04338449	0.34809573	0.58665311	0.58655557	0.32001679	0.31992533	0.58661071	0.58648564	0.32016412	0.31996354	59919	8983	0
59919	8988	0.00067868	0.04318535	0.35015778	0.04302354	0.34980716	0.58652352	0.58654365	0.32018089	0.31998293	0.58648285	0.58651884	0.32012386	0.31993527	59919	8987	0
59919	8991	0.00209713	0.04326622	0.35036733	0.04318768	0.34809781	0.58643075	0.58640503	0.32010085	0.31987397	0.58651678	0.58634726	0.32006157	0.31990602	59919	8990	0
59919	8995	0.00193215	0.04323722	0.34942717	0.04318707	0.34969113	0.58632376	0.58641859	0.32009263	0.31984143	0.58648359	0.58640651	0.32015360	0.31988400	59919	8993	0
59919	8998	0.00155704	0.04335702	0.34776395	0.04337736	0.34836413	0.58653338	0.58641859	0.32002657	0.31989361	0.58654406	0.58643453	0.32003741	0.31987628	59919	8996	0
59919	9785	0.00095297	0.04314629	0.34681885	0.04320940	0.34778535	0.58669764	0.58675985	0.32060801	0.32031244	0.58699658	0.58685919	0.32051524	0.32046158	59919	9784	0
59919	9789	0.00035332	0.04328103	0.34539806	0.04311443	0.34635751	0.58683717	0.58684038	0.32067022	0.32041606	0.58655195	0.58677414	0.32060522	0.32038631	59919	9787	0
59919	9792	0.00055394	0.04306589	0.34734035	0.04321832	0.34701936	0.58669690	0.58674456	0.32057736	0.32036939	0.58694720	0.58673109	0.32058665	0.32041154	59919	9790	0
59919	9795	0.00128139	0.04323313	0.34658999	0.04329086	0.34542607	0.58694942	0.58687587	0.32067646	0.32044277	0.58688039	0.58696618	0.32059273	0.32050513	59919	9794	0
59919	9799	0.00111672	0.04307572	0.34735376	0.04312374	0.34761724	0.58685188	0.58684440	0.32062930	0.32047662	0.58674103	0.58670742	0.32065567	0.32044696	59919	9797	0
59919	10586	0.00035778	0.04300728	0.34618603	0.04311198	0.34740032	0.58765839	0.58757934	0.32183171	0.32159572	0.58777442	0.58768107	0.32176819	0.32169506	59919	10584	0
59919	10589	-0.00044352	0.04318689	0.34626046	0.04303431	0.34754254	0.58773005	0.58768929	0.32178627	0.32167115	0.58788215	0.58766308	0.32182284	0.32157821	59919	10588	0
59919	10592	-0.00030510	0.04309603	0.34713170	0.04316612	0.34691023	0.58784237	0.58772840	0.32181569	0.32164239	0.58781608	0.58782709	0.32180073	0.32175266	59919	10591	0
59919	10596	-0.00060813	0.04309587	0.34682774	0.04294914	0.34731258	0.58776743	0.58776505	0.32183525	0.32172210	0.58775026	0.58769438	0.32169843	0.32161346	59919	10594	0
59919	10599	0.00005024	0.04303076	0.34779214	0.04307880	0.34673876	0.58779003	0.58775231	0.32173105	0.32166359	0.58753933	0.58765281	0.32161881	0.32154304	59919	10597	0
59919	11386	0.00015155	0.04353166	0.35061395	0.04349965	0.35045185	0.58654037	0.58646296	0.31993404	0.31963420	0.58647685	0.58639542	0.31996124	0.31966288	59919	11385	0
59919	11390	0.00100985	0.04346224	0.35034768	0.04342563	0.34897441	0.58651218	0.58636255	0.31980569	0.31966764	0.58634537	0.58641325	0.31991260	0.31966477	59919	11388	0
59919	11393	0.00067890	0.04350403	0.34702521	0.04351205	0.34755473	0.58642237	0.58643864	0.31990446	0.31965630	0.58642541	0.58637175	0.31985516	0.31965901	59919	11391	0
59919	11396	0.00050480	0.04358711	0.34942995	0.04347946	0.34970850	0.58634537	0.58626550	0.31976025	0.31955186	0.58629624	0.58637750	0.31969599	0.31963272	59919	11395	0
59919	11399	0.00136935	0.04345032	0.34912944	0.04351512	0.34774616	0.58632935	0.58637389	0.31973675	0.31959582	0.58632031	0.58626402	0.31971152	0.31959278	59919	11398	0
59919	12187	0.00101716	0.04362062	0.34993539	0.04357976	0.35049890	0.58636608	0.58642648	0.31939919	0.31919302	0.58640462	0.58628194	0.31929212	0.31917609	59919	12185	0
59919	12190	0.00074670	0.04372085	0.35012778	0.04360191	0.35056051	0.58642114	0.58653166	0.31928505	0.31923698	0.58631431	0.58641267	0.31936451	0.31912999	59919	12189	0
59919	12194	0.00004532	0.04364387	0.34824114	0.04367088	0.34936334	0.58630560	0.58624825	0.31914971	0.31899548	0.58615917	0.58619032	0.31911586	0.31903057	59919	12192	0
59919	12197	0.00000762	0.04368602	0.34905601	0.04362326	0.34911633	0.58622894	0.58617577	0.31923961	0.31904593	0.58614438	0.58619837	0.31925695	0.31914051	59919	12195	0
59919	12200	-0.00051469	0.04352251	0.34944568	0.04346314	0.35028138	0.58636033	0.58635121	0.31931192	0.31914257	0.58622327	0.58618654	0.31919023	0.31907757	59919	12198	0
59919	12987	-0.00099544	0.04361727	0.34962072	0.04356850	0.35038992	0.58730744	0.58724663	0.32032781	0.32021351	0.58736364	0.58733825	0.32037933	0.32025977	59919	12986	0
59919	12991	-0.00006512	0.04357212	0.34985080	0.04358568	0.34836229	0.58744179	0.58730226	0.32063357	0.32026108	0.58730686	0.58718089	0.32031992	0.32018162	59919	12989	0
59919	12994	-0.00049140	0.04359356	0.34884469	0.04352692	0.34952674	0.58719741	0.58724770	0.32042691	0.32016815	0.58731607	0.58724630	0.32038106	0.32021343	59919	12992	0
59919	12997	-0.00040282	0.04352106	0.35161767	0.04347159	0.35147594	0.58738410	0.58732231	0.32041442	0.32021310	0.58728788	0.58718402	0.32047498	0.32022904	59919	12996	0
59919	13001	0.00112341	0.04346295	0.35192702	0.04355509	0.34948505	0.58734384	0.58720735	0.32031828	0.32016979	0.58729265	0.58728385	0.32031170	0.32019987	59919	12999	0
59919	13788	0.00102374	0.04343015	0.34892543	0.04334595	0.34908490	0.58698861	0.58696807	0.32041384	0.32018508	0.58707276	0.58702559	0.32036306	0.32022115	59919	13786	0
59919	13791	-0.00008367	0.04334431	0.34893977	0.04320243	0.35071164	0.58696528	0.58704917	0.32036930	0.32026774	0.58699938	0.58703233	0.32031565	0.32014366	59919	13790	0
59919	13795	0.00007815	0.04330779	0.34953559	0.04327098	0.34927667	0.58698031	0.58689206	0.32039272	0.32017793	0.58695788	0.58687867	0.32053233	0.32021696	59919	13793	0
59919	13798	-0.00009585	0.04319728	0.34881705	0.04323896	0.34909545	0.58697234	0.58686749	0.32042288	0.32022452	0.58697818	0.58693495	0.32050209	0.32022986	59919	13796	0
59919	13801	-0.00034284	0.04319459	0.34973751	0.04335698	0.35013270	0.58685574	0.58707070	0.32044655	0.32018327	0.58701680	0.58701902	0.32033487	0.32018434	59919	13799	0
59919	14588	0.00053100	0.04331184	0.34825429	0.04338215	0.34685615	0.58767474	0.58763801	0.32146958	0.32128289	0.58765667	0.58768896	0.32151626	0.32135840	59919	14587	0
59919	14592	-0.00030851	0.04318341	0.34777279	0.04323256	0.34911600	0.58779167	0.58784829	0.32164584	0.32143326	0.58781781	0.58786193	0.32168257	0.32139103	59919	14590	0
59919	14595	0.00028486	0.04322769	0.34749177	0.04320500	0.34654238	0.58789727	0.58771706	0.32160821	0.32141354	0.58764960	0.58771558	0.32155060	0.32137007	59919	14593	0
59919	14598	-0.00066782	0.04338259	0.34690913	0.04319631	0.34843342	0.58771953	0.58773785	0.32155537	0.32136136	0.58768723	0.58774738	0.32156630	0.32134904	59919	14597	0
59919	14602	-0.00074174	0.04329231	0.34742499	0.04340100	0.34754326	0.58769438	0.58769825	0.32139801	0.32130721	0.58774722	0.58762035	0.32146005	0.32127089	59919	14600	0
59919	15389	-0.00023271	0.04324964	0.34730367	0.04305331	0.34648921	0.58643223	0.58638539	0.32033372	0.32018746	0.58647701	0.58636477	0.32020570	0.32009797	59919	15387	0
59919	15392	0.00081572	0.04307971	0.34851999	0.04332988	0.34684250	0.58632179	0.58650150	0.32019987	0.32005804	0.58648860	0.58656469	0.32032970	0.32005147	59919	15391	0
59919	15396	0.00082577	0.04322007	0.34638963	0.04325784	0.34637354	0.58647397	0.58638909	0.32012945	0.32007981	0.58645359	0.58647397	0.32024366	0.32007661	59919	15394	0
59919	15399	0.00029174	0.04327683	0.34580012	0.04332735	0.34665457	0.58641925	0.58644127	0.32013281	0.32005820	0.58636838	0.58650438	0.32017308	0.32012846	59919	15397	0
59919	15402	0.00002959	0.04338642	0.34636172	0.04336096	0.34678115	0.58650109	0.58632878	0.32020808	0.31998458	0.58624907	0.58637175	0.32012238	0.31994218	59919	15400	0
59919	16190	0.00041992	0.04333824	0.34748157	0.04333060	0.34685704	0.58717333	0.58719642	0.32085461	0.32069002	0.58723455	0.58728673	0.32088559	0.32081114	59919	16188	0
59919	16193	0.00019396	0.04335209	0.34747167	0.04323931	0.34783321	0.58723077	0.58721721	0.32088206	0.32072026	0.58721006	0.58730300	0.32088896	0.32071459	59919	16191	0
59919	16196	0.00033906	0.04321899	0.34733276	0.04333765	0.34710060	0.58739372	0.58725255	0.32097844	0.32073571	0.58732198	0.58723652	0.32086768	0.32077301	59919	16194	0
59919	16199	0.00042476	0.04346628	0.34718471	0.04349957	0.34704759	0.58730111	0.58717950	0.32085921	0.32069553	0.58716125	0.58714737	0.32075707	0.32066586	59919	16198	0
59919	16203	-0.00048563	0.04334721	0.34692595	0.04330246	0.34838256	0.58724523	0.58716339	0.32079208	0.32067926	0.58737293	0.58724499	0.32087565	0.32072692	59919	16201	0
59919	16990	-0.00014324	0.04324606	0.34624872	0.04319888	0.34570090	0.58605712	0.58603049	0.31991087	0.31968284	0.58606739	0.58598571	0.31982944	0.31964989	59919	16988	0
59919	16993	-0.00100821	0.04321440	0.34526260	0.04317264	0.34664656	0.58609845	0.58612367	0.31981202	0.31970437	0.58616525	0.58612811	0.31978170	0.31972943	59919	16992	0
59919	16997	-0.00101819	0.04314941	0.34666723	0.04325186	0.34668319	0.58615901	0.58612893	0.31983815	0.31975031	0.58610716	0.58598752	0.31968449	0.31959837	59919	16995	0
59919	17000	-0.00130640	0.04300737	0.34660101	0.04308006	0.34706214	0.58612343	0.58607273	0.31986001	0.31971407	0.58605703	0.58606361	0.31987126	0.31966296	59919	16998	0
59919	17003	-0.00021158	0.04305916	0.34649844	0.04317215	0.34474674	0.58606484	0.58604775	0.31988663	0.31971555	0.58608694	0.58604463	0.31982886	0.31966033	59919	17001	0
59919	17791	0.00011005	0.04307786	0.34589718	0.04302123	0.34538258	0.58640782	0.58636838	0.32024564	0.31998606	0.58636370	0.58643535	0.32001169	0.31995943	59919	17789	0
59919	17794	0.00056985	0.04313377	0.34666099	0.04312128	0.34592531	0.58626493	0.58624134	0.32019239	0.31985516	0.58626665	0.58631251	0.32017801	0.32000487	59919	17792	0
59919	17797	0.00123241	0.04311686	0.34613707	0.04306619	0.34507697	0.58628637	0.58624200	0.32016404	0.31991605	0.58628062	0.58634882	0.32018343	0.32006724	59919	17795	0
59919	17800	0.00045834	0.04325240	0.34496501	0.04316700	0.34620352	0.58657389	0.58655483	0.32042921	0.32016692	0.58641054	0.58634809	0.32040193	0.32016453	59919	17799	0
59919	17804	0.00070945	0.04302102	0.34533611	0.04319336	0.34493434	0.58638186	0.58650462	0.32038886	0.32025418	0.58660356	0.58663511	0.32039338	0.32026749	59919	17802	0
59919	18591	0.00029963	0.04313256	0.34468436	0.04314060	0.34534007	0.58617602	0.58621382	0.32003026	0.31992361	0.58624882	0.58623305	0.32008129	0.31992180	59919	18589	0
59919	18594	0.00009098	0.04318438	0.34508215	0.04325841	0.34541600	0.58613354	0.58613666	0.32002402	0.31995631	0.58621349	0.58613904	0.32010028	0.31993667	59919	18593	0
59919	18598	-0.00115163	0.04297631	0.34448482	0.04296886	0.34647300	0.58624422	0.58628769	0.32031877	0.32008096	0.58619270	0.58612458	0.32025155	0.31997151	59919	18596	0
59919	18601	-0.00061281	0.04310148	0.34588709	0.04304990	0.34502497	0.58623683	0.58627364	0.32021860	0.32011227	0.58626517	0.58620322	0.32031425	0.32014095	59919	18599	0
59919	18604	-0.00000262	0.04310943	0.34596958	0.04311399	0.34499328	0.58629813	0.58629517	0.32011161	0.32007308	0.58634373	0.58618744	0.32029026	0.32004440	59919	18602	0
59919	19392	0.00027496	0.04317042	0.34406937	0.04301836	0.34362525	0.58615753	0.58606542	0.32022665	0.32002197	0.58587806	0.58592737	0.32005902	0.31989033	59919	19390	0
59919	19395	-0.00045746	0.04290947	0.34448853	0.04301653	0.34566039	0.58588579	0.58587354	0.32002344	0.31981333	0.58599393	0.58595424	0.32003183	0.31980840	59919	19393	0
59919	19398	-0.00022453	0.04307099	0.34348294	0.04313038	0.34311026	0.58607675	0.58599508	0.31995828	0.31992098	0.58601488	0.58599672	0.32008261	0.31993749	59919	19396	0
59919	19401	-0.00077646	0.04299061	0.34409165	0.04305489	0.34497473	0.58601357	0.58604799	0.32017546	0.32002147	0.58610872	0.58592860	0.32017119	0.31995771	59919	19400	0
59919	19405	-0.00045416	0.04291962	0.34440076	0.04306031	0.34388508	0.58600181	0.58588735	0.32011704	0.31995812	0.58594922	0.58603427	0.32009970	0.32004670	59919	19403	0
59919	20192	-0.00068999	0.04302871	0.34470987	0.04296523	0.34508720	0.58652467	0.58649764	0.32053809	0.32040677	0.58650725	0.58633173	0.32058763	0.32035279	59919	20190	0
59919	20195	0.00006257	0.04294663	0.34500589	0.04302522	0.34380179	0.58637463	0.58649912	0.32063365	0.32035262	0.58628736	0.58626493	0.32052140	0.32026437	59919	20194	0
59919	20199	-0.00025964	0.04302852	0.34329988	0.04293821	0.34381542	0.58639739	0.58622253	0.32039749	0.32027366	0.58627750	0.58628243	0.32048098	0.32025928	59919	20197	0
59919	20202	-0.00056956	0.04293130	0.34344497	0.04295635	0.34394084	0.58636197	0.58619730	0.32045558	0.32022723	0.58639920	0.58631440	0.32051828	0.32026330	59919	20200	0
59919	20205	-0.00043933	0.04316162	0.34336162	0.04298205	0.34315325	0.58628621	0.58630527	0.32042855	0.32031384	0.58634472	0.58632163	0.32055920	0.32037029	59919	20203	0
59919	20993	0.00049586	0.04294418	0.34598486	0.04305788	0.34448855	0.58637865	0.58628851	0.32043060	0.32033783	0.58640076	0.58641259	0.32053274	0.32038303	59919	20991	0
59919	20996	0.00167111	0.04310272	0.34542067	0.04307275	0.34354027	0.58630774	0.58625614	0.32048607	0.32032592	0.58637997	0.58637734	0.32044203	0.32039272	59919	20994	0
59919	20999	0.00149557	0.04302037	0.34435953	0.04313828	0.34464039	0.58644242	0.58632960	0.32058911	0.32037843	0.58649041	0.58632771	0.32064877	0.32045328	59919	20997	0
59919	21002	0.00126754	0.04338567	0.34345329	0.04318182	0.34381815	0.58657447	0.58643198	0.32060637	0.32047062	0.58631530	0.58647184	0.32058690	0.32043685	59919	21001	0
59919	21006	0.00124500	0.04303596	0.34304782	0.04318635	0.34308389	0.58654990	0.58651793	0.32067433	0.32043866	0.58650076	0.58655853	0.32065099	0.32048007	59919	21004	0
59919	21793	0.00096343	0.04283159	0.34336428	0.04282929	0.34381478	0.58492101	0.58518659	0.31914043	0.31906467	0.58501913	0.58510097	0.31918677	0.31911660	59919	21791	0
59919	21796	-0.00016310	0.04269628	0.34477056	0.04275042	0.34657302	0.58501280	0.58500787	0.31922893	0.31901265	0.58503835	0.58499020	0.31906664	0.31903377	59919	21795	0
59919	21800	0.00049225	0.04287176	0.34502507	0.04291456	0.34397650	0.58492430	0.58488099	0.31924939	0.31903336	0.58511239	0.58511157	0.31924528	0.31912457	59919	21798	0
59919	21803	0.00039816	0.04283149	0.34468046	0.04279002	0.34483100	0.58503819	0.58498552	0.31922696	0.31903131	0.58496530	0.58496251	0.31915473	0.31898340	59919	21801	0
59919	21806	0.00069744	0.04286334	0.34405197	0.04297252	0.34357313	0.58493358	0.58488042	0.31922901	0.31900082	0.58511485	0.58507402	0.31915300	0.31908209	59919	21804	0
59919	22594	0.00079625	0.04289200	0.34393183	0.04301555	0.34377373	0.58522866	0.58521231	0.31945523	0.31926878	0.58513803	0.58504682	0.31945252	0.31924536	59919	22592	0
59919	22597	0.00097764	0.04288305	0.34327023	0.04293782	0.34298001	0.58519875	0.58510080	0.31926508	0.31921915	0.58508420	0.58507393	0.31929236	0.31917790	59919	22595	0
59919	22600	-0.00085399	0.04279885	0.34284885	0.04297168	0.34577945	0.58515348	0.58513260	0.31940009	0.31920288	0.58508494	0.58510475	0.31930880	0.31921816	59919	22599	0
59919	22603	-0.00074202	0.04303334	0.34373507	0.04298589	0.34355593	0.58511962	0.58505479	0.31944907	0.31922539	0.58511354	0.58510992	0.31944282	0.31916089	59919	22602	0
59919	22607	-0.00117519	0.04274189	0.34343339	0.04279133	0.34412646	0.58502874	0.58496760	0.31938226	0.31918866	0.58515175	0.58506654	0.31951776	0.31928776	59919	22605	0
59919	23394	-0.00129045	0.04293910	0.34457971	0.04287302	0.34476412	0.58558101	0.58549120	0.31999460	0.31980848	0.58548430	0.58556417	0.32004538	0.31986181	59919	23393	0
59919	23397	-0.00013274	0.04271413	0.34618959	0.04275307	0.34433724	0.58557855	0.58546096	0.32003947	0.31983683	0.58568940	0.58562399	0.32003404	0.31988523	59919	23396	0
59919	23401	-0.00082842	0.04280831	0.34506968	0.04295933	0.34618277	0.58564626	0.58543984	0.31997899	0.31984061	0.58576483	0.58564067	0.32002386	0.31983700	59919	23399	0
59919	23404	0.00034357	0.04287837	0.34630543	0.04285695	0.34443026	0.58554075	0.58554133	0.32006511	0.31976329	0.58556622	0.58556754	0.31988885	0.31975819	59919	23402	0
59919	23407	0.00103994	0.04280565	0.34590088	0.04293676	0.34478668	0.58562037	0.58549046	0.31992509	0.31976888	0.58553615	0.58562383	0.31982278	0.31976411	59919	23406	0
59919	24195	0.00043710	0.04343631	0.34367139	0.04341720	0.34463594	0.58511042	0.58516449	0.31900657	0.31878265	0.58537378	0.58525866	0.31908636	0.31884404	59919	24193	0
59919	24198	0.00040073	0.04347475	0.34606080	0.04332736	0.34611899	0.58520352	0.58510006	0.31900706	0.31884017	0.58519662	0.58511428	0.31897411	0.31882144	59919	24196	0
59919	24201	0.00049092	0.04326070	0.34572553	0.04328744	0.34558122	0.58544009	0.58530467	0.31903632	0.31893993	0.58524937	0.58526416	0.31910329	0.31886105	59919	24200	0
59919	24205	0.00044971	0.04331333	0.34446035	0.04332149	0.34452629	0.58530673	0.58538331	0.31905629	0.31891594	0.58538586	0.58540607	0.31910238	0.31895431	59919	24203	0
59919	24208	0.00004075	0.04335592	0.34586277	0.04339763	0.34651710	0.58537616	0.58548183	0.31908661	0.31909376	0.58534469	0.58539892	0.31920781	0.31899408	59919	24206	0
59919	24995	0.00038245	0.04328680	0.34719602	0.04333447	0.34664930	0.58615835	0.58618941	0.31936928	0.31921356	0.58616714	0.58608670	0.31948456	0.31925982	59919	24994	0
59919	24999	0.00047120	0.04323561	0.34679437	0.04336990	0.34665237	0.58616838	0.58610297	0.31930954	0.31922005	0.58617898	0.58603460	0.31942671	0.31916730	59919	24997	0
59919	25002	0.00011459	0.04330516	0.34725160	0.04338866	0.34782218	0.58625581	0.58615178	0.31930288	0.31921504	0.58610971	0.58607692	0.31931102	0.31918472	59919	25000	0
59919	25005	0.00054535	0.04343908	0.34769215	0.04334891	0.34700293	0.58630733	0.58612787	0.31935597	0.31911208	0.58610083	0.58603542	0.31928932	0.31909482	59919	25003	0
59919	25008	-0.00038710	0.04339556	0.34627025	0.04337948	0.34776216	0.58596706	0.58606985	0.31938604	0.31906771	0.58604167	0.58593115	0.31933090	0.31914043	59919	25007	0
59919	25796	0.00115944	0.04348466	0.34633258	0.04355294	0.34385813	0.58629278	0.58625803	0.31947659	0.31923673	0.58637126	0.58630930	0.31955737	0.31929590	59919	25794	0
59919	25799	0.00094879	0.04361528	0.34464660	0.04343309	0.34498365	0.58634866	0.58619804	0.31940272	0.31925974	0.58652968	0.58641957	0.31941053	0.31926821	59919	25797	0
59919	25802	0.00074946	0.04347834	0.34524067	0.04331552	0.34555960	0.58641892	0.58629459	0.31941316	0.31932893	0.58634776	0.58645984	0.31952672	0.31938053	59919	25801	0
59919	25806	0.00064507	0.04344880	0.34580424	0.04349579	0.34597127	0.58646658	0.58639246	0.31947290	0.31931702	0.58645507	0.58647249	0.31952277	0.31941940	59919	25804	0
59919	25809	0.00001929	0.04351753	0.34482577	0.04357736	0.34582701	0.58622622	0.58631292	0.31954225	0.31934438	0.58637068	0.58623502	0.31944315	0.31932260	59919	25807	0
59919	26596	-0.00098640	0.04345586	0.34494739	0.04357134	0.34655649	0.58643782	0.58635745	0.31952992	0.31943920	0.58646937	0.58631144	0.31958079	0.31940067	59919	26595	0
59919	26600	0.00021990	0.04368813	0.34608629	0.04364016	0.34415621	0.58633781	0.58629591	0.31944109	0.31931956	0.58645203	0.58627676	0.31962171	0.31937947	59919	26598	0
59919	26603	0.00049604	0.04341047	0.34604633	0.04347135	0.34560451	0.58642089	0.58628383	0.31954521	0.31943575	0.58652114	0.58652229	0.31956558	0.31946698	59919	26601	0
59919	26606	0.00092006	0.04359991	0.34593285	0.04377278	0.34525442	0.58651218	0.58648104	0.31967282	0.31941768	0.58661498	0.58650035	0.31976929	0.31948465	59919	26604	0
59919	26609	0.00093735	0.04386573	0.34554521	0.04360011	0.34551754	0.58641062	0.58635597	0.31971645	0.31946008	0.58643469	0.58638046	0.31951464	0.31936903	59919	26608	0
59919	27397	0.00103839	0.04316758	0.34545530	0.04295043	0.34529364	0.58653092	0.58664275	0.32055518	0.32032345	0.58669846	0.58663240	0.32038623	0.32036010	59919	27395	0
59919	27400	0.00024875	0.04299460	0.34497393	0.04304582	0.34623736	0.58663782	0.58666190	0.32056331	0.32025977	0.58668096	0.58667652	0.32053242	0.32026002	59919	27398	0
59919	27403	-0.00120034	0.04305919	0.34587810	0.04298619	0.34819664	0.58670989	0.58661079	0.32051261	0.32031129	0.58655754	0.58648063	0.32031548	0.32022361	59919	27402	0
59919	27407	-0.00107588	0.04285505	0.34642956	0.04310352	0.34623043	0.58660191	0.58637635	0.32027974	0.32018623	0.58654464	0.58659715	0.32034893	0.32015944	59919	27405	0
59919	27410	-0.00186737	0.04290930	0.34568098	0.04303081	0.34694737	0.58669592	0.58673478	0.32052354	0.32027933	0.58678926	0.58655861	0.32053307	0.32023537	59919	27408	0
59919	28197	-0.00073983	0.04323775	0.34493330	0.04314425	0.34312924	0.58641193	0.58632311	0.32027966	0.32015500	0.58641974	0.58643634	0.32044030	0.32025385	59919	28196	0
59919	28201	-0.00055428	0.04306862	0.34404018	0.04303383	0.34374330	0.58642557	0.58630001	0.32032354	0.32028229	0.58629155	0.58628670	0.32038327	0.32017809	59919	28199	0
59919	28204	-0.00106315	0.04305037	0.34448248	0.04302362	0.34529667	0.58647759	0.58630527	0.32048130	0.32020587	0.58649271	0.58639427	0.32044876	0.32026388	59919	28202	0
59919	28207	-0.00026005	0.04311234	0.34519658	0.04306314	0.34391161	0.58647586	0.58639221	0.32052223	0.32023849	0.58643478	0.58626805	0.32029995	0.32022789	59919	28205	0
59919	28210	0.00069837	0.04309705	0.34613355	0.04303334	0.34460009	0.58652903	0.58646888	0.32046709	0.32036963	0.58640881	0.58646863	0.32036158	0.32022205	59919	28209	0
59919	28998	0.00049590	0.04297865	0.34400162	0.04302970	0.34432557	0.58526580	0.58519497	0.31936270	0.31913525	0.58528692	0.58522579	0.31941694	0.31914758	59919	28996	0
59919	29001	0.00019672	0.04302051	0.34450874	0.04300591	0.34498743	0.58535734	0.58530558	0.31932909	0.31921003	0.58528125	0.58525488	0.31944718	0.31914832	59919	28999	0
59919	29004	-0.00003764	0.04291563	0.34374682	0.04291159	0.34412180	0.58531807	0.58528364	0.31940034	0.31913270	0.58552004	0.58543064	0.31942441	0.31921825	59919	29003	0
59919	29008	0.00005698	0.04303339	0.34458694	0.04282198	0.34443554	0.58558570	0.58557345	0.31955170	0.31937552	0.58556179	0.58547386	0.31946041	0.31932515	59919	29006	0
59919	29011	0.00048056	0.04280011	0.34564918	0.04279401	0.34497145	0.58540911	0.58546113	0.31961160	0.31935095	0.58550147	0.58552062	0.31966066	0.31946312	59919	29009	0
59919	29798	-0.00013473	0.04327154	0.34385915	0.04327385	0.34484362	0.58488699	0.58495117	0.31863647	0.31846391	0.58504649	0.58482011	0.31892785	0.31852455	59919	29797	0
59919	29802	0.00059106	0.04313753	0.34494994	0.04316554	0.34378867	0.58483210	0.58473185	0.31875973	0.31845964	0.58483284	0.58482610	0.31879440	0.31859686	59919	29800	0
59919	29805	-0.00015899	0.04319210	0.34384325	0.04318536	0.34504333	0.58502948	0.58491682	0.31871560	0.31857953	0.58497640	0.58496366	0.31873943	0.31851543	59919	29803	0
59919	29808	0.00065538	0.04315094	0.34528415	0.04315340	0.34398117	0.58490803	0.58481961	0.31879013	0.31852118	0.58498823	0.58478190	0.31872037	0.31859029	59919	29806	0
59919	29811	0.00095761	0.04323343	0.34546880	0.04311214	0.34498522	0.58502356	0.58480983	0.31873516	0.31849292	0.58496604	0.58490688	0.31886976	0.31859013	59919	29810	0
59919	30599	0.00127527	0.04297875	0.34358528	0.04305012	0.34307703	0.58610124	0.58609237	0.32020940	0.32009428	0.58608530	0.58599360	0.32019403	0.32006774	59919	30597	0
59919	30602	-0.00017402	0.04314008	0.34162387	0.04306496	0.34394274	0.58609401	0.58610543	0.32030644	0.32008663	0.58610132	0.58605695	0.32029593	0.32010899	59919	30600	0
59919	30605	0.00083678	0.04281579	0.34419576	0.04318176	0.34257849	0.58611916	0.58615967	0.32022370	0.31998918	0.58610026	0.58598669	0.32017226	0.32006371	59919	30604	0
59919	30609	0.00019555	0.04298810	0.34303940	0.04306138	0.34406537	0.58619566	0.58620782	0.32028475	0.32009633	0.58621242	0.58619796	0.32028179	0.32007258	59919	30607	0
59919	30612	0.00056886	0.04307253	0.34354999	0.04310486	0.34295269	0.58618613	0.58619664	0.32033036	0.32006363	0.58618563	0.58607330	0.32034227	0.32008861	59919	30610	0
59919	31399	-0.00054972	0.04313088	0.34183180	0.04304923	0.34362154	0.58652311	0.58660134	0.32079799	0.32062650	0.58675073	0.58663396	0.32079232	0.32062206	59919	31398	0
59919	31403	0.00085322	0.04301914	0.34514582	0.04311139	0.34290112	0.58669633	0.58683084	0.32100096	0.32074294	0.58677069	0.58688935	0.32097590	0.32073530	59919	31401	0
59919	31406	0.00197162	0.04305226	0.34467072	0.04301223	0.34288127	0.58679830	0.58675434	0.32091879	0.32071779	0.58682427	0.58667135	0.32085765	0.32062839	59919	31404	0
59919	31409	0.00188533	0.04300650	0.34267288	0.04307612	0.34281095	0.58681474	0.58673544	0.32087844	0.32067326	0.58675294	0.58676437	0.32096152	0.32068567	59919	31408	0
59919	31412	0.00060847	0.04308701	0.34341133	0.04299180	0.34545431	0.58669206	0.58670676	0.32079479	0.32063209	0.58680890	0.58673109	0.32080136	0.32065156	59919	31411	0
59919	32200	0.00076415	0.04305311	0.34222824	0.04318369	0.34197914	0.58549202	0.58540492	0.31952894	0.31939804	0.58551536	0.58549301	0.31949007	0.31935301	59919	32198	0
59919	32203	-0.00061325	0.04307968	0.34243227	0.04297345	0.34463611	0.58537920	0.58539202	0.31948193	0.31933583	0.58533014	0.58530097	0.31937930	0.31929812	59919	32201	0
59919	32206	-0.00000204	0.04292646	0.34410188	0.04303716	0.34312395	0.58537739	0.58547509	0.31959492	0.31934972	0.58528815	0.58533787	0.31940732	0.31922975	59919	32205	0
59919	32210	-0.00078419	0.04304380	0.34191762	0.04308564	0.34316906	0.58540591	0.58533614	0.31932901	0.31920091	0.58542086	0.58554519	0.31944183	0.31931636	59919	32208	0
59919	32213	-0.00041005	0.04303629	0.34333120	0.04294380	0.34273257	0.58528158	0.58530147	0.31936311	0.31916352	0.58509760	0.58516876	0.31929162	0.31909343	59919	32211	0
59919	33000	-0.00008895	0.04297204	0.34325436	0.04302056	0.34274060	0.58572358	0.58552292	0.31933214	0.31912810	0.58551084	0.58549539	0.31923969	0.31912260	59919	32999	0
59919	33004	0.00036713	0.04301475	0.34381470	0.04303481	0.34308497	0.58546039	0.58540821	0.31911274	0.31900107	0.58542809	0.58551232	0.31934274	0.31912950	59919	33002	0
59919	33007	0.00018264	0.04300672	0.34305925	0.04299726	0.34335444	0.58559367	0.58530508	0.31919277	0.31907362	0.58548076	0.58547132	0.31918398	0.31913065	59919	33005	0
59919	33010	0.00013332	0.04288496	0.34357697	0.04292006	0.34365587	0.58547107	0.58533992	0.31910337	0.31904988	0.58525816	0.58527591	0.31931948	0.31899860	59919	33008	0
59919	33013	0.00038510	0.04299739	0.34416759	0.04298265	0.34376474	0.58544379	0.58548849	0.31931373	0.31910132	0.58542103	0.58545020	0.31925194	0.31906097	59919	33012	0
59919	33801	0.00077575	0.04276098	0.34375351	0.04284996	0.34312848	0.58425345	0.58421894	0.31819159	0.31807532	0.58426101	0.58427235	0.31837180	0.31814237	59919	33799	0
59919	33804	0.00017239	0.04280719	0.34307371	0.04270833	0.34403908	0.58426183	0.58417013	0.31839990	0.31814443	0.58421384	0.58419626	0.31838560	0.31810893	59919	33802	0
59919	33807	0.00032403	0.04269491	0.34408458	0.04270936	0.34384196	0.58446882	0.58437359	0.31828962	0.31815256	0.58435008	0.58432593	0.31832258	0.31809973	59919	33806	0
59919	33811	-0.00027317	0.04277772	0.34309881	0.04272972	0.34405434	0.58431771	0.58427621	0.31839382	0.31820236	0.58430226	0.58434244	0.31839842	0.31823588	59919	33809	0
59919	33814	-0.00036087	0.04255512	0.34509804	0.04254802	0.34523835	0.58418377	0.58412493	0.31818149	0.31806941	0.58425871	0.58423118	0.31842488	0.31811000	59919	33812	0
59919	34601	0.00015414	0.04283422	0.34513203	0.04288079	0.34430802	0.58511001	0.58514485	0.31921636	0.31902859	0.58522414	0.58500779	0.31918299	0.31894240	59919	34600	0
59919	34605	0.00017188	0.04287912	0.34412368	0.04290479	0.34409529	0.58506399	0.58506136	0.31921463	0.31894626	0.58521560	0.58516342	0.31902802	0.31901241	59919	34603	0
59919	34608	0.00013900	0.04288523	0.34337832	0.04274881	0.34343093	0.58515331	0.58514025	0.31920962	0.31899967	0.58503630	0.58505594	0.31913870	0.31897214	59919	34606	0
59919	34611	-0.00021878	0.04271705	0.34477903	0.04284062	0.34535148	0.58513219	0.58497327	0.31912917	0.31893722	0.58507319	0.58516383	0.31919483	0.31899129	59919	34610	0
59919	34614	-0.00023889	0.04280086	0.34467322	0.04271992	0.34470540	0.58513745	0.58514657	0.31917667	0.31890041	0.58510730	0.58504131	0.31910123	0.31891364	59919	34613	0
59919	35402	0.00064761	0.04284092	0.34419997	0.04289537	0.34278157	0.58469594	0.58489866	0.31900452	0.31879276	0.58486366	0.58472331	0.31895941	0.31874642	59919	35400	0
59919	35405	0.00166282	0.04288948	0.34409336	0.04297230	0.34246903	0.58493473	0.58475190	0.31898151	0.31873557	0.58477771	0.58485601	0.31902868	0.31880410	59919	35404	0
59919	35408	0.00013185	0.04289089	0.34154092	0.04286199	0.34399047	0.58481057	0.58469142	0.31893500	0.31873992	0.58479710	0.58474706	0.31887526	0.31872037	59919	35407	0
59919	35412	0.00014604	0.04285322	0.34396977	0.04295924	0.34394707	0.58472717	0.58462585	0.31899244	0.31869835	0.58484772	0.58475650	0.31885398	0.31868454	59919	35410	0
59919	35415	0.00065834	0.04284954	0.34407634	0.04287272	0.34325665	0.58473235	0.58471920	0.31889654	0.31869465	0.58455256	0.58462947	0.31876277	0.31858988	59919	35413	0
59919	36202	0.00079822	0.04270673	0.34269670	0.04279959	0.34247290	0.58396996	0.58388812	0.31832825	0.31817623	0.58401639	0.58408656	0.31842841	0.31823975	59919	36201	0
59919	36206	0.00088167	0.04271059	0.34279394	0.04280738	0.34266042	0.58401902	0.58389683	0.31829308	0.31817163	0.58406174	0.58405879	0.31830885	0.31819652	59919	36204	0
59919	36209	0.00071148	0.04274008	0.34269595	0.04274524	0.34296826	0.58409470	0.58398459	0.31818757	0.31815429	0.58406035	0.58395090	0.31835150	0.31815338	59919	36207	0
59919	36212	-0.00037772	0.04277560	0.34340576	0.04280167	0.34514848	0.58401852	0.58398549	0.31821082	0.31814073	0.58413701	0.58413964	0.31841017	0.31816637	59919	36211	0
59919	36215	0.00047884	0.04281106	0.34217847	0.04287229	0.34080797	0.58409297	0.58414104	0.31849818	0.31831115	0.58386084	0.58395607	0.31833646	0.31812199	59919	36214	0
59919	37003	0.00054293	0.04301350	0.34262357	0.04288281	0.34252102	0.58458411	0.58444269	0.31875932	0.31860952	0.58453259	0.58445830	0.31890657	0.31873746	59919	37001	0
59919	37006	0.00110094	0.04280625	0.34358406	0.04278904	0.34269126	0.58451122	0.58433365	0.31882481	0.31860163	0.58438106	0.58427794	0.31878972	0.31860944	59919	37005	0
59919	37009	0.00111015	0.04279636	0.34354293	0.04293221	0.34352818	0.58436134	0.58436685	0.31884814	0.31854715	0.58429141	0.58440670	0.31869391	0.31853951	59919	37008	0
59919	37013	0.00130694	0.04290704	0.34244209	0.04296078	0.34212724	0.58438106	0.58446241	0.31876113	0.31862308	0.58459701	0.58464335	0.31887428	0.31868323	59919	37011	0
59919	37016	-0.00042528	0.04294580	0.34127600	0.04284964	0.34404755	0.58448624	0.58437975	0.31881725	0.31863820	0.58451213	0.58437465	0.31874872	0.31858692	59919	37014	0
59919	37803	0.00042311	0.04304486	0.34211867	0.04312635	0.34076125	0.58522628	0.58515980	0.31980832	0.31962393	0.58529399	0.58532316	0.31987981	0.31967512	59919	37802	0
59919	37807	0.00117089	0.04301800	0.34233745	0.04300931	0.34114100	0.58534378	0.58530196	0.31976107	0.31965433	0.58522127	0.58509974	0.31981300	0.31959837	59919	37805	0
59919	37810	0.00150261	0.04297632	0.34237846	0.04300769	0.34184772	0.58526022	0.58510877	0.31968284	0.31958974	0.58515561	0.58510294	0.31964570	0.31957298	59919	37808	0
59919	37813	0.00050678	0.04308679	0.34057181	0.04304289	0.34216514	0.58505084	0.58505660	0.31971259	0.31955137	0.58510935	0.58507204	0.31964891	0.31948801	59919	37812	0
59919	37817	0.00019098	0.04301748	0.34086160	0.04293272	0.34136687	0.58508955	0.58502208	0.31955868	0.31945925	0.58506432	0.58503786	0.31965926	0.31947158	59919	37815	0
59919	38604	0.00038356	0.04290469	0.33995310	0.04278481	0.33964497	0.58596837	0.58595687	0.32082314	0.32071081	0.58609105	0.58609631	0.32087811	0.32077457	59919	38602	0
59919	38607	-0.00017712	0.04298600	0.33907519	0.04283069	0.33997229	0.58615687	0.58603378	0.32096677	0.32074886	0.58608325	0.58595153	0.32092100	0.32075535	59919	38606	0
59919	38611	-0.00072740	0.04299182	0.33919684	0.04292026	0.34007729	0.58599590	0.58592876	0.32092281	0.32067400	0.58604101	0.58601587	0.32088074	0.32072930	59919	38609	0
59919	38614	-0.00046827	0.04299165	0.33951055	0.04290272	0.33909594	0.58603000	0.58606311	0.32089479	0.32071558	0.58604882	0.58598678	0.32087359	0.32073242	59919	38612	0
59919	38617	-0.00078058	0.04302249	0.33938763	0.04295813	0.33988732	0.58603345	0.58612721	0.32084869	0.32069955	0.58609796	0.58612959	0.32085165	0.32079865	59919	38615	0
59919	39405	-0.00111888	0.04289410	0.33967267	0.04288096	0.34021395	0.58616755	0.58609985	0.32090999	0.32072634	0.58623715	0.58608177	0.32076973	0.32070440	59919	39403	0
59919	39408	0.00003690	0.04289397	0.34094036	0.04290421	0.33909111	0.58617364	0.58610995	0.32086981	0.32069027	0.58624595	0.58638712	0.32082191	0.32085387	59919	39406	0
59919	39411	0.00061065	0.04296581	0.33994557	0.04294614	0.33902756	0.58623674	0.58623469	0.32106078	0.32079684	0.58614677	0.58611012	0.32080991	0.32071180	59919	39409	0
59919	39414	0.00057363	0.04281577	0.33905817	0.04284684	0.33911741	0.58619385	0.58612047	0.32095305	0.32075658	0.58621538	0.58618333	0.32098313	0.32080859	59919	39413	0
59919	39418	0.00050005	0.04296035	0.33925252	0.04285869	0.33937025	0.58603698	0.58596615	0.32095921	0.32071138	0.58613436	0.58614783	0.32094656	0.32074269	59919	39416	0
59919	40205	0.00116986	0.04284830	0.34023676	0.04282467	0.33916508	0.58580468	0.58579860	0.32057556	0.32053702	0.58582539	0.58577576	0.32056249	0.32043249	59919	40203	0
59919	40208	0.00086335	0.04297478	0.33971927	0.04299677	0.34020969	0.58591677	0.58588053	0.32042650	0.32038245	0.58585859	0.58581397	0.32069774	0.32046380	59919	40207	0
59919	40212	0.00022454	0.04287964	0.33955753	0.04280403	0.34057962	0.58584717	0.58588842	0.32058829	0.32035435	0.58587765	0.58574749	0.32054449	0.32027234	59919	40210	0
59919	40215	0.00002132	0.04288813	0.33892536	0.04296550	0.33925051	0.58573476	0.58574207	0.32053636	0.32032403	0.58592761	0.58585087	0.32048311	0.32032091	59919	40213	0
59919	40218	0.00058561	0.04290352	0.34001056	0.04287795	0.33910770	0.58586911	0.58585958	0.32052921	0.32042855	0.58586968	0.58581635	0.32054951	0.32042765	59919	40216	0
59919	41006	0.00000692	0.04297234	0.33918076	0.04290364	0.34010666	0.58685689	0.58684555	0.32055723	0.32049815	0.58686503	0.58667883	0.32046216	0.32037325	59919	41004	0
59919	41009	0.00030513	0.04303001	0.33928503	0.04296407	0.33880789	0.58680553	0.58691121	0.32062215	0.32048952	0.58697777	0.58678277	0.32053546	0.32039511	59919	41007	0
59919	41012	-0.00023231	0.04286129	0.33948483	0.04298408	0.34034474	0.58689872	0.58679189	0.32051565	0.32049503	0.58687563	0.58677365	0.32063324	0.32043545	59919	41010	0
59919	41015	0.00045576	0.04288168	0.34029199	0.04285062	0.33919108	0.58691721	0.58682624	0.32062387	0.32048558	0.58689724	0.58688319	0.32052937	0.32048492	59919	41014	0
59919	41019	0.00082273	0.04296304	0.34025885	0.04286921	0.33967170	0.58688015	0.58686338	0.32068879	0.32046832	0.58693947	0.58692304	0.32066512	0.32057909	59919	41017	0
59919	41806	0.00149607	0.04277265	0.34280002	0.04279606	0.34172267	0.58670446	0.58670068	0.32080407	0.32059717	0.58665746	0.58668614	0.32071410	0.32053176	59919	41804	0
59919	41809	0.00071256	0.04285976	0.34201013	0.04291984	0.34326375	0.58680381	0.58669099	0.32076619	0.32060555	0.58688680	0.58680923	0.32066348	0.32062363	59919	41808	0
59919	41813	0.00035387	0.04290441	0.34134745	0.04281971	0.34192135	0.58673076	0.58665130	0.32082166	0.32057013	0.58676404	0.58660273	0.32075592	0.32050505	59919	41811	0
59919	41816	0.00009109	0.04267523	0.34231815	0.04281025	0.34273860	0.58669731	0.58659485	0.32063653	0.32051762	0.58674818	0.58678154	0.32080449	0.32055148	59919	41814	0
59919	41819	-0.00037116	0.04287149	0.34182800	0.04272958	0.34256759	0.58675286	0.58664390	0.32072445	0.32050119	0.58681161	0.58663174	0.32062494	0.32047629	59919	41817	0
59919	42607	0.00008764	0.04327584	0.34426275	0.04332612	0.34352868	0.58531913	0.58532760	0.31895275	0.31880303	0.58545127	0.58533187	0.31893097	0.31881980	59919	42605	0
59919	42610	-0.00016511	0.04327237	0.34364285	0.04324935	0.34404725	0.58536474	0.58526104	0.31892366	0.31875496	0.58537632	0.58533343	0.31893870	0.31881560	59919	42608	0
59919	42613	-0.00006011	0.04307012	0.34358867	0.04328807	0.34342066	0.58532940	0.58551544	0.31899244	0.31904684	0.58531412	0.58524148	0.31904264	0.31876507	59919	42611	0
59919	42616	0.00037085	0.04298664	0.34379140	0.04311242	0.34310188	0.58536540	0.58528692	0.31893344	0.31877485	0.58524501	0.58525225	0.31915760	0.31881150	59919	42615	0
59919	42620	0.00059926	0.04319043	0.34421544	0.04331188	0.34384998	0.58534042	0.58530147	0.31910378	0.31879046	0.58533425	0.58543795	0.31899630	0.31888709	59919	42618	0
59919	43407	0.00032737	0.04306644	0.34318993	0.04298132	0.34362494	0.58749676	0.58737868	0.32136991	0.32114854	0.58738402	0.58730530	0.32123712	0.32121148	59919	43405	0
59919	43410	0.00001419	0.04320113	0.34335871	0.04316817	0.34385981	0.58759323	0.58740111	0.32138511	0.32119053	0.58751525	0.58736192	0.32128322	0.32120581	59919	43409	0
59919	43414	0.00076550	0.04311001	0.34357417	0.04316607	0.34237208	0.58741607	0.58731722	0.32127130	0.32119842	0.58737079	0.58738139	0.32138626	0.32119168	59919	43412	0
59919	43417	-0.00078867	0.04315088	0.34191351	0.04302761	0.34440018	0.58732683	0.58725723	0.32137730	0.32117467	0.58723192	0.58726372	0.32136276	0.32112290	59919	43415	0
59919	43420	-0.00164380	0.04310996	0.34323962	0.04315666	0.34460783	0.58742577	0.58740884	0.32131354	0.32111583	0.58739273	0.58736208	0.32122635	0.32120195	59919	43418	0
59919	44208	0.00039367	0.04309738	0.34546254	0.04307561	0.34220259	0.58673150	0.58663076	0.32052658	0.32034769	0.58674144	0.58667579	0.32064778	0.32037185	59919	44206	0
59919	44211	0.00030779	0.04320040	0.34281511	0.04326074	0.34295252	0.58689001	0.58679272	0.32052872	0.32044860	0.58678039	0.58681482	0.32057251	0.32034712	59919	44209	0
59919	44214	0.00063809	0.04320666	0.34286559	0.04327514	0.34233712	0.58683816	0.58685040	0.32062469	0.32039544	0.58697752	0.58686872	0.32067441	0.32040373	59919	44212	0
59919	44217	0.00092268	0.04329518	0.34318140	0.04326073	0.34272606	0.58695090	0.58692583	0.32067433	0.32044047	0.58673922	0.58680940	0.32061031	0.32037506	59919	44216	0
59919	44221	0.00053810	0.04326168	0.34178010	0.04315982	0.34239542	0.58680578	0.58670529	0.32046750	0.32046010	0.58661153	0.58655672	0.32052724	0.32036766	59919	44219	0
59919	45008	-0.00027634	0.04342820	0.34479184	0.04348620	0.34609494	0.58724121	0.58734967	0.32066233	0.32048739	0.58729232	0.58728854	0.32066151	0.32045928	59919	45006	0
59919	45011	0.00085265	0.04342559	0.34725256	0.04334844	0.34544618	0.58736570	0.58724063	0.32061204	0.32047144	0.58722527	0.58725131	0.32066857	0.32049010	59919	45010	0
59919	45015	0.00181036	0.04345566	0.34678063	0.04348335	0.34524830	0.58726956	0.58721919	0.32058229	0.32038878	0.58730653	0.58712658	0.32057219	0.32039034	59919	45013	0
59919	45018	0.00063003	0.04350183	0.34470991	0.04343761	0.34659844	0.58720209	0.58722683	0.32059634	0.32048771	0.58714638	0.58721023	0.32064778	0.32035402	59919	45016	0
59919	45021	0.00021788	0.04329009	0.34615417	0.04331223	0.34681361	0.58712806	0.58716931	0.32053718	0.32041959	0.58720702	0.58710415	0.32062897	0.32030332	59919	45019	0
