% File initiated 27/04/2023 14:21:59 UTC
% Raw fountain data
%
% File notes: collisional shift map RF amps 360 mV 3ms OP
%
%% fountain_code = ALPHA-CsF1
%% microwave_ref = ALPHA HM1
%% MJD_start = 60061.598610
%% clock_data = True
%% sequence = 1
%% density = HD
%
% Units: V.s, Hz
%
% Shot B MJD days	Shot B MJD seconds	freq error	shot A sum	shot A ratio	shot B sum	shot B ratio	shot A F=3 bg 1	shot A F=3 bg 2	shot A F=4 bg 1	shot A F=4 bg 2	shot B F=3 bg 1	shot B F=3 bg 2	shot B F=4 bg 1	shot B F=4 bg 2	Shot A MJD days	Shot A MJD seconds	Shot order (0=LF->HF)
60061	51736	0.00047033	0.05869347	0.46997395	0.05870450	0.47266168	0.72353453	0.72277157	0.36751244	0.36739461	0.72413109	0.72282876	0.36764400	0.36745689	60061	51734	0
60061	51739	0.00134271	0.05858754	0.47230780	0.05861451	0.46969064	0.72427194	0.72328629	0.36772518	0.36765254	0.72461352	0.72341530	0.36793538	0.36769084	60061	51738	0
60061	51742	0.00130895	0.05890939	0.47165079	0.05879722	0.47175209	0.72460292	0.72334603	0.36797761	0.36784335	0.72472708	0.72368424	0.36796808	0.36776791	60061	51741	0
60061	51746	0.00181754	0.05924986	0.47366918	0.05914685	0.47214341	0.72497541	0.72383429	0.36821912	0.36791861	0.72528536	0.72398072	0.36841764	0.36791853	60061	51744	0
60061	51749	0.00135848	0.05897087	0.47100256	0.05937185	0.47237974	0.72524518	0.72441335	0.36850433	0.36807491	0.72565965	0.72423594	0.36833892	0.36815124	60061	51747	0
60061	51851	0.00087807	0.06030736	0.47053113	0.06041988	0.47197237	0.73812885	0.73677400	0.37380062	0.37366742	0.73855507	0.73727681	0.37406069	0.37380489	60061	51849	0
60061	51854	0.00132167	0.06039416	0.47325599	0.06044828	0.47192519	0.73866822	0.73751108	0.37425930	0.37411484	0.73886018	0.73767313	0.37422914	0.37408222	60061	51852	0
60061	51857	0.00098317	0.06080758	0.47088682	0.06071681	0.47190229	0.73892131	0.73776097	0.37443120	0.37407819	0.73911376	0.73835236	0.37444435	0.37413843	60061	51856	0
60061	51861	0.00105341	0.06047217	0.47306775	0.06073976	0.47285703	0.73931623	0.73844151	0.37439291	0.37438059	0.73964179	0.73839821	0.37445199	0.37424755	60061	51859	0
60061	51864	0.00088808	0.06070353	0.47157820	0.06049159	0.47207420	0.73992397	0.73865754	0.37453392	0.37445651	0.74001994	0.73897604	0.37466597	0.37453137	60061	51862	0
60061	51966	0.00101362	0.06348333	0.47063776	0.06303510	0.47026112	0.75253771	0.75120004	0.37945920	0.37897652	0.75243746	0.75139166	0.37944548	0.37940990	60061	51964	0
60061	51969	-0.00009529	0.06279663	0.47072237	0.06286861	0.47404911	0.75293164	0.75207582	0.37978887	0.37976389	0.75308563	0.75226876	0.37976126	0.37965526	60061	51967	0
60061	51972	0.00034116	0.06282109	0.47200259	0.06318927	0.47069324	0.75377447	0.75273303	0.38013259	0.37995428	0.75404038	0.75297757	0.38034098	0.37997294	60061	51971	0
60061	51975	0.00038271	0.06347689	0.47257341	0.06341197	0.47244877	0.75470794	0.75348030	0.38051708	0.38043293	0.75476727	0.75344579	0.38059999	0.38023186	60061	51974	0
60061	51979	0.00116867	0.06328402	0.47291897	0.06343142	0.47056109	0.75485634	0.75365146	0.38089038	0.38047213	0.75524847	0.75383972	0.38071700	0.38050606	60061	51977	0
60061	52081	0.00059001	0.06415732	0.47005802	0.06455736	0.47179399	0.76953661	0.76822343	0.38623909	0.38592125	0.76934269	0.76837660	0.38628700	0.38593662	60061	52079	0
60061	52084	0.00107912	0.06378095	0.47291906	0.06376267	0.47145176	0.76993400	0.76873914	0.38635742	0.38613136	0.77021765	0.76880159	0.38663672	0.38614566	60061	52082	0
60061	52087	0.00020914	0.06373998	0.46963064	0.06391998	0.47224058	0.77054700	0.76913233	0.38637656	0.38615347	0.77054280	0.76941328	0.38653417	0.38623564	60061	52085	0
60061	52090	0.00119131	0.06340108	0.47342171	0.06384331	0.47047519	0.77066031	0.76933102	0.38669103	0.38634624	0.77066179	0.76940522	0.38666145	0.38630557	60061	52089	0
60061	52094	0.00070413	0.06366844	0.47096310	0.06403942	0.47242464	0.77080485	0.76960457	0.38660114	0.38639998	0.77106944	0.76972898	0.38664896	0.38642357	60061	52092	0
60061	52195	0.00047097	0.06661377	0.47089057	0.06631276	0.47159006	0.78674037	0.78564437	0.39275242	0.39279901	0.78708697	0.78601480	0.39298340	0.39269276	60061	52194	0
60061	52199	0.00042437	0.06638115	0.47201859	0.06621120	0.47215839	0.78719766	0.78633814	0.39311849	0.39292851	0.78802167	0.78712198	0.39345129	0.39345622	60061	52197	0
60061	52202	0.00067685	0.06629551	0.47248505	0.06631520	0.47172763	0.78800023	0.78713463	0.39312310	0.39336378	0.78816704	0.78694457	0.39341768	0.39313222	60061	52200	0
60061	52205	0.00127525	0.06537625	0.47324182	0.06606743	0.47144661	0.78867576	0.78740309	0.39341554	0.39332417	0.78874774	0.78771517	0.39361637	0.39352886	60061	52204	0
60061	52209	0.00161146	0.06620042	0.47279989	0.06616812	0.47179126	0.78891554	0.78774336	0.39399633	0.39356822	0.78918383	0.78785240	0.39385015	0.39365548	60061	52207	0
60061	52310	0.00092825	0.06777697	0.46883527	0.06765455	0.47088491	0.80369252	0.80205246	0.39865201	0.39822061	0.80373065	0.80251953	0.39903222	0.39859022	60061	52309	0
60061	52314	0.00012158	0.06764439	0.47000817	0.06782015	0.47242818	0.80380937	0.80246759	0.39913583	0.39866737	0.80430059	0.80282635	0.39913444	0.39883533	60061	52312	0
60061	52317	0.00139914	0.06765727	0.47343916	0.06776852	0.46960648	0.80474243	0.80356688	0.39952878	0.39895095	0.80530917	0.80392638	0.39954143	0.39914939	60061	52315	0
60061	52320	0.00083676	0.06806738	0.46939438	0.06754791	0.47108151	0.80532782	0.80408309	0.39939640	0.39919237	0.80537318	0.80384643	0.39952911	0.39923000	60061	52318	0
60061	52323	0.00042722	0.06814804	0.46994043	0.06766366	0.47116907	0.80572372	0.80402376	0.39959476	0.39918826	0.80595199	0.80448334	0.39965204	0.39941949	60061	52322	0
60061	52425	0.00082456	0.06954429	0.47156997	0.06982370	0.47037793	0.82156573	0.82016307	0.40558400	0.40530667	0.82167149	0.82014491	0.40596782	0.40540478	60061	52424	0
60061	52428	0.00037122	0.06973605	0.47021009	0.06949061	0.47157012	0.82174848	0.82047663	0.40599806	0.40536436	0.82185407	0.82038797	0.40579272	0.40538498	60061	52427	0
60061	52432	0.00088487	0.06967794	0.47334525	0.06914473	0.47180430	0.82242837	0.82080137	0.40589592	0.40557841	0.82203444	0.82033596	0.40565771	0.40543050	60061	52430	0
60061	52435	0.00121404	0.06980581	0.47290945	0.06985139	0.47192193	0.82230224	0.82087615	0.40609494	0.40561917	0.82242385	0.82092274	0.40590324	0.40531448	60061	52433	0
60061	52438	0.00109794	0.06969210	0.47222454	0.06994564	0.47257284	0.82242007	0.82132892	0.40607456	0.40559978	0.82284514	0.82156615	0.40584062	0.40566182	60061	52437	0
60061	52540	0.00110019	0.07448681	0.47389298	0.07491425	0.47388624	0.83643837	0.83510136	0.41101242	0.41082137	0.83559734	0.83470964	0.41062588	0.41052111	60061	52538	0
60061	52543	0.00009206	0.07425508	0.46952566	0.07517563	0.47255005	0.83652366	0.83566440	0.41139871	0.41102836	0.83676023	0.83536340	0.41107002	0.41054371	60061	52542	0
60061	52547	0.00033231	0.07491745	0.47221731	0.07493065	0.47149656	0.83679409	0.83528394	0.41131086	0.41057625	0.83702836	0.83566965	0.41115778	0.41075210	60061	52545	0
60061	52550	0.00059450	0.07487500	0.47130814	0.07462948	0.47052156	0.83728745	0.83580647	0.41108966	0.41082260	0.83736354	0.83616334	0.41118572	0.41090469	60061	52548	0
60061	52553	0.00110043	0.07512060	0.47093874	0.07532240	0.46942096	0.83719369	0.83579209	0.41131662	0.41040722	0.83739271	0.83626827	0.41083558	0.41079828	60061	52551	0
60061	52655	0.00059326	0.07550659	0.47006306	0.07532247	0.47158457	0.84889056	0.84778593	0.41608824	0.41564081	0.84869524	0.84693701	0.41563925	0.41502485	60061	52653	0
60061	52658	0.00109327	0.07540712	0.47235189	0.07548227	0.47085186	0.84873230	0.84769217	0.41596490	0.41544261	0.84917956	0.84781230	0.41588634	0.41549956	60061	52657	0
60061	52661	0.00120293	0.07508213	0.47117609	0.07559874	0.47084711	0.84913042	0.84776193	0.41623623	0.41544114	0.84982797	0.84844067	0.41609465	0.41582981	60061	52660	0
60061	52665	0.00144802	0.07555177	0.47265049	0.07542494	0.47191523	0.84991253	0.84858406	0.41657699	0.41582216	0.85023521	0.84896747	0.41640369	0.41613442	60061	52663	0
60061	52668	0.00072376	0.07542783	0.46980678	0.07563776	0.47197954	0.85006980	0.84913370	0.41636170	0.41605635	0.85015173	0.84884471	0.41614436	0.41607073	60061	52666	0
60061	52770	0.00086202	0.07433648	0.47263708	0.07464376	0.47222231	0.85824488	0.85663925	0.41969803	0.41920254	0.85875550	0.85728528	0.41973805	0.41941281	60061	52768	0
60061	52773	0.00138722	0.07455126	0.47303181	0.07489336	0.47145623	0.85885098	0.85739580	0.41972170	0.41937198	0.85914252	0.85794438	0.42005646	0.41964626	60061	52771	0
60061	52776	0.00144784	0.07443752	0.47027161	0.07471273	0.47008974	0.85894162	0.85769565	0.42012031	0.41961414	0.85936324	0.85829098	0.42039534	0.41998949	60061	52775	0
60061	52780	0.00123840	0.07433594	0.47227652	0.07451644	0.47290483	0.85971304	0.85840142	0.42005712	0.41985884	0.85895427	0.85761660	0.41987659	0.41949622	60061	52778	0
60061	52783	0.00075861	0.07471599	0.47184651	0.07471893	0.47328588	0.85916537	0.85795178	0.41987848	0.41954947	0.85939668	0.85817611	0.42016082	0.41976065	60061	52781	0
60061	52885	0.00132061	0.07722309	0.47201713	0.07704765	0.47033113	0.86344897	0.86214154	0.42123267	0.42076487	0.86381258	0.86257031	0.42136447	0.42108246	60061	52883	0
60061	52888	0.00052761	0.07664180	0.47096462	0.07716543	0.47334361	0.86380296	0.86251205	0.42151723	0.42103283	0.86422459	0.86332407	0.42146497	0.42150589	60061	52886	0
60061	52891	0.00065108	0.07633858	0.47209096	0.07665048	0.47172055	0.86382704	0.86275191	0.42155610	0.42112962	0.86407972	0.86269209	0.42182274	0.42100661	60061	52890	0
60061	52895	0.00063296	0.07705640	0.47288133	0.07628804	0.47293568	0.86450849	0.86293614	0.42164320	0.42125913	0.86420717	0.86304156	0.42180466	0.42128846	60061	52893	0
60061	52898	-0.00005180	0.07693896	0.47149860	0.07646091	0.47355289	0.86448655	0.86328791	0.42192792	0.42136283	0.86454440	0.86339572	0.42205381	0.42135888	60061	52896	0
60061	53000	0.00145020	0.07680692	0.47267034	0.07685951	0.46816433	0.86680839	0.86518509	0.42275284	0.42224009	0.86658537	0.86535042	0.42292113	0.42256253	60061	52998	0
60061	53003	0.00008827	0.07665087	0.46934183	0.07647384	0.47342761	0.86697544	0.86539389	0.42271077	0.42249293	0.86682893	0.86498344	0.42267166	0.42224469	60061	53001	0
60061	53006	0.00013573	0.07657850	0.47065237	0.07654584	0.47051000	0.86685350	0.86516192	0.42271373	0.42236499	0.86674471	0.86543588	0.42271085	0.42247847	60061	53005	0
60061	53009	-0.00037645	0.07644027	0.47227244	0.07660420	0.47380898	0.86640690	0.86494268	0.42261709	0.42237222	0.86721473	0.86532766	0.42288234	0.42238455	60061	53008	0
60061	53013	0.00126743	0.07664057	0.47419238	0.07609802	0.46926073	0.86613721	0.86502527	0.42264857	0.42218553	0.86604600	0.86519002	0.42255653	0.42232719	60061	53011	0
60061	53115	-0.00015588	0.07644434	0.46901510	0.07621878	0.47328504	0.86663345	0.86528723	0.42248825	0.42222407	0.86684035	0.86534721	0.42264339	0.42238200	60061	53113	0
60061	53118	0.00125419	0.07621337	0.47394396	0.07572919	0.46971373	0.86611815	0.86534237	0.42250896	0.42227280	0.86670641	0.86554648	0.42291143	0.42232875	60061	53116	0
60061	53121	0.00027879	0.07618441	0.46977277	0.07620510	0.47269898	0.86686813	0.86549463	0.42288933	0.42253854	0.86677116	0.86545700	0.42309698	0.42238545	60061	53119	0
60061	53124	0.00121893	0.07552168	0.47266810	0.07580293	0.46984767	0.86662778	0.86527145	0.42299114	0.42243262	0.86638627	0.86521722	0.42306764	0.42238422	60061	53123	0
60061	53128	0.00070978	0.07553253	0.47005215	0.07522724	0.47157961	0.86632999	0.86500612	0.42284052	0.42234042	0.86642908	0.86524187	0.42279154	0.42240887	60061	53126	0
60061	53229	0.00118045	0.07483519	0.47086959	0.07521940	0.46945756	0.86440257	0.86342489	0.42182250	0.42128970	0.86470743	0.86327674	0.42202801	0.42163013	60061	53228	0
60061	53233	0.00163214	0.07510985	0.47253016	0.07514824	0.47117512	0.86462558	0.86322440	0.42158962	0.42139455	0.86439633	0.86306079	0.42161731	0.42129528	60061	53231	0
60061	53236	0.00109951	0.07499609	0.47147766	0.07458087	0.47307555	0.86422007	0.86332900	0.42186613	0.42149373	0.86415474	0.86326860	0.42175240	0.42116825	60061	53234	0
60061	53239	0.00113273	0.07491094	0.47110287	0.07490510	0.47100321	0.86414792	0.86299103	0.42148789	0.42120999	0.86411119	0.86272668	0.42135379	0.42130859	60061	53238	0
60061	53242	0.00128009	0.07504228	0.47093826	0.07496613	0.47049618	0.86428654	0.86289308	0.42167549	0.42119577	0.86442960	0.86264229	0.42167311	0.42109248	60061	53241	0
60061	53344	0.00095341	0.07601273	0.47250503	0.07559428	0.47348506	0.86084438	0.85909462	0.42055804	0.42011555	0.86120963	0.86030928	0.42099108	0.42051925	60061	53343	0
60061	53348	-0.00022913	0.07582667	0.46961617	0.07540061	0.47316380	0.86169592	0.86031133	0.42087991	0.42047702	0.86121662	0.86015989	0.42092633	0.42065484	60061	53346	0
60061	53351	0.00081963	0.07597432	0.47435327	0.07555641	0.47120698	0.86125704	0.86007558	0.42106750	0.42068434	0.86143412	0.86004230	0.42090143	0.42052279	60061	53349	0
60061	53354	0.00038052	0.07541986	0.47062515	0.07540514	0.47194249	0.86167546	0.86032596	0.42095016	0.42070652	0.86116789	0.85978856	0.42104482	0.42049666	60061	53352	0
60061	53357	0.00105982	0.07546158	0.47314588	0.07534098	0.47110797	0.86091636	0.85973112	0.42072723	0.42048540	0.86090215	0.85974912	0.42107326	0.42037389	60061	53356	0
60061	53459	0.00153751	0.07428963	0.47196387	0.07436630	0.47053080	0.85418084	0.85303800	0.41732475	0.41682836	0.85450213	0.85270085	0.41745779	0.41674421	60061	53458	0
60061	53462	0.00186787	0.07446889	0.47242424	0.07414233	0.47143315	0.85415102	0.85285714	0.41708761	0.41666048	0.85448439	0.85295460	0.41697667	0.41674536	60061	53461	0
60061	53466	0.00063743	0.07450710	0.46861659	0.07414493	0.47230793	0.85385725	0.85260841	0.41699081	0.41660337	0.85418495	0.85260677	0.41698538	0.41656861	60061	53464	0
60061	53469	0.00075444	0.07425858	0.47192333	0.07444108	0.47157228	0.85358140	0.85222853	0.41707544	0.41648529	0.85373597	0.85303430	0.41710675	0.41679951	60061	53467	0
60061	53472	0.00194563	0.07421747	0.47362182	0.07434362	0.47004826	0.85401379	0.85249394	0.41695367	0.41655793	0.85354155	0.85252648	0.41695761	0.41665275	60061	53471	0
60061	53574	0.00058981	0.07272055	0.46934697	0.07126524	0.47341442	0.85009470	0.84869877	0.41590335	0.41551008	0.84941605	0.84818216	0.41599259	0.41566094	60061	53572	0
60061	53577	0.00140643	0.07219390	0.47241296	0.07210844	0.46996311	0.84949970	0.84837263	0.41636770	0.41571049	0.84943799	0.84818043	0.41592496	0.41568362	60061	53576	0
60061	53581	0.00095629	0.07212753	0.47095283	0.07223665	0.47230325	0.84936222	0.84812357	0.41588535	0.41534154	0.84952049	0.84788536	0.41620221	0.41552511	60061	53579	0
60061	53584	0.00042112	0.07148186	0.47033196	0.07192581	0.47193747	0.84935138	0.84791568	0.41588125	0.41552421	0.84934850	0.84844010	0.41613047	0.41568675	60061	53582	0
60061	53587	0.00045647	0.07166187	0.47341916	0.07156599	0.47331312	0.84929640	0.84806736	0.41602135	0.41582898	0.84953224	0.84806432	0.41622407	0.41573769	60061	53585	0
60061	53689	0.00145618	0.07347029	0.47300282	0.07282129	0.47000368	0.84283016	0.84182093	0.41275437	0.41249545	0.84309697	0.84241470	0.41309916	0.41278625	60061	53687	0
60061	53692	0.00114533	0.07336988	0.47023368	0.07322369	0.47116621	0.84319303	0.84177664	0.41293794	0.41257762	0.84347348	0.84234897	0.41272323	0.41253325	60061	53691	0
60061	53695	0.00100625	0.07285258	0.47078292	0.07331182	0.47120017	0.84327611	0.84217205	0.41271444	0.41253744	0.84305268	0.84199111	0.41278708	0.41273473	60061	53694	0
60061	53699	0.00120746	0.07313029	0.47157659	0.07288027	0.47097295	0.84246442	0.84136028	0.41297328	0.41231303	0.84296788	0.84168724	0.41290080	0.41264664	60061	53697	0
60061	53702	0.00072157	0.07335108	0.47076607	0.07296115	0.47222376	0.84223598	0.84125633	0.41279127	0.41240301	0.84261701	0.84162676	0.41252183	0.41239627	60061	53700	0
60061	53804	0.00007072	0.07286225	0.47194481	0.07255687	0.47389735	0.83829816	0.83708547	0.41228213	0.41169058	0.83795378	0.83698128	0.41198911	0.41156979	60061	53802	0
60061	53807	0.00126274	0.07213291	0.47538326	0.07212444	0.47180720	0.83850605	0.83712409	0.41190217	0.41159238	0.83776141	0.83612653	0.41167924	0.41138860	60061	53805	0
60061	53810	0.00109622	0.07222574	0.47090770	0.07246998	0.47140727	0.83786561	0.83680321	0.41203521	0.41158195	0.83773323	0.83662309	0.41191302	0.41153947	60061	53809	0
60061	53814	0.00092942	0.07248635	0.47088120	0.07226732	0.47138160	0.83771745	0.83663772	0.41166658	0.41142673	0.83736633	0.83612217	0.41160931	0.41115293	60061	53812	0
60061	53817	0.00071170	0.07189770	0.47371852	0.07214551	0.47437167	0.83702787	0.83580614	0.41140528	0.41105178	0.83721029	0.83591872	0.41150725	0.41113346	60061	53815	0
60061	53919	0.00100193	0.07091625	0.47259283	0.07082899	0.47172214	0.83091480	0.82976999	0.40886412	0.40845828	0.83024970	0.82867973	0.40851185	0.40790017	60061	53917	0
60061	53922	0.00105680	0.07061346	0.47215911	0.07044038	0.47199451	0.83083098	0.82968075	0.40886223	0.40832779	0.83063287	0.82920867	0.40844645	0.40814143	60061	53920	0
60061	53925	0.00089496	0.07064878	0.47134655	0.07036406	0.47183206	0.83077215	0.82944722	0.40850167	0.40832697	0.83067650	0.82934565	0.40867242	0.40824652	60061	53924	0
60061	53929	0.00123322	0.07045145	0.47043228	0.07048973	0.46941749	0.83049145	0.82925321	0.40840873	0.40831136	0.83029818	0.82911442	0.40849706	0.40821891	60061	53927	0
60061	53932	0.00106258	0.07016968	0.47047244	0.07033778	0.47098437	0.83015981	0.82899798	0.40850273	0.40809623	0.83007147	0.82893677	0.40858203	0.40801661	60061	53930	0
60061	54034	0.00113354	0.06912627	0.47106559	0.06890514	0.47085271	0.82438389	0.82312453	0.40583249	0.40533420	0.82430164	0.82300144	0.40585262	0.40565204	60061	54032	0
60061	54037	0.00063274	0.06871027	0.47111847	0.06852354	0.47262088	0.82444239	0.82327129	0.40614375	0.40576732	0.82395832	0.82286100	0.40592016	0.40554012	60061	54035	0
60061	54040	0.00135287	0.06729092	0.47286362	0.06833549	0.47070322	0.82399456	0.82261704	0.40584317	0.40534365	0.82403630	0.82268499	0.40550150	0.40548720	60061	54039	0
60061	54043	0.00100989	0.06805541	0.47211973	0.06806688	0.47314868	0.82390639	0.82265681	0.40593545	0.40557093	0.82387385	0.82273208	0.40608319	0.40563577	60061	54042	0
60061	54047	0.00034861	0.06820160	0.47005973	0.06810973	0.47204354	0.82369891	0.82261638	0.40585558	0.40562188	0.82377179	0.82223239	0.40591507	0.40559074	60061	54045	0
60061	54149	0.00067110	0.06754861	0.47263665	0.06718330	0.47166919	0.81684827	0.81567165	0.40286264	0.40243609	0.81706273	0.81579729	0.40292838	0.40252015	60061	54147	0
60061	54152	0.00048663	0.06591795	0.47266503	0.06688118	0.47321845	0.81711072	0.81608818	0.40298574	0.40267669	0.81687851	0.81611316	0.40307703	0.40292025	60061	54150	0
60061	54155	0.00151143	0.06684746	0.47365081	0.06678747	0.47057641	0.81696725	0.81580798	0.40299297	0.40272994	0.81701812	0.81565793	0.40312986	0.40288409	60061	54153	0
60061	54158	0.00097654	0.06674774	0.46944765	0.06651096	0.47105232	0.81676610	0.81565867	0.40291449	0.40287415	0.81677029	0.81590617	0.40304991	0.40296067	60061	54157	0
60061	54162	0.00046151	0.06648628	0.47100660	0.06651530	0.47255168	0.81673388	0.81546820	0.40333488	0.40286018	0.81674112	0.81542193	0.40318895	0.40280677	60061	54160	0
60061	54263	0.00094351	0.07014605	0.47219404	0.06988501	0.47074806	0.80969548	0.80872224	0.39995804	0.39941703	0.81019689	0.80883054	0.40026479	0.39949238	60061	54262	0
60061	54267	0.00116983	0.06946810	0.47235610	0.06961741	0.47167714	0.80956590	0.80836471	0.39978113	0.39945844	0.80946220	0.80835888	0.39977948	0.39970397	60061	54265	0
60061	54270	0.00080875	0.06940503	0.47087471	0.06905018	0.47195795	0.80931552	0.80865347	0.40008360	0.40004654	0.80986895	0.80873358	0.40053990	0.40005994	60061	54268	0
60061	54273	0.00119432	0.06910117	0.47324666	0.06880692	0.47208992	0.80965390	0.80847450	0.40039363	0.40005772	0.80948742	0.80829413	0.40042174	0.40007390	60061	54272	0
60061	54276	0.00101523	0.06892703	0.47212594	0.06892927	0.47266323	0.80961956	0.80866858	0.40044088	0.40022469	0.80984594	0.80867943	0.40073695	0.40043020	60061	54275	0
60061	54378	0.00040258	0.06624852	0.47175260	0.06662270	0.47359054	0.80432763	0.80305126	0.39816465	0.39799685	0.80412088	0.80297837	0.39846918	0.39794426	60061	54377	0
60061	54382	0.00079513	0.06602480	0.47346723	0.06625815	0.47228959	0.80360246	0.80282824	0.39803063	0.39790211	0.80371060	0.80249668	0.39811699	0.39767195	60061	54380	0
60061	54385	0.00047555	0.06661086	0.47240131	0.06623524	0.47336005	0.80305939	0.80183019	0.39761352	0.39747038	0.80397766	0.80251780	0.39794533	0.39781016	60061	54383	0
60061	54388	0.00047109	0.06680739	0.47289392	0.06646000	0.47290731	0.80382277	0.80225255	0.39816087	0.39760013	0.80321527	0.80191187	0.39770054	0.39738172	60061	54386	0
60061	54391	0.00135621	0.06649333	0.47325230	0.06642979	0.47059692	0.80296062	0.80188212	0.39768049	0.39722452	0.80281986	0.80157463	0.39754097	0.39705615	60061	54390	0
60061	54493	0.00058531	0.06737168	0.47135989	0.06719955	0.47367260	0.79872074	0.79776656	0.39650569	0.39627626	0.79867792	0.79764297	0.39644496	0.39633444	60061	54492	0
60061	54496	0.00104183	0.06734791	0.47156457	0.06701941	0.47019501	0.79790190	0.79702094	0.39638629	0.39613600	0.79873109	0.79764199	0.39679608	0.39639254	60061	54495	0
60061	54500	0.00036450	0.06716578	0.47068339	0.06693343	0.47271537	0.79880899	0.79728101	0.39648909	0.39621505	0.79869912	0.79770041	0.39684037	0.39650569	60061	54498	0
60061	54503	0.00053101	0.06694484	0.47285178	0.06757540	0.47235225	0.79826666	0.79740763	0.39662286	0.39636871	0.79821374	0.79718947	0.39657874	0.39617717	60061	54501	0
60061	54506	0.00053818	0.06691071	0.47091800	0.06678390	0.47089649	0.79828186	0.79727805	0.39666157	0.39623896	0.79812466	0.79698133	0.39642639	0.39616172	60061	54505	0
60061	54608	0.00088264	0.06814822	0.47344585	0.06773249	0.47241247	0.79127591	0.78979403	0.39302975	0.39255011	0.79087664	0.78990587	0.39293492	0.39254937	60061	54606	0
60061	54611	0.00104671	0.06775260	0.47349111	0.06750712	0.47299890	0.79093720	0.79009642	0.39298094	0.39272908	0.79101107	0.79008804	0.39306558	0.39276606	60061	54610	0
60061	54615	0.00032803	0.06739481	0.47048735	0.06718936	0.47264338	0.79100434	0.78990948	0.39316032	0.39272021	0.79088946	0.79000488	0.39317741	0.39285481	60061	54613	0
60061	54618	0.00148135	0.06754857	0.47500770	0.06748276	0.47154775	0.79122916	0.79021023	0.39326418	0.39297765	0.79099267	0.79007079	0.39339155	0.39296853	60061	54616	0
60061	54621	0.00062134	0.06732651	0.47113205	0.06748451	0.47371208	0.79091904	0.78946543	0.39313756	0.39288956	0.79081189	0.78976437	0.39295136	0.39293985	60061	54619	0
60061	54723	0.00127230	0.06662138	0.47310691	0.06717359	0.47115401	0.78632007	0.78537896	0.39185691	0.39160769	0.78630947	0.78550172	0.39142872	0.39144860	60061	54721	0
60061	54726	0.00133771	0.06647651	0.47107210	0.06590458	0.47087588	0.78646740	0.78531823	0.39162626	0.39144507	0.78628662	0.78517509	0.39165017	0.39144622	60061	54725	0
60061	54729	0.00036460	0.06650795	0.47048087	0.06645327	0.47340020	0.78622467	0.78507410	0.39189874	0.39133940	0.78595596	0.78487097	0.39152782	0.39131343	60061	54728	0
60061	54733	0.00176248	0.06612687	0.47608729	0.06638711	0.47189367	0.78583657	0.78475256	0.39138377	0.39113011	0.78567921	0.78472076	0.39156192	0.39118418	60061	54731	0
60061	54736	0.00092295	0.06608099	0.46998777	0.06617771	0.47250635	0.78569433	0.78434351	0.39145107	0.39114194	0.78539728	0.78469775	0.39144597	0.39117768	60061	54734	0
60061	54838	0.00120590	0.06610983	0.47424441	0.06606163	0.47339557	0.78017906	0.77925225	0.38917796	0.38890235	0.78023970	0.77917953	0.38920088	0.38902380	60061	54836	0
60061	54841	0.00031885	0.06622269	0.47088866	0.06583004	0.47354980	0.78053700	0.77926794	0.38944649	0.38904073	0.78024217	0.77911823	0.38905963	0.38902643	60061	54839	0
60061	54844	0.00120309	0.06599129	0.47338639	0.06574103	0.47073368	0.78031653	0.77930048	0.38939826	0.38927114	0.78026320	0.77928807	0.38942061	0.38909652	60061	54843	0
60061	54848	0.00056896	0.06639203	0.47109121	0.06606363	0.47299360	0.78015531	0.77909505	0.38928322	0.38907549	0.78004890	0.77891304	0.38933301	0.38895486	60061	54846	0
60061	54851	0.00171517	0.06580341	0.47603568	0.06592012	0.47259705	0.78007437	0.77922735	0.38945685	0.38902241	0.77996040	0.77879915	0.38911395	0.38889726	60061	54849	0
60061	54953	0.00042133	0.06484903	0.46984763	0.06436625	0.47372917	0.77628840	0.77531418	0.38816355	0.38799929	0.77642259	0.77536282	0.38823077	0.38803068	60061	54951	0
60061	54956	0.00139369	0.06413900	0.47529533	0.06423561	0.47237825	0.77636137	0.77537005	0.38828574	0.38811030	0.77626087	0.77516693	0.38830899	0.38800249	60061	54954	0
60061	54959	-0.00003740	0.06378623	0.47101309	0.06399486	0.47530636	0.77617591	0.77518213	0.38828040	0.38808294	0.77540596	0.77447373	0.38771818	0.38771448	60061	54958	0
60061	54962	0.00063652	0.06374265	0.47492922	0.06337183	0.47290745	0.77604246	0.77496388	0.38828771	0.38794317	0.77577516	0.77490274	0.38798244	0.38800578	60061	54961	0
60061	54966	0.00136205	0.06382241	0.47499344	0.06324611	0.47281686	0.77622850	0.77490069	0.38819634	0.38780380	0.77572027	0.77458425	0.38791325	0.38782393	60061	54964	0
60061	55068	0.00047380	0.06350345	0.47091323	0.06369747	0.47357799	0.76995166	0.76884292	0.38466444	0.38453469	0.77022932	0.76897242	0.38477940	0.38454882	60061	55066	0
60061	55071	0.00093331	0.06332583	0.47258307	0.06340834	0.47120452	0.76988880	0.76855310	0.38476156	0.38450478	0.76945683	0.76837118	0.38442170	0.38432992	60061	55069	0
60061	55074	0.00104552	0.06360803	0.47231648	0.06323031	0.47197985	0.76978264	0.76898697	0.38475080	0.38455211	0.76972282	0.76837315	0.38470856	0.38424397	60061	55072	0
60061	55077	0.00014513	0.06322408	0.47076916	0.06341427	0.47347034	0.76971090	0.76826649	0.38451883	0.38431833	0.76974278	0.76842196	0.38452935	0.38446566	60061	55076	0
60061	55081	0.00160899	0.06317501	0.47420741	0.06351381	0.46981585	0.76948665	0.76827397	0.38451447	0.38429869	0.76945107	0.76830495	0.38468909	0.38418587	60061	55079	0
60061	55182	0.00122817	0.06358780	0.47098265	0.06371514	0.47212510	0.76392660	0.76285221	0.38186132	0.38160634	0.76397788	0.76279304	0.38220447	0.38170248	60061	55181	0
60061	55186	0.00106575	0.06328848	0.47251740	0.06350253	0.47300465	0.76389981	0.76288729	0.38193922	0.38189435	0.76373662	0.76277751	0.38207760	0.38161398	60061	55184	0
60061	55189	0.00096233	0.06348671	0.47245322	0.06320813	0.47276350	0.76380564	0.76289609	0.38212443	0.38179164	0.76387960	0.76311113	0.38202780	0.38191999	60061	55187	0
60061	55192	0.00119358	0.06288614	0.47310769	0.06320186	0.47241392	0.76389357	0.76292912	0.38222140	0.38207620	0.76395569	0.76285599	0.38242600	0.38193914	60061	55191	0
60061	55195	0.00127702	0.06304974	0.47307167	0.06337743	0.47282137	0.76413737	0.76297785	0.38251253	0.38214054	0.76421280	0.76332100	0.38255074	0.38237325	60061	55194	0
60061	55297	0.00190280	0.06130284	0.47230063	0.06141273	0.47042328	0.76109086	0.76006610	0.38163839	0.38161645	0.76137517	0.76043275	0.38183618	0.38164332	60061	55296	0
60061	55301	0.00137071	0.06162127	0.47137398	0.06081340	0.47297025	0.76148643	0.76051377	0.38209847	0.38176855	0.76094944	0.75976667	0.38169862	0.38142828	60061	55299	0
60061	55304	0.00105700	0.06110817	0.47124391	0.06152685	0.47218503	0.76121313	0.76014096	0.38172754	0.38153000	0.76100787	0.75995402	0.38166329	0.38129088	60061	55302	0
60061	55307	0.00014418	0.06072279	0.47172024	0.06127819	0.47445872	0.76101633	0.76002411	0.38162877	0.38157922	0.76098494	0.75965836	0.38164472	0.38121742	60061	55305	0
60061	55310	0.00071041	0.06109924	0.47345162	0.06105193	0.47175291	0.76062388	0.75949714	0.38144109	0.38122572	0.76067236	0.75955746	0.38166444	0.38128793	60061	55309	0
60061	55412	0.00062595	0.06023494	0.47143286	0.06028531	0.47168624	0.75737835	0.75653568	0.38047385	0.38041995	0.75730169	0.75637997	0.38042176	0.38033244	60061	55411	0
60061	55415	0.00164782	0.05976577	0.47493026	0.06037452	0.47186465	0.75722140	0.75633412	0.38038535	0.38039571	0.75734770	0.75605974	0.38045504	0.38004755	60061	55414	0
60061	55419	0.00037551	0.06024995	0.47012668	0.05998760	0.47394361	0.75696207	0.75613033	0.38019784	0.38007705	0.75672336	0.75580731	0.38032175	0.37987137	60061	55417	0
60061	55422	0.00176148	0.05994022	0.47487998	0.05987472	0.47072209	0.75673043	0.75557592	0.38016349	0.37987441	0.75684785	0.75568274	0.38009151	0.37995502	60061	55420	0
60061	55425	0.00071102	0.06000004	0.47078489	0.06008411	0.47393625	0.75662122	0.75560238	0.38014960	0.37987992	0.75652295	0.75540623	0.37971549	0.37991574	60061	55424	0
60061	55527	0.00030315	0.06031623	0.47407012	0.06017051	0.47529374	0.75174007	0.75074193	0.37723334	0.37717121	0.75203252	0.75086445	0.37770377	0.37720786	60061	55525	0
60061	55530	0.00129904	0.06002705	0.47385814	0.06002205	0.47087048	0.75184829	0.75086815	0.37759062	0.37713761	0.75150966	0.75034644	0.37740483	0.37717097	60061	55529	0
60061	55534	0.00087636	0.05978685	0.47208368	0.05978480	0.47335170	0.75136455	0.75049681	0.37725067	0.37715420	0.75155880	0.75049673	0.37739291	0.37708263	60061	55532	0
60061	55537	0.00125960	0.05977122	0.47262612	0.05962157	0.47147642	0.75141566	0.75037676	0.37718872	0.37698164	0.75150563	0.75056929	0.37727952	0.37716776	60061	55535	0
60061	55540	0.00116136	0.05998292	0.47044944	0.06002030	0.47074415	0.75146102	0.75042015	0.37740491	0.37708863	0.75171862	0.75067307	0.37748001	0.37717491	60061	55539	0
60061	55642	0.00084659	0.06059692	0.47280700	0.06081862	0.47375131	0.74806018	0.74709853	0.37615048	0.37575918	0.74815115	0.74734225	0.37593396	0.37597381	60061	55640	0
60061	55645	0.00096751	0.06058910	0.47306423	0.06019465	0.47270147	0.74836890	0.74725293	0.37599591	0.37592599	0.74836011	0.74709697	0.37620890	0.37583445	60061	55644	0
60061	55649	0.00198226	0.06027962	0.47401703	0.06057406	0.47097277	0.74770323	0.74679523	0.37584119	0.37574628	0.74810143	0.74706048	0.37589501	0.37586502	60061	55647	0
60061	55652	0.00143721	0.05990314	0.47242920	0.06004653	0.47406434	0.74771005	0.74670090	0.37608671	0.37562894	0.74785590	0.74659186	0.37591235	0.37566830	60061	55650	0
60061	55655	0.00126072	0.06009003	0.47197633	0.06009282	0.47250581	0.74789765	0.74659646	0.37599156	0.37567709	0.74778072	0.74674741	0.37568909	0.37566936	60061	55653	0
60061	55757	0.00106774	0.05867812	0.47113637	0.05902826	0.47171531	0.74486872	0.74385481	0.37510435	0.37507518	0.74475516	0.74376853	0.37532030	0.37501035	60061	55755	0
60061	55760	0.00062137	0.05874977	0.47268031	0.05820274	0.47401941	0.74505123	0.74374158	0.37538719	0.37510591	0.74477045	0.74343121	0.37511734	0.37510550	60061	55758	0
60061	55763	0.00157212	0.05867071	0.47463525	0.05865695	0.47178302	0.74450971	0.74359424	0.37515448	0.37492530	0.74447208	0.74326983	0.37513303	0.37480829	60061	55762	0
60061	55767	0.00154114	0.05858845	0.47250941	0.05778933	0.47260234	0.74435112	0.74307566	0.37507428	0.37473976	0.74404775	0.74299702	0.37470993	0.37467336	60061	55765	0
60061	55770	0.00092444	0.05866000	0.47310940	0.05841528	0.47495951	0.74408941	0.74336613	0.37482998	0.37474937	0.74421332	0.74331708	0.37464337	0.37464740	60061	55768	0
60061	55872	0.00180105	0.05836950	0.47559064	0.05848821	0.47296079	0.74126032	0.74012940	0.37351491	0.37341926	0.74166354	0.74064141	0.37376175	0.37345081	60061	55870	0
60061	55875	-0.00007713	0.05874991	0.46946957	0.05861069	0.47510413	0.74154949	0.74079178	0.37393365	0.37368862	0.74177398	0.74069605	0.37369454	0.37365805	60061	55873	0
60061	55878	0.00148252	0.05880269	0.47589153	0.05864820	0.47121257	0.74138054	0.74059178	0.37379035	0.37355649	0.74154472	0.74077247	0.37380308	0.37366413	60061	55877	0
60061	55882	0.00052866	0.05861864	0.47225224	0.05837873	0.47511382	0.74171334	0.74066105	0.37379774	0.37361647	0.74174924	0.74051552	0.37362379	0.37354203	60061	55880	0
60061	55885	0.00018747	0.05837467	0.47231020	0.05846921	0.47333376	0.74128062	0.74044346	0.37387720	0.37358122	0.74142598	0.74049005	0.37363356	0.37349897	60061	55883	0
60061	55987	0.00209889	0.05824880	0.47677137	0.05845917	0.47103712	0.73821521	0.73754675	0.37215982	0.37226886	0.73817585	0.73696867	0.37237009	0.37202004	60061	55985	0
60061	55990	0.00038167	0.05825408	0.47149329	0.05840311	0.47664494	0.73816172	0.73733409	0.37225144	0.37229425	0.73831743	0.73740262	0.37222588	0.37220518	60061	55988	0
60061	55993	0.00061109	0.05869414	0.47460218	0.05851969	0.47391391	0.73793887	0.73696974	0.37213114	0.37185669	0.73767387	0.73685256	0.37217403	0.37203081	60061	55992	0
60061	55996	0.00159732	0.05826042	0.47301701	0.05830978	0.47005833	0.73772235	0.73655789	0.37218595	0.37203878	0.73782161	0.73697163	0.37225760	0.37207107	60061	55995	0
60061	56000	0.00195560	0.05826932	0.47458133	0.05818011	0.47350650	0.73766869	0.73647178	0.37210090	0.37190311	0.73794388	0.73657408	0.37225259	0.37202317	60061	55998	0
60061	56102	0.00077885	0.05785039	0.47329439	0.05750404	0.47682463	0.73648287	0.73551275	0.37266460	0.37262598	0.73674245	0.73587612	0.37273157	0.37276312	60061	56100	0
60061	56105	0.00185480	0.05765248	0.47446447	0.05792766	0.47123662	0.73662774	0.73577595	0.37280643	0.37264299	0.73663933	0.73569246	0.37288358	0.37252885	60061	56103	0
60061	56108	0.00086974	0.05710960	0.47140736	0.05728542	0.47436256	0.73679134	0.73579164	0.37278095	0.37265071	0.73645649	0.73549270	0.37276361	0.37273379	60061	56106	0
60061	56111	0.00123390	0.05714825	0.47350881	0.05727908	0.47241632	0.73616766	0.73514479	0.37262992	0.37257330	0.73622880	0.73526353	0.37267676	0.37248867	60061	56110	0
60061	56115	0.00075621	0.05714391	0.47215096	0.05720758	0.47358403	0.73601671	0.73511020	0.37266813	0.37251414	0.73627785	0.73534134	0.37261571	0.37260913	60061	56113	0
60061	56216	0.00047562	0.05838595	0.47119805	0.05777640	0.47203983	0.73320858	0.73218834	0.37095288	0.37075764	0.73324507	0.73251185	0.37117335	0.37100753	60061	56215	0
60061	56220	0.00204438	0.05795628	0.47709411	0.05793317	0.47238782	0.73341007	0.73250306	0.37121945	0.37103267	0.73386826	0.73234167	0.37150795	0.37110794	60061	56218	0
60061	56223	0.00121189	0.05793795	0.47167441	0.05776365	0.47417189	0.73328541	0.73233995	0.37096167	0.37112027	0.73314432	0.73237010	0.37126365	0.37107606	60061	56221	0
60061	56226	0.00073890	0.05747309	0.47082749	0.05765059	0.47224646	0.73314893	0.73216870	0.37124163	0.37106546	0.73313233	0.73214561	0.37109340	0.37090851	60061	56225	0
60061	56229	0.00089513	0.05785341	0.47343467	0.05785226	0.47296598	0.73316766	0.73220732	0.37118830	0.37103629	0.73296577	0.73216755	0.37127163	0.37107713	60061	56228	0
60061	56331	0.00061279	0.05676244	0.47201152	0.05683454	0.47285853	0.73025690	0.72951152	0.37008564	0.36993568	0.73047835	0.72963190	0.37022468	0.37015516	60061	56330	0
60061	56335	0.00102690	0.05657436	0.47381172	0.05643920	0.47256941	0.73030193	0.72954406	0.37013511	0.37000906	0.73013134	0.72907577	0.36997635	0.36999419	60061	56333	0
60061	56338	0.00074998	0.05638063	0.47227799	0.05660371	0.47310874	0.73027292	0.72937298	0.37016058	0.37007734	0.73050522	0.72941004	0.37021490	0.37008466	60061	56336	0
60061	56341	0.00079416	0.05716873	0.47322529	0.05714379	0.47309275	0.73161906	0.72965770	0.37100605	0.37000183	0.73053143	0.72948424	0.37021441	0.37008786	60061	56339	0
60061	56344	0.00160649	0.05694250	0.47317104	0.05636128	0.47073405	0.73073842	0.72960158	0.37040085	0.36997200	0.73016010	0.72922154	0.37026765	0.37011194	60061	56343	0
60061	56446	0.00104253	0.05687892	0.47271513	0.05684980	0.47440700	0.72682624	0.72573221	0.36834476	0.36798189	0.72686280	0.72605999	0.36804656	0.36798838	60061	56445	0
60061	56449	0.00093824	0.05664832	0.47352151	0.05660270	0.47383438	0.72696905	0.72605095	0.36808904	0.36794228	0.72672237	0.72595974	0.36805707	0.36786101	60061	56448	0
60061	56453	0.00121237	0.05655718	0.47423568	0.05580147	0.47341330	0.72676798	0.72573212	0.36811065	0.36808419	0.72701811	0.72608423	0.36831148	0.36824311	60061	56451	0
60061	56456	0.00178270	0.05650838	0.47233214	0.05640365	0.47062116	0.72687842	0.72569695	0.36819866	0.36806866	0.72708138	0.72606410	0.36841025	0.36820038	60061	56454	0
60061	56459	0.00128501	0.05623582	0.47139672	0.05636973	0.47288977	0.72697176	0.72595744	0.36830252	0.36807564	0.72697982	0.72607272	0.36854468	0.36830318	60061	56458	0
60061	56561	0.00125596	0.05691056	0.47307628	0.05650678	0.47316344	0.72426060	0.72324980	0.36700290	0.36678046	0.72389329	0.72299113	0.36682483	0.36678604	60061	56559	0
60061	56564	0.00053666	0.05640905	0.47158944	0.05668104	0.47374735	0.72432494	0.72334447	0.36696896	0.36690174	0.72407177	0.72342195	0.36688375	0.36703313	60061	56563	0
60061	56568	0.00065267	0.05665776	0.47234843	0.05679584	0.47200041	0.72421359	0.72310494	0.36705951	0.36678925	0.72404983	0.72283648	0.36709706	0.36678859	60061	56566	0
60061	56571	-0.00059090	0.05645960	0.47060230	0.05643745	0.47433300	0.72362903	0.72291323	0.36670371	0.36648957	0.72409831	0.72302926	0.36699180	0.36647815	60061	56569	0
60061	56574	0.00138662	0.05680613	0.47471633	0.05616275	0.46878376	0.72345014	0.72302991	0.36674972	0.36669787	0.72364234	0.72245981	0.36647330	0.36649902	60061	56573	0
60061	56676	0.00047514	0.05601708	0.47142876	0.05549872	0.47416320	0.72206054	0.72117916	0.36640091	0.36630362	0.72202315	0.72092090	0.36648464	0.36635834	60061	56674	0
60061	56679	0.00002655	0.05551455	0.47223816	0.05582182	0.47358394	0.72200515	0.72084259	0.36629532	0.36612785	0.72203309	0.72088647	0.36637642	0.36630863	60061	56678	0
60061	56682	0.00131504	0.05589284	0.47497855	0.05578940	0.47111308	0.72222669	0.72118344	0.36639129	0.36643451	0.72178230	0.72091005	0.36636114	0.36623155	60061	56681	0
60061	56686	0.00136635	0.05556221	0.47345502	0.05550984	0.47330109	0.72176907	0.72078564	0.36623985	0.36616359	0.72167729	0.72072599	0.36640452	0.36607403	60061	56684	0
60061	56689	0.00110057	0.05585595	0.47244204	0.05530517	0.47323938	0.72138476	0.72054151	0.36628422	0.36606819	0.72145452	0.72062294	0.36615710	0.36591733	60061	56687	0
60061	56791	0.00068687	0.05487578	0.47208805	0.05504916	0.47332915	0.72007223	0.71946408	0.36584107	0.36577558	0.72013024	0.71911263	0.36585751	0.36581141	60061	56789	0
60061	56794	0.00131063	0.05486257	0.47312087	0.05490526	0.47124958	0.71998907	0.71915865	0.36599769	0.36574756	0.72011940	0.71930894	0.36608298	0.36583483	60061	56792	0
60061	56797	0.00115607	0.05482749	0.47327827	0.05485120	0.47374195	0.72019072	0.71898798	0.36594954	0.36580837	0.71991775	0.71877072	0.36578306	0.36570335	60061	56796	0
60061	56801	0.00143427	0.05455837	0.47276503	0.05482163	0.47193044	0.71936909	0.71857613	0.36570730	0.36553868	0.71991988	0.71890071	0.36575060	0.36578511	60061	56799	0
60061	56804	0.00110058	0.05507985	0.47264887	0.05491333	0.47364994	0.72033280	0.71922759	0.36611010	0.36586211	0.72028900	0.71942423	0.36598849	0.36597296	60061	56802	0
60061	56906	0.00164724	0.05536466	0.47387469	0.05527352	0.47223473	0.71735342	0.71628404	0.36416346	0.36394028	0.71746526	0.71655718	0.36417545	0.36409994	60061	56904	0
60061	56909	0.00036196	0.05511119	0.47124375	0.05535022	0.47509959	0.71750659	0.71670410	0.36435763	0.36430693	0.71708538	0.71639464	0.36416831	0.36405384	60061	56907	0
60061	56912	0.00061402	0.05501810	0.47323118	0.05517012	0.47247500	0.71727610	0.71623646	0.36423528	0.36401292	0.71690222	0.71614246	0.36408227	0.36395778	60061	56911	0
60061	56916	0.00026239	0.05518515	0.47191188	0.05528415	0.47296674	0.71709195	0.71621995	0.36407520	0.36407562	0.71706927	0.71616497	0.36419871	0.36395967	60061	56914	0
60061	56919	0.00046712	0.05441587	0.47434614	0.05526013	0.47373197	0.71700912	0.71586817	0.36411432	0.36379985	0.71711233	0.71617278	0.36403395	0.36400339	60061	56917	0
60061	57021	-0.00002738	0.05520718	0.47296665	0.05513421	0.47445014	0.71583160	0.71487809	0.36420569	0.36403535	0.71577154	0.71485500	0.36420150	0.36405631	60061	57019	0
60061	57024	0.00100221	0.05506290	0.47552797	0.05516384	0.47243919	0.71572207	0.71470799	0.36408490	0.36400692	0.71567827	0.71463847	0.36398260	0.36393601	60061	57022	0
60061	57027	0.00079625	0.05500598	0.47253293	0.05516339	0.47315081	0.71549906	0.71468753	0.36395910	0.36383781	0.71550407	0.71448153	0.36382253	0.36367232	60061	57026	0
60061	57030	0.00009575	0.05484697	0.47150359	0.05507984	0.47360512	0.71544211	0.71464069	0.36388983	0.36374101	0.71568098	0.71452483	0.36392072	0.36364635	60061	57029	0
60061	57034	0.00110369	0.05509193	0.47257343	0.05499824	0.46954961	0.71545140	0.71454447	0.36390938	0.36368062	0.71507998	0.71424364	0.36371702	0.36362959	60061	57032	0
60061	57135	-0.00012549	0.05511185	0.47192062	0.05478035	0.47560815	0.71351223	0.71249692	0.36276383	0.36247976	0.71354576	0.71263143	0.36269308	0.36260779	60061	57134	0
60061	57139	0.00073203	0.05493111	0.47317042	0.05503968	0.47059786	0.71352078	0.71267573	0.36283548	0.36261083	0.71345373	0.71261607	0.36265701	0.36262217	60061	57137	0
60061	57142	0.00094342	0.05480947	0.47265292	0.05492821	0.47201874	0.71343935	0.71264442	0.36259875	0.36251099	0.71348092	0.71231524	0.36270467	0.36250630	60061	57140	0
60061	57145	0.00137478	0.05496803	0.47310553	0.05471561	0.47181144	0.71320968	0.71223282	0.36254838	0.36242602	0.71316382	0.71248558	0.36246472	0.36244311	60061	57144	0
60061	57149	0.00076453	0.05505278	0.47193593	0.05467345	0.47376669	0.71324320	0.71238467	0.36275446	0.36258889	0.71321107	0.71242272	0.36276777	0.36245289	60061	57147	0
60061	57250	0.00006972	0.05391835	0.47191944	0.05389613	0.47400386	0.71194555	0.71127774	0.36241263	0.36239817	0.71188343	0.71097058	0.36263844	0.36247179	60061	57249	0
60061	57254	0.00127867	0.05365330	0.47436312	0.05418746	0.47073629	0.71212822	0.71116944	0.36272734	0.36254969	0.71236668	0.71133460	0.36296301	0.36278437	60061	57252	0
60061	57257	0.00057455	0.05382737	0.47130125	0.05383680	0.47341359	0.71211975	0.71135876	0.36291618	0.36290746	0.71204415	0.71136829	0.36288972	0.36291034	60061	57255	0
60061	57260	0.00076123	0.05389978	0.47321186	0.05386574	0.47265183	0.71218598	0.71111660	0.36308586	0.36281280	0.71211162	0.71124208	0.36307107	0.36293927	60061	57259	0
60061	57263	0.00143126	0.05368240	0.47405637	0.05378413	0.47204627	0.71233266	0.71137331	0.36300336	0.36296219	0.71179123	0.71085620	0.36281987	0.36275298	60061	57262	0
60061	57365	0.00112947	0.05453878	0.47322032	0.05453106	0.47412569	0.71091413	0.70985552	0.36262225	0.36241164	0.71074584	0.70956767	0.36251625	0.36222322	60061	57364	0
60061	57369	0.00162510	0.05428881	0.47522856	0.05441737	0.47374166	0.71083097	0.70999693	0.36253038	0.36246793	0.71073007	0.71000400	0.36264747	0.36250088	60061	57367	0
60061	57372	0.00058665	0.05489896	0.47159865	0.05388651	0.47471400	0.71099137	0.71000770	0.36281625	0.36261239	0.71092909	0.70994755	0.36284493	0.36265586	60061	57370	0
60061	57375	0.00013515	0.05443956	0.47170899	0.05443085	0.47306351	0.71097116	0.71001041	0.36282948	0.36266079	0.71067394	0.71002076	0.36264616	0.36258026	60061	57373	0
60061	57378	0.00127056	0.05423969	0.47360780	0.05436047	0.47020157	0.71075842	0.70966036	0.36261009	0.36252471	0.71055044	0.70987499	0.36258765	0.36244246	60061	57377	0
60061	57480	0.00157532	0.05519868	0.47409681	0.05493745	0.47318252	0.70836755	0.70779769	0.36088440	0.36099944	0.70802506	0.70677564	0.36069508	0.36055489	60061	57479	0
60061	57483	0.00167684	0.05487931	0.47348840	0.05502599	0.47318385	0.70841316	0.70760476	0.36110832	0.36097216	0.70850051	0.70765628	0.36111259	0.36085622	60061	57482	0
60061	57487	0.00119282	0.05455333	0.47072113	0.05500176	0.47217320	0.70843157	0.70754814	0.36109082	0.36090651	0.70856074	0.70766984	0.36112245	0.36089870	60061	57485	0
60061	57490	0.00170434	0.05493744	0.47280792	0.05488308	0.47127335	0.70825260	0.70736177	0.36112927	0.36099229	0.70872985	0.70783410	0.36120602	0.36097306	60061	57488	0
60061	57493	0.00200107	0.05492950	0.47350637	0.05474104	0.47261618	0.70850749	0.70746999	0.36121498	0.36093206	0.70832729	0.70758964	0.36093017	0.36090305	60061	57492	0
60061	57595	0.00070461	0.05378929	0.47037833	0.05395710	0.47426770	0.70755907	0.70661829	0.36119920	0.36103576	0.70753959	0.70673374	0.36123593	0.36084710	60061	57593	0
60061	57598	0.00138901	0.05378558	0.47216771	0.05357247	0.47011451	0.70736136	0.70666940	0.36115088	0.36123938	0.70745874	0.70681180	0.36108934	0.36109213	60061	57597	0
60061	57602	0.00143383	0.05365351	0.47242434	0.05387695	0.47228989	0.70730943	0.70647325	0.36115343	0.36093970	0.70749801	0.70653603	0.36119139	0.36097101	60061	57600	0
60061	57605	0.00213333	0.05379542	0.47242126	0.05341030	0.47032276	0.70737443	0.70659610	0.36104045	0.36091809	0.70725290	0.70615977	0.36089845	0.36081505	60061	57603	0
60061	57608	0.00079839	0.05349065	0.46982894	0.05368209	0.47383374	0.70711444	0.70642978	0.36107603	0.36087742	0.70728453	0.70633397	0.36096830	0.36089747	60061	57607	0
60061	57710	0.00124390	0.05297261	0.47392979	0.05289270	0.47259328	0.70532154	0.70454756	0.36014297	0.35981839	0.70551571	0.70455192	0.36014305	0.36006211	60061	57708	0
60061	57713	0.00047803	0.05177551	0.47078904	0.05283732	0.47308663	0.70565252	0.70442201	0.36008627	0.35999908	0.70572056	0.70470073	0.36019137	0.36003894	60061	57712	0
60061	57717	0.00070970	0.05271378	0.47386619	0.05275496	0.47317118	0.70555137	0.70453696	0.36023796	0.35994050	0.70532770	0.70431165	0.36020657	0.35997164	60061	57715	0
60061	57720	0.00159358	0.05268781	0.47456861	0.05294164	0.47191697	0.70536928	0.70449226	0.36018512	0.36000747	0.70541357	0.70434887	0.36006088	0.35989374	60061	57718	0
60061	57723	0.00047353	0.05279171	0.47154356	0.05275037	0.47490371	0.70543099	0.70449530	0.36022473	0.36007583	0.70538875	0.70447813	0.36003877	0.35995126	60061	57721	0
60061	57825	0.00103509	0.05389321	0.47376862	0.05402202	0.47208394	0.70285894	0.70192654	0.35817200	0.35820709	0.70291317	0.70199285	0.35834440	0.35818926	60061	57823	0
60061	57828	0.00097115	0.05380824	0.47251024	0.05394048	0.47270206	0.70268326	0.70194946	0.35823593	0.35809903	0.70263666	0.70171404	0.35822237	0.35817143	60061	57827	0
60061	57831	0.00076828	0.05369021	0.47445886	0.05364378	0.47506749	0.70236895	0.70163795	0.35824176	0.35793535	0.70284226	0.70192103	0.35850159	0.35825573	60061	57830	0
60061	57835	0.00083112	0.05414991	0.47270390	0.05419665	0.47251536	0.70302895	0.70195505	0.35839230	0.35840422	0.70306692	0.70225966	0.35855073	0.35834062	60061	57833	0
60061	57838	0.00131694	0.05388047	0.47293263	0.05410797	0.47147517	0.70303676	0.70251727	0.35858853	0.35844497	0.70301613	0.70239500	0.35849042	0.35840635	60061	57836	0
60061	57940	0.00103119	0.05309665	0.47201771	0.05303501	0.47287497	0.70144929	0.70074795	0.35806575	0.35815261	0.70177888	0.70088156	0.35830947	0.35810750	60061	57938	0
60061	57943	0.00150886	0.05315073	0.47569866	0.05285545	0.47426564	0.70200485	0.70088033	0.35831079	0.35811218	0.70143540	0.70064959	0.35828227	0.35808219	60061	57941	0
60061	57946	0.00052959	0.05292465	0.47285753	0.05290503	0.47579536	0.70139325	0.70024819	0.35794628	0.35788637	0.70176951	0.70086242	0.35830463	0.35809944	60061	57945	0
60061	57950	0.00114974	0.05290613	0.47454542	0.05309863	0.47268496	0.70191849	0.70053472	0.35835039	0.35799484	0.70158610	0.70038788	0.35809994	0.35797306	60061	57948	0
60061	57953	0.00107223	0.05296306	0.47349381	0.05295525	0.47372632	0.70144173	0.70057391	0.35791415	0.35779261	0.70108633	0.70014506	0.35781266	0.35789960	60061	57951	0
60061	58055	0.00191046	0.05212513	0.47351101	0.05219366	0.47099633	0.70039618	0.69950511	0.35764906	0.35758168	0.70048698	0.69981013	0.35781160	0.35777980	60061	58053	0
60061	58058	0.00078804	0.05208441	0.47245731	0.05213113	0.47582455	0.70067991	0.70003758	0.35797454	0.35789278	0.70079676	0.69974801	0.35773608	0.35768004	60061	58056	0
60061	58061	0.00231363	0.05229207	0.47515141	0.05201624	0.47057467	0.70039913	0.69947109	0.35772203	0.35773542	0.70035197	0.69964653	0.35784833	0.35773583	60061	58060	0
60061	58064	0.00026061	0.05201511	0.47070034	0.05217049	0.47685939	0.70033315	0.69950018	0.35776238	0.35765884	0.70071755	0.69959665	0.35797076	0.35785761	60061	58063	0
60061	58068	0.00153639	0.05219934	0.47432181	0.05211745	0.47049448	0.70039404	0.69950001	0.35787725	0.35779401	0.70044293	0.69950059	0.35781308	0.35771973	60061	58066	0
60061	58170	0.00125819	0.05209358	0.47263775	0.05219752	0.47347234	0.69958810	0.69863434	0.35754059	0.35727674	0.69947454	0.69845298	0.35735990	0.35718438	60061	58168	0
60061	58173	0.00123180	0.05245177	0.47229684	0.05217062	0.47237600	0.69930116	0.69832176	0.35729252	0.35709120	0.69935810	0.69842521	0.35727888	0.35720016	60061	58171	0
60061	58176	0.00082434	0.05195006	0.47345872	0.05118377	0.47468111	0.69940091	0.69807458	0.35717394	0.35696646	0.69876663	0.69807269	0.35701379	0.35691330	60061	58174	0
60061	58179	0.00049870	0.05210537	0.47241363	0.05196554	0.47339057	0.69891002	0.69814353	0.35700286	0.35700599	0.69880862	0.69809324	0.35690344	0.35682850	60061	58178	0
60061	58183	0.00106310	0.05210287	0.47486265	0.05239933	0.47316944	0.69866934	0.69799151	0.35685611	0.35691691	0.69880172	0.69786546	0.35684526	0.35686687	60061	58181	0
60061	58284	0.00054713	0.05357457	0.47244776	0.05373827	0.47399566	0.69882062	0.69770991	0.35737370	0.35713450	0.69870837	0.69772544	0.35748965	0.35730131	60061	58283	0
60061	58288	0.00170755	0.05335538	0.47485242	0.05349289	0.47137117	0.69881355	0.69781213	0.35747436	0.35726442	0.69899564	0.69805453	0.35761471	0.35741265	60061	58286	0
60061	58291	0.00017324	0.05347019	0.47008848	0.05343530	0.47469141	0.69884732	0.69824098	0.35760756	0.35741290	0.69889293	0.69816892	0.35762687	0.35746861	60061	58289	0
60061	58294	0.00156438	0.05342898	0.47431817	0.05348708	0.47014475	0.69907584	0.69806423	0.35763854	0.35751734	0.69839867	0.69783694	0.35738743	0.35734790	60061	58293	0
60061	58297	0.00105494	0.05334997	0.47161609	0.05326907	0.47314440	0.69906491	0.69806546	0.35774800	0.35756286	0.69904980	0.69810219	0.35778563	0.35761249	60061	58296	0
60061	58399	0.00088933	0.05218793	0.47174360	0.05194671	0.47224044	0.69679715	0.69590345	0.35633818	0.35617720	0.69693733	0.69610452	0.35636439	0.35634787	60061	58398	0
60061	58403	0.00106521	0.05217011	0.47129857	0.05199509	0.47077093	0.69697570	0.69618012	0.35628263	0.35618830	0.69692122	0.69621529	0.35639364	0.35631205	60061	58401	0
60061	58406	0.00130755	0.05200590	0.47327277	0.05224230	0.47254574	0.69696790	0.69618628	0.35630498	0.35629816	0.69695680	0.69608225	0.35646916	0.35616315	60061	58404	0
60061	58409	0.00140100	0.05217584	0.47295212	0.05198436	0.47267179	0.69699567	0.69594577	0.35635773	0.35625231	0.69673280	0.69590501	0.35627762	0.35638214	60061	58407	0
60061	58412	0.00186811	0.05187909	0.47341642	0.05194319	0.47201507	0.69680569	0.69594511	0.35631090	0.35618394	0.69684579	0.69570320	0.35624195	0.35601738	60061	58411	0
60061	58514	0.00117601	0.05184592	0.47094634	0.05178549	0.47302265	0.69673461	0.69601742	0.35678930	0.35661173	0.69686699	0.69605571	0.35681428	0.35661781	60061	58513	0
60061	58517	0.00095327	0.05181082	0.47330060	0.05167652	0.47396884	0.69671621	0.69544205	0.35662874	0.35628181	0.69687480	0.69603476	0.35677213	0.35657459	60061	58516	0
60061	58521	0.00132185	0.05161928	0.47418582	0.05162522	0.47308008	0.69664398	0.69580188	0.35641731	0.35642421	0.69662910	0.69592678	0.35644541	0.35629389	60061	58519	0
60061	58524	0.00149262	0.05150989	0.47280136	0.05152618	0.47228904	0.69651719	0.69562242	0.35622256	0.35613538	0.69658999	0.69557550	0.35639874	0.35613875	60061	58522	0
60061	58527	-0.00005616	0.05166395	0.47212649	0.05172053	0.47677281	0.69679484	0.69522882	0.35631772	0.35590620	0.69624290	0.69530688	0.35599519	0.35586569	60061	58526	0
60061	58629	0.00102317	0.05245798	0.47447517	0.05232878	0.47123717	0.69447991	0.69381596	0.35497536	0.35491546	0.69464269	0.69372122	0.35492746	0.35493929	60061	58627	0
60061	58632	0.00158963	0.05214783	0.47398105	0.05253832	0.47228167	0.69460292	0.69397266	0.35506994	0.35495392	0.69452190	0.69376510	0.35506879	0.35505384	60061	58631	0
60061	58636	0.00168048	0.05249520	0.47189080	0.05235253	0.47161825	0.69457983	0.69366132	0.35511481	0.35490831	0.69429642	0.69344167	0.35490215	0.35503436	60061	58634	0
60061	58639	0.00088045	0.05252610	0.47158154	0.05227446	0.47398163	0.69430842	0.69339927	0.35504209	0.35490059	0.69462979	0.69362278	0.35501349	0.35494759	60061	58637	0
60061	58642	0.00116540	0.05143209	0.47276766	0.05273294	0.47191281	0.69420866	0.69336895	0.35490519	0.35476007	0.69456142	0.69364283	0.35497380	0.35491209	60061	58640	0
60061	58744	0.00019595	0.05183154	0.47135222	0.05184455	0.47426055	0.69333855	0.69235988	0.35495293	0.35475391	0.69336862	0.69247451	0.35488292	0.35477322	60061	58742	0
60061	58747	0.00114418	0.05171660	0.47456479	0.05188792	0.47172013	0.69315539	0.69233975	0.35477281	0.35473731	0.69324545	0.69236637	0.35489722	0.35475925	60061	58746	0
60061	58750	0.00039996	0.05183883	0.47190112	0.05170945	0.47413378	0.69324495	0.69248232	0.35497544	0.35468760	0.69350240	0.69225947	0.35479450	0.35465991	60061	58749	0
60061	58754	0.00010081	0.05195961	0.47230452	0.05159498	0.47320197	0.69311537	0.69222972	0.35470822	0.35463525	0.69328571	0.69236284	0.35461759	0.35456524	60061	58752	0
60061	58757	0.00211904	0.05175839	0.47579295	0.05196207	0.46973825	0.69331102	0.69237385	0.35458151	0.35453763	0.69325120	0.69242792	0.35455645	0.35450625	60061	58755	0
60061	58859	0.00098942	0.05095473	0.47106790	0.05099641	0.47445676	0.69140053	0.69061513	0.35341566	0.35318148	0.69179413	0.69072533	0.35366275	0.35340827	60061	58857	0
60061	58862	0.00051459	0.05114078	0.47255228	0.05076813	0.47397679	0.69161048	0.69060437	0.35349997	0.35343407	0.69133077	0.69061275	0.35356185	0.35335650	60061	58860	0
60061	58865	0.00132288	0.05081547	0.47344156	0.05106282	0.47101670	0.69170949	0.69089033	0.35362553	0.35353654	0.69165230	0.69074735	0.35351871	0.35343999	60061	58864	0
60061	58869	0.00187861	0.05130485	0.47273426	0.05093730	0.47106707	0.69145887	0.69062960	0.35341517	0.35328698	0.69157087	0.69059821	0.35357730	0.35336579	60061	58867	0
60061	58872	0.00078357	0.05096746	0.47149747	0.05076959	0.47478259	0.69158525	0.69057093	0.35350540	0.35321919	0.69127514	0.69042285	0.35340022	0.35327507	60061	58870	0
60061	58974	0.00146567	0.05094132	0.47417360	0.05074487	0.47212730	0.69106330	0.69033781	0.35318739	0.35327425	0.69098063	0.69026155	0.35325214	0.35320218	60061	58972	0
60061	58977	0.00173791	0.05081950	0.47440293	0.05058950	0.47358619	0.69096855	0.68995850	0.35325559	0.35321262	0.69078753	0.69032663	0.35334245	0.35331533	60061	58975	0
60061	58980	0.00135237	0.05071308	0.47225556	0.05073964	0.47341217	0.69102238	0.69065474	0.35344179	0.35353588	0.69084521	0.68972801	0.35320900	0.35309174	60061	58979	0
60061	58983	0.00141353	0.05074087	0.47286243	0.05058997	0.47267896	0.69106165	0.69033140	0.35329504	0.35328246	0.69083782	0.68977271	0.35313990	0.35305608	60061	58982	0
60061	58987	0.00144964	0.05070549	0.47309627	0.05086090	0.47298793	0.69073888	0.68996047	0.35315797	0.35313636	0.69069328	0.69014051	0.35313760	0.35321632	60061	58985	0
60061	59089	0.00099176	0.05138871	0.47138038	0.05182647	0.47275402	0.69189068	0.69115853	0.35472737	0.35459047	0.69172470	0.69099863	0.35477544	0.35487922	60061	59087	0
60061	59092	0.00063688	0.05145657	0.47247161	0.05168402	0.47353626	0.69169265	0.69084094	0.35488851	0.35481981	0.69179619	0.69091638	0.35493214	0.35471439	60061	59090	0
60061	59095	0.00054772	0.05160336	0.47324508	0.05147192	0.47351256	0.69188222	0.69119107	0.35498802	0.35484463	0.69183785	0.69099049	0.35486944	0.35480239	60061	59093	0
60061	59098	0.00102064	0.05175330	0.47452049	0.05168727	0.47310175	0.69151458	0.69085113	0.35473296	0.35496534	0.69173497	0.69084891	0.35474298	0.35469664	60061	59097	0
60061	59102	0.00120997	0.05122917	0.47372680	0.05156123	0.47315881	0.69136626	0.69034717	0.35473098	0.35470222	0.69158854	0.69082821	0.35457798	0.35464659	60061	59100	0
60061	59203	0.00110345	0.05106298	0.47410105	0.05110501	0.47442061	0.68989120	0.68905486	0.35337581	0.35327227	0.69018636	0.68906365	0.35350548	0.35334795	60061	59202	0
60061	59207	0.00093446	0.05109097	0.47144691	0.05099375	0.47195389	0.68987288	0.68918214	0.35334319	0.35331246	0.69005218	0.68921082	0.35336118	0.35333637	60061	59205	0
60061	59210	0.00070542	0.05086620	0.47324431	0.05116088	0.47393143	0.69001273	0.68935109	0.35353029	0.35332536	0.68994774	0.68902134	0.35335617	0.35325272	60061	59208	0
60061	59213	0.00141181	0.04967143	0.47522841	0.05090440	0.47310923	0.69005193	0.68901747	0.35334631	0.35338616	0.68994042	0.68911789	0.35353917	0.35335864	60061	59212	0
60061	59217	0.00164501	0.05102964	0.47389154	0.05099328	0.47319194	0.68988956	0.68911961	0.35346719	0.35310941	0.68987058	0.68919373	0.35330892	0.35338222	60061	59215	0
60061	59318	0.00122713	0.05062308	0.47385340	0.05042271	0.47510703	0.68922282	0.68820891	0.35287695	0.35290201	0.68883324	0.68815549	0.35294852	0.35279453	60061	59317	0
60061	59322	0.00103119	0.05058945	0.47344297	0.05036130	0.47403080	0.68900523	0.68826643	0.35301771	0.35304425	0.68915010	0.68842732	0.35305148	0.35289223	60061	59320	0
60061	59325	0.00174640	0.04924257	0.47402489	0.05035697	0.47187928	0.68922101	0.68828574	0.35316734	0.35289922	0.68907277	0.68820932	0.35312847	0.35288130	60061	59323	0
60061	59328	0.00136337	0.05044457	0.47236337	0.05036432	0.47351245	0.68905371	0.68821137	0.35314277	0.35289946	0.68904097	0.68830973	0.35306422	0.35291080	60061	59326	0
60061	59331	0.00089098	0.05004228	0.47275933	0.05027828	0.47417648	0.68895888	0.68824416	0.35312264	0.35321895	0.68918880	0.68822296	0.35326463	0.35315255	60061	59330	0
60061	59433	0.00087657	0.05072688	0.47257649	0.05044336	0.47261972	0.68807398	0.68734019	0.35248787	0.35247603	0.68820250	0.68725424	0.35250233	0.35245220	60061	59432	0
60061	59437	0.00064204	0.05057552	0.47290583	0.05051582	0.47360942	0.68809280	0.68738596	0.35262378	0.35248688	0.68813577	0.68739072	0.35254686	0.35240364	60061	59435	0
60061	59440	0.00082505	0.05022886	0.47399328	0.05072920	0.47344425	0.68803733	0.68770256	0.35258195	0.35264794	0.68821055	0.68744471	0.35256889	0.35251613	60061	59438	0
60061	59443	0.00112988	0.05063430	0.47371885	0.05069266	0.47280437	0.68813413	0.68722375	0.35247800	0.35242172	0.68812961	0.68730321	0.35247233	0.35258327	60061	59441	0
60061	59446	0.00147085	0.05070488	0.47388122	0.05037962	0.47285832	0.68793338	0.68718209	0.35249460	0.35255525	0.68815451	0.68721578	0.35271318	0.35233412	60061	59445	0
60061	59548	0.00071970	0.05085317	0.47174437	0.05054913	0.47399780	0.68704232	0.68621600	0.35231876	0.35242944	0.68715900	0.68635199	0.35241490	0.35235212	60061	59546	0
60061	59551	0.00010115	0.05038899	0.47207643	0.05056297	0.47393211	0.68713147	0.68646317	0.35253059	0.35241120	0.68720954	0.68640729	0.35249312	0.35242303	60061	59550	0
60061	59555	0.00178664	0.05071828	0.47554843	0.05038854	0.47049194	0.68704741	0.68619488	0.35240914	0.35222171	0.68702933	0.68615026	0.35222155	0.35213527	60061	59553	0
60061	59558	0.00095316	0.05068103	0.47047399	0.05042057	0.47297443	0.68698397	0.68602553	0.35237167	0.35206838	0.68673360	0.68587507	0.35212779	0.35201308	60061	59556	0
60061	59561	0.00135532	0.05073536	0.47383423	0.05085993	0.47262775	0.68691199	0.68608050	0.35210306	0.35188497	0.68669350	0.68596718	0.35203765	0.35196353	60061	59560	0
60061	59663	0.00088171	0.04999629	0.47123735	0.05044706	0.47265819	0.68589438	0.68492804	0.35128085	0.35114017	0.68590851	0.68496214	0.35125776	0.35108848	60061	59661	0
60061	59666	0.00140348	0.05009482	0.47523952	0.05019202	0.47367423	0.68572757	0.68498893	0.35114650	0.35113959	0.68579216	0.68498499	0.35117945	0.35116737	60061	59665	0
60061	59670	0.00153593	0.05001409	0.47254964	0.04992789	0.47215229	0.68587022	0.68499756	0.35121478	0.35115545	0.68563299	0.68495573	0.35124288	0.35121807	60061	59668	0
60061	59673	0.00108571	0.05028126	0.47184615	0.05035534	0.47319679	0.68546577	0.68484152	0.35121930	0.35107476	0.68536676	0.68491802	0.35102636	0.35111207	60061	59671	0
60061	59676	0.00075228	0.04995620	0.47315390	0.05012350	0.47415422	0.68560875	0.68488104	0.35113902	0.35104025	0.68564384	0.68482434	0.35108561	0.35113302	60061	59674	0
60061	59778	0.00064342	0.04949038	0.47115307	0.04959605	0.47147962	0.68690517	0.68611493	0.35284843	0.35275049	0.68681766	0.68614928	0.35273487	0.35284728	60061	59776	0
60061	59781	0.00045711	0.04935489	0.47145005	0.04949567	0.47200898	0.68674190	0.68595165	0.35267242	0.35245393	0.68684601	0.68619685	0.35270603	0.35276092	60061	59780	0
60061	59784	0.00126221	0.04979689	0.47344062	0.04963910	0.47102532	0.68685554	0.68600079	0.35284038	0.35254974	0.68679884	0.68611657	0.35266001	0.35258869	60061	59783	0
60061	59788	0.00201993	0.04950811	0.47460162	0.04986524	0.47232846	0.68664231	0.68582938	0.35242328	0.35246132	0.68656778	0.68593851	0.35246839	0.35252534	60061	59786	0
60061	59791	0.00218389	0.04984633	0.47315635	0.05005381	0.47266448	0.68672037	0.68581459	0.35250685	0.35230643	0.68645463	0.68556799	0.35224143	0.35215408	60061	59789	0
60061	59893	0.00107494	0.05012660	0.47156225	0.05015208	0.47488911	0.68559207	0.68463666	0.35166475	0.35160542	0.68561278	0.68492533	0.35166015	0.35162547	60061	59891	0
60061	59896	0.00064062	0.05050847	0.47399222	0.05021004	0.47529516	0.68565937	0.68500882	0.35185539	0.35172088	0.68563472	0.68486633	0.35178045	0.35177922	60061	59894	0
60061	59899	0.00101255	0.05020106	0.47481586	0.05031318	0.47370009	0.68555970	0.68484973	0.35182827	0.35168135	0.68562239	0.68477759	0.35182951	0.35173641	60061	59898	0
60061	59903	0.00128649	0.05029210	0.47146885	0.05029205	0.47064701	0.68569676	0.68489846	0.35190601	0.35196443	0.68582683	0.68485277	0.35188045	0.35179951	60061	59901	0
60061	59906	0.00107919	0.05030373	0.47419282	0.05024918	0.47481473	0.68555320	0.68484061	0.35187380	0.35181948	0.68576471	0.68506453	0.35203214	0.35187659	60061	59904	0
60061	60008	0.00122217	0.05022108	0.47289849	0.05034597	0.47246955	0.68561146	0.68426878	0.35235450	0.35214776	0.68530365	0.68474160	0.35228613	0.35218827	60061	60006	0
60061	60011	0.00101796	0.05003646	0.47226392	0.05022599	0.47287653	0.68540308	0.68449319	0.35230060	0.35240725	0.68542871	0.68443321	0.35223026	0.35217791	60061	60009	0
60061	60014	0.00110968	0.05016846	0.47328773	0.05011655	0.47301258	0.68537522	0.68464529	0.35213190	0.35205523	0.68592963	0.68462228	0.35242163	0.35210560	60061	60013	0
60061	60018	0.00088729	0.05005555	0.47305426	0.05029274	0.47372143	0.68517669	0.68445769	0.35214217	0.35198415	0.68501958	0.68426853	0.35202910	0.35193707	60061	60016	0
60061	60021	0.00077821	0.04976385	0.47339921	0.05012260	0.47372646	0.68496477	0.68417174	0.35204800	0.35180453	0.68504341	0.68431003	0.35187256	0.35193460	60061	60019	0
60061	60123	0.00012640	0.04970866	0.47241632	0.04948597	0.47437174	0.68366474	0.68311550	0.35096227	0.35085618	0.68379670	0.68309578	0.35101001	0.35102940	60061	60121	0
60061	60126	0.00121049	0.04953878	0.47510020	0.04949200	0.47184792	0.68392539	0.68338823	0.35113384	0.35117748	0.68390049	0.68290909	0.35125390	0.35085849	60061	60124	0
60061	60129	0.00192206	0.04949133	0.47232531	0.05004992	0.47019063	0.68414076	0.68319332	0.35119194	0.35104995	0.68387658	0.68336366	0.35104181	0.35121240	60061	60128	0
60061	60132	-0.00057326	0.04933069	0.46797322	0.04976323	0.47545918	0.68389630	0.68324295	0.35125652	0.35116704	0.68391388	0.68305182	0.35109374	0.35100220	60061	60131	0
60061	60136	0.00057419	0.04940348	0.47513893	0.04956969	0.47169657	0.68402884	0.68336383	0.35116310	0.35112217	0.68401824	0.68331723	0.35113680	0.35113540	60061	60134	0
60061	60238	0.00131333	0.04956554	0.47403134	0.04963115	0.47181393	0.68316489	0.68249535	0.35063169	0.35061090	0.68342422	0.68231918	0.35071017	0.35052898	60061	60236	0
60061	60241	0.00096284	0.04970529	0.47295441	0.04960858	0.47400588	0.68294927	0.68246922	0.35052150	0.35057187	0.68297688	0.68222665	0.35037425	0.35042503	60061	60239	0
60061	60244	0.00026238	0.04942703	0.47150751	0.04941900	0.47360889	0.68318798	0.68210783	0.35063629	0.35032758	0.68265280	0.68217258	0.35020670	0.35026307	60061	60242	0
60061	60247	0.00174585	0.04902887	0.47551948	0.04960657	0.47106907	0.68293078	0.68234646	0.35045289	0.35031048	0.68298559	0.68220299	0.35058116	0.35028961	60061	60246	0
60061	60251	0.00059539	0.04966800	0.47132605	0.04934181	0.47477745	0.68311559	0.68226297	0.35039808	0.35043193	0.68294820	0.68230537	0.35037022	0.35043481	60061	60249	0
