% File initiated 13/01/2023 17:30:28 UTC
% Raw fountain data
%
% File notes: maser 5 MHz no water cooling 200 mV 230mV 260 mV
%
%% fountain_code = ALPHA-CsF1
%% microwave_ref = ALPHA HM1
%% MJD_start = 59957.729492
%% clock_data = False
%% sequence = 5
%% density = HD
%
% Units: V.s, Hz
%
% Shot B MJD days	Shot B MJD seconds	freq error	shot A sum	shot A ratio	shot B sum	shot B ratio	shot A F=3 bg 1	shot A F=3 bg 2	shot A F=4 bg 1	shot A F=4 bg 2	shot B F=3 bg 1	shot B F=3 bg 2	shot B F=4 bg 1	shot B F=4 bg 2	Shot A MJD days	Shot A MJD seconds	Shot order (0=LF->HF)
59958	214	-0.00040481	0.04323589	0.48031131	0.04314598	0.48094330	0.57867474	0.57869693	0.31275775	0.31268413	0.57863210	0.57866768	0.31270549	0.31265923	59958	213	0
59958	217	0.00059526	0.04305496	0.48139976	0.04316795	0.47839956	0.57870769	0.57860638	0.31270861	0.31263359	0.57850966	0.57862815	0.31277739	0.31261691	59958	216	0
59958	221	0.00011652	0.04311920	0.47921657	0.04311945	0.48065277	0.57841894	0.57872248	0.31295636	0.31261173	0.57857745	0.57862273	0.31262842	0.31264049	59958	219	0
59958	224	-0.00016777	0.04304496	0.47999918	0.04298021	0.48085205	0.57862265	0.57857581	0.31259678	0.31252693	0.57838353	0.57853234	0.31289342	0.31257065	59958	222	0
59958	227	-0.00002237	0.04290014	0.48065561	0.04308004	0.48021941	0.57869487	0.57884073	0.31267887	0.31269185	0.57848706	0.57872224	0.31301084	0.31267501	59958	226	0
59958	558	0.00092892	0.04291584	0.48264243	0.04290152	0.47978858	0.57864015	0.57856891	0.31306606	0.31298898	0.57867211	0.57871279	0.31293919	0.31289876	59958	556	0
59958	561	-0.00064831	0.04296756	0.47893959	0.04312768	0.48367127	0.57865001	0.57861172	0.31296672	0.31296014	0.57851089	0.57870942	0.31323328	0.31294510	59958	559	0
59958	564	0.00000210	0.04317519	0.48108070	0.04297625	0.47912947	0.57863826	0.57866932	0.31302539	0.31294404	0.57866422	0.57856291	0.31320025	0.31285200	59958	562	0
59958	567	0.00177791	0.04292424	0.48368160	0.04285015	0.47835415	0.57858082	0.57867787	0.31291799	0.31294174	0.57844442	0.57861262	0.31320994	0.31293894	59958	566	0
59958	571	-0.00020130	0.04278762	0.47778137	0.04302152	0.48371903	0.57860210	0.57865806	0.31288717	0.31285989	0.57866291	0.57871279	0.31292045	0.31286433	59958	569	0
59958	901	-0.00029180	0.04317503	0.48105482	0.04299474	0.48132631	0.57884722	0.57908108	0.31349237	0.31313845	0.57895741	0.57905528	0.31338193	0.31321882	59958	899	0
59958	904	-0.00007022	0.04315147	0.48091685	0.04311575	0.48025210	0.57890869	0.57898108	0.31325341	0.31323575	0.57879742	0.57892002	0.31326138	0.31314084	59958	903	0
59958	908	0.00068395	0.04306353	0.48152497	0.04299544	0.47926247	0.57879463	0.57896966	0.31350921	0.31317946	0.57885404	0.57902972	0.31325169	0.31314347	59958	906	0
59958	911	0.00041591	0.04306217	0.48042076	0.04313220	0.48122488	0.57877491	0.57900022	0.31324643	0.31317173	0.57873703	0.57885527	0.31335719	0.31315974	59958	909	0
59958	914	0.00043212	0.04321488	0.48242404	0.04322775	0.48237540	0.57871821	0.57892216	0.31344528	0.31314314	0.57878239	0.57903129	0.31338250	0.31308940	59958	912	0
59958	1244	0.00017495	0.04306665	0.48256400	0.04313520	0.48333552	0.57829306	0.57826134	0.31242981	0.31237664	0.57816898	0.57829807	0.31281807	0.31244682	59958	1243	0
59958	1248	0.00050019	0.04285917	0.48081899	0.04294005	0.47984326	0.57839150	0.57840670	0.31253162	0.31237385	0.57826988	0.57851722	0.31268199	0.31248963	59958	1246	0
59958	1251	0.00059412	0.04296062	0.48186380	0.04320481	0.48158200	0.57828007	0.57839257	0.31261897	0.31236785	0.57838492	0.57841853	0.31244205	0.31241625	59958	1249	0
59958	1254	-0.00004977	0.04317707	0.47901008	0.04290328	0.48094175	0.57823611	0.57846857	0.31271133	0.31245774	0.57846899	0.57850120	0.31253597	0.31253753	59958	1253	0
59958	1258	0.00140400	0.04302653	0.48392852	0.04314443	0.47956721	0.57846438	0.57853522	0.31255027	0.31248535	0.57849331	0.57854877	0.31262036	0.31247196	59958	1256	0
59958	1588	0.00004329	0.04296760	0.47832649	0.04303617	0.48240860	0.57893243	0.57925430	0.31342556	0.31340921	0.57896736	0.57918577	0.31344619	0.31330181	59958	1586	0
59958	1591	0.00108649	0.04306768	0.48262390	0.04309658	0.47949430	0.57885527	0.57901986	0.31363255	0.31323386	0.57892298	0.57900606	0.31362557	0.31324635	59958	1590	0
59958	1594	0.00100293	0.04297472	0.48036979	0.04306999	0.48062048	0.57888568	0.57899620	0.31338891	0.31320148	0.57900704	0.57907270	0.31322712	0.31324298	59958	1593	0
59958	1598	0.00068116	0.04306327	0.47934784	0.04303128	0.48031317	0.57896127	0.57908453	0.31339886	0.31326081	0.57893835	0.57902101	0.31351488	0.31322893	59958	1596	0
59958	1601	-0.00009480	0.04306917	0.47815457	0.04304404	0.48048246	0.57892553	0.57895519	0.31323238	0.31322128	0.57868123	0.57895404	0.31349648	0.31311249	59958	1599	0
59958	1931	-0.00014647	0.04315547	0.48087867	0.04314106	0.48103365	0.57922176	0.57935529	0.31371735	0.31337519	0.57917262	0.57914895	0.31363863	0.31323583	59958	1930	0
59958	1935	0.00047126	0.04317806	0.48088106	0.04296386	0.47902790	0.57902323	0.57903367	0.31352236	0.31325769	0.57913967	0.57921880	0.31330625	0.31332104	59958	1933	0
59958	1938	-0.00008735	0.04313219	0.47899868	0.04316571	0.48067450	0.57915068	0.57907023	0.31352441	0.31319721	0.57895684	0.57910508	0.31342400	0.31321446	59958	1936	0
59958	1941	0.00078659	0.04320397	0.48228992	0.04325202	0.47966811	0.57903498	0.57913104	0.31320978	0.31322638	0.57908429	0.57906941	0.31333714	0.31328612	59958	1939	0
59958	1944	0.00097729	0.04319848	0.47995826	0.04314666	0.47938616	0.57915725	0.57923187	0.31335235	0.31334397	0.57914937	0.57905594	0.31339853	0.31330641	59958	1943	0
59958	2275	-0.00126722	0.04331064	0.47668605	0.04345275	0.48341956	0.57872725	0.57886768	0.31300723	0.31280385	0.57877910	0.57892085	0.31310772	0.31287608	59958	2273	0
59958	2278	0.00085460	0.04326922	0.48471881	0.04336750	0.47835336	0.57879233	0.57893662	0.31289950	0.31286310	0.57873736	0.57880507	0.31285003	0.31283557	59958	2276	0
59958	2281	0.00099576	0.04338159	0.48030099	0.04332743	0.47987753	0.57868025	0.57888716	0.31280106	0.31279038	0.57877236	0.57887738	0.31283401	0.31281683	59958	2280	0
59958	2285	0.00119784	0.04336810	0.48083111	0.04332053	0.48022485	0.57854836	0.57873834	0.31306097	0.31278676	0.57862749	0.57876020	0.31287863	0.31275381	59958	2283	0
59958	2288	-0.00015136	0.04319166	0.47735847	0.04319272	0.48140608	0.57858978	0.57873013	0.31292941	0.31277049	0.57875346	0.57875848	0.31309572	0.31279161	59958	2286	0
59958	2618	0.00065229	0.04312390	0.48081574	0.04321765	0.47840478	0.57906522	0.57933746	0.31337864	0.31336706	0.57901337	0.57922431	0.31363469	0.31335070	59958	2617	0
59958	2622	0.00104392	0.04307521	0.48103423	0.04305196	0.47985936	0.57891682	0.57904871	0.31366090	0.31328529	0.57904238	0.57914912	0.31340403	0.31327133	59958	2620	0
59958	2625	0.00054839	0.04319089	0.48067206	0.04316394	0.48215863	0.57920286	0.57922225	0.31341562	0.31341389	0.57922340	0.57934025	0.31339187	0.31340642	59958	2623	0
59958	2628	-0.00042606	0.04309344	0.47855998	0.04307135	0.48148334	0.57909612	0.57926399	0.31327338	0.31335629	0.57900055	0.57916654	0.31355958	0.31328398	59958	2626	0
59958	2631	0.00020539	0.04304249	0.48280793	0.04306055	0.48091358	0.57898100	0.57912291	0.31352269	0.31326886	0.57907664	0.57919637	0.31344849	0.31334783	59958	2630	0
59958	2962	0.00024090	0.04306691	0.48009058	0.04308240	0.47998406	0.57894377	0.57916399	0.31360313	0.31331118	0.57895733	0.57924025	0.31350075	0.31339179	59958	2960	0
59958	2965	0.00072763	0.04314099	0.48144443	0.04306402	0.47998422	0.57920623	0.57924682	0.31340485	0.31336706	0.57905413	0.57921502	0.31338152	0.31332342	59958	2963	0
59958	2968	0.00067744	0.04308267	0.48059681	0.04319325	0.48074739	0.57902208	0.57912866	0.31364307	0.31337724	0.57917336	0.57915824	0.31365827	0.31338152	59958	2967	0
59958	2971	0.00019484	0.04313030	0.47963100	0.04303237	0.48107882	0.57907566	0.57923219	0.31369960	0.31342449	0.57918412	0.57949071	0.31362129	0.31347133	59958	2970	0
59958	2975	0.00021611	0.04305986	0.47899065	0.04307770	0.47892683	0.57914213	0.57930829	0.31378358	0.31341348	0.57911387	0.57930927	0.31339943	0.31336229	59958	2973	0
59958	3305	0.00064539	0.04303282	0.48077594	0.04308950	0.47948811	0.57895544	0.57899842	0.31344652	0.31328727	0.57904468	0.57902915	0.31328258	0.31331060	59958	3304	0
59958	3308	0.00015539	0.04309021	0.47995664	0.04306680	0.48142662	0.57895454	0.57908108	0.31333830	0.31325974	0.57904394	0.57908026	0.31346336	0.31320370	59958	3307	0
59958	3312	-0.00001834	0.04304285	0.48112099	0.04310059	0.48164221	0.57911231	0.57908042	0.31334873	0.31326459	0.57903244	0.57907467	0.31325810	0.31319597	59958	3310	0
59958	3315	0.00083597	0.04314898	0.48031721	0.04322661	0.47775426	0.57894320	0.57904073	0.31338135	0.31321216	0.57903391	0.57910138	0.31341381	0.31324750	59958	3313	0
59958	3318	0.00029002	0.04314473	0.47901351	0.04309408	0.48065137	0.57899094	0.57906407	0.31351694	0.31331504	0.57904829	0.57920943	0.31328151	0.31321964	59958	3317	0
59958	3649	0.00132491	0.04292345	0.48141716	0.04296944	0.47831247	0.57900672	0.57899686	0.31327009	0.31314486	0.57866735	0.57898650	0.31341455	0.31310978	59958	3647	0
59958	3652	0.00023118	0.04301759	0.47873521	0.04303998	0.48201641	0.57865929	0.57882832	0.31332770	0.31300608	0.57884262	0.57883490	0.31325111	0.31305258	59958	3650	0
59958	3655	0.00054049	0.04316626	0.48163488	0.04306097	0.48070695	0.57871024	0.57886916	0.31323698	0.31302703	0.57881608	0.57900696	0.31329343	0.31312095	59958	3654	0
59958	3658	0.00081237	0.04285938	0.48055677	0.04280778	0.47974113	0.57892389	0.57879167	0.31315883	0.31300936	0.57874327	0.57891444	0.31348029	0.31306466	59958	3657	0
59958	3662	-0.00061377	0.04301137	0.47794873	0.04302850	0.48222714	0.57871402	0.57889743	0.31321011	0.31301331	0.57873777	0.57878444	0.31302366	0.31296836	59958	3660	0
59958	3992	-0.00074191	0.04315124	0.48056282	0.04305713	0.48094725	0.57907689	0.57915306	0.31309967	0.31318201	0.57896275	0.57921330	0.31340592	0.31311388	59958	3990	0
59958	3995	0.00043660	0.04295082	0.48310217	0.04311640	0.47956665	0.57913622	0.57907327	0.31326286	0.31311076	0.57917081	0.57913285	0.31327971	0.31320197	59958	3994	0
59958	3999	-0.00009295	0.04319561	0.48132732	0.04317000	0.48291596	0.57899883	0.57916818	0.31338752	0.31316853	0.57905068	0.57912775	0.31322662	0.31316623	59958	3997	0
59958	4002	0.00075237	0.04319716	0.48272758	0.04297329	0.48019161	0.57907632	0.57908231	0.31337667	0.31313278	0.57904698	0.57901526	0.31333205	0.31313089	59958	4000	0
59958	4005	-0.00048863	0.04314920	0.47930583	0.04326372	0.48302883	0.57899143	0.57917673	0.31321142	0.31314725	0.57889431	0.57903465	0.31335613	0.31318513	59958	4003	0
59958	4336	0.00072535	0.04318882	0.48096943	0.04310957	0.47732748	0.57903498	0.57902488	0.31305628	0.31306885	0.57882783	0.57889554	0.31310320	0.31300065	59958	4334	0
59958	4339	0.00038437	0.04323426	0.48094838	0.04309605	0.48197131	0.57888937	0.57904295	0.31327305	0.31315094	0.57885207	0.57899390	0.31338875	0.31304470	59958	4337	0
59958	4342	0.00016958	0.04307806	0.47996102	0.04298772	0.48060541	0.57898510	0.57897804	0.31320033	0.31306023	0.57890992	0.57910286	0.31325382	0.31303262	59958	4340	0
59958	4345	0.00004078	0.04305985	0.47984297	0.04308488	0.48022937	0.57895528	0.57901797	0.31306844	0.31309860	0.57877318	0.57907738	0.31338390	0.31314380	59958	4344	0
59958	4349	0.00114412	0.04314724	0.48331698	0.04308053	0.48000696	0.57897943	0.57901124	0.31316385	0.31305061	0.57874804	0.57887738	0.31324561	0.31306565	59958	4347	0
59958	4679	0.00133396	0.04302267	0.47954941	0.04304841	0.47897987	0.57872495	0.57892980	0.31336812	0.31309589	0.57873719	0.57879480	0.31311775	0.31306392	59958	4677	0
59958	4682	-0.00014366	0.04295672	0.47833229	0.04294353	0.48276517	0.57876275	0.57883637	0.31328045	0.31310238	0.57891066	0.57888025	0.31317108	0.31308077	59958	4681	0
59958	4685	0.00002959	0.04297253	0.48110815	0.04299776	0.48058838	0.57893761	0.57901050	0.31325925	0.31305480	0.57894320	0.57906267	0.31319022	0.31312218	59958	4684	0
59958	4689	0.00068748	0.04306995	0.48131462	0.04304925	0.47934097	0.57875272	0.57902644	0.31333501	0.31310953	0.57894295	0.57904525	0.31337042	0.31309811	59958	4687	0
59958	4692	0.00093551	0.04295402	0.48123274	0.04294768	0.48048864	0.57888338	0.57885938	0.31311438	0.31308044	0.57875075	0.57886850	0.31324281	0.31307181	59958	4690	0
59958	5022	0.00134112	0.04290933	0.48220049	0.04298020	0.48098366	0.57878748	0.57900055	0.31340559	0.31306927	0.57907656	0.57903219	0.31344389	0.31305891	59958	5021	0
59958	5026	0.00028306	0.04308018	0.47991108	0.04304285	0.48308527	0.57910261	0.57910392	0.31312662	0.31306376	0.57918667	0.57929243	0.31316582	0.31316541	59958	5024	0
59958	5029	0.00112849	0.04317287	0.48270983	0.04321699	0.48017352	0.57909941	0.57927542	0.31336714	0.31325752	0.57898445	0.57905931	0.31326434	0.31312974	59958	5027	0
59958	5032	-0.00015533	0.04314992	0.47686658	0.04311384	0.48071807	0.57905700	0.57912176	0.31332942	0.31315201	0.57895651	0.57905635	0.31346615	0.31314338	59958	5031	0
59958	5035	0.00034466	0.04308034	0.48203932	0.04314190	0.48053934	0.57886538	0.57896333	0.31339212	0.31305308	0.57915873	0.57920138	0.31325440	0.31316319	59958	5034	0
59958	5366	0.00036132	0.04306854	0.48017788	0.04307070	0.48012789	0.57896851	0.57903383	0.31318924	0.31313574	0.57868592	0.57901986	0.31337946	0.31309400	59958	5364	0
59958	5369	0.00112026	0.04321785	0.48348399	0.04293869	0.48120717	0.57914074	0.57917229	0.31320099	0.31311955	0.57900663	0.57907952	0.31349491	0.31315842	59958	5368	0
59958	5372	0.00019627	0.04321519	0.47904654	0.04329405	0.48181849	0.57891953	0.57902331	0.31309449	0.31302744	0.57890063	0.57898264	0.31311651	0.31311372	59958	5371	0
59958	5376	0.00080380	0.04328995	0.48116016	0.04313992	0.47933757	0.57892956	0.57899866	0.31311117	0.31314281	0.57881386	0.57907747	0.31348111	0.31314191	59958	5374	0
59958	5379	0.00004752	0.04328830	0.47864367	0.04317670	0.48091251	0.57890984	0.57895569	0.31338012	0.31309540	0.57897409	0.57891723	0.31305604	0.31300304	59958	5377	0
59958	5709	0.00046991	0.04305522	0.48178154	0.04318406	0.48051438	0.57914213	0.57920163	0.31356271	0.31328020	0.57905479	0.57910269	0.31349393	0.31321003	59958	5708	0
59958	5713	0.00041066	0.04297201	0.48092814	0.04293359	0.48110587	0.57909809	0.57915150	0.31333468	0.31328891	0.57886555	0.57913038	0.31360544	0.31323525	59958	5711	0
59958	5716	0.00062822	0.04315000	0.48048381	0.04315804	0.47983114	0.57903671	0.57919579	0.31354545	0.31322276	0.57901411	0.57911337	0.31352499	0.31322309	59958	5714	0
59958	5719	0.00061713	0.04320714	0.48046108	0.04295259	0.48049435	0.57882660	0.57913392	0.31347322	0.31313476	0.57908576	0.57905224	0.31320641	0.31310296	59958	5718	0
59958	5722	0.00039952	0.04291794	0.48135228	0.04283099	0.48200509	0.57899102	0.57906161	0.31333435	0.31318053	0.57907558	0.57914361	0.31345416	0.31322868	59958	5721	0
59958	6053	0.00015350	0.04302628	0.48047665	0.04306674	0.48121473	0.57894303	0.57900959	0.31335292	0.31311775	0.57875979	0.57889439	0.31338752	0.31312161	59958	6051	0
59958	6056	-0.00019503	0.04300286	0.48044175	0.04305517	0.48148733	0.57896859	0.57893482	0.31313361	0.31309375	0.57894665	0.57888675	0.31326516	0.31302111	59958	6055	0
59958	6059	0.00159557	0.04305838	0.48260622	0.04278622	0.47723441	0.57885207	0.57894640	0.31325489	0.31306787	0.57911091	0.57913646	0.31326089	0.31309408	59958	6058	0
59958	6063	0.00037150	0.04296460	0.47821378	0.04295396	0.48188601	0.57885478	0.57893605	0.31328423	0.31300944	0.57869372	0.57882356	0.31328554	0.31295998	59958	6061	0
59958	6066	0.00038221	0.04299483	0.48066523	0.04300156	0.48063310	0.57870498	0.57895413	0.31331529	0.31295143	0.57890482	0.57895421	0.31299441	0.31301980	59958	6064	0
59958	6396	0.00052197	0.04284860	0.48113563	0.04309994	0.48071635	0.57853061	0.57864220	0.31316869	0.31271626	0.57856143	0.57877943	0.31313344	0.31280476	59958	6395	0
59958	6400	0.00063529	0.04286418	0.48214808	0.04296176	0.48180812	0.57869898	0.57880959	0.31295119	0.31283680	0.57865634	0.57874056	0.31279432	0.31288068	59958	6398	0
59958	6403	0.00020468	0.04300687	0.48051068	0.04296362	0.48180252	0.57853267	0.57871698	0.31309457	0.31276474	0.57863867	0.57874377	0.31282768	0.31281379	59958	6401	0
59958	6406	0.00006014	0.04288611	0.48048987	0.04302606	0.48092349	0.57866685	0.57862675	0.31293861	0.31279292	0.57863662	0.57878617	0.31287764	0.31289186	59958	6405	0
59958	6409	0.00065277	0.04314176	0.48220919	0.04281411	0.48043130	0.57853333	0.57875018	0.31277180	0.31280903	0.57855403	0.57867852	0.31309022	0.31278939	59958	6408	0
59958	6740	-0.00079351	0.04296375	0.47813789	0.04297778	0.48247670	0.57901707	0.57896834	0.31358037	0.31319828	0.57885741	0.57907007	0.31339771	0.31310279	59958	6738	0
59958	6743	0.00022618	0.04285957	0.48118099	0.04280731	0.47812191	0.57879874	0.57885955	0.31315719	0.31308126	0.57873341	0.57890441	0.31337215	0.31304954	59958	6741	0
59958	6746	0.00099039	0.04285635	0.48196202	0.04288148	0.47966941	0.57899406	0.57899398	0.31318587	0.31306409	0.57862881	0.57892701	0.31338365	0.31307929	59958	6745	0
59958	6750	0.00017183	0.04297395	0.47841226	0.04305211	0.48086792	0.57872265	0.57891485	0.31343090	0.31306869	0.57885207	0.57882618	0.31308677	0.31308069	59958	6748	0
59958	6753	0.00031986	0.04290996	0.48109313	0.04286426	0.48064904	0.57890901	0.57891189	0.31311397	0.31305258	0.57902085	0.57891164	0.31319014	0.31307502	59958	6751	0
59958	7083	-0.00005054	0.04311205	0.48049163	0.04311688	0.48160283	0.57871041	0.57880991	0.31308907	0.31289391	0.57883473	0.57897319	0.31298225	0.31300714	59958	7082	0
59958	7086	0.00006203	0.04302181	0.48017586	0.04306654	0.47983817	0.57891435	0.57904049	0.31326393	0.31309614	0.57892200	0.57903318	0.31313722	0.31303360	59958	7085	0
59958	7090	-0.00006326	0.04291980	0.48013553	0.04298598	0.48051138	0.57897015	0.57895404	0.31312522	0.31292300	0.57882347	0.57886957	0.31317420	0.31299317	59958	7088	0
59958	7093	0.00132502	0.04303539	0.48327832	0.04292196	0.47911349	0.57901222	0.57896530	0.31325284	0.31298422	0.57881772	0.57883259	0.31306696	0.31294157	59958	7091	0
59958	7096	0.00116187	0.04304374	0.48086859	0.04305284	0.48135804	0.57879093	0.57887343	0.31307009	0.31290188	0.57866160	0.57884385	0.31323418	0.31295447	59958	7095	0
59958	7427	0.00052530	0.04293354	0.47850311	0.04291964	0.48041283	0.57792279	0.57815262	0.31256802	0.31227113	0.57813652	0.57832642	0.31258560	0.31240031	59958	7425	0
59958	7430	0.00056670	0.04293554	0.47914960	0.04277007	0.47902540	0.57816668	0.57828648	0.31273910	0.31231362	0.57827703	0.57840226	0.31272184	0.31236399	59958	7428	0
59958	7433	0.00101472	0.04296307	0.48068150	0.04297636	0.47933744	0.57825526	0.57848263	0.31262496	0.31242578	0.57842215	0.57862569	0.31272998	0.31254074	59958	7431	0
59958	7436	0.00001123	0.04300020	0.47902475	0.04296286	0.48203523	0.57837399	0.57845181	0.31292949	0.31246284	0.57841352	0.57839289	0.31266252	0.31242488	59958	7435	0
59958	7440	0.00046304	0.04285738	0.48058002	0.04303221	0.47922459	0.57841220	0.57854787	0.31269243	0.31251280	0.57837145	0.57846151	0.31283475	0.31253195	59958	7438	0
59958	7770	-0.00062171	0.04294121	0.47945968	0.04294635	0.48271392	0.57868469	0.57890162	0.31337034	0.31299958	0.57886004	0.57881632	0.31339368	0.31295069	59958	7768	0
59958	7773	0.00052005	0.04289121	0.48149140	0.04276303	0.47806613	0.57878206	0.57892060	0.31300271	0.31294913	0.57869792	0.57878567	0.31325029	0.31293549	59958	7772	0
59958	7777	0.00141787	0.04292182	0.48227654	0.04298815	0.47958307	0.57874525	0.57893449	0.31328538	0.31302333	0.57878485	0.57883966	0.31334561	0.31298340	59958	7775	0
59958	7780	0.00142874	0.04286602	0.47982666	0.04285399	0.47979404	0.57866529	0.57879882	0.31339656	0.31297674	0.57863062	0.57876661	0.31330263	0.31292316	59958	7778	0
59958	7783	0.00033730	0.04293075	0.47750043	0.04296784	0.48077475	0.57876152	0.57891386	0.31306146	0.31296910	0.57862651	0.57880351	0.31328464	0.31293672	59958	7781	0
59958	8114	0.00074270	0.04289851	0.48236621	0.04292611	0.48115001	0.57872092	0.57896300	0.31326196	0.31296425	0.57893638	0.57893416	0.31297000	0.31291125	59958	8112	0
59958	8117	0.00019228	0.04303343	0.47929846	0.04302478	0.48094973	0.57890589	0.57891748	0.31303763	0.31290418	0.57877499	0.57886135	0.31309260	0.31294839	59958	8115	0
59958	8120	0.00051639	0.04305609	0.48068778	0.04318256	0.47971544	0.57885207	0.57901255	0.31328061	0.31293163	0.57875609	0.57896300	0.31322523	0.31293434	59958	8118	0
59958	8123	0.00072841	0.04308698	0.47988965	0.04296277	0.47925359	0.57888625	0.57894722	0.31325506	0.31290739	0.57859684	0.57875223	0.31319614	0.31282932	59958	8122	0
59958	8127	0.00055200	0.04311177	0.47896048	0.04308575	0.47948972	0.57878510	0.57892931	0.31329631	0.31291487	0.57869857	0.57886439	0.31322515	0.31284839	59958	8125	0
59958	8457	-0.00048186	0.04276463	0.47922637	0.04268085	0.48232796	0.57834515	0.57850062	0.31290188	0.31258947	0.57856233	0.57868543	0.31294634	0.31260245	59958	8455	0
59958	8460	0.00065808	0.04290143	0.48135557	0.04301819	0.47793576	0.57865075	0.57879636	0.31289260	0.31274617	0.57846110	0.57858542	0.31259850	0.31258610	59958	8459	0
59958	8464	0.00019542	0.04310931	0.47892619	0.04302135	0.48031417	0.57848567	0.57865929	0.31273113	0.31265496	0.57845354	0.57875371	0.31293828	0.31272283	59958	8462	0
59958	8467	-0.00033021	0.04291917	0.48051581	0.04292523	0.48209269	0.57843677	0.57854236	0.31283080	0.31256638	0.57840456	0.57850670	0.31282160	0.31250729	59958	8465	0
59958	8470	0.00017718	0.04292458	0.48162612	0.04293059	0.48010396	0.57843571	0.57861500	0.31291380	0.31262184	0.57837137	0.57850021	0.31298356	0.31260031	59958	8468	0
59958	8800	0.00034918	0.04307804	0.48082374	0.04311363	0.48030774	0.57881986	0.57896645	0.31327338	0.31287953	0.57876924	0.57889767	0.31314749	0.31286910	59958	8799	0
59958	8804	0.00030546	0.04322016	0.47937353	0.04314603	0.47950469	0.57884656	0.57885207	0.31300961	0.31288035	0.57897467	0.57894509	0.31310378	0.31291298	59958	8802	0
59958	8807	0.00155188	0.04307981	0.48299842	0.04296881	0.47925915	0.57891419	0.57900326	0.31298068	0.31292645	0.57869783	0.57882503	0.31317124	0.31286310	59958	8805	0
59958	8810	-0.00003626	0.04296692	0.47852753	0.04307388	0.48329196	0.57866661	0.57881731	0.31307995	0.31283080	0.57859635	0.57869455	0.31316343	0.31272957	59958	8809	0
59958	8814	0.00143556	0.04301823	0.48305706	0.04325179	0.47864160	0.57857597	0.57878083	0.31302358	0.31285619	0.57882923	0.57886292	0.31311651	0.31291067	59958	8812	0
59958	9144	0.00117641	0.04298300	0.48148558	0.04304246	0.48226303	0.57870120	0.57896095	0.31280147	0.31282702	0.57864352	0.57880498	0.31305653	0.31269292	59958	9142	0
59958	9147	-0.00008175	0.04312427	0.47765513	0.04310747	0.48142962	0.57870268	0.57894049	0.31295866	0.31271798	0.57875157	0.57880137	0.31285669	0.31270508	59958	9146	0
59958	9150	0.00058161	0.04302340	0.48114447	0.04312758	0.47915438	0.57860851	0.57875733	0.31288734	0.31259366	0.57870252	0.57877039	0.31273918	0.31266137	59958	9149	0
59958	9154	-0.00022097	0.04316795	0.47928915	0.04311362	0.48169689	0.57886686	0.57886456	0.31271995	0.31266317	0.57862626	0.57881657	0.31273540	0.31264329	59958	9152	0
59958	9157	0.00149825	0.04314340	0.48126072	0.04314837	0.47610307	0.57858567	0.57858608	0.31284921	0.31256013	0.57856126	0.57873596	0.31279958	0.31258289	59958	9155	0
59958	9487	0.00020362	0.04303184	0.47795269	0.04300351	0.48183656	0.57876883	0.57885840	0.31308718	0.31298044	0.57869266	0.57884221	0.31308093	0.31290122	59958	9486	0
59958	9491	0.00013619	0.04282921	0.47968865	0.04288889	0.47989095	0.57863875	0.57883342	0.31335325	0.31290583	0.57882980	0.57885412	0.31303566	0.31293845	59958	9489	0
59958	9494	0.00051839	0.04294188	0.48133941	0.04291913	0.48019281	0.57875617	0.57881468	0.31298060	0.31290229	0.57869414	0.57879742	0.31312851	0.31292867	59958	9492	0
59958	9497	0.00084913	0.04285573	0.48179977	0.04294612	0.48080754	0.57877754	0.57868411	0.31298775	0.31291092	0.57883539	0.57882586	0.31304067	0.31293122	59958	9496	0
59958	9500	0.00099488	0.04307880	0.47963488	0.04289215	0.47919763	0.57900852	0.57891411	0.31306294	0.31300566	0.57875930	0.57891082	0.31321676	0.31291150	59958	9499	0
59958	9831	0.00000687	0.04299564	0.47776518	0.04288090	0.48072922	0.57897787	0.57917763	0.31345868	0.31320329	0.57902997	0.57908198	0.31340658	0.31313878	59958	9829	0
59958	9834	-0.00041199	0.04285251	0.47847653	0.04293161	0.47973312	0.57893703	0.57918881	0.31354225	0.31315965	0.57908864	0.57910220	0.31342934	0.31312843	59958	9832	0
59958	9837	0.00117543	0.04298561	0.48287453	0.04304258	0.47811225	0.57900318	0.57908790	0.31343854	0.31312465	0.57881353	0.57895577	0.31342474	0.31316179	59958	9836	0
59958	9841	0.00108788	0.04303408	0.48094557	0.04292609	0.48120824	0.57899423	0.57907295	0.31315867	0.31306343	0.57907229	0.57906621	0.31323665	0.31312728	59958	9839	0
59958	9844	0.00057846	0.04294811	0.47998090	0.04292632	0.48150914	0.57898387	0.57901674	0.31335169	0.31314511	0.57902652	0.57916079	0.31345605	0.31317124	59958	9842	0
59958	10174	0.00106303	0.04287568	0.47957697	0.04308391	0.47812325	0.57910606	0.57920606	0.31316606	0.31310304	0.57914378	0.57911444	0.31315776	0.31310378	59958	10173	0
59958	10178	0.00006561	0.04293852	0.47777686	0.04294443	0.48076913	0.57910762	0.57920631	0.31330230	0.31320994	0.57912315	0.57918725	0.31338012	0.31320321	59958	10176	0
59958	10181	0.00005273	0.04289228	0.48067942	0.04289375	0.48071805	0.57917451	0.57917377	0.31316319	0.31310008	0.57894328	0.57903474	0.31329705	0.31312325	59958	10179	0
59958	10184	-0.00048003	0.04287324	0.47897441	0.04289548	0.48057271	0.57908733	0.57908568	0.31351447	0.31306992	0.57884845	0.57902964	0.31340379	0.31314626	59958	10182	0
59958	10187	-0.00020415	0.04302986	0.48193824	0.04312823	0.48111058	0.57911494	0.57916005	0.31339680	0.31316754	0.57914978	0.57919801	0.31315045	0.31314404	59958	10186	0
59958	10518	0.00044545	0.04291241	0.48182879	0.04296682	0.47988000	0.57847893	0.57851574	0.31274214	0.31258396	0.57856521	0.57863316	0.31277649	0.31255471	59958	10516	0
59958	10521	0.00028090	0.04287981	0.47959151	0.04289296	0.48008516	0.57854278	0.57859126	0.31274748	0.31260837	0.57845789	0.57861213	0.31300476	0.31259982	59958	10519	0
59958	10524	0.00049976	0.04296235	0.47998861	0.04304955	0.47933202	0.57869775	0.57878526	0.31268544	0.31266096	0.57854105	0.57865888	0.31272751	0.31255463	59958	10523	0
59958	10528	0.00048690	0.04307757	0.48175314	0.04307357	0.48179170	0.57849249	0.57859043	0.31292604	0.31261617	0.57878609	0.57866989	0.31275397	0.31257057	59958	10526	0
59958	10531	0.00064890	0.04300725	0.48171146	0.04289958	0.48122547	0.57841418	0.57856891	0.31292505	0.31259177	0.57845345	0.57858403	0.31268955	0.31251444	59958	10529	0
59958	10861	0.00143057	0.04293966	0.48251947	0.04296803	0.48017446	0.57926473	0.57929177	0.31336640	0.31332589	0.57930368	0.57928437	0.31337420	0.31332367	59958	10860	0
59958	10865	0.00046590	0.04287578	0.47921288	0.04287003	0.48210689	0.57917393	0.57930640	0.31323879	0.31323517	0.57904994	0.57921173	0.31362368	0.31327798	59958	10863	0
59958	10868	-0.00012939	0.04299696	0.47881570	0.04292983	0.48060157	0.57929481	0.57921214	0.31333493	0.31323361	0.57933606	0.57928544	0.31337807	0.31330576	59958	10866	0
59958	10871	0.00064177	0.04306126	0.48140885	0.04291390	0.47909540	0.57908913	0.57919086	0.31352310	0.31323443	0.57904213	0.57921321	0.31351488	0.31329105	59958	10869	0
59958	10874	0.00037421	0.04281073	0.48042872	0.04290022	0.48123138	0.57911091	0.57930730	0.31344093	0.31325555	0.57898206	0.57921749	0.31355745	0.31326689	59958	10873	0
59958	11205	0.00029723	0.04298556	0.48130837	0.04311258	0.48153932	0.57890096	0.57902290	0.31296885	0.31283803	0.57885757	0.57904016	0.31301405	0.31276844	59958	11203	0
59958	11208	0.00199828	0.04319778	0.48202926	0.04313181	0.47692609	0.57878978	0.57880614	0.31269374	0.31267303	0.57885125	0.57892331	0.31281371	0.31263507	59958	11206	0
59958	11211	0.00003472	0.04315630	0.47849026	0.04317377	0.48438096	0.57889192	0.57895191	0.31270410	0.31276638	0.57878436	0.57888625	0.31291487	0.31269612	59958	11210	0
59958	11215	-0.00006935	0.04326033	0.48019209	0.04314056	0.48050429	0.57884936	0.57887919	0.31277460	0.31270221	0.57879102	0.57895897	0.31277526	0.31269456	59958	11213	0
59958	11218	0.00003457	0.04306525	0.47989160	0.04310269	0.47957983	0.57897886	0.57896744	0.31280065	0.31282201	0.57885733	0.57892915	0.31298808	0.31272628	59958	11216	0
59958	11548	0.00021769	0.04284359	0.48037162	0.04291606	0.47982227	0.57893325	0.57911436	0.31352581	0.31323517	0.57898297	0.57905084	0.31324372	0.31316393	59958	11547	0
59958	11551	-0.00008926	0.04292755	0.47990343	0.04290061	0.48082426	0.57917180	0.57922143	0.31333871	0.31325086	0.57892183	0.57897878	0.31349352	0.31314421	59958	11550	0
59958	11555	-0.00015177	0.04281367	0.48118569	0.04292737	0.48137323	0.57899036	0.57909242	0.31325884	0.31312810	0.57906021	0.57903654	0.31325407	0.31311816	59958	11553	0
59958	11558	0.00031160	0.04284263	0.48065561	0.04301117	0.47926551	0.57908075	0.57915101	0.31331340	0.31320074	0.57939506	0.57925619	0.31344282	0.31325004	59958	11556	0
59958	11561	-0.00077723	0.04294267	0.47865233	0.04289518	0.48191881	0.57932012	0.57916983	0.31356895	0.31319786	0.57927114	0.57925307	0.31339754	0.31329696	59958	11560	0
59958	11892	0.00055463	0.04291235	0.48350565	0.04297074	0.47951009	0.57908782	0.57931502	0.31347881	0.31311717	0.57921379	0.57927377	0.31325777	0.31318554	59958	11890	0
59958	11895	-0.00019333	0.04309542	0.47995887	0.04297405	0.48220274	0.57923844	0.57919275	0.31330074	0.31313928	0.57908963	0.57914378	0.31334766	0.31313969	59958	11893	0
59958	11898	-0.00028832	0.04295825	0.47909077	0.04296266	0.47937575	0.57910959	0.57910475	0.31312021	0.31307411	0.57900976	0.57924288	0.31325136	0.31313665	59958	11896	0
59958	11901	0.00112357	0.04306619	0.48326543	0.04297122	0.47902977	0.57889332	0.57906769	0.31332778	0.31310049	0.57915750	0.57909209	0.31319745	0.31308110	59958	11900	0
59958	11905	0.00089364	0.04296524	0.48064415	0.04293989	0.48133392	0.57918363	0.57928158	0.31318110	0.31314503	0.57914591	0.57924822	0.31318578	0.31318636	59958	11903	0
59958	12235	0.00026155	0.04293014	0.47826620	0.04288747	0.48016247	0.57874237	0.57873530	0.31283048	0.31261814	0.57864590	0.57871353	0.31258815	0.31256054	59958	12233	0
59958	12238	-0.00099984	0.04278188	0.47765574	0.04303167	0.48143991	0.57865806	0.57885100	0.31273409	0.31263548	0.57882429	0.57879964	0.31265027	0.31256424	59958	12237	0
59958	12242	0.00155395	0.04315721	0.48494293	0.04320659	0.47728155	0.57889028	0.57891945	0.31268741	0.31267312	0.57862404	0.57886513	0.31292095	0.31254345	59958	12240	0
59958	12245	0.00061931	0.04304249	0.47957349	0.04310161	0.48237743	0.57877425	0.57878904	0.31255142	0.31263096	0.57876316	0.57872873	0.31272168	0.31262373	59958	12243	0
59958	12248	0.00045377	0.04309565	0.47865551	0.04304863	0.47915211	0.57865116	0.57867984	0.31293845	0.31263639	0.57866718	0.57870687	0.31287246	0.31263359	59958	12246	0
59958	12578	0.00004592	0.04297528	0.47918449	0.04298246	0.48040804	0.57888346	0.57896760	0.31337708	0.31304371	0.57885338	0.57889915	0.31322802	0.31303755	59958	12577	0
59958	12582	0.00055201	0.04289214	0.48113186	0.04282382	0.47961360	0.57887138	0.57893712	0.31326557	0.31302111	0.57892290	0.57901124	0.31324100	0.31302440	59958	12580	0
59958	12585	-0.00030557	0.04294034	0.47796415	0.04296331	0.48053690	0.57890121	0.57892438	0.31323616	0.31296762	0.57889710	0.57898510	0.31314922	0.31295529	59958	12583	0
59958	12588	0.00023275	0.04277367	0.48089745	0.04299405	0.47928248	0.57886752	0.57895404	0.31308439	0.31304922	0.57884328	0.57891214	0.31299531	0.31288076	59958	12587	0
59958	12591	-0.00053126	0.04320816	0.47924613	0.04305340	0.48153815	0.57890589	0.57898280	0.31314453	0.31298036	0.57866611	0.57887171	0.31309178	0.31290418	59958	12590	0
59958	12922	0.00202132	0.04286375	0.48324717	0.04276135	0.47558944	0.57858378	0.57872799	0.31302465	0.31283877	0.57854680	0.57867392	0.31312818	0.31277172	59958	12920	0
59958	12925	0.00013177	0.04277039	0.47694564	0.04264721	0.48261429	0.57872232	0.57882446	0.31281034	0.31285069	0.57854688	0.57880687	0.31306286	0.31278536	59958	12923	0
59958	12928	-0.00011785	0.04269805	0.47966894	0.04301377	0.48041779	0.57840021	0.57842921	0.31299367	0.31265890	0.57847745	0.57857721	0.31283163	0.31262611	59958	12927	0
59958	12932	-0.00050916	0.04296877	0.47948582	0.04278442	0.48065976	0.57861147	0.57857605	0.31272069	0.31266991	0.57850744	0.57855625	0.31275537	0.31268840	59958	12930	0
59958	12935	-0.00032691	0.04277528	0.47999968	0.04284063	0.47945292	0.57840456	0.57841377	0.31276268	0.31261477	0.57833891	0.57848788	0.31282423	0.31262759	59958	12933	0
59958	13265	0.00081046	0.04289240	0.48123493	0.04289157	0.47782284	0.57808689	0.57814022	0.31217614	0.31214122	0.57819231	0.57810727	0.31226513	0.31214073	59958	13264	0
59958	13269	-0.00000705	0.04296639	0.47906956	0.04282761	0.48152209	0.57805648	0.57829363	0.31231731	0.31229250	0.57823734	0.57831631	0.31261502	0.31229833	59958	13267	0
59958	13272	0.00061995	0.04283662	0.48205813	0.04286929	0.48017714	0.57833858	0.57830308	0.31236596	0.31220827	0.57830407	0.57820061	0.31238354	0.31221756	59958	13270	0
59958	13275	0.00054816	0.04289376	0.48004059	0.04279182	0.48025596	0.57801285	0.57821516	0.31254140	0.31228371	0.57804178	0.57823126	0.31245643	0.31224180	59958	13273	0
59958	13278	0.00059239	0.04278641	0.48086496	0.04292808	0.48073225	0.57825517	0.57829470	0.31240285	0.31224673	0.57802871	0.57823792	0.31256835	0.31217844	59958	13277	0
59958	13609	0.00033345	0.04291102	0.47853081	0.04293171	0.47930764	0.57798499	0.57811458	0.31253581	0.31220696	0.57802173	0.57811047	0.31213432	0.31214221	59958	13607	0
59958	13612	0.00117589	0.04299000	0.48130739	0.04311298	0.47878008	0.57787472	0.57806018	0.31241806	0.31207844	0.57786568	0.57812485	0.31238872	0.31217080	59958	13610	0
59958	13615	-0.00040717	0.04307789	0.47838992	0.04297683	0.48313909	0.57792715	0.57802978	0.31214007	0.31206496	0.57802666	0.57801203	0.31239160	0.31206168	59958	13614	0
59958	13619	0.00048176	0.04286645	0.48040850	0.04291316	0.47774171	0.57799017	0.57811565	0.31224632	0.31212150	0.57808393	0.57827481	0.31239349	0.31228198	59958	13617	0
59958	13622	0.00032532	0.04296912	0.47948132	0.04303169	0.47995062	0.57819938	0.57812715	0.31251264	0.31227294	0.57832149	0.57829289	0.31234106	0.31219636	59958	13620	0
59958	13952	-0.00002210	0.04291007	0.47995622	0.04303202	0.48099850	0.57822313	0.57824260	0.31234575	0.31229661	0.57830357	0.57822370	0.31231041	0.31233835	59958	13951	0
59958	13955	0.00124110	0.04306705	0.48100155	0.04292038	0.47721195	0.57801417	0.57815665	0.31260680	0.31224747	0.57820875	0.57824967	0.31245931	0.31242101	59958	13954	0
59958	13959	0.00097050	0.04287952	0.47968910	0.04306150	0.48050091	0.57802345	0.57813479	0.31261321	0.31225897	0.57799075	0.57814926	0.31266909	0.31228083	59958	13957	0
59958	13962	0.00025341	0.04297045	0.47886983	0.04295439	0.48102109	0.57799403	0.57812682	0.31277246	0.31234147	0.57825838	0.57813668	0.31243917	0.31234270	59958	13960	0
59958	13965	0.00134339	0.04297909	0.48103418	0.04310752	0.47776425	0.57800463	0.57806725	0.31248683	0.31219241	0.57801071	0.57808426	0.31260146	0.31218945	59958	13964	0
59958	14296	0.00059202	0.04281094	0.47721911	0.04274028	0.47947320	0.57816388	0.57825764	0.31248692	0.31227154	0.57821688	0.57819371	0.31244830	0.31229874	59958	14294	0
59958	14299	-0.00063193	0.04268473	0.47773891	0.04271296	0.48141077	0.57830177	0.57834466	0.31241773	0.31237393	0.57817300	0.57825608	0.31261346	0.31236325	59958	14297	0
59958	14302	0.00017525	0.04289023	0.48148036	0.04277589	0.47905880	0.57834852	0.57837432	0.31248494	0.31241099	0.57820809	0.57830653	0.31271026	0.31238511	59958	14300	0
59958	14305	-0.00015539	0.04273190	0.47981146	0.04268367	0.48080338	0.57833899	0.57836282	0.31253967	0.31239603	0.57795582	0.57807004	0.31252726	0.31228609	59958	14304	0
59958	14309	-0.00040450	0.04267603	0.47921432	0.04282551	0.47996166	0.57801877	0.57811162	0.31244427	0.31229250	0.57818829	0.57814268	0.31234164	0.31230959	59958	14307	0
59958	14639	0.00037762	0.04297139	0.48072991	0.04292545	0.47838355	0.57834836	0.57849594	0.31277986	0.31243671	0.57838649	0.57858665	0.31293565	0.31253507	59958	14637	0
59958	14642	-0.00025166	0.04270641	0.47957218	0.04274766	0.48146000	0.57839059	0.57870301	0.31289301	0.31265964	0.57842511	0.57837884	0.31259670	0.31249201	59958	14641	0
59958	14646	0.00075678	0.04294285	0.48172663	0.04292679	0.47870133	0.57854688	0.57841179	0.31261527	0.31253688	0.57850481	0.57852585	0.31278561	0.31253063	59958	14644	0
59958	14649	0.00083483	0.04279445	0.47932752	0.04277411	0.47909335	0.57849323	0.57857704	0.31271798	0.31249924	0.57835082	0.57855576	0.31280188	0.31250639	59958	14647	0
59958	14652	0.00088639	0.04276741	0.48146964	0.04272384	0.48131496	0.57853456	0.57846989	0.31263104	0.31252595	0.57856743	0.57858904	0.31261724	0.31253868	59958	14650	0
59958	14982	0.00022645	0.04278244	0.47773339	0.04302415	0.47971322	0.57797801	0.57796593	0.31185050	0.31179939	0.57786182	0.57791975	0.31183406	0.31166035	59958	14981	0
59958	14986	0.00082944	0.04292637	0.47946663	0.04295588	0.47765767	0.57785557	0.57808130	0.31213193	0.31175978	0.57763199	0.57789641	0.31200695	0.31173414	59958	14984	0
59958	14989	0.00067964	0.04288160	0.48124389	0.04282661	0.48169327	0.57783741	0.57786864	0.31186586	0.31176496	0.57785327	0.57803569	0.31205445	0.31182798	59958	14987	0
59958	14992	0.00010608	0.04287705	0.47951526	0.04292810	0.48123595	0.57800866	0.57805722	0.31188731	0.31177720	0.57799633	0.57813430	0.31217335	0.31189742	59958	14991	0
59958	14995	0.00009395	0.04289949	0.48057414	0.04280001	0.48061055	0.57788705	0.57812970	0.31207310	0.31177712	0.57803939	0.57813101	0.31184622	0.31177063	59958	14994	0
59958	15326	-0.00077368	0.04250228	0.47874632	0.04255295	0.48134918	0.57844351	0.57859224	0.31311002	0.31276137	0.57862799	0.57858386	0.31282226	0.31272275	59958	15324	0
59958	15329	0.00108823	0.04261666	0.48290073	0.04264470	0.47731502	0.57864048	0.57872240	0.31276383	0.31274888	0.57843718	0.57857860	0.31303500	0.31271831	59958	15328	0
59958	15332	0.00010966	0.04272394	0.47800025	0.04269603	0.48093596	0.57858214	0.57880285	0.31302514	0.31289794	0.57845921	0.57858320	0.31308069	0.31272702	59958	15331	0
59958	15336	0.00085727	0.04273591	0.48148909	0.04288224	0.47924625	0.57852766	0.57863851	0.31293886	0.31267476	0.57852281	0.57864442	0.31273302	0.31268659	59958	15334	0
59958	15339	-0.00063042	0.04297308	0.47857967	0.04277256	0.48304274	0.57867384	0.57869151	0.31273606	0.31275044	0.57854310	0.57871262	0.31296392	0.31282694	59958	15337	0
59958	15669	0.00033833	0.04277744	0.48093190	0.04269423	0.47802566	0.57889710	0.57895018	0.31319869	0.31317346	0.57896456	0.57894459	0.31360141	0.31321085	59958	15668	0
59958	15673	0.00050753	0.04276117	0.48093253	0.04284015	0.48042494	0.57884862	0.57907977	0.31351677	0.31319828	0.57895322	0.57898420	0.31315111	0.31315678	59958	15671	0
59958	15676	0.00138233	0.04297334	0.48198179	0.04298652	0.47935738	0.57890269	0.57915553	0.31340444	0.31316072	0.57896201	0.57901337	0.31338185	0.31308422	59958	15674	0
59958	15679	0.00134392	0.04286913	0.48143211	0.04278345	0.48154734	0.57898305	0.57900869	0.31319014	0.31318989	0.57904032	0.57907204	0.31322449	0.31322367	59958	15677	0
59958	15682	0.00033326	0.04271975	0.47845161	0.04291382	0.48148357	0.57889817	0.57900499	0.31347840	0.31317502	0.57893268	0.57908634	0.31348456	0.31314026	59958	15681	0
59958	16013	-0.00044919	0.04277584	0.47918310	0.04285242	0.48153045	0.57876004	0.57900368	0.31304075	0.31275677	0.57899636	0.57903983	0.31288471	0.31282061	59958	16011	0
59958	16016	0.00020192	0.04294211	0.48035511	0.04273696	0.47840180	0.57888173	0.57891452	0.31314075	0.31277213	0.57883243	0.57898921	0.31310961	0.31279678	59958	16014	0
59958	16019	0.00030309	0.04277536	0.47982836	0.04298080	0.47952483	0.57890614	0.57899973	0.31315645	0.31282472	0.57912866	0.57902331	0.31287296	0.31274674	59958	16018	0
59958	16023	0.00018866	0.04307955	0.47947261	0.04301050	0.47981591	0.57894517	0.57901995	0.31304182	0.31276540	0.57897664	0.57908215	0.31297970	0.31288545	59958	16021	0
59958	16026	-0.00002143	0.04296762	0.47898472	0.04290190	0.47961500	0.57903909	0.57911042	0.31287616	0.31289071	0.57893284	0.57904065	0.31298866	0.31283417	59958	16024	0
59958	16356	0.00133848	0.04312416	0.48105324	0.04302363	0.47697351	0.57861985	0.57887771	0.31286721	0.31266038	0.57870465	0.57869734	0.31253729	0.31255035	59958	16355	0
59958	16359	0.00048577	0.04299286	0.47948539	0.04275752	0.48204351	0.57874919	0.57889735	0.31267772	0.31251740	0.57867581	0.57880515	0.31298422	0.31261913	59958	16358	0
59958	16363	0.00024576	0.04277557	0.47928881	0.04290523	0.48000885	0.57883826	0.57893375	0.31271190	0.31252093	0.57875428	0.57894616	0.31285973	0.31253614	59958	16361	0
59958	16366	0.00035072	0.04299075	0.48066710	0.04316999	0.48035222	0.57878239	0.57877976	0.31265529	0.31256169	0.57883153	0.57881715	0.31280163	0.31257903	59958	16364	0
59958	16369	0.00033328	0.04298236	0.48040077	0.04288064	0.48045308	0.57892274	0.57894805	0.31264945	0.31264986	0.57870819	0.57891592	0.31293713	0.31262086	59958	16368	0
59958	16700	0.00010903	0.04301731	0.47944627	0.04302645	0.48011903	0.57827054	0.57841566	0.31236506	0.31228732	0.57829133	0.57842453	0.31238732	0.31217713	59958	16698	0
59958	16703	0.00022389	0.04302327	0.47988523	0.04309984	0.47954065	0.57822798	0.57837810	0.31249004	0.31220079	0.57836652	0.57837342	0.31244410	0.31216061	59958	16701	0
59958	16706	-0.00009894	0.04301772	0.47954404	0.04305329	0.48051253	0.57823537	0.57832494	0.31249924	0.31217688	0.57838895	0.57846734	0.31232381	0.31228518	59958	16705	0
59958	16709	0.00038139	0.04302413	0.48091625	0.04308259	0.47947528	0.57825345	0.57842387	0.31253425	0.31218839	0.57841418	0.57855642	0.31228576	0.31220162	59958	16708	0
59958	16713	0.00016245	0.04306662	0.47822857	0.04293978	0.47888540	0.57841763	0.57851139	0.31239497	0.31216004	0.57830070	0.57846718	0.31246982	0.31215346	59958	16711	0
59958	17043	0.00112860	0.04269453	0.48213207	0.04286145	0.47923361	0.57883629	0.57886752	0.31285537	0.31280508	0.57873317	0.57877902	0.31301232	0.31276852	59958	17042	0
59958	17046	0.00058719	0.04290821	0.47909833	0.04295830	0.48072254	0.57878411	0.57896103	0.31316730	0.31285718	0.57874311	0.57881887	0.31307477	0.31280139	59958	17045	0
59958	17050	-0.00001335	0.04297825	0.47770299	0.04273443	0.47950462	0.57879332	0.57879923	0.31296277	0.31279835	0.57866349	0.57884287	0.31286228	0.31279366	59958	17048	0
59958	17053	0.00060167	0.04262018	0.48081169	0.04272863	0.47896663	0.57861706	0.57874163	0.31293040	0.31274715	0.57870958	0.57880786	0.31295373	0.31286326	59958	17051	0
59958	17056	0.00106689	0.04288430	0.48060214	0.04269866	0.47920648	0.57881090	0.57888814	0.31288726	0.31289235	0.57877466	0.57887467	0.31300098	0.31286326	59958	17055	0
59958	17387	0.00100310	0.04280233	0.47961039	0.04278922	0.47980175	0.57835871	0.57854943	0.31223876	0.31228272	0.57843554	0.57846537	0.31231699	0.31225799	59958	17385	0
59958	17390	0.00037488	0.04292956	0.47902377	0.04288168	0.48090843	0.57829314	0.57826339	0.31261091	0.31220564	0.57825452	0.57827531	0.31222347	0.31217507	59958	17388	0
59958	17393	-0.00004439	0.04271260	0.47934762	0.04271495	0.48060545	0.57804334	0.57822510	0.31251083	0.31213769	0.57821023	0.57833143	0.31234780	0.31216480	59958	17392	0
59958	17396	-0.00033685	0.04272593	0.47957139	0.04281930	0.48044876	0.57813849	0.57827424	0.31260171	0.31220326	0.57829527	0.57826027	0.31232972	0.31219077	59958	17395	0
59958	17400	-0.00012951	0.04276419	0.48100316	0.04286911	0.48038116	0.57826208	0.57841714	0.31240762	0.31232019	0.57839487	0.57842149	0.31244805	0.31230655	59958	17398	0
59958	17730	0.00089971	0.04295524	0.48102679	0.04304268	0.47793911	0.57781843	0.57790825	0.31166446	0.31157867	0.57768482	0.57777587	0.31162428	0.31147317	59958	17729	0
59958	17733	0.00072007	0.04280565	0.48105462	0.04304261	0.48159354	0.57778417	0.57787554	0.31191180	0.31162526	0.57778261	0.57800003	0.31190613	0.31156479	59958	17732	0
59958	17737	0.00063305	0.04283335	0.47940803	0.04299146	0.47966909	0.57776436	0.57778335	0.31172362	0.31151737	0.57778022	0.57794900	0.31177712	0.31155986	59958	17735	0
59958	17740	0.00084446	0.04293720	0.48075529	0.04272516	0.48012107	0.57780520	0.57797661	0.31186636	0.31158295	0.57767808	0.57781408	0.31170070	0.31149667	59958	17738	0
59958	17743	0.00042697	0.04292761	0.47809299	0.04286297	0.47934546	0.57786190	0.57796519	0.31156429	0.31149280	0.57775631	0.57794325	0.31175452	0.31155936	59958	17742	0
59958	18074	0.00076883	0.04266968	0.47956191	0.04258884	0.47853633	0.57843316	0.57858879	0.31281182	0.31256268	0.57828525	0.57842921	0.31282193	0.31252430	59958	18072	0
59958	18077	-0.00017522	0.04270835	0.47801103	0.04279434	0.48084316	0.57825854	0.57848148	0.31285291	0.31257246	0.57856020	0.57858904	0.31265520	0.31259612	59958	18075	0
59958	18080	0.00032342	0.04272263	0.48097345	0.04279545	0.47947754	0.57841311	0.57851163	0.31276827	0.31254181	0.57850498	0.57850703	0.31261510	0.31254994	59958	18078	0
59958	18083	0.00020607	0.04272522	0.47939311	0.04284311	0.47974514	0.57848254	0.57851747	0.31295127	0.31255265	0.57843398	0.57849701	0.31284790	0.31253449	59958	18082	0
59958	18087	0.00029355	0.04276903	0.47966368	0.04281632	0.47940126	0.57831220	0.57839462	0.31285480	0.31253047	0.57841985	0.57848435	0.31280254	0.31253474	59958	18085	0
59958	18417	0.00077137	0.04289078	0.47930498	0.04282675	0.47787151	0.57809658	0.57813644	0.31230178	0.31207220	0.57813331	0.57824556	0.31203325	0.31205486	59958	18415	0
59958	18420	0.00028579	0.04280008	0.47771604	0.04274014	0.47917279	0.57820982	0.57846430	0.31204155	0.31216735	0.57823874	0.57833932	0.31216908	0.31209677	59958	18419	0
59958	18424	0.00056071	0.04305502	0.47909711	0.04283587	0.47827235	0.57840103	0.57837309	0.31231814	0.31217261	0.57819593	0.57832872	0.31238469	0.31211312	59958	18422	0
59958	18427	0.00096098	0.04271915	0.48064028	0.04270389	0.47943947	0.57809823	0.57817555	0.31231304	0.31210235	0.57824400	0.57827859	0.31219455	0.31207384	59958	18425	0
59958	18430	0.00034524	0.04274225	0.47827271	0.04284827	0.48011993	0.57833661	0.57828574	0.31225873	0.31213243	0.57817670	0.57859126	0.31254969	0.31225955	59958	18428	0
59958	18760	0.00051678	0.04287155	0.48032861	0.04278103	0.47981398	0.57802468	0.57813405	0.31220614	0.31182239	0.57811179	0.57827744	0.31210219	0.31192618	59958	18759	0
59958	18764	0.00063612	0.04277255	0.47955493	0.04285692	0.47919690	0.57826183	0.57831771	0.31242940	0.31205658	0.57834491	0.57829544	0.31207532	0.31198493	59958	18762	0
59958	18767	0.00043821	0.04285141	0.47806837	0.04284216	0.47866210	0.57809157	0.57820464	0.31233605	0.31197762	0.57818500	0.57826430	0.31199931	0.31195601	59958	18765	0
59958	18770	-0.00085372	0.04284869	0.47738681	0.04277189	0.48126260	0.57818599	0.57829051	0.31203694	0.31200375	0.57822321	0.57824951	0.31200153	0.31195428	59958	18769	0
59958	18774	0.00050859	0.04267887	0.48311360	0.04260100	0.47902668	0.57813964	0.57833266	0.31240688	0.31204179	0.57831516	0.57837572	0.31209866	0.31199233	59958	18772	0
59958	19104	0.00057570	0.04300088	0.47883862	0.04285587	0.47863729	0.57839906	0.57859208	0.31267131	0.31250450	0.57853628	0.57857868	0.31270229	0.31250409	59958	19102	0
59958	19107	0.00064844	0.04294222	0.48061605	0.04279700	0.48039783	0.57875708	0.57869274	0.31266268	0.31258963	0.57859454	0.57864426	0.31268626	0.31249834	59958	19106	0
59958	19110	0.00129678	0.04300512	0.48199961	0.04282518	0.48005460	0.57856800	0.57873004	0.31278240	0.31251633	0.57851484	0.57869586	0.31264510	0.31248182	59958	19109	0
59958	19114	-0.00017802	0.04297242	0.47671121	0.04286085	0.48113562	0.57851944	0.57863144	0.31254953	0.31242570	0.57837326	0.57851845	0.31269621	0.31232537	59958	19112	0
59958	19117	0.00031309	0.04282159	0.48009473	0.04304899	0.47862138	0.57858099	0.57868181	0.31252841	0.31243967	0.57851936	0.57855724	0.31238527	0.31229521	59958	19115	0
59958	19447	-0.00029204	0.04256110	0.47960321	0.04269694	0.48141862	0.57892044	0.57898576	0.31309556	0.31291889	0.57887812	0.57892947	0.31312555	0.31292809	59958	19446	0
59958	19451	0.00116359	0.04272836	0.48209449	0.04278281	0.47772759	0.57898527	0.57909850	0.31302498	0.31298052	0.57888913	0.57890178	0.31313229	0.31299350	59958	19449	0
59958	19454	0.00125554	0.04266355	0.48030042	0.04266866	0.48002458	0.57889882	0.57902783	0.31317560	0.31299827	0.57906005	0.57906341	0.31313821	0.31300920	59958	19452	0
59958	19457	-0.00049910	0.04267338	0.47643817	0.04257546	0.48170208	0.57905750	0.57917960	0.31329138	0.31305678	0.57906415	0.57903498	0.31304650	0.31302949	59958	19456	0
59958	19460	0.00042150	0.04269244	0.47962296	0.04264620	0.47686116	0.57906194	0.57919440	0.31319737	0.31310131	0.57898888	0.57911978	0.31339220	0.31300944	59958	19459	0
59958	19791	0.00051899	0.04272055	0.47855689	0.04279349	0.47826443	0.57886957	0.57889258	0.31273516	0.31263713	0.57889480	0.57904756	0.31288520	0.31264140	59958	19789	0
59958	19794	0.00090136	0.04291845	0.48028845	0.04296720	0.47914133	0.57889858	0.57892561	0.31299991	0.31265635	0.57891485	0.57906325	0.31310230	0.31278421	59958	19792	0
59958	19797	-0.00006955	0.04288935	0.47827174	0.04278108	0.48118449	0.57924049	0.57925282	0.31300345	0.31290106	0.57921050	0.57919209	0.31284888	0.31291026	59958	19796	0
59958	19801	0.00128337	0.04282589	0.48310587	0.04277724	0.47904709	0.57897524	0.57906194	0.31300476	0.31280204	0.57897746	0.57894040	0.31290024	0.31278487	59958	19799	0
59958	19804	0.00055417	0.04279253	0.47931884	0.04283137	0.48150645	0.57894303	0.57895372	0.31289350	0.31277969	0.57881386	0.57900039	0.31300772	0.31279950	59958	19802	0
59958	20134	0.00113292	0.04266214	0.48066977	0.04278839	0.47893352	0.57869019	0.57883391	0.31235741	0.31216653	0.57842675	0.57857211	0.31230343	0.31209537	59958	20133	0
59958	20138	0.00000890	0.04286576	0.47744642	0.04279123	0.48081849	0.57851073	0.57869496	0.31238075	0.31223596	0.57878551	0.57878181	0.31231970	0.31223942	59958	20136	0
59958	20141	-0.00030991	0.04276638	0.47979777	0.04275816	0.48075419	0.57881279	0.57870547	0.31236128	0.31214878	0.57856587	0.57868871	0.31223933	0.31212553	59958	20139	0
59958	20144	0.00047137	0.04278541	0.48103030	0.04303506	0.47868644	0.57850941	0.57859249	0.31235051	0.31212963	0.57862684	0.57863555	0.31227565	0.31220655	59958	20142	0
59958	20147	-0.00024481	0.04292507	0.47900217	0.04281978	0.48115072	0.57845107	0.57865617	0.31248782	0.31210695	0.57848723	0.57859150	0.31234837	0.31214788	59958	20146	0
59958	20478	0.00020313	0.04287020	0.48134716	0.04293649	0.48000335	0.57867639	0.57885470	0.31282941	0.31255183	0.57872922	0.57888116	0.31259210	0.31255668	59958	20476	0
59958	20481	0.00009811	0.04284181	0.47977338	0.04295077	0.48008844	0.57857227	0.57880244	0.31277156	0.31258963	0.57867967	0.57869865	0.31259070	0.31253622	59958	20479	0
59958	20484	0.00036153	0.04276693	0.48051051	0.04279296	0.47972026	0.57850300	0.57876143	0.31281610	0.31251075	0.57873539	0.57882964	0.31273310	0.31255841	59958	20483	0
59958	20488	0.00067550	0.04299373	0.47931524	0.04305962	0.47837331	0.57879414	0.57873481	0.31253556	0.31241173	0.57868378	0.57875568	0.31258536	0.31245084	59958	20486	0
59958	20491	0.00138115	0.04297935	0.48049873	0.04283469	0.47838179	0.57869200	0.57887861	0.31245479	0.31249694	0.57855609	0.57870293	0.31276252	0.31233777	59958	20489	0
59958	20821	0.00025593	0.04271754	0.47750016	0.04277023	0.48087582	0.57912537	0.57916202	0.31316779	0.31312802	0.57894985	0.57911206	0.31333632	0.31306935	59958	20820	0
59958	20824	0.00000040	0.04269723	0.47958630	0.04257243	0.48035291	0.57908922	0.57910499	0.31317732	0.31309688	0.57909143	0.57912882	0.31317510	0.31310501	59958	20823	0
59958	20828	0.00095258	0.04286545	0.48106866	0.04264989	0.47821213	0.57913227	0.57906867	0.31320074	0.31310534	0.57891937	0.57913770	0.31339072	0.31308619	59958	20826	0
59958	20831	0.00002532	0.04285761	0.47850870	0.04266868	0.48129046	0.57896218	0.57913992	0.31336155	0.31301511	0.57891887	0.57911173	0.31346541	0.31305661	59958	20829	0
59958	20834	-0.00001644	0.04289055	0.47952182	0.04294798	0.47964709	0.57913860	0.57919653	0.31309572	0.31306179	0.57898806	0.57919316	0.31336073	0.31304922	59958	20833	0
59958	21165	0.00169964	0.04271614	0.48242658	0.04286099	0.47727834	0.57870350	0.57882241	0.31276285	0.31250992	0.57872495	0.57894123	0.31284757	0.31267731	59958	21163	0
59958	21168	0.00028913	0.04272270	0.47608609	0.04265383	0.48031762	0.57893810	0.57897196	0.31268520	0.31260763	0.57904624	0.57889521	0.31272488	0.31258782	59958	21166	0
59958	21171	0.00129371	0.04256399	0.48115914	0.04271466	0.47814540	0.57866077	0.57898149	0.31293286	0.31271708	0.57880687	0.57888165	0.31279539	0.31267838	59958	21170	0
59958	21174	0.00017018	0.04265507	0.47881590	0.04263603	0.48218649	0.57875511	0.57891164	0.31285529	0.31262735	0.57883950	0.57891682	0.31293122	0.31264666	59958	21173	0
59958	21178	0.00024440	0.04259551	0.47995601	0.04274315	0.47973334	0.57893054	0.57906029	0.31266309	0.31269654	0.57887417	0.57888814	0.31284017	0.31265734	59958	21176	0
59958	21508	0.00005434	0.04277876	0.47931722	0.04283044	0.47988742	0.57803569	0.57812477	0.31202495	0.31173792	0.57821647	0.57820875	0.31184318	0.31172346	59958	21506	0
59958	21511	0.00116811	0.04289454	0.48267614	0.04258538	0.47933482	0.57818311	0.57816265	0.31180284	0.31181870	0.57806511	0.57824671	0.31212010	0.31177687	59958	21510	0
59958	21515	-0.00005332	0.04262689	0.47841847	0.04274845	0.48208276	0.57813389	0.57815616	0.31175863	0.31170571	0.57804260	0.57824646	0.31196915	0.31175912	59958	21513	0
59958	21518	-0.00010667	0.04286272	0.48076993	0.04285897	0.48092999	0.57802460	0.57824531	0.31184507	0.31171615	0.57805829	0.57814876	0.31201591	0.31169371	59958	21516	0
59958	21521	0.00009549	0.04262340	0.48061534	0.04276626	0.48000887	0.57808245	0.57830094	0.31180818	0.31177704	0.57801992	0.57834860	0.31191360	0.31174943	59958	21519	0
59958	21851	0.00086592	0.04256178	0.48208765	0.04256360	0.47977634	0.57750856	0.57748925	0.31116272	0.31106058	0.57735745	0.57754431	0.31148615	0.31108293	59958	21850	0
59958	21855	0.00114552	0.04245707	0.47859571	0.04242188	0.47775694	0.57758663	0.57751308	0.31123175	0.31113897	0.57755795	0.57763675	0.31141113	0.31111087	59958	21853	0
59958	21858	0.00021151	0.04252085	0.47872576	0.04260019	0.48152780	0.57756222	0.57776141	0.31145131	0.31129494	0.57756699	0.57766288	0.31123158	0.31119534	59958	21856	0
59958	21861	0.00122524	0.04274680	0.48279327	0.04269820	0.47975207	0.57762903	0.57786691	0.31150891	0.31126650	0.57761054	0.57768482	0.31124728	0.31118351	59958	21860	0
59958	21865	0.00034907	0.04249319	0.47863023	0.04250683	0.48125873	0.57770249	0.57758194	0.31124958	0.31114374	0.57754341	0.57757003	0.31134769	0.31116675	59958	21863	0
59958	22195	0.00056904	0.04259600	0.48006010	0.04258264	0.47940018	0.57817892	0.57834491	0.31251239	0.31233326	0.57839602	0.57848928	0.31243424	0.31234205	59958	22193	0
59958	22198	0.00095817	0.04257415	0.47832322	0.04262473	0.47715583	0.57820267	0.57833981	0.31264756	0.31233293	0.57827128	0.57836931	0.31269801	0.31234246	59958	22197	0
59958	22201	0.00004699	0.04253064	0.47803465	0.04257390	0.48076821	0.57839413	0.57835378	0.31250343	0.31233646	0.57825394	0.57834959	0.31251995	0.31237401	59958	22200	0
59958	22205	-0.00036969	0.04278046	0.47917221	0.04261375	0.48042225	0.57810398	0.57834030	0.31259070	0.31220975	0.57816438	0.57845797	0.31262957	0.31231625	59958	22203	0
59958	22208	0.00008695	0.04251153	0.47975544	0.04264766	0.47838552	0.57818295	0.57830579	0.31275291	0.31237360	0.57825246	0.57835296	0.31267690	0.31237253	59958	22206	0
59958	22538	0.00060664	0.04279192	0.48033901	0.04288768	0.47877993	0.57848493	0.57852938	0.31249316	0.31220005	0.57834318	0.57837605	0.31242792	0.31215051	59958	22537	0
59958	22542	0.00018066	0.04269878	0.47949262	0.04261061	0.48077058	0.57829914	0.57844959	0.31223703	0.31214040	0.57839281	0.57851467	0.31224969	0.31215938	59958	22540	0
59958	22545	0.00093977	0.04263873	0.48193494	0.04276439	0.47965759	0.57823266	0.57834236	0.31252422	0.31222594	0.57831442	0.57836693	0.31249916	0.31216489	59958	22543	0
59958	22548	0.00149892	0.04270873	0.48069309	0.04275898	0.47901566	0.57851845	0.57858255	0.31228140	0.31219225	0.57846570	0.57866020	0.31237220	0.31220934	59958	22547	0
59958	22551	-0.00018179	0.04260512	0.47677312	0.04281563	0.48181524	0.57835206	0.57857441	0.31252545	0.31229020	0.57827555	0.57834219	0.31231427	0.31215585	59958	22550	0
59958	22882	0.00103168	0.04263446	0.48192299	0.04269421	0.47828259	0.57812682	0.57823044	0.31191993	0.31181771	0.57786634	0.57811803	0.31206866	0.31180161	59958	22880	0
59958	22885	0.00073254	0.04274221	0.48087209	0.04267656	0.48176950	0.57819716	0.57831327	0.31188033	0.31193883	0.57826504	0.57824540	0.31193859	0.31191492	59958	22883	0
59958	22888	0.00044572	0.04267814	0.47874891	0.04267124	0.47960937	0.57791252	0.57820858	0.31203604	0.31181105	0.57821072	0.57824014	0.31192059	0.31182519	59958	22887	0
59958	22892	0.00010976	0.04275504	0.48066573	0.04275656	0.48167361	0.57827366	0.57824441	0.31191024	0.31182839	0.57833020	0.57833513	0.31190769	0.31193801	59958	22890	0
59958	22895	0.00001223	0.04273999	0.48028420	0.04271412	0.48057679	0.57829511	0.57833209	0.31209257	0.31190342	0.57828944	0.57830711	0.31202569	0.31187901	59958	22893	0
59958	23225	0.00061741	0.04273094	0.48065251	0.04271410	0.47883698	0.57885421	0.57882314	0.31267353	0.31263910	0.57866176	0.57883136	0.31269308	0.31261979	59958	23224	0
59958	23229	0.00016364	0.04281592	0.47947864	0.04258049	0.48083993	0.57843981	0.57856003	0.31282308	0.31248987	0.57865732	0.57855477	0.31261962	0.31248248	59958	23227	0
59958	23232	-0.00014386	0.04276605	0.47830905	0.04278402	0.47923156	0.57852199	0.57860514	0.31287624	0.31263803	0.57864368	0.57867022	0.31264748	0.31258388	59958	23230	0
59958	23235	0.00026083	0.04244526	0.48005407	0.04288220	0.47883999	0.57864582	0.57880770	0.31287756	0.31265791	0.57868066	0.57866636	0.31259366	0.31249571	59958	23233	0
59958	23238	0.00004246	0.04268886	0.47875471	0.04272926	0.47940983	0.57839898	0.57862684	0.31282012	0.31241921	0.57860818	0.57872873	0.31254863	0.31246013	59958	23237	0
59958	23569	0.00098133	0.04252633	0.48176658	0.04251057	0.47894994	0.57876234	0.57904131	0.31302818	0.31292785	0.57889389	0.57913770	0.31295431	0.31297280	59958	23567	0
59958	23572	0.00084490	0.04270001	0.47805550	0.04278104	0.47846481	0.57881698	0.57883259	0.31316713	0.31284740	0.57885108	0.57902529	0.31280977	0.31291651	59958	23571	0
59958	23576	0.00013894	0.04274926	0.47758475	0.04270849	0.47970262	0.57876513	0.57900918	0.31313270	0.31296047	0.57885823	0.57906629	0.31318825	0.31290985	59958	23574	0
59958	23579	0.00097539	0.04253575	0.47979343	0.04271934	0.47728410	0.57909694	0.57920532	0.31305250	0.31299022	0.57896686	0.57896999	0.31298290	0.31278627	59958	23577	0
59958	23582	0.00025530	0.04258592	0.47863042	0.04263859	0.48079068	0.57886366	0.57916761	0.31290714	0.31292727	0.57906432	0.57905684	0.31303418	0.31276720	59958	23580	0
59958	23914	-0.00012491	0.04266164	0.47907009	0.04288210	0.48021073	0.57878699	0.57877425	0.31243334	0.31238461	0.57865938	0.57879529	0.31232939	0.31229784	59958	23913	0
59958	23918	0.00093711	0.04291544	0.48072087	0.04285122	0.47753480	0.57873645	0.57904115	0.31243104	0.31251025	0.57869471	0.57879241	0.31267575	0.31232068	59958	23916	0
59958	23921	-0.00014627	0.04270359	0.47661644	0.04254572	0.47986658	0.57861657	0.57874410	0.31255742	0.31228272	0.57857951	0.57876760	0.31255430	0.31241444	59958	23919	0
59958	23924	-0.00016343	0.04279783	0.47864149	0.04284317	0.47869298	0.57876735	0.57886341	0.31249464	0.31245265	0.57868238	0.57876143	0.31245635	0.31230951	59958	23923	0
59958	23928	0.00033030	0.04283261	0.48018599	0.04263921	0.47870480	0.57886324	0.57883711	0.31241863	0.31245051	0.57878387	0.57885593	0.31250918	0.31232109	59958	23926	0
59958	24258	0.00043645	0.04274119	0.47987568	0.04259849	0.47955723	0.57837268	0.57845362	0.31238946	0.31213333	0.57842001	0.57850506	0.31239883	0.31224615	59958	24256	0
59958	24261	0.00008541	0.04275242	0.47915128	0.04281617	0.48020440	0.57822518	0.57844162	0.31259053	0.31232052	0.57835173	0.57839446	0.31257040	0.31228568	59958	24259	0
59958	24264	-0.00015645	0.04265433	0.47886623	0.04274502	0.47959182	0.57844154	0.57856956	0.31264230	0.31235347	0.57853160	0.57856455	0.31236308	0.31224845	59958	24263	0
59958	24268	0.00089902	0.04277352	0.48042779	0.04267395	0.47726136	0.57846438	0.57862585	0.31254707	0.31229669	0.57845765	0.57852470	0.31245240	0.31229858	59958	24266	0
59958	24271	0.00063479	0.04268476	0.47900150	0.04265780	0.47979419	0.57849035	0.57845263	0.31238018	0.31234254	0.57844064	0.57847852	0.31239949	0.31239373	59958	24269	0
59958	24601	0.00061949	0.04273690	0.47992977	0.04260819	0.47997567	0.57891115	0.57899866	0.31284387	0.31281988	0.57907582	0.57893178	0.31298225	0.31279646	59958	24600	0
59958	24605	0.00180539	0.04266869	0.48110685	0.04274201	0.47754915	0.57882142	0.57884706	0.31300608	0.31278076	0.57872815	0.57890926	0.31299112	0.31274009	59958	24603	0
59958	24608	-0.00065106	0.04257963	0.47543273	0.04263367	0.48280208	0.57879562	0.57894032	0.31293870	0.31268035	0.57884172	0.57896621	0.31306039	0.31271083	59958	24606	0
59958	24611	0.00141724	0.04249773	0.48167627	0.04265036	0.47547139	0.57862856	0.57888165	0.31312900	0.31270442	0.57872265	0.57889652	0.31300501	0.31267953	59958	24609	0
59958	24614	0.00092852	0.04263044	0.47790377	0.04266617	0.47936991	0.57881501	0.57892298	0.31301240	0.31279572	0.57882692	0.57893030	0.31301175	0.31273680	59958	24613	0
59958	24945	-0.00016405	0.04286446	0.47791647	0.04275133	0.48119419	0.57857721	0.57860498	0.31210104	0.31206423	0.57852757	0.57860202	0.31214516	0.31205814	59958	24943	0
59958	24948	0.00006882	0.04259851	0.47992436	0.04256501	0.47922574	0.57857532	0.57860859	0.31238494	0.31211484	0.57837137	0.57859619	0.31246941	0.31209750	59958	24946	0
59958	24951	0.00071688	0.04268614	0.48067579	0.04285624	0.47873161	0.57850120	0.57874755	0.31250023	0.31215100	0.57876595	0.57881616	0.31229669	0.31215264	59958	24950	0
59958	24955	0.00094911	0.04289222	0.47872827	0.04282395	0.47803159	0.57862651	0.57868764	0.31216028	0.31215626	0.57869603	0.57880367	0.31228568	0.31216661	59958	24953	0
59958	24958	0.00050216	0.04265397	0.47882382	0.04274677	0.48016465	0.57850744	0.57868337	0.31250516	0.31217951	0.57840851	0.57862035	0.31243104	0.31217376	59958	24956	0
59958	25288	0.00041016	0.04262698	0.47964268	0.04283690	0.47991869	0.57788557	0.57794711	0.31182223	0.31153258	0.57797464	0.57806141	0.31159470	0.31150308	59958	25287	0
59958	25291	-0.00021455	0.04287506	0.47982463	0.04274512	0.48169877	0.57799937	0.57819355	0.31163250	0.31163061	0.57808648	0.57812271	0.31162691	0.31151384	59958	25290	0
59958	25295	0.00127099	0.04273988	0.48186637	0.04278190	0.47740974	0.57796051	0.57800529	0.31178040	0.31151729	0.57808746	0.57809880	0.31161672	0.31146963	59958	25293	0
59958	25298	0.00022865	0.04276563	0.47706170	0.04272296	0.48018872	0.57802641	0.57801951	0.31172083	0.31151811	0.57809494	0.57808401	0.31150340	0.31147448	59958	25296	0
59958	25301	-0.00005062	0.04263286	0.47996409	0.04276175	0.48080192	0.57793586	0.57800200	0.31195362	0.31148557	0.57782098	0.57805772	0.31170826	0.31144983	59958	25300	0
59958	25632	-0.00085167	0.04315845	0.47984782	0.04305431	0.48225096	0.57869981	0.57878469	0.31207277	0.31193735	0.57865173	0.57878239	0.31208378	0.31196365	59958	25630	0
59958	25635	0.00087794	0.04299420	0.48352226	0.04303075	0.47833344	0.57858822	0.57872881	0.31222315	0.31202815	0.57862749	0.57870416	0.31233720	0.31203801	59958	25633	0
59958	25638	0.00000921	0.04307536	0.47965176	0.04294695	0.48225794	0.57858435	0.57873358	0.31234123	0.31196989	0.57860580	0.57872396	0.31226809	0.31197367	59958	25637	0
59958	25641	0.00012624	0.04300799	0.47955344	0.04304481	0.47920234	0.57864976	0.57868148	0.31202511	0.31193234	0.57857540	0.57863168	0.31205814	0.31190506	59958	25640	0
59958	25645	0.00055242	0.04313535	0.47937713	0.04318569	0.47809859	0.57849758	0.57864155	0.31221534	0.31193103	0.57867367	0.57883958	0.31225133	0.31204869	59958	25643	0
