% File initiated 03/03/2023 16:12:51 UTC
% Raw fountain data
%
% File notes: maser 5 MHz RF amplitudes 210 
%
%% fountain_code = ALPHA-CsF1
%% microwave_ref = ALPHA HM1
%% MJD_start = 60006.675595
%% clock_data = True
%% sequence = 1
%% density = HD
%
% Units: V.s, Hz
%
% Shot B MJD days	Shot B MJD seconds	freq error	shot A sum	shot A ratio	shot B sum	shot B ratio	shot A F=3 bg 1	shot A F=3 bg 2	shot A F=4 bg 1	shot A F=4 bg 2	shot B F=3 bg 1	shot B F=3 bg 2	shot B F=4 bg 1	shot B F=4 bg 2	Shot A MJD days	Shot A MJD seconds	Shot order (0=LF->HF)
60006	58374	-0.21853125	0.00000054	0.82317073	-0.00000085	1.47876448	-0.00054922	-0.00048250	-0.00098202	-0.00103584	-0.00050830	-0.00052704	-0.00101431	-0.00100117	60006	58372	0
60006	58377	-0.26198164	0.00000204	0.47749196	-0.00000084	0.60784314	-0.00056730	-0.00050222	-0.00098333	-0.00107175	-0.00052860	-0.00051915	-0.00101908	-0.00102310	60006	58375	0
60006	58380	0.01703774	-0.00000286	0.66590126	0.00000207	-0.17115689	-0.00052876	-0.00052030	-0.00099969	-0.00102688	-0.00054158	-0.00053221	-0.00099780	-0.00104036	60006	58379	0
60006	58383	-0.14359635	0.00000178	0.94290976	0.00000087	1.42481203	-0.00052893	-0.00049951	-0.00100667	-0.00103855	-0.00049934	-0.00054100	-0.00103642	-0.00101579	60006	58382	0
60006	58387	0.26892893	0.00000177	1.43494424	0.00000125	0.19736842	-0.00054215	-0.00047140	-0.00098900	-0.00105030	-0.00052038	-0.00050846	-0.00100248	-0.00102631	60006	58385	0
60006	58489	-1.29643280	0.00000042	-3.14960630	-0.00000117	1.54647887	-0.00053928	-0.00053936	-0.00099278	-0.00102113	-0.00054076	-0.00050953	-0.00100182	-0.00102409	60006	58487	0
60006	58492	0.99724659	0.00000105	1.73040752	-0.00000040	-0.45454546	-0.00052449	-0.00050197	-0.00101505	-0.00105334	-0.00054109	-0.00049376	-0.00100445	-0.00102853	60006	58490	0
60006	58495	1.42771165	-0.00000099	-0.38079470	0.00000053	-3.85714287	-0.00053443	-0.00049721	-0.00101070	-0.00104882	-0.00057100	-0.00051594	-0.00098350	-0.00104003	60006	58493	0
60006	58498	-0.03753123	0.00000214	0.25766871	-0.00000100	1.17704918	-0.00054133	-0.00052465	-0.00102212	-0.00104176	-0.00055596	-0.00050205	-0.00098391	-0.00104989	60006	58497	0
60006	58502	-6.60623205	0.00000153	1.54389722	0.00000009	21.24999967	-0.00053320	-0.00050362	-0.00102072	-0.00106279	-0.00054207	-0.00048907	-0.00102960	-0.00105055	60006	58500	0
60006	58603	-9.16984686	0.00000003	-27.00000031	-0.00000043	0.39694657	-0.00054618	-0.00049663	-0.00099607	-0.00102163	-0.00052441	-0.00048562	-0.00099648	-0.00102023	60006	58602	0
60006	58607	-0.85917496	-0.00000049	-1.31543624	0.00000163	1.14949495	-0.00051348	-0.00047124	-0.00097972	-0.00102327	-0.00051635	-0.00050255	-0.00100766	-0.00102680	60006	58605	0
60006	58610	-0.09012818	0.00000013	0.70731707	0.00000183	0.86510791	-0.00051044	-0.00049951	-0.00100495	-0.00101004	-0.00051011	-0.00049170	-0.00101472	-0.00100946	60006	58608	0
60006	58613	0.50720516	0.00000082	0.29200000	-0.00000045	-1.50000000	-0.00053837	-0.00050649	-0.00099985	-0.00103149	-0.00053353	-0.00048422	-0.00099640	-0.00103321	60006	58612	0
60006	58617	0.80214449	0.00000057	2.40697674	0.00000062	-0.26984127	-0.00049943	-0.00050214	-0.00100856	-0.00101037	-0.00053566	-0.00049688	-0.00098646	-0.00101883	60006	58615	0
60006	58718	0.64575267	0.00000090	0.51272727	-0.00000039	-1.69491525	-0.00054331	-0.00051323	-0.00099558	-0.00105795	-0.00053197	-0.00051504	-0.00101924	-0.00104028	60006	58717	0
60006	58722	-1.04657163	0.00000295	0.40266963	0.00000041	3.27200000	-0.00054207	-0.00053320	-0.00102031	-0.00104036	-0.00054109	-0.00049063	-0.00101152	-0.00106205	60006	58720	0
60006	58725	1.27098293	-0.00000041	3.99999999	0.00000079	-0.08333333	-0.00055136	-0.00050583	-0.00097923	-0.00104053	-0.00052942	-0.00051948	-0.00100133	-0.00102968	60006	58723	0
60006	58728	0.14108962	0.00000194	0.74450085	0.00000116	0.05084746	-0.00053879	-0.00051249	-0.00102656	-0.00104291	-0.00054437	-0.00053024	-0.00102541	-0.00101834	60006	58726	0
60006	58731	0.82934023	0.00000041	2.82258064	0.00000157	0.75782881	-0.00052884	-0.00049803	-0.00100683	-0.00103625	-0.00052326	-0.00051709	-0.00101941	-0.00103732	60006	58730	0
60006	58833	-0.18247097	0.00000184	0.25581395	-0.00000077	1.22649573	-0.00052424	-0.00050805	-0.00101481	-0.00101407	-0.00053648	-0.00049302	-0.00098005	-0.00103190	60006	58832	0
60006	58836	0.35813174	-0.00000021	3.60317460	0.00000053	1.98136646	-0.00053887	-0.00051126	-0.00100306	-0.00102269	-0.00052851	-0.00050123	-0.00100034	-0.00104882	60006	58835	0
60006	58840	0.97811940	0.00000136	0.70702179	0.00000028	-1.15294118	-0.00052958	-0.00050115	-0.00100511	-0.00102245	-0.00053303	-0.00051882	-0.00100232	-0.00103650	60006	58838	0
60006	58843	2.52169105	-0.00000020	7.21666663	0.00000116	0.72598870	-0.00054100	-0.00050501	-0.00097577	-0.00103773	-0.00052424	-0.00051364	-0.00102187	-0.00101949	60006	58841	0
60006	58846	0.94872424	-0.00000066	1.46268657	-0.00000090	-0.30909091	-0.00053073	-0.00049819	-0.00097347	-0.00103486	-0.00050846	-0.00048825	-0.00099812	-0.00101292	60006	58845	0
60006	58948	0.24001363	0.00000146	-0.90990991	0.00000015	-0.55555556	-0.00051496	-0.00054495	-0.00098292	-0.00101193	-0.00052851	-0.00051775	-0.00101859	-0.00101744	60006	58946	0
60006	58951	-0.47318063	0.00000048	-2.47945206	-0.00000151	-0.33986928	-0.00055999	-0.00051068	-0.00098605	-0.00103247	-0.00051759	-0.00048077	-0.00101612	-0.00102031	60006	58950	0
60006	58955	1.16769927	0.00000008	-1.60869565	0.00000032	-4.39175259	-0.00052638	-0.00052564	-0.00102812	-0.00103255	-0.00054906	-0.00051734	-0.00100544	-0.00101538	60006	58953	0
60006	58958	-0.00054288	-0.00000145	0.29090909	-0.00000105	1.01257862	-0.00052210	-0.00050879	-0.00100486	-0.00103929	-0.00053484	-0.00051192	-0.00101620	-0.00101933	60006	58956	0
60006	58961	0.91142350	-0.00000200	1.53037767	0.00000107	-1.20552147	-0.00055604	-0.00050567	-0.00096715	-0.00101555	-0.00055867	-0.00050814	-0.00098777	-0.00102713	60006	58960	0
60006	59063	-0.12974248	-0.00000119	0.77961433	-0.00000100	1.16721312	-0.00054782	-0.00047642	-0.00098112	-0.00101974	-0.00053287	-0.00049129	-0.00098276	-0.00102302	60006	59061	0
60006	59066	-3.50941917	0.00000032	-5.21649486	-0.00000047	4.92253520	-0.00054873	-0.00050625	-0.00097372	-0.00103872	-0.00051931	-0.00053805	-0.00100092	-0.00099204	60006	59065	0
60006	59070	-3.64128089	0.00000043	2.21538461	0.00000001	12.74999983	-0.00054215	-0.00048948	-0.00098695	-0.00105285	-0.00055062	-0.00046713	-0.00099106	-0.00103658	60006	59068	0
60006	59073	-0.02847783	0.00000111	0.64497041	-0.00000056	0.34117647	-0.00051044	-0.00050551	-0.00099755	-0.00101776	-0.00050855	-0.00051003	-0.00101398	-0.00100955	60006	59071	0
60006	59076	-0.71004285	-0.00000083	1.15079365	-0.00000044	3.19548871	-0.00052769	-0.00049154	-0.00098120	-0.00102031	-0.00054207	-0.00050329	-0.00099558	-0.00102861	60006	59074	0
60006	59178	-3.75879792	0.00000019	-0.45762712	-0.00000005	10.73333316	-0.00053205	-0.00053468	-0.00102417	-0.00102886	-0.00053501	-0.00052449	-0.00101678	-0.00102401	60006	59176	0
60006	59181	-0.11171826	0.00000091	0.49275362	-0.00000197	0.74247492	-0.00051874	-0.00051068	-0.00101497	-0.00102245	-0.00052843	-0.00049441	-0.00098720	-0.00102927	60006	59179	0
60006	59184	-7.22843788	0.00000067	-0.74146341	-0.00000008	20.60869545	-0.00051915	-0.00050033	-0.00098218	-0.00101637	-0.00052588	-0.00051405	-0.00098695	-0.00101908	60006	59183	0
60006	59188	-0.80047588	-0.00000108	0.24316109	-0.00000087	2.30943396	-0.00050863	-0.00049573	-0.00099903	-0.00100363	-0.00051915	-0.00051068	-0.00098416	-0.00099739	60006	59186	0
60006	59191	-0.49100240	0.00000066	0.34825871	-0.00000024	1.48611111	-0.00054610	-0.00049022	-0.00098728	-0.00104053	-0.00052712	-0.00051093	-0.00098966	-0.00103255	60006	59189	0
60006	59293	0.67167560	-0.00000055	2.41071428	-0.00000271	0.06053269	-0.00052301	-0.00050255	-0.00098999	-0.00098958	-0.00051241	-0.00045407	-0.00097684	-0.00101571	60006	59291	0
60006	59296	0.04357144	0.00000114	-0.00862069	-0.00000064	-0.47448980	-0.00053197	-0.00047132	-0.00095720	-0.00102573	-0.00048677	-0.00047494	-0.00097939	-0.00099607	60006	59294	0
60006	59299	1.11906761	-0.00000036	3.41818181	-0.00000206	0.19169329	-0.00051972	-0.00049869	-0.00097717	-0.00100807	-0.00049441	-0.00048340	-0.00098752	-0.00099985	60006	59298	0
60006	59303	0.34178695	-0.00000077	1.09787234	-0.00000204	0.20322581	-0.00049803	-0.00049482	-0.00099122	-0.00099229	-0.00049556	-0.00047749	-0.00097462	-0.00101004	60006	59301	0
60006	59306	-0.08905205	0.00000097	0.04081633	0.00000143	1.33333333	-0.00053270	-0.00048628	-0.00098646	-0.00102023	-0.00051249	-0.00049417	-0.00100190	-0.00103108	60006	59304	0
60006	59408	0.19273899	-0.00000016	0.72000000	0.00000110	-0.12537313	-0.00053920	-0.00052268	-0.00100182	-0.00104743	-0.00053139	-0.00052712	-0.00102171	-0.00103050	60006	59406	0
60006	59411	0.19363656	0.00000019	0.22413793	0.00000141	0.22144522	-0.00053920	-0.00052342	-0.00102672	-0.00104587	-0.00054429	-0.00051717	-0.00099492	-0.00104932	60006	59409	0
60006	59414	0.04219904	-0.00000152	1.50759219	-0.00000069	1.96190476	-0.00056023	-0.00052704	-0.00102113	-0.00101415	-0.00056656	-0.00051520	-0.00100084	-0.00104061	60006	59413	0
60006	59417	-0.21131394	-0.00000096	0.54639175	-0.00000033	1.30693069	-0.00054035	-0.00050740	-0.00102130	-0.00103510	-0.00053427	-0.00053846	-0.00101924	-0.00103962	60006	59416	0
60006	59421	1.20296958	-0.00000089	1.05535055	-0.00000026	-3.18750000	-0.00051052	-0.00053583	-0.00100905	-0.00101250	-0.00051019	-0.00051282	-0.00101481	-0.00103864	60006	59419	0
60006	59523	-0.06325613	-0.00000135	0.44146341	0.00000121	-0.00271003	-0.00051307	-0.00051192	-0.00100659	-0.00103321	-0.00054092	-0.00051816	-0.00100026	-0.00103017	60006	59521	0
60006	59526	0.04794528	0.00000038	0.91304348	-0.00000035	0.57943925	-0.00054462	-0.00051487	-0.00101349	-0.00105606	-0.00053057	-0.00050633	-0.00102384	-0.00102779	60006	59524	0
60006	59529	0.87163207	-0.00000077	1.27896996	0.00000058	-1.19209040	-0.00054626	-0.00050937	-0.00098481	-0.00103387	-0.00054462	-0.00052893	-0.00100626	-0.00104496	60006	59527	0
60006	59532	0.52957170	0.00000068	1.23557692	-0.00000141	-0.20930233	-0.00055563	-0.00049827	-0.00100026	-0.00105901	-0.00052465	-0.00050370	-0.00101883	-0.00104053	60006	59531	0
60006	59536	-0.18970352	-0.00000029	-1.14606742	-0.00000103	-0.43312102	-0.00053353	-0.00052210	-0.00102927	-0.00104570	-0.00052983	-0.00049860	-0.00102746	-0.00103716	60006	59534	0
60006	59637	-1.63679608	-0.00000019	4.77192981	0.00000017	9.11320748	-0.00054848	-0.00051619	-0.00099270	-0.00103880	-0.00051635	-0.00050058	-0.00101119	-0.00104529	60006	59636	0
60006	59641	2.47123866	-0.00000011	8.40624995	-0.00000073	0.42342342	-0.00054906	-0.00051734	-0.00099903	-0.00105063	-0.00054026	-0.00050616	-0.00100799	-0.00103954	60006	59639	0
60006	59644	1.15616533	0.00000108	-0.41337386	-0.00000017	-4.45098042	-0.00054971	-0.00050468	-0.00099550	-0.00103025	-0.00052457	-0.00048480	-0.00099517	-0.00104422	60006	59642	0
60006	59647	0.35031342	-0.00000093	2.23674911	0.00000173	0.61669829	-0.00054355	-0.00051471	-0.00100174	-0.00101177	-0.00053501	-0.00051800	-0.00102458	-0.00103338	60006	59646	0
60006	59650	4.43661643	0.00000041	2.16800000	0.00000004	-10.09090903	-0.00054281	-0.00050238	-0.00101612	-0.00106345	-0.00055834	-0.00051964	-0.00100117	-0.00105252	60006	59649	0
60006	59752	0.80697876	-0.00000102	2.23300971	-0.00000072	0.86301370	-0.00055793	-0.00050846	-0.00098539	-0.00103034	-0.00053977	-0.00051274	-0.00100199	-0.00103625	60006	59751	0
60006	59756	-2.38494298	0.00000085	1.91923077	0.00000011	10.12499997	-0.00053369	-0.00050140	-0.00101374	-0.00105063	-0.00051989	-0.00051044	-0.00102048	-0.00103403	60006	59754	0
60006	59759	0.46191003	-0.00000175	0.55932203	0.00000158	0.22453222	-0.00056253	-0.00049844	-0.00098391	-0.00105228	-0.00055317	-0.00049556	-0.00100478	-0.00102089	60006	59757	0
60006	59762	-15.45282712	0.00000004	-46.58333467	-0.00000189	0.82608696	-0.00054331	-0.00051882	-0.00098112	-0.00100955	-0.00052441	-0.00049885	-0.00101209	-0.00100232	60006	59760	0
60006	59765	-0.05407255	-0.00000025	3.23684210	0.00000020	4.45000000	-0.00054281	-0.00050132	-0.00098325	-0.00102606	-0.00051512	-0.00051594	-0.00102541	-0.00101834	60006	59764	0
60006	59867	0.37955087	0.00000026	-1.43037975	0.00000053	-2.73125001	-0.00054059	-0.00053911	-0.00102960	-0.00102869	-0.00054552	-0.00054717	-0.00101949	-0.00102237	60006	59866	0
60006	59870	1.24610464	0.00000107	0.57361963	0.00000063	-2.02604167	-0.00055974	-0.00050312	-0.00099623	-0.00106468	-0.00053821	-0.00053994	-0.00100371	-0.00102582	60006	59869	0
60006	59874	0.35933863	-0.00000099	0.25165563	-0.00000099	0.31229236	-0.00052753	-0.00051767	-0.00102417	-0.00102894	-0.00050756	-0.00052153	-0.00102582	-0.00103847	60006	59872	0
60006	59877	0.14487981	0.00000039	-1.95798320	0.00000088	-1.31460675	-0.00054421	-0.00051471	-0.00098407	-0.00103814	-0.00054026	-0.00053090	-0.00101776	-0.00100601	60006	59875	0
60006	59880	-0.17270115	0.00000089	0.17647059	0.00000059	1.12921348	-0.00054224	-0.00052860	-0.00100749	-0.00104751	-0.00053312	-0.00053221	-0.00103707	-0.00104751	60006	59879	0
60006	59982	-0.91702739	0.00000072	-0.85000000	0.00000046	1.38297872	-0.00052021	-0.00050805	-0.00098333	-0.00102327	-0.00052646	-0.00047716	-0.00099895	-0.00104217	60006	59980	0
60006	59985	-1.28156001	0.00000047	-1.33333334	-0.00000049	1.99324324	-0.00055251	-0.00051266	-0.00100725	-0.00103798	-0.00054035	-0.00051167	-0.00099944	-0.00103732	60006	59984	0
60006	59989	0.89181498	0.00000020	4.46774194	0.00000122	1.27419355	-0.00052465	-0.00049096	-0.00101645	-0.00105564	-0.00052917	-0.00049466	-0.00100938	-0.00103568	60006	59987	0
60006	59992	-1.97937235	-0.00000034	2.61538461	-0.00000037	8.03539820	-0.00052350	-0.00052005	-0.00101481	-0.00100864	-0.00055514	-0.00053427	-0.00099352	-0.00101628	60006	59990	0
60006	59995	-0.60305506	-0.00000019	-0.63157895	-0.00000076	0.65948276	-0.00054741	-0.00049532	-0.00100610	-0.00103223	-0.00053451	-0.00052095	-0.00101390	-0.00104217	60006	59993	0
60006	60097	1.92847318	-0.00000013	6.56097557	0.00000121	0.25745257	-0.00053920	-0.00047773	-0.00099065	-0.00102121	-0.00055785	-0.00050230	-0.00099804	-0.00104669	60006	60095	0
60006	60100	-0.43592891	0.00000110	-0.82335329	-0.00000098	-0.03367003	-0.00053131	-0.00050822	-0.00098933	-0.00101760	-0.00049844	-0.00047954	-0.00099287	-0.00099829	60006	60099	0
60006	60103	0.58456277	-0.00000046	1.67857143	-0.00000019	-0.59322034	-0.00051586	-0.00050394	-0.00099673	-0.00100568	-0.00051348	-0.00050000	-0.00100815	-0.00101768	60006	60102	0
60006	60107	-0.00010595	0.00000210	0.30250784	0.00000047	-0.21527778	-0.00053657	-0.00050583	-0.00099163	-0.00103502	-0.00052745	-0.00049589	-0.00099525	-0.00102499	60006	60105	0
60006	60110	1.61194635	0.00000121	0.70572207	-0.00000015	-4.13043481	-0.00053131	-0.00049318	-0.00099936	-0.00104028	-0.00052753	-0.00047642	-0.00098555	-0.00102812	60006	60108	0
60006	60212	1.14302653	-0.00000035	3.23584905	0.00000051	-0.19354839	-0.00052827	-0.00050312	-0.00100207	-0.00099393	-0.00052054	-0.00051126	-0.00101867	-0.00101292	60006	60210	0
60006	60215	0.62511428	0.00000057	0.27906977	0.00000058	-1.59659091	-0.00052720	-0.00048118	-0.00098194	-0.00103486	-0.00054142	-0.00050723	-0.00098892	-0.00101752	60006	60213	0
60006	60218	2.63956104	0.00000083	0.69841270	-0.00000022	-7.22058826	-0.00053254	-0.00050090	-0.00101398	-0.00101193	-0.00051800	-0.00048685	-0.00100905	-0.00103798	60006	60217	0
60006	60222	-0.50929155	0.00000109	0.00600601	-0.00000191	1.53356282	-0.00052745	-0.00051652	-0.00102409	-0.00102573	-0.00052966	-0.00050888	-0.00097742	-0.00101135	60006	60220	0
60006	60225	0.58425568	-0.00000122	1.26684636	-0.00000072	-0.48623853	-0.00051972	-0.00050674	-0.00100100	-0.00099500	-0.00050805	-0.00051266	-0.00101538	-0.00101546	60006	60223	0
60006	60327	-0.06479198	0.00000105	1.00312500	0.00000140	1.19718310	-0.00051939	-0.00051233	-0.00102269	-0.00102861	-0.00052038	-0.00049359	-0.00099689	-0.00103379	60006	60325	0
60006	60330	0.35025978	0.00000155	1.11228814	0.00000094	-0.13286713	-0.00053361	-0.00048751	-0.00101037	-0.00104053	-0.00053665	-0.00052104	-0.00100585	-0.00102154	60006	60328	0
60006	60333	0.45698040	-0.00000098	-0.21070234	-0.00000080	-0.53086420	-0.00052736	-0.00050156	-0.00100683	-0.00103502	-0.00050715	-0.00050608	-0.00100486	-0.00101398	60006	60332	0
60006	60336	0.76665676	0.00000034	1.58252427	-0.00000114	0.33333333	-0.00054331	-0.00048603	-0.00098268	-0.00105441	-0.00051906	-0.00048135	-0.00099697	-0.00101070	60006	60335	0
60006	60340	-0.13325689	0.00000088	-0.37546468	0.00000096	1.07508532	-0.00051882	-0.00050238	-0.00099755	-0.00100043	-0.00053492	-0.00049022	-0.00101004	-0.00103929	60006	60338	0
60006	60442	-0.74312118	0.00000197	0.95666667	0.00000043	2.78625954	-0.00051397	-0.00048792	-0.00099106	-0.00103288	-0.00049869	-0.00049129	-0.00100248	-0.00100889	60006	60440	0
60006	60445	-1.64673729	-0.00000016	-8.68750004	0.00000011	-4.14705884	-0.00049499	-0.00048652	-0.00101012	-0.00102738	-0.00048406	-0.00049302	-0.00097290	-0.00100601	60006	60443	0
60006	60448	-0.93132749	0.00000056	-1.26900585	-0.00000200	1.12520593	-0.00053492	-0.00049901	-0.00098481	-0.00101809	-0.00053336	-0.00048784	-0.00098128	-0.00101070	60006	60446	0
60006	60451	-0.44666667	0.00000099	-0.53642384	0.00000155	0.40380550	-0.00051413	-0.00051824	-0.00099665	-0.00100568	-0.00051635	-0.00051767	-0.00101366	-0.00101431	60006	60450	0
60006	60455	4.63155796	-0.00000020	-3.81666668	0.00000006	-18.11111123	-0.00055070	-0.00047921	-0.00099829	-0.00105597	-0.00051931	-0.00050575	-0.00098999	-0.00101481	60006	60453	0
60006	60556	-0.07495260	0.00000094	0.81881533	-0.00000472	0.64390244	-0.00053254	-0.00048357	-0.00099443	-0.00103165	-0.00049540	-0.00049072	-0.00098621	-0.00098826	60006	60555	0
60006	60560	-0.01167584	0.00000191	1.32068965	0.00000168	1.13085937	-0.00051372	-0.00050641	-0.00101957	-0.00103650	-0.00051750	-0.00048940	-0.00100823	-0.00103338	60006	60558	0
60006	60563	0.74904464	0.00000163	0.16565657	0.00000034	-2.11650486	-0.00052178	-0.00050510	-0.00099180	-0.00101850	-0.00053583	-0.00050181	-0.00099640	-0.00100831	60006	60561	0
60006	60566	-0.10772251	0.00000043	1.73484848	-0.00000029	2.02298851	-0.00052761	-0.00047691	-0.00099459	-0.00102261	-0.00051989	-0.00050222	-0.00099459	-0.00101760	60006	60565	0
60006	60569	-0.32648592	-0.00000104	0.07570978	-0.00000082	0.73200000	-0.00051339	-0.00048825	-0.00099804	-0.00102056	-0.00052720	-0.00049926	-0.00100552	-0.00101546	60006	60568	0
60006	60671	1.01291196	-0.00000027	5.12345678	-0.00000081	1.10526316	-0.00056220	-0.00058677	-0.00097347	-0.00095794	-0.00061036	-0.00054462	-0.00096501	-0.00098637	60006	60670	0
60006	60675	-3.61095882	-0.00000021	5.50769228	0.00000012	15.36111098	-0.00057880	-0.00055621	-0.00094767	-0.00096575	-0.00057478	-0.00053016	-0.00096082	-0.00100946	60006	60673	0
60006	60678	13.28096998	0.00000003	37.37499927	0.00000012	-3.44736844	-0.00056861	-0.00055054	-0.00097972	-0.00097512	-0.00056475	-0.00056886	-0.00097208	-0.00096049	60006	60676	0
60006	60681	-1.49313061	0.00000067	-0.17560976	0.00000024	3.32432432	-0.00060921	-0.00055760	-0.00096041	-0.00098703	-0.00057864	-0.00055292	-0.00094899	-0.00097684	60006	60679	0
60006	60684	-0.63055365	0.00000075	-1.82378855	0.00000108	-0.91158537	-0.00058883	-0.00057658	-0.00093025	-0.00096674	-0.00061101	-0.00056492	-0.00093855	-0.00096953	60006	60683	0
60006	60786	0.00336764	0.00000159	0.88429752	0.00000012	-0.10526316	-0.00052441	-0.00049523	-0.00098909	-0.00103954	-0.00051298	-0.00049532	-0.00098251	-0.00102031	60006	60785	0
60006	60789	-0.99780248	-0.00000018	0.01785714	-0.00000077	3.02136752	-0.00052498	-0.00049310	-0.00099747	-0.00100848	-0.00053484	-0.00051134	-0.00098637	-0.00101242	60006	60788	0
60006	60793	-0.02798989	-0.00000051	0.07692308	0.00000152	0.17099567	-0.00052745	-0.00050082	-0.00098301	-0.00103732	-0.00055374	-0.00050740	-0.00098785	-0.00104217	60006	60791	0
60006	60796	0.09673857	0.00000107	1.29846154	-0.00000148	0.92427617	-0.00053238	-0.00050501	-0.00100963	-0.00103773	-0.00053164	-0.00049704	-0.00097947	-0.00102376	60006	60794	0
60006	60799	0.53041707	0.00000111	-1.07396450	-0.00000021	-2.37500001	-0.00054906	-0.00052235	-0.00099607	-0.00103428	-0.00051726	-0.00052071	-0.00102968	-0.00101349	60006	60798	0
60006	60901	2.30703636	-0.00000042	3.14728682	0.00000040	-3.48360657	-0.00052013	-0.00053640	-0.00102746	-0.00101924	-0.00055234	-0.00051931	-0.00098876	-0.00103116	60006	60899	0
60006	60904	0.22098412	-0.00000164	0.96987952	0.00000115	0.59714286	-0.00052786	-0.00050148	-0.00098473	-0.00102376	-0.00054240	-0.00049926	-0.00100281	-0.00105548	60006	60903	0
60006	60908	0.67528654	-0.00000044	1.49624060	0.00000005	0.13333334	-0.00052901	-0.00049310	-0.00099969	-0.00102590	-0.00053213	-0.00050863	-0.00100478	-0.00103872	60006	60906	0
60006	60911	0.57617907	-0.00000172	1.37931034	0.00000101	0.31372549	-0.00052605	-0.00049975	-0.00097873	-0.00102319	-0.00052046	-0.00050929	-0.00100790	-0.00103017	60006	60909	0
60006	60914	4.67976542	-0.00000004	15.33333314	0.00000061	1.95698925	-0.00053394	-0.00050468	-0.00097479	-0.00102845	-0.00051422	-0.00049860	-0.00102746	-0.00101316	60006	60912	0
60006	61016	0.45227664	-0.00000064	-0.50000000	-0.00000032	-1.19387755	-0.00053361	-0.00051315	-0.00101333	-0.00103165	-0.00052202	-0.00050362	-0.00101152	-0.00103058	60006	61014	0
60006	61019	0.17054162	-0.00000070	0.04694836	-0.00000114	0.19827586	-0.00051906	-0.00051085	-0.00099130	-0.00103724	-0.00053213	-0.00050838	-0.00101596	-0.00102861	60006	61018	0
60006	61022	-8.90797674	-0.00000008	2.32000000	0.00000003	29.55555508	-0.00051652	-0.00051479	-0.00100503	-0.00104636	-0.00052736	-0.00049729	-0.00101587	-0.00103420	60006	61021	0
60006	61026	-0.04928395	0.00000183	0.25806452	0.00000219	0.91754123	-0.00052104	-0.00052317	-0.00100281	-0.00103395	-0.00053024	-0.00050731	-0.00101448	-0.00105047	60006	61024	0
60006	61029	-0.01252337	-0.00000103	1.84664537	-0.00000036	1.73636364	-0.00054832	-0.00051570	-0.00099821	-0.00103477	-0.00052983	-0.00052128	-0.00099656	-0.00103880	60006	61027	0
60006	61131	0.71927739	0.00000012	3.33333334	0.00000019	1.13793103	-0.00053336	-0.00050214	-0.00102434	-0.00102573	-0.00053583	-0.00049252	-0.00100133	-0.00101883	60006	61129	0
60006	61134	-0.91346201	-0.00000040	-0.41322314	-0.00000073	2.28959276	-0.00050920	-0.00048233	-0.00100010	-0.00100223	-0.00054281	-0.00050082	-0.00097939	-0.00102812	60006	61132	0
60006	61137	14.12886036	0.00000002	45.16666618	0.00000055	2.74251497	-0.00053131	-0.00047987	-0.00099287	-0.00104644	-0.00053821	-0.00049712	-0.00101300	-0.00105039	60006	61136	0
60006	61141	-0.22004444	-0.00000047	-1.05633803	0.00000199	-0.43377483	-0.00053624	-0.00049967	-0.00098991	-0.00104932	-0.00055045	-0.00052942	-0.00098276	-0.00103527	60006	61139	0
60006	61144	0.69155204	0.00000183	0.49103943	0.00000053	-2.24375001	-0.00052260	-0.00051882	-0.00100799	-0.00103748	-0.00053624	-0.00053065	-0.00101522	-0.00101563	60006	61142	0
60006	61246	0.16447618	-0.00000205	0.84751204	0.00000185	-0.30604982	-0.00052556	-0.00051496	-0.00098227	-0.00101193	-0.00054273	-0.00053221	-0.00099623	-0.00102984	60006	61244	0
60006	61249	0.54450973	-0.00000064	1.14795918	0.00000167	0.00785855	-0.00053443	-0.00051471	-0.00102902	-0.00101086	-0.00055374	-0.00052416	-0.00101965	-0.00103288	60006	61247	0
60006	61252	1.28043348	0.00000032	2.64285714	-0.00000111	-0.70501475	-0.00053090	-0.00050230	-0.00101341	-0.00105047	-0.00051849	-0.00048480	-0.00100503	-0.00103905	60006	61251	0
60006	61256	0.71995614	-0.00000093	0.78445230	0.00000106	-0.88198758	-0.00053854	-0.00049548	-0.00099147	-0.00103017	-0.00053081	-0.00052030	-0.00099854	-0.00100338	60006	61254	0
60006	61259	0.67161231	0.00000077	0.09012876	0.00000069	-1.43127963	-0.00053484	-0.00050912	-0.00099245	-0.00103633	-0.00053205	-0.00049852	-0.00097413	-0.00101407	60006	61257	0
60006	61361	2.78717885	-0.00000022	7.95588230	0.00000105	0.08777429	-0.00052991	-0.00050945	-0.00098046	-0.00099648	-0.00053328	-0.00050805	-0.00100881	-0.00101374	60006	61359	0
60006	61364	-0.05828071	0.00000044	0.12030075	0.00000115	0.78857143	-0.00054347	-0.00049178	-0.00100338	-0.00103716	-0.00052194	-0.00051652	-0.00099911	-0.00104809	60006	61362	0
60006	61367	0.79174537	0.00000035	2.27777778	0.00000070	-0.27230047	-0.00053788	-0.00051882	-0.00102434	-0.00106140	-0.00055456	-0.00050600	-0.00100889	-0.00103305	60006	61365	0
60006	61370	0.87056564	0.00000052	2.89873418	-0.00000135	0.11219512	-0.00052498	-0.00052564	-0.00103880	-0.00104693	-0.00052695	-0.00050682	-0.00100495	-0.00103979	60006	61369	0
60006	61374	-0.30100558	0.00000166	0.89682540	-0.00000021	1.62500000	-0.00054478	-0.00052219	-0.00105236	-0.00103477	-0.00053788	-0.00050772	-0.00099952	-0.00103839	60006	61372	0
60006	61475	-0.60271470	0.00000080	-0.19341564	-0.00000073	0.71171171	-0.00053895	-0.00050600	-0.00099796	-0.00102245	-0.00054051	-0.00048061	-0.00097265	-0.00103929	60006	61474	0
60006	61479	-0.77488449	-0.00000073	0.16216216	-0.00000118	1.58379888	-0.00051594	-0.00051611	-0.00099410	-0.00102573	-0.00051857	-0.00050477	-0.00099311	-0.00099969	60006	61477	0
60006	61482	-0.78432281	0.00000054	-0.78658537	0.00000033	0.66336634	-0.00053879	-0.00049450	-0.00098917	-0.00103313	-0.00052063	-0.00052153	-0.00102886	-0.00101933	60006	61480	0
60006	61485	0.50537557	0.00000062	-0.32105263	0.00000067	-2.74019608	-0.00053492	-0.00052227	-0.00101522	-0.00103740	-0.00054511	-0.00053977	-0.00099936	-0.00100807	60006	61484	0
60006	61489	-0.96378057	0.00000111	-0.64896755	-0.00000164	1.33935743	-0.00054396	-0.00050994	-0.00099870	-0.00101209	-0.00053542	-0.00051553	-0.00099155	-0.00101645	60006	61487	0
60006	61590	-0.40937159	-0.00000145	1.08823529	-0.00000074	1.41333333	-0.00053509	-0.00049745	-0.00098301	-0.00103288	-0.00053772	-0.00048661	-0.00098325	-0.00103748	60006	61589	0
60006	61594	-0.37910788	-0.00000049	-0.33108108	-0.00000041	-0.09677419	-0.00054388	-0.00049918	-0.00099615	-0.00104882	-0.00052268	-0.00050493	-0.00102442	-0.00100872	60006	61592	0
60006	61597	-1.62929246	0.00000202	-0.19055375	-0.00000025	3.56000000	-0.00055933	-0.00052745	-0.00101020	-0.00104365	-0.00055522	-0.00051249	-0.00100379	-0.00105186	60006	61595	0
60006	61600	-1.04714115	-0.00000036	-2.07272727	0.00000168	-0.06862745	-0.00053188	-0.00049318	-0.00100421	-0.00106362	-0.00056204	-0.00053073	-0.00103239	-0.00103954	60006	61599	0
60006	61603	-3.26394761	0.00000036	-3.31192662	-0.00000035	5.34259257	-0.00055842	-0.00052309	-0.00101522	-0.00102565	-0.00053994	-0.00054059	-0.00099270	-0.00102006	60006	61602	0
60006	61705	-0.46466192	-0.00000114	-0.07225433	-0.00000219	0.18440780	-0.00050542	-0.00047847	-0.00098662	-0.00100971	-0.00049680	-0.00048735	-0.00099007	-0.00099237	60006	61704	0
60006	61709	-0.23579334	-0.00000229	0.99283668	0.00000105	0.56289308	-0.00052317	-0.00048283	-0.00097651	-0.00099673	-0.00052843	-0.00050222	-0.00100297	-0.00101497	60006	61707	0
60006	61712	-0.27776825	0.00000049	0.46000000	0.00000201	0.58592471	-0.00048981	-0.00051520	-0.00100388	-0.00100527	-0.00052876	-0.00049523	-0.00100199	-0.00101875	60006	61710	0
60006	61715	1.79144943	-0.00000028	6.19999996	0.00000129	-0.00765306	-0.00052005	-0.00051356	-0.00098777	-0.00098728	-0.00050493	-0.00053369	-0.00101250	-0.00101817	60006	61713	0
60006	61718	0.03967198	-0.00000104	1.01898734	0.00000222	0.06666667	-0.00053229	-0.00050912	-0.00098810	-0.00102384	-0.00053616	-0.00051767	-0.00100322	-0.00101431	60006	61717	0
60006	61820	0.07667755	-0.00000149	0.95594714	0.00000165	0.84493042	-0.00054174	-0.00050526	-0.00098826	-0.00102541	-0.00053533	-0.00048636	-0.00100199	-0.00103699	60006	61819	0
60006	61823	-0.14276554	-0.00000066	0.18500000	-0.00000269	0.84332925	-0.00051586	-0.00051668	-0.00101316	-0.00101924	-0.00052498	-0.00051077	-0.00099393	-0.00101415	60006	61822	0
60006	61827	-0.13199188	-0.00000050	0.02649007	0.00000113	-0.00583090	-0.00050904	-0.00050444	-0.00100322	-0.00101135	-0.00053665	-0.00051997	-0.00099180	-0.00102688	60006	61825	0
60006	61830	3.09390726	0.00000005	9.85714277	0.00000201	0.17944535	-0.00052473	-0.00052243	-0.00100544	-0.00104644	-0.00057527	-0.00051093	-0.00100996	-0.00105606	60006	61828	0
60006	61833	-0.38723621	-0.00000055	-0.20481928	-0.00000130	0.56091371	-0.00052786	-0.00051520	-0.00101998	-0.00105195	-0.00053402	-0.00048110	-0.00101185	-0.00102368	60006	61832	0
60006	61935	0.41796705	0.00000066	1.94000000	0.00000081	-0.47560976	-0.00050238	-0.00051011	-0.00101513	-0.00102557	-0.00052038	-0.00051487	-0.00100338	-0.00102499	60006	61933	0
60006	61938	-0.41973945	-0.00000084	0.37647059	0.00000234	0.47398031	-0.00054125	-0.00051093	-0.00100725	-0.00102467	-0.00055078	-0.00050583	-0.00102015	-0.00103042	60006	61937	0
60006	61942	-0.03513441	-0.00000192	0.40924658	0.00000028	-0.64705882	-0.00053985	-0.00049811	-0.00099878	-0.00103757	-0.00054807	-0.00051964	-0.00102845	-0.00103001	60006	61940	0
60006	61945	-0.47901870	0.00000120	0.55494506	-0.00000032	1.88659793	-0.00052802	-0.00050608	-0.00100725	-0.00102080	-0.00053731	-0.00048767	-0.00097413	-0.00102968	60006	61943	0
60006	61948	10.27249818	0.00000035	1.67289720	0.00000007	-29.25000055	-0.00054248	-0.00049384	-0.00099172	-0.00106033	-0.00055399	-0.00050082	-0.00098695	-0.00101160	60006	61946	0
60006	62050	3.03051183	-0.00000007	9.84999992	0.00000177	0.65306122	-0.00050690	-0.00050436	-0.00099048	-0.00100330	-0.00052194	-0.00049039	-0.00099640	-0.00104472	60006	62048	0
60006	62053	-1.57581319	-0.00000207	0.16057234	0.00000030	4.78260868	-0.00053123	-0.00049778	-0.00100527	-0.00104726	-0.00053065	-0.00049827	-0.00101653	-0.00104776	60006	62052	0
60006	62056	0.81004503	-0.00000010	7.86206891	-0.00000032	5.32653060	-0.00055629	-0.00047609	-0.00099024	-0.00101957	-0.00054626	-0.00050033	-0.00097093	-0.00102212	60006	62055	0
60006	62060	-0.15417616	0.00000222	-0.25295858	-0.00000032	0.10416667	-0.00056007	-0.00051496	-0.00100511	-0.00102039	-0.00051035	-0.00050255	-0.00101900	-0.00100338	60006	62058	0
60006	62063	0.50446603	0.00000047	2.59859155	-0.00000264	0.62266501	-0.00051101	-0.00051249	-0.00102762	-0.00102335	-0.00052071	-0.00048537	-0.00096895	-0.00101826	60006	62061	0
60006	62165	-0.10411725	0.00000123	1.01608579	-0.00000145	0.86590909	-0.00052720	-0.00050099	-0.00100799	-0.00102943	-0.00051027	-0.00050337	-0.00099418	-0.00101242	60006	62163	0
60006	62168	7.05553999	0.00000008	23.74999977	-0.00000035	2.27102804	-0.00050567	-0.00048389	-0.00099944	-0.00102935	-0.00050132	-0.00050542	-0.00097421	-0.00100141	60006	62166	0
60006	62171	-0.10428636	0.00000112	0.95307918	0.00000078	0.95358650	-0.00050156	-0.00047280	-0.00098646	-0.00101571	-0.00050994	-0.00050000	-0.00099402	-0.00102508	60006	62170	0
60006	62175	0.21908098	-0.00000190	1.13816926	0.00000078	0.16806723	-0.00052416	-0.00049786	-0.00098966	-0.00100790	-0.00053098	-0.00049203	-0.00100667	-0.00102680	60006	62173	0
60006	62178	1.01687352	0.00000026	1.70512821	0.00000137	-0.68824940	-0.00053558	-0.00048652	-0.00099623	-0.00102360	-0.00053690	-0.00051791	-0.00098637	-0.00101604	60006	62176	0
60006	62280	0.01601492	0.00000022	0.53731344	-0.00000141	1.14651163	-0.00053969	-0.00052399	-0.00102204	-0.00104324	-0.00054265	-0.00051528	-0.00101464	-0.00100642	60006	62278	0
60006	62283	-1.88954064	-0.00000007	-4.09523810	-0.00000138	1.62142857	-0.00054511	-0.00050230	-0.00102458	-0.00103535	-0.00053829	-0.00051315	-0.00099566	-0.00102006	60006	62281	0
60006	62286	-4.80717346	0.00000002	-7.59999993	0.00000023	6.86956520	-0.00054626	-0.00050230	-0.00100749	-0.00103354	-0.00051948	-0.00049532	-0.00101711	-0.00102417	60006	62285	0
60006	62289	0.41428447	-0.00000116	2.25141243	0.00000157	1.05660377	-0.00054092	-0.00053254	-0.00100314	-0.00101324	-0.00054963	-0.00050863	-0.00100486	-0.00105392	60006	62288	0
60006	62293	-0.78807570	-0.00000091	-1.10108303	-0.00000094	1.31118881	-0.00051635	-0.00048784	-0.00102097	-0.00103034	-0.00053985	-0.00051767	-0.00100716	-0.00103576	60006	62291	0
60006	62395	-1.51841077	0.00000070	-1.47169812	0.00000062	3.13157894	-0.00053501	-0.00053180	-0.00100774	-0.00102319	-0.00053492	-0.00050879	-0.00103354	-0.00104480	60006	62393	0
60006	62398	-0.95608705	0.00000065	-0.47474748	0.00000025	2.44155844	-0.00052605	-0.00053114	-0.00102877	-0.00101398	-0.00054462	-0.00050707	-0.00102647	-0.00103461	60006	62396	0
60006	62401	-0.03073891	-0.00000084	1.78599222	-0.00000111	1.92625369	-0.00056672	-0.00051964	-0.00100749	-0.00104833	-0.00055686	-0.00051060	-0.00099476	-0.00102376	60006	62399	0
60006	62404	0.44947572	0.00000018	1.53571429	-0.00000093	0.09507042	-0.00054051	-0.00052046	-0.00102467	-0.00104504	-0.00052383	-0.00049318	-0.00100034	-0.00101949	60006	62403	0
60006	62408	-4.04986397	-0.00000014	-11.53488383	0.00000190	0.52249135	-0.00052572	-0.00048924	-0.00101752	-0.00104200	-0.00055842	-0.00050986	-0.00100388	-0.00105491	60006	62406	0
60006	62509	-3.83980611	-0.00000084	1.02734375	-0.00000004	12.45454536	-0.00054750	-0.00050296	-0.00100001	-0.00103239	-0.00053607	-0.00050666	-0.00101645	-0.00102426	60006	62508	0
60006	62513	0.23306150	-0.00000164	1.08032128	0.00000234	0.28892006	-0.00052868	-0.00049121	-0.00098876	-0.00101374	-0.00056031	-0.00049162	-0.00100840	-0.00104866	60006	62511	0
60006	62516	0.00285483	0.00000091	0.49640288	-0.00000086	1.18702290	-0.00054339	-0.00051832	-0.00101481	-0.00104118	-0.00053328	-0.00051019	-0.00099147	-0.00103691	60006	62514	0
60006	62519	0.10445028	0.00000040	0.85365854	0.00000044	0.54887218	-0.00051611	-0.00050460	-0.00101965	-0.00103297	-0.00052498	-0.00050814	-0.00101177	-0.00102458	60006	62518	0
60006	62522	9.41907438	0.00000081	0.71659919	-0.00000007	-27.22727309	-0.00053969	-0.00050427	-0.00100149	-0.00105211	-0.00051676	-0.00048677	-0.00102828	-0.00102376	60006	62521	0
60006	62624	-0.89463897	-0.00000060	-1.84153006	0.00000080	1.15573770	-0.00051898	-0.00049277	-0.00099870	-0.00103050	-0.00054840	-0.00051356	-0.00100273	-0.00104644	60006	62623	0
60006	62628	0.15508245	0.00000104	0.80441640	0.00000124	0.65251989	-0.00053336	-0.00050123	-0.00100889	-0.00103477	-0.00051101	-0.00050740	-0.00100840	-0.00101489	60006	62626	0
60006	62631	-1.06692933	-0.00000065	-0.35353535	-0.00000011	3.31250000	-0.00051216	-0.00048767	-0.00100568	-0.00100774	-0.00053657	-0.00049261	-0.00098243	-0.00103724	60006	62629	0
60006	62634	0.44781880	0.00000134	0.19070905	-0.00000021	-0.68750000	-0.00053402	-0.00052112	-0.00100716	-0.00101768	-0.00053714	-0.00051118	-0.00100815	-0.00104044	60006	62632	0
60006	62637	1.67135258	-0.00000018	3.64814813	-0.00000050	-0.90066225	-0.00052498	-0.00049795	-0.00099073	-0.00102647	-0.00051964	-0.00050362	-0.00099960	-0.00103042	60006	62636	0
60006	62739	-0.39169750	-0.00000032	-0.78571429	0.00000075	0.85462555	-0.00054248	-0.00049951	-0.00101226	-0.00103173	-0.00053550	-0.00052671	-0.00102951	-0.00102836	60006	62738	0
60006	62742	-0.41485470	-0.00000192	1.28767123	-0.00000064	1.35714286	-0.00054528	-0.00049836	-0.00098966	-0.00101029	-0.00052843	-0.00052054	-0.00099623	-0.00101875	60006	62741	0
60006	62746	0.58596228	0.00000103	2.06730769	-0.00000044	-0.86567164	-0.00052169	-0.00049754	-0.00101423	-0.00103814	-0.00054059	-0.00048168	-0.00098991	-0.00104620	60006	62744	0
60006	62749	-0.26366798	-0.00000128	0.69845361	0.00000474	0.31436506	-0.00053837	-0.00050674	-0.00099229	-0.00101686	0.46701824	0.46665595	0.27865064	0.27823699	60006	62747	0
60006	62752	-0.09789741	-0.00000770	0.28083657	-0.00000172	-0.21647515	0.46400633	0.46403386	0.27539311	0.27540642	0.46355973	0.46365817	0.27493525	0.27495308	60006	62751	0
60006	62854	-0.48440001	0.00000186	-0.81481504	-0.00000588	0.34469278	0.46096639	0.46105054	0.27222195	0.27231883	0.46090690	0.46094626	0.27215383	0.27227380	60006	62852	0
60006	62857	0.11558710	0.00000246	1.63101585	-0.00000836	0.99056233	0.46085669	0.46099096	0.27212983	0.27229056	0.46092909	0.46091076	0.27224479	0.27238588	60006	62856	0
60006	62861	0.39398308	0.00000157	1.23173276	-0.00000818	0.39654484	0.46086951	0.46093574	0.27215580	0.27222737	0.46084576	0.46089441	0.27210181	0.27220642	60006	62859	0
60006	62864	-0.10048956	-0.00000140	-0.83333355	0.00000390	0.65008435	0.46083788	0.46079761	0.27205974	0.27209688	0.46044682	0.46050631	0.27179531	0.27184314	60006	62862	0
60006	62867	1.52879719	0.00000063	5.34030986	-0.00000342	0.45244961	0.46030524	0.46042233	0.27172621	0.27185785	0.46028765	0.46044025	0.27181873	0.27181799	60006	62865	0
60006	62969	0.33492965	0.00000164	1.50999987	0.00000316	0.20374225	0.45701747	0.45700917	0.24830263	0.24834125	0.45678608	0.45693801	0.24819679	0.24810221	60006	62967	0
60006	62972	0.60370953	-0.00000925	0.25879848	0.00000200	-0.54754115	0.45687129	0.45692281	0.24811749	0.24819104	0.45673078	0.45673357	0.24795299	0.24811988	60006	62971	0
60006	62975	0.82428778	0.00000151	1.67102369	0.00001315	0.20294930	0.45693317	0.45691780	0.24818438	0.24827584	0.45669528	0.45683308	0.24814864	0.24811215	60006	62974	0
60006	62979	0.34977069	-0.00000881	0.55111946	-0.00000623	0.50659635	0.45655214	0.45671360	0.24784263	0.24813730	0.45655731	0.45658829	0.24789859	0.24789456	60006	62977	0
60006	62982	0.32571924	0.00000104	0.32807573	0.00000572	0.40023007	0.45641442	0.45643151	0.24774066	0.24778717	0.45631630	0.45633939	0.24762816	0.24779481	60006	62980	0
60006	63084	-0.79764641	0.00000308	1.20682297	-0.00000094	4.57691992	0.45678797	0.45699849	0.25518302	0.25531802	0.45680884	0.45691854	0.25520718	0.25538845	60006	63082	0
60006	63087	0.66627124	-0.00000204	1.02903222	0.00000312	0.00737620	0.45681558	0.45693210	0.25530036	0.25543586	0.45696299	0.45693349	0.25530981	0.25544983	60006	63085	0
60006	63090	-0.09226408	0.00000388	-1.21967823	-0.00000269	0.03427172	0.45685691	0.45689430	0.25538097	0.25540283	0.45677268	0.45679175	0.25523142	0.25529682	60006	63089	0
60006	63094	0.16006496	0.00000141	1.54205591	-0.00000837	0.78506880	0.45680448	0.45685395	0.25525911	0.25525081	0.45683094	0.45681870	0.25522353	0.25528803	60006	63092	0
60006	63097	-2.15401933	0.00000023	-6.98592487	0.00000738	-0.04367202	0.45663702	0.45669388	0.25518006	0.25522838	0.45671985	0.45677745	0.25510191	0.25523257	60006	63095	0
60006	63199	-12.17007453	0.00000018	1.70370356	0.00000012	38.69412200	0.45355024	0.45352066	0.24447918	0.24460474	0.45358459	0.45362083	0.24443489	0.24453358	60006	63197	0
60006	63202	-0.43082864	-0.00001155	-0.13001425	0.00000123	1.64266654	0.45356980	0.45383020	0.24445930	0.24464468	0.45348673	0.45357588	0.24443703	0.24454402	60006	63200	0
60006	63205	0.19579301	0.00000061	4.30480999	-0.00000166	4.19762583	0.45339519	0.45352715	0.24440868	0.24441583	0.45328861	0.45336355	0.24441879	0.24440819	60006	63204	0
60006	63208	0.22631883	-0.00000781	0.20235594	-0.00000110	0.11077847	0.45347950	0.45357095	0.24440515	0.24441723	0.45345838	0.45348804	0.24430909	0.24443580	60006	63207	0
60006	63212	0.91913895	0.00000139	1.73286024	-0.00000616	-0.34560010	0.45342156	0.45343537	0.24427170	0.24433621	0.45345690	0.45344433	0.24429315	0.24438912	60006	63210	0
60006	63314	0.14355129	0.00002912	0.29751697	-0.00001392	0.54581960	0.45401624	0.45435364	0.25092522	0.25121265	0.45340916	0.45349133	0.25089432	0.25088643	60006	63312	0
60006	63317	0.12936135	0.00035510	0.83211310	0.00000648	0.87468291	0.45358928	0.45195012	0.26962492	0.26164113	0.44917527	0.44919893	0.24988427	0.24993357	60006	63315	0
60006	63320	0.04427801	-0.00003860	-0.12448913	0.00003024	0.13076089	0.44928858	0.45120104	0.24957900	0.24954210	0.45103029	0.45455980	0.25646876	0.25535402	60006	63318	0
60006	63323	0.25637583	0.00000445	0.79246681	0.00000402	0.15617337	0.45432718	0.45434542	0.25586512	0.25596176	0.45466630	0.45436456	0.25675019	0.25690048	60006	63322	0
60006	63327	0.44315473	0.00001349	0.34291986	-0.00002242	-0.21741685	0.45391451	0.45395782	0.25644764	0.25654000	0.45413070	0.45474280	0.25643170	0.25655405	60006	63325	0
60006	63428	1.03327774	0.00000233	0.87853111	-0.00000151	-1.45217463	0.45351853	0.45358681	0.25673047	0.25689999	0.45374787	0.45374335	0.25684223	0.25699054	60006	63427	0
60006	63432	-0.74204758	0.00000105	-1.66666764	0.00000301	1.32860257	0.45364647	0.45376784	0.25692357	0.25707074	0.45367276	0.45375165	0.25689005	0.25688726	60006	63430	0
60006	63435	0.07672297	-0.00000625	0.03785490	0.00001038	0.57681348	0.45376175	0.45390342	0.25693705	0.25707313	0.45372659	0.45373291	0.25691815	0.25704634	60006	63433	0
60006	63438	-0.69852214	-0.00000368	0.43532565	0.00000297	2.76106096	0.45380810	0.45378476	0.25705061	0.25702119	0.45382593	0.45392232	0.25694026	0.25703138	60006	63437	0
60006	63441	-0.33642108	0.00000249	-0.54150214	-0.00001286	0.69793002	0.45383826	0.45388600	0.25694445	0.25713336	0.45388863	0.45388329	0.25708233	0.25716935	60006	63440	0
60006	63543	-0.43547020	0.00000816	0.18042693	0.00000520	0.47757427	0.45347079	0.45362280	0.25659661	0.25674880	0.45378813	0.45381541	0.25673203	0.25695291	60006	63542	0
60006	63547	-0.53495655	-0.00000302	0.96078434	-0.00000131	1.55639075	0.45368188	0.45376381	0.25671502	0.25682563	0.45363842	0.45374795	0.25676071	0.25673639	60006	63545	0
60006	63550	-0.37594314	-0.00000585	0.45592368	-0.00000644	0.57448985	0.45380111	0.45369766	0.25673212	0.25678084	0.45376644	0.45380432	0.25679695	0.25682908	60006	63548	0
60006	63553	1.31890380	-0.00000131	1.36683408	0.00000069	-3.71770673	0.45370966	0.45374507	0.25666605	0.25673425	0.45365074	0.45379454	0.25684379	0.25674715	60006	63551	0
60006	63556	0.52009514	-0.00000086	2.94296463	0.00000864	0.25484979	0.45373390	0.45377613	0.25677090	0.25688364	0.45372338	0.45373398	0.25680352	0.25683762	60006	63555	0
60006	63658	-0.33468824	-0.00000561	1.09016391	0.00000655	0.96639920	0.45364762	0.45373612	0.25695587	0.25710345	0.45371829	0.45373431	0.25702744	0.25705530	60006	63657	0
60006	63661	0.76993662	0.00000161	4.15478368	0.00000390	0.84090911	0.45361976	0.45379906	0.25689605	0.25693122	0.45365115	0.45371286	0.25689564	0.25701010	60006	63660	0
60006	63665	-0.79185417	-0.00000354	0.73630459	0.00000320	2.10780240	0.45358426	0.45377408	0.25696055	0.25699983	0.45376455	0.45384401	0.25706836	0.25705012	60006	63663	0
60006	63668	-0.56962122	-0.00000636	-0.17045458	0.00001105	0.53434438	0.45375888	0.45379134	0.25702440	0.25705168	0.45358246	0.45375929	0.25682579	0.25701889	60006	63666	0
60006	63671	0.18740555	0.00000308	0.47171828	-0.00000139	-1.09456307	0.45362395	0.45373275	0.25701536	0.25701314	0.45375321	0.45368665	0.25702752	0.25701002	60006	63670	0
60006	63773	0.11208397	-0.00000201	0.66121116	0.00000469	0.88717590	0.45328458	0.45351787	0.25674576	0.25677986	0.45337012	0.45352305	0.25671313	0.25676523	60006	63771	0
60006	63776	-0.04709843	0.00001302	0.29815707	-0.00000933	0.77570426	0.45336897	0.45343956	0.25675356	0.25688643	0.45336889	0.45350998	0.25681593	0.25689391	60006	63775	0
60006	63780	0.59025515	0.00000207	1.32488100	-0.00000128	-0.58717973	0.45345369	0.45340275	0.25674083	0.25689523	0.45355041	0.45344194	0.25677969	0.25676745	60006	63778	0
60006	63783	0.00928731	-0.00000337	0.51559459	0.00000401	0.34643738	0.45339502	0.45340562	0.25669670	0.25675915	0.45341318	0.45337629	0.25681544	0.25682941	60006	63781	0
60006	63786	-1.29965765	0.00000094	-3.05575162	0.00000367	0.87108327	0.45337629	0.45350275	0.25671847	0.25684461	0.45326166	0.45340020	0.25667254	0.25674041	60006	63784	0
60006	63888	0.19365229	-0.00000095	0.61805559	-0.00000167	0.06496065	0.45218759	0.45228751	0.25545032	0.25559650	0.45228825	0.45226073	0.25550349	0.25548656	60006	63886	0
60006	63891	0.35459971	-0.00000221	0.54017860	-0.00000728	0.05733635	0.45231669	0.45230362	0.25547045	0.25562025	0.45221216	0.45235991	0.25546363	0.25546897	60006	63890	0
60006	63894	-3.43064782	-0.00000192	-0.32418534	-0.00000062	11.03155725	0.45210846	0.45227659	0.25542781	0.25541433	0.45202539	0.45222621	0.25539223	0.25559634	60006	63893	0
60006	63898	0.51041034	0.00001445	0.86507397	-0.00000613	0.39764207	0.45215127	0.45222810	0.25536116	0.25539453	0.45222465	0.45226681	0.25530003	0.25554046	60006	63896	0
60006	63901	1.12472762	-0.00000430	1.31321613	-0.00000232	-0.99716760	0.45216837	0.45229811	0.25541581	0.25552830	0.45220386	0.45236566	0.25552296	0.25547489	60006	63899	0
60006	64003	1.55516790	0.00000157	3.72536494	-0.00000797	0.12366036	0.45156473	0.45145339	0.25473321	0.25482220	0.45149119	0.45156720	0.25475803	0.25481941	60006	64001	0
60006	64006	-0.57730667	-0.00000242	-1.49251765	0.00000175	1.30320150	0.45146317	0.45153548	0.25479607	0.25477873	0.45146432	0.45147426	0.25493231	0.25484357	60006	64004	0
60006	64009	-0.18243956	0.00000302	-0.58913061	0.00001181	1.02198719	0.45154066	0.45164995	0.25493042	0.25495343	0.45152652	0.45172957	0.25492426	0.25484965	60006	64008	0
60006	64013	-0.62825001	-0.00001651	0.50696660	-0.00000158	1.84439796	0.45160023	0.45172653	0.25501958	0.25503100	0.45158807	0.45163277	0.25493083	0.25501506	60006	64011	0
60006	64016	-0.61544593	0.00000367	0.02327664	-0.00000447	1.32229575	0.45155241	0.45152915	0.25487126	0.25496921	0.45148848	0.45159571	0.25491538	0.25500585	60006	64014	0
60006	64118	-0.41858242	-0.00000284	0.46412040	0.00000419	1.17254899	0.45049231	0.45041902	0.25407181	0.25404404	0.45059232	0.45058870	0.25401248	0.25417798	60006	64116	0
60006	64121	-0.61251909	-0.00000517	-0.74888775	-0.00000954	0.54135085	0.45069980	0.45065436	0.25402086	0.25414445	0.45071746	0.45070210	0.25437667	0.25427371	60006	64119	0
60006	64124	0.46922336	-0.00000608	0.11135138	-0.00000090	-1.84363737	0.45064269	0.45069413	0.25415982	0.25423369	0.45059963	0.45075953	0.25418430	0.25418258	60006	64123	0
60006	64128	0.29757478	-0.00000569	0.30173414	0.00000330	-1.13830887	0.45054934	0.45064178	0.25404272	0.25420575	0.45045312	0.45066068	0.25414001	0.25419219	60006	64126	0
60006	64131	-8.23727108	-0.00000016	-25.72928060	-0.00000480	-0.12474303	0.45065288	0.45050406	0.25408627	0.25405636	0.45052847	0.45060177	0.25415332	0.25413878	60006	64129	0
60006	64233	-0.15309739	-0.00000159	-1.89690835	0.00000212	-0.54489184	0.45017447	0.45025969	0.25368536	0.25379621	0.45017308	0.45025878	0.25388117	0.25395184	60006	64231	0
60006	64236	1.02912327	0.00000052	4.36477688	0.00000446	0.81811489	0.45027538	0.45021967	0.25374197	0.25395447	0.45028302	0.45026141	0.25376063	0.25392119	60006	64234	0
60006	64239	-0.53491970	-0.00000895	0.49761298	0.00000316	1.64307992	0.45026790	0.45026445	0.25385595	0.25393853	0.45020332	0.45023586	0.25370286	0.25381741	60006	64237	0
60006	64242	-0.28539934	-0.00000604	0.22536748	0.00000286	0.62227331	0.45034909	0.45028828	0.25385036	0.25391536	0.45018474	0.45024038	0.25379802	0.25382554	60006	64241	0
60006	64246	1.03958488	-0.00000060	9.22281280	-0.00000038	5.24786014	0.45021367	0.45022690	0.25380179	0.25398422	0.45019510	0.45028352	0.25381568	0.25390870	60006	64244	0
60006	64347	0.49909003	0.00000274	2.60984304	0.00000477	0.25637495	0.45021104	0.45023857	0.25404699	0.25403796	0.45012722	0.45028483	0.25405390	0.25418570	60006	64346	0
60006	64351	-0.26482486	0.00000197	0.49000004	0.00000318	0.42827661	0.45035180	0.45033200	0.25416779	0.25435202	0.45023709	0.45028508	0.25415267	0.25420016	60006	64349	0
60006	64354	-0.16908872	0.00000589	0.40011166	-0.00000245	0.11290325	0.45026914	0.45037136	0.25403483	0.25422350	0.45023955	0.45028606	0.25404445	0.25416351	60006	64352	0
60006	64357	-0.06271384	-0.00000516	1.22880809	0.00000353	0.90968345	0.45019419	0.45028187	0.25417822	0.25409375	0.45017012	0.45029880	0.25411684	0.25411060	60006	64356	0
60006	64361	0.28451428	0.00000584	0.98424311	0.00000126	-0.05744126	0.45024695	0.45023742	0.25400755	0.25411627	0.45021507	0.45027571	0.25408808	0.25418282	60006	64359	0
60006	64462	0.31654036	-0.00000232	1.20084861	-0.00000737	1.10477038	0.44977257	0.44989731	0.25366235	0.25361625	0.44967249	0.44993946	0.25372579	0.25382176	60006	64461	0
60006	64466	0.15151574	-0.00000551	0.50000005	-0.00000601	0.99507390	0.44985984	0.44990273	0.25363186	0.25374099	0.44974472	0.44994135	0.25365487	0.25371683	60006	64464	0
60006	64469	-1.57356248	0.00000549	0.59976038	-0.00000092	5.77499504	0.44980503	0.44994727	0.25361050	0.25368174	0.44971078	0.44981152	0.25359850	0.25356646	60006	64467	0
60006	64472	0.14021437	0.00000768	0.06929000	-0.00001338	0.10319413	0.44973206	0.44971612	0.25346662	0.25363490	0.44981004	0.44985967	0.25348001	0.25358774	60006	64471	0
60006	64475	-0.47629683	-0.00001564	0.57049805	0.00000203	2.42003165	0.44974274	0.44978884	0.25349349	0.25367665	0.44974044	0.44966098	0.25349217	0.25348930	60006	64474	0
60006	64577	0.36742274	-0.00000255	1.03225806	0.00001298	0.35063295	0.45059330	0.45062223	0.25441151	0.25454339	0.45051524	0.45056503	0.25441422	0.25469295	60006	64576	0
60006	64581	0.33972805	0.00001306	0.44489185	0.00001198	0.52797591	0.45056931	0.45071450	0.25449023	0.25456558	0.45065649	0.45075321	0.25470412	0.25465556	60006	64579	0
60006	64584	0.54647244	-0.00000864	1.07186309	0.00000625	0.45162992	0.45055271	0.45062601	0.25455597	0.25468440	0.45069010	0.45070308	0.25465252	0.25476131	60006	64582	0
60006	64587	0.83169208	-0.00000144	-2.73804294	0.00000066	-4.21393502	0.45053866	0.45066019	0.25452129	0.25463074	0.45050916	0.45066504	0.25459754	0.25462466	60006	64585	0
60006	64590	0.68324152	0.00000479	1.11454042	0.00000164	0.08400000	0.45064408	0.45069577	0.25458242	0.25452548	0.45056972	0.45074277	0.25456221	0.25470420	60006	64589	0
60006	64692	-0.33806694	0.00001022	0.12668812	0.00000357	2.16007311	0.44966986	0.44964915	0.25351000	0.25366276	0.44961423	0.44966854	0.25354904	0.25352167	60006	64691	0
60006	64695	-1.77651126	-0.00000031	-5.09678172	0.00000259	-0.78144878	0.44961382	0.44965096	0.25349094	0.25354583	0.44950453	0.44961308	0.25351288	0.25349546	60006	64694	0
60006	64699	-1.19501044	-0.00000750	0.27332461	-0.00000127	2.84415510	0.44953518	0.44955490	0.25344887	0.25339184	0.44942367	0.44956575	0.25359686	0.25347763	60006	64697	0
60006	64702	-0.64475239	-0.00001119	0.59388779	-0.00000083	1.51394413	0.44959722	0.44954660	0.25350787	0.25358651	0.44949993	0.44953707	0.25354673	0.25332068	60006	64700	0
60006	64705	-0.78205805	0.00001751	0.73995497	0.00000516	2.07192829	0.44948127	0.44947248	0.25338058	0.25330244	0.44939623	0.44961143	0.25336481	0.25332093	60006	64704	0
60006	64807	1.09245782	0.00000142	1.87037003	-0.00000115	-2.42120427	0.44848314	0.44855060	0.25238581	0.25230414	0.44847903	0.44855824	0.25237259	0.25237267	60006	64805	0
60006	64810	-18.85267728	0.00000621	0.80846563	0.00000006	56.35229663	0.44859004	0.44859744	0.25237226	0.25245591	0.44865603	0.44874691	0.25243109	0.25245796	60006	64809	0
60006	64814	-3.00819220	0.00000187	-2.21792747	-0.00000017	5.79244828	0.44853088	0.44854172	0.25244005	0.25253183	0.44843235	0.44849875	0.25222427	0.25244465	60006	64812	0
60006	64817	-0.78335363	0.00000796	0.18951282	0.00000110	1.52537289	0.44839546	0.44844353	0.25229789	0.25228696	0.44845972	0.44854329	0.25227069	0.25230742	60006	64815	0
60006	64820	-0.28531940	-0.00000752	0.72346007	-0.00000605	0.56521745	0.44846670	0.44846629	0.25230989	0.25243471	0.44849727	0.44852858	0.25244103	0.25251811	60006	64818	0
60006	64922	-0.46934608	0.00000868	0.20113640	0.00000562	0.75321642	0.44878865	0.44884239	0.25298978	0.25297622	0.44890353	0.44890542	0.25303505	0.25313957	60006	64920	0
60006	64925	-0.13832372	0.00000349	0.39585303	0.00000233	-0.04513402	0.44901314	0.44909203	0.25301434	0.25322668	0.44901018	0.44908003	0.25318502	0.25329003	60006	64924	0
60006	64928	0.46154703	0.00000837	0.61626084	0.00000312	-1.18335142	0.44899441	0.44915390	0.25328732	0.25335084	0.44907691	0.44903837	0.25338206	0.25341345	60006	64927	0
60006	64932	-3.17493911	0.00000053	-9.54939905	0.00000470	-0.43955288	0.44906770	0.44905908	0.25327220	0.25333301	0.44908455	0.44917198	0.25337574	0.25337812	60006	64930	0
60006	64935	0.29734918	0.00000107	3.11042866	-0.00000328	1.80340995	0.44915850	0.44917132	0.25333835	0.25337549	0.44925481	0.44919154	0.25343087	0.25352956	60006	64933	0
60006	65037	0.08832963	-0.00001157	0.71939794	0.00000209	1.34645659	0.44923985	0.44932120	0.25357738	0.25357147	0.44928965	0.44952630	0.25361255	0.25364460	60006	65035	0
60006	65040	-0.07561408	-0.00000242	0.00407055	-0.00000481	0.49590168	0.44945071	0.44941726	0.25375504	0.25374616	0.44942499	0.44955211	0.25376079	0.25378840	60006	65038	0
60006	65043	-0.08837091	-0.00000273	-0.88822146	-0.00000333	-0.84995098	0.44955227	0.44946796	0.25364452	0.25378783	0.44936525	0.44947306	0.25357664	0.25365159	60006	65042	0
60006	65047	0.59167496	-0.00000169	2.14619825	-0.00000239	0.10606063	0.44930781	0.44935062	0.25358700	0.25376202	0.44933583	0.44934183	0.25360631	0.25370541	60006	65045	0
60006	65050	-0.11727790	-0.00000460	-0.44992860	-0.00000209	-0.36320764	0.44938694	0.44947618	0.25360713	0.25369440	0.44943361	0.44942597	0.25366564	0.25361584	60006	65048	0
60006	65152	0.73758493	-0.00000168	0.43529416	-0.00000163	-2.12929431	0.44917132	0.44929968	0.25342315	0.25354295	0.44934380	0.44937856	0.25354369	0.25355569	60006	65150	0
60006	65155	-0.00842964	-0.00000320	-1.03589785	0.00000425	-1.36244263	0.44945490	0.44943279	0.25373400	0.25366547	0.44933624	0.44935309	0.25379136	0.25375931	60006	65153	0
60006	65158	-0.18708288	0.00001657	0.02440477	-0.00001587	0.56036451	0.44916771	0.44925990	0.25363162	0.25366736	0.44941143	0.44939384	0.25372184	0.25360894	60006	65157	0
60006	65161	-0.23636556	0.00000761	0.46672434	-0.00000311	0.61457238	0.44930576	0.44935021	0.25365923	0.25363786	0.44934413	0.44944315	0.25363663	0.25355676	60006	65160	0
60006	65165	0.05820390	-0.00000304	2.02597356	-0.00000476	1.14226518	0.44942014	0.44943887	0.25379235	0.25380779	0.44941225	0.44946344	0.25374477	0.25368495	60006	65163	0
60006	65270	-0.01762155	-0.00000864	0.33675803	0.00000959	0.56423437	0.44924207	0.44916467	0.25361633	0.25369210	0.44933961	0.44935309	0.25376564	0.25374559	60006	65268	0
60006	65273	0.09204027	0.00000571	-0.33832000	-0.00000515	-0.66730546	0.44939393	0.44943994	0.25391503	0.25394749	0.44947766	0.44959796	0.25389703	0.25378668	60006	65271	0
60006	65276	-0.63562997	0.00000067	-1.03921601	0.00000551	1.14379471	0.44945597	0.44942301	0.25390172	0.25390862	0.44944027	0.44952211	0.25387567	0.25381124	60006	65275	0
60006	65280	-0.04667790	0.00000337	0.80019496	0.00000466	1.21634948	0.44941315	0.44946944	0.25388832	0.25394740	0.44947051	0.44947799	0.25394675	0.25385619	60006	65278	0
60006	65283	0.05373470	-0.00000746	-0.00572435	0.00000208	-0.30696215	0.44946344	0.44947462	0.25390352	0.25396441	0.44938900	0.44948382	0.25389021	0.25396367	60006	65281	0
60006	65385	0.45215780	0.00000397	2.12344611	0.00000178	0.92817683	0.44940658	0.44971555	0.25397370	0.25401109	0.44969435	0.44978095	0.25417222	0.25434799	60006	65383	0
60006	65388	-0.12304720	-0.00000874	0.62706772	0.00000503	1.15741342	0.44981358	0.44977643	0.25435382	0.25426919	0.44990610	0.44989821	0.25433599	0.25444199	60006	65386	0
60006	65391	-0.97302278	0.00000279	-3.55830701	-0.00000471	-1.00838027	0.44992434	0.44995729	0.25456394	0.25459393	0.44989065	0.44999961	0.25438842	0.25443747	60006	65390	0
60006	65394	0.18108948	-0.00000184	1.08407872	-0.00000274	0.17166869	0.44952721	0.44974513	0.25423903	0.25427330	0.44965992	0.44962606	0.25415415	0.25416853	60006	65393	0
60006	65398	-0.27319259	0.00000343	-0.64717181	0.00001082	0.71567440	0.44935736	0.44957084	0.25402267	0.25424174	0.44947602	0.44951587	0.25403352	0.25404897	60006	65396	0
60006	65500	0.13587171	0.00000216	0.64437697	-0.00000318	-0.58281593	0.44836637	0.44846580	0.25296019	0.25292823	0.44866671	0.44862135	0.25309027	0.25309989	60006	65498	0
60006	65503	11.33509631	-0.00000006	36.11090066	-0.00000435	2.51322687	0.44846498	0.44852965	0.25302593	0.25296586	0.44833128	0.44840820	0.25303456	0.25299676	60006	65501	0
60006	65506	-0.42787156	-0.00000697	0.74210282	0.00000197	2.43333261	0.44824944	0.44815420	0.25272724	0.25279108	0.44824451	0.44827171	0.25276142	0.25267539	60006	65504	0
60006	65509	-0.08388047	0.00001740	0.24031744	0.00000540	0.89957397	0.44814936	0.44811805	0.25270349	0.25261220	0.44808888	0.44812240	0.25259519	0.25261836	60006	65508	0
60006	65513	0.09154818	-0.00000189	1.36284714	0.00000696	0.83656120	0.44796726	0.44817795	0.25252945	0.25275493	0.44814541	0.44812290	0.25254449	0.25253101	60006	65511	0
60006	65614	-0.18771797	-0.00000119	-0.45730047	0.00000792	0.38049797	0.44741803	0.44757884	0.25194965	0.25199698	0.44745813	0.44758295	0.25197422	0.25218449	60006	65613	0
60006	65618	-0.15172994	-0.00000897	0.33431088	-0.00000726	0.22634678	0.44770867	0.44759593	0.25214965	0.25220923	0.44761294	0.44771623	0.25210405	0.25218047	60006	65616	0
60006	65621	-0.02558393	0.00000620	0.20954910	0.00000592	-0.16888893	0.44757793	0.44772272	0.25211177	0.25222180	0.44759913	0.44766241	0.25211654	0.25213084	60006	65619	0
60006	65624	-0.14308837	0.00000386	0.21653883	-0.00001047	0.56905215	0.44762510	0.44776142	0.25205088	0.25233511	0.44772346	0.44789150	0.25226321	0.25238828	60006	65623	0
60006	65627	-0.31646201	0.00000716	1.57831862	-0.00000611	2.09843955	0.44794615	0.44798337	0.25232197	0.25230898	0.44778369	0.44792051	0.25230389	0.25245550	60006	65626	0
