% File initiated 21/09/2022 10:07:38 UTC
% Raw fountain data
%
% File notes: coll shift ramsey rakon reference seq12 390mV 0p505 seq34 340mV 0p400 seq56 440mV 0p610  
%
%% fountain_code = ALPHA-CsF1
%% microwave_ref = ALPHA HM1
%% MJD_start = 59843.421969
%% clock_data = False
%% sequence = 1
%% density = HD
%
% Units: V.s, Hz
%
% Shot B MJD days	Shot B MJD seconds	freq error	shot A sum	shot A ratio	shot B sum	shot B ratio	shot A F=3 bg 1	shot A F=3 bg 2	shot A F=4 bg 1	shot A F=4 bg 2	shot B F=3 bg 1	shot B F=3 bg 2	shot B F=4 bg 1	shot B F=4 bg 2	Shot A MJD days	Shot A MJD seconds	Shot order (0=LF->HF)
59843	36500	0.00042957	0.03534556	0.46723103	0.03508190	0.47153744	0.63751523	0.63722903	0.35028460	0.34934505	0.63751170	0.63727505	0.35052109	0.34940208	59843	36499	0
59843	36504	0.00068599	0.03513822	0.46825749	0.03508868	0.46748821	0.63765484	0.63736691	0.35042832	0.34943125	0.63757218	0.63730824	0.35063399	0.34945417	59843	36502	0
59843	36507	0.00126047	0.03493771	0.47039556	0.03484819	0.46867213	0.63793135	0.63739559	0.35020530	0.34949846	0.63807079	0.63728121	0.34987966	0.34949419	59843	36505	0
59843	36510	0.00162857	0.03520154	0.46802658	0.03520698	0.46692229	0.63800358	0.63743906	0.34980233	0.34952550	0.63770653	0.63737990	0.35049997	0.34951457	59843	36508	0
59843	36513	0.00047857	0.03496760	0.46718745	0.03543584	0.47063743	0.63804598	0.63731210	0.34982345	0.34949970	0.63780423	0.63743742	0.35040819	0.34947159	59843	36512	0
59843	36795	0.00073759	0.03541331	0.47060993	0.03512600	0.46983290	0.63740290	0.63718893	0.35030350	0.34924127	0.63764137	0.63725097	0.34990825	0.34930076	59843	36793	0
59843	36798	-0.00023515	0.03507167	0.46888511	0.03480363	0.47180332	0.63746379	0.63716469	0.35022971	0.34933700	0.63756199	0.63725516	0.35038715	0.34935056	59843	36796	0
59843	36801	0.00168339	0.03496854	0.47326862	0.03508373	0.46751299	0.63792856	0.63727242	0.34963438	0.34931958	0.63783504	0.63733330	0.34984301	0.34925713	59843	36800	0
59843	36805	0.00060434	0.03520797	0.46925072	0.03535751	0.47248788	0.63740726	0.63732542	0.35035699	0.34934604	0.63772765	0.63741539	0.35011771	0.34933749	59843	36803	0
59843	36808	0.00081775	0.03531112	0.47007538	0.03574722	0.46943514	0.63760028	0.63739855	0.35023604	0.34927299	0.63753232	0.63737036	0.35043637	0.34925639	59843	36806	0
59843	37090	0.00157104	0.03530379	0.47137124	0.03516550	0.46911137	0.63941381	0.63890516	0.35108848	0.35045995	0.63944856	0.63879744	0.35117682	0.35055519	59843	37088	0
59843	37093	0.00059667	0.03517059	0.46837998	0.03473918	0.47130310	0.63906080	0.63902103	0.35162474	0.35059562	0.63923262	0.63896334	0.35167009	0.35053835	59843	37092	0
59843	37097	0.00191714	0.03481607	0.47345168	0.03486243	0.46949027	0.63921364	0.63896761	0.35163936	0.35050802	0.63952203	0.63892760	0.35098059	0.35049644	59843	37095	0
59843	37100	-0.00001918	0.03489265	0.46889484	0.03464997	0.47470380	0.63924642	0.63887829	0.35151487	0.35046143	0.63951521	0.63903006	0.35126754	0.35056472	59843	37098	0
59843	37103	0.00166854	0.03517702	0.47302134	0.03554942	0.46795817	0.63911708	0.63893212	0.35143763	0.35047055	0.63907814	0.63880270	0.35136820	0.35044056	59843	37102	0
59843	37386	0.00056240	0.03523419	0.46701421	0.03519398	0.47033263	0.63847697	0.63832405	0.35094386	0.34967259	0.63852767	0.63837179	0.35087952	0.34971844	59843	37384	0
59843	37389	0.00069408	0.03515687	0.46933205	0.03524481	0.46893701	0.63906786	0.63831550	0.35004121	0.34971819	0.63862192	0.63832980	0.35087155	0.34969937	59843	37387	0
59843	37392	0.00053699	0.03544122	0.46789354	0.03507046	0.46836482	0.63902324	0.63830663	0.34998886	0.34970209	0.63862299	0.63825626	0.35072225	0.34961638	59843	37391	0
59843	37396	0.00111549	0.03544849	0.46818674	0.03520461	0.46645123	0.63883483	0.63819668	0.35012198	0.34974235	0.63855413	0.63827351	0.35071551	0.34963166	59843	37394	0
59843	37399	0.00070866	0.03543032	0.46827743	0.03523235	0.46949794	0.63895751	0.63821131	0.34994991	0.34965032	0.63843818	0.63826735	0.35074838	0.34969600	59843	37397	0
59843	37680	-0.00029249	0.03529020	0.47059816	0.03525230	0.47360160	0.63901848	0.63878076	0.35108963	0.34994277	0.63932194	0.63874172	0.35051419	0.34991713	59843	37679	0
59843	37684	0.00160435	0.03537920	0.47326707	0.03492342	0.46757657	0.63911585	0.63897657	0.35100401	0.34997358	0.63906022	0.63891313	0.35120344	0.35005312	59843	37682	0
59843	37687	0.00146732	0.03531681	0.47042586	0.03513541	0.47083693	0.63940427	0.63894124	0.35064615	0.35010415	0.63918997	0.63887427	0.35073202	0.34995731	59843	37685	0
59843	37690	0.00068630	0.03524814	0.46970980	0.03532662	0.47205286	0.63905825	0.63884921	0.35104354	0.34996931	0.63960313	0.63891182	0.35028600	0.34994383	59843	37689	0
59843	37693	0.00121838	0.03546522	0.46844591	0.03558817	0.46684966	0.63921824	0.63876638	0.35093614	0.34988007	0.63949573	0.63886293	0.35036044	0.35001245	59843	37692	0
59843	37975	0.00044838	0.03609676	0.46867708	0.03582668	0.47098711	0.63920534	0.63903491	0.35115315	0.34995115	0.63982746	0.63908874	0.35035642	0.35010530	59843	37973	0
59843	37978	0.00037231	0.03555254	0.46930327	0.03547101	0.46953147	0.63933993	0.63916080	0.35128183	0.35013036	0.63939630	0.63903409	0.35113935	0.35010711	59843	37977	0
59843	37981	0.00051626	0.03539580	0.46993056	0.03576890	0.46949870	0.63981530	0.63908035	0.35061608	0.35009347	0.63927691	0.63907649	0.35125373	0.35011754	59843	37980	0
59843	37985	0.00078971	0.03545657	0.46946459	0.03558924	0.46864425	0.63944955	0.63913508	0.35099448	0.35008509	0.63973460	0.63924560	0.35044434	0.35012584	59843	37983	0
59843	37988	0.00104738	0.03524114	0.47135178	0.03513768	0.47057877	0.63961020	0.63909112	0.35070770	0.35016759	0.63941479	0.63919301	0.35113746	0.35016603	59843	37986	0
59843	38269	0.00000340	0.03523039	0.46754528	0.03572302	0.47067722	0.63973896	0.63932309	0.35069792	0.35003077	0.63988983	0.63925119	0.35034278	0.35000300	59843	38268	0
59843	38273	0.00076328	0.03542016	0.46949390	0.03525374	0.46721426	0.63939080	0.63922300	0.35129145	0.35012749	0.63982203	0.63912160	0.35032914	0.34999470	59843	38271	0
59843	38276	0.00071181	0.03548221	0.46755469	0.03511017	0.46770911	0.63928652	0.63914297	0.35122653	0.34999256	0.63943607	0.63914584	0.35098224	0.34997481	59843	38274	0
59843	38279	-0.00100278	0.03517675	0.46549149	0.03499210	0.47063526	0.63929252	0.63914338	0.35111807	0.34995295	0.63943649	0.63915825	0.35102669	0.34999289	59843	38278	0
59843	38283	0.00032307	0.03506862	0.47026478	0.03505445	0.46628723	0.63929342	0.63911807	0.35123697	0.34997539	0.63970404	0.63903401	0.35027211	0.34995246	59843	38281	0
59843	38564	0.00087480	0.03504437	0.47033034	0.03511352	0.46867516	0.63950945	0.63884797	0.35009191	0.34985558	0.63906606	0.63881880	0.35098437	0.34976758	59843	38562	0
59843	38567	0.00013432	0.03491169	0.47077692	0.03508700	0.47299835	0.63961521	0.63891034	0.35020818	0.34988714	0.63938061	0.63896441	0.35049397	0.34998771	59843	38566	0
59843	38571	0.00001932	0.03519633	0.46909173	0.03505359	0.46943672	0.63909523	0.63892209	0.35097385	0.34985616	0.63934560	0.63888914	0.35038863	0.34992724	59843	38569	0
59843	38574	0.00084385	0.03516582	0.47130683	0.03509298	0.46883324	0.63899679	0.63884608	0.35105126	0.34983915	0.63959121	0.63894633	0.35030325	0.34984761	59843	38572	0
59843	38577	0.00119621	0.03504235	0.47162551	0.03519262	0.47056843	0.63905578	0.63893433	0.35088922	0.34983126	0.63902982	0.63884239	0.35103343	0.34993529	59843	38575	0
59843	38859	0.00082585	0.03528356	0.46854307	0.03498074	0.46965416	0.63986674	0.63937979	0.35037441	0.34977415	0.63945645	0.63927362	0.35118430	0.34992921	59843	38857	0
59843	38862	0.00005533	0.03495569	0.46828798	0.03505172	0.47059955	0.64004833	0.63926245	0.35020325	0.34993751	0.63959278	0.63935177	0.35112497	0.35000119	59843	38860	0
59843	38865	0.00092438	0.03489269	0.47012672	0.03535656	0.46751956	0.63994077	0.63929835	0.35035091	0.34992608	0.63972902	0.63921873	0.35104715	0.34994244	59843	38863	0
59843	38868	0.00091180	0.03521942	0.46941287	0.03505990	0.46945062	0.63979574	0.63922752	0.35071937	0.34987152	0.63980051	0.63911478	0.35059981	0.34989190	59843	38867	0
59843	38872	0.00059885	0.03517783	0.46722429	0.03511759	0.46816313	0.63953665	0.63935234	0.35108503	0.35000168	0.63977684	0.63937757	0.35062043	0.34998007	59843	38870	0
59843	39153	0.00062158	0.03531102	0.47084230	0.03511018	0.47077413	0.64012401	0.63947207	0.35066119	0.35026652	0.64005269	0.63958456	0.35128915	0.35031640	59843	39151	0
59843	39156	-0.00080131	0.03529382	0.46889060	0.03489985	0.47315927	0.64013133	0.63959754	0.35076136	0.35032018	0.64038203	0.63953468	0.35063301	0.35034146	59843	39155	0
59843	39160	0.00069300	0.03497612	0.47300645	0.03509050	0.46852352	0.63982154	0.63951825	0.35135480	0.35022470	0.63974479	0.63961496	0.35145053	0.35033464	59843	39158	0
59843	39163	0.00046933	0.03463686	0.47101866	0.03519426	0.47168967	0.64019846	0.63942942	0.35061822	0.35022757	0.64020257	0.63949064	0.35063153	0.35028583	59843	39161	0
59843	39166	0.00020529	0.03498390	0.46953086	0.03527356	0.47032296	0.63995704	0.63952359	0.35126047	0.35023817	0.64005696	0.63960001	0.35109547	0.35025157	59843	39164	0
59843	39447	0.00142387	0.03586698	0.47057007	0.03572448	0.46691433	0.64069963	0.64039962	0.35171636	0.35065519	0.64084786	0.64032254	0.35145448	0.35075421	59843	39446	0
59843	39451	0.00059395	0.03542863	0.46638444	0.03549995	0.46887420	0.64062567	0.64037439	0.35205285	0.35072389	0.64058360	0.64030841	0.35198185	0.35072956	59843	39449	0
59843	39454	0.00144290	0.03555428	0.47045032	0.03567977	0.46790347	0.64111928	0.64034875	0.35115250	0.35070975	0.64094499	0.64017841	0.35112094	0.35065010	59843	39452	0
59843	39457	0.00049451	0.03564083	0.46767322	0.03571692	0.47051840	0.64076791	0.64023840	0.35122481	0.35065889	0.64073110	0.64027373	0.35166640	0.35077130	59843	39456	0
59843	39461	0.00031152	0.03577612	0.46685115	0.03577768	0.46740013	0.64087531	0.64014357	0.35114403	0.35068699	0.64044342	0.64022163	0.35191883	0.35067319	59843	39459	0
59843	39742	-0.00021722	0.03566592	0.46849716	0.03535334	0.47008336	0.63994792	0.63976410	0.35128035	0.35006594	0.64015647	0.63974405	0.35102283	0.35009117	59843	39740	0
59843	39745	0.00084161	0.03536148	0.47246532	0.03517992	0.46928884	0.64019016	0.63990610	0.35118438	0.35013176	0.64014390	0.63992311	0.35134404	0.35014441	59843	39744	0
59843	39749	0.00074687	0.03530259	0.47028211	0.03517541	0.47056632	0.64065698	0.63994513	0.35061715	0.35015740	0.64037571	0.63999509	0.35096268	0.35020752	59843	39747	0
59843	39752	0.00190976	0.03542477	0.47228111	0.03559379	0.46879245	0.64070858	0.64003132	0.35049143	0.35018739	0.64041457	0.64003601	0.35096219	0.35018386	59843	39750	0
59843	39755	0.00035319	0.03562903	0.46880044	0.03571313	0.47347014	0.64046273	0.63983880	0.35104575	0.35014951	0.64028548	0.63992754	0.35101387	0.35012272	59843	39753	0
59843	40037	0.00045582	0.03540399	0.46758331	0.03537459	0.46727544	0.64000141	0.63942408	0.35021820	0.34958261	0.63960075	0.63946631	0.35085569	0.34966018	59843	40035	0
59843	40040	0.00155653	0.03543059	0.46945431	0.03515565	0.46615216	0.63991612	0.63951175	0.35051903	0.34959896	0.63985729	0.63942137	0.35042462	0.34954095	59843	40038	0
59843	40043	0.00121016	0.03526656	0.46806237	0.03510033	0.46910150	0.64012886	0.63944848	0.34997884	0.34959115	0.63953517	0.63938332	0.35085076	0.34955418	59843	40041	0
59843	40046	0.00076237	0.03553922	0.46578898	0.03537974	0.46713235	0.64002927	0.63935620	0.35013587	0.34959058	0.63986789	0.63933640	0.35032716	0.34953717	59843	40045	0
59843	40050	0.00115239	0.03530227	0.47009279	0.03553157	0.46892272	0.63988522	0.63921676	0.34996454	0.34952492	0.64009673	0.63926023	0.34995756	0.34960833	59843	40048	0
59843	40331	0.00136987	0.03562256	0.46965920	0.03565840	0.46900676	0.64046716	0.63989032	0.35104411	0.35019931	0.64021909	0.63998416	0.35145365	0.35027794	59843	40329	0
59843	40334	0.00024182	0.03544910	0.46838496	0.03556015	0.47176911	0.64050250	0.64004308	0.35125858	0.35032338	0.64053586	0.63997668	0.35075980	0.35031262	59843	40333	0
59843	40338	0.00089925	0.03539366	0.47028525	0.03565879	0.46831297	0.64032673	0.64002902	0.35125455	0.35025091	0.64060759	0.63994340	0.35060860	0.35028024	59843	40336	0
59843	40341	0.00116375	0.03550923	0.47083868	0.03529226	0.47004518	0.64029731	0.63995934	0.35151627	0.35025083	0.64023716	0.63984504	0.35127805	0.35023998	59843	40339	0
59843	40344	0.00049514	0.03554105	0.46761894	0.03537003	0.46962476	0.64059634	0.63990988	0.35082069	0.35024836	0.64032821	0.64000289	0.35126006	0.35017005	59843	40342	0
59843	40626	0.00061781	0.03570690	0.46837927	0.03548103	0.46801127	0.64129537	0.64084647	0.35144626	0.35087270	0.64121599	0.64085436	0.35178489	0.35085832	59843	40624	0
59843	40629	0.00012415	0.03568232	0.47032492	0.03547698	0.47180590	0.64162102	0.64091598	0.35136688	0.35093827	0.64152381	0.64086430	0.35143591	0.35097673	59843	40627	0
59843	40632	0.00031753	0.03536409	0.46994561	0.03520907	0.46936547	0.64154123	0.64091968	0.35152654	0.35097443	0.64113456	0.64084039	0.35220922	0.35103343	59843	40630	0
59843	40635	0.00120617	0.03524226	0.47289482	0.03552413	0.47022891	0.64149661	0.64090719	0.35128413	0.35102406	0.64095995	0.64084663	0.35223116	0.35103228	59843	40634	0
59843	40639	0.00112997	0.03506369	0.46959354	0.03536422	0.46982215	0.64107408	0.64074942	0.35215992	0.35093137	0.64100013	0.64084959	0.35212491	0.35101206	59843	40637	0
59843	40920	0.00202910	0.03584529	0.47159021	0.03560592	0.46889281	0.64137943	0.64069404	0.35109711	0.35076990	0.64135256	0.64076479	0.35133196	0.35077516	59843	40918	0
59843	40923	-0.00037177	0.03564647	0.46588642	0.03562410	0.47308903	0.64098591	0.64066511	0.35203009	0.35079004	0.64152011	0.64072337	0.35128693	0.35085249	59843	40922	0
59843	40927	0.00124473	0.03556932	0.47112219	0.03585040	0.46627268	0.64159842	0.64077276	0.35116786	0.35084871	0.64124409	0.64073792	0.35159918	0.35083655	59843	40925	0
59843	40930	0.00057295	0.03573723	0.46801035	0.03556234	0.47002572	0.64120473	0.64089930	0.35189335	0.35095832	0.64136250	0.64075567	0.35153484	0.35087878	59843	40928	0
59843	40933	0.00082671	0.03545297	0.46947266	0.03564327	0.46871137	0.64107655	0.64079823	0.35217874	0.35090039	0.64106135	0.64091278	0.35198152	0.35092776	59843	40931	0
59843	41215	-0.00020508	0.03573236	0.46963496	0.03587128	0.47273033	0.64133415	0.64079297	0.35149844	0.35095997	0.64114968	0.64092913	0.35211711	0.35105734	59843	41213	0
59843	41218	-0.00023146	0.03584826	0.47001320	0.03585895	0.47009235	0.64151444	0.64089355	0.35158151	0.35109851	0.64148732	0.64091015	0.35136072	0.35107271	59843	41216	0
59843	41221	0.00176273	0.03591483	0.47376026	0.03556696	0.46777768	0.64140030	0.64092009	0.35176278	0.35107312	0.64147738	0.64088131	0.35142457	0.35109530	59843	41219	0
59843	41224	0.00079128	0.03580681	0.47098744	0.03561749	0.47390180	0.64105116	0.64086224	0.35216961	0.35110451	0.64160113	0.64083069	0.35158505	0.35100344	59843	41223	0
59843	41228	0.00071675	0.03566655	0.47050569	0.03559300	0.47072926	0.64155331	0.64084466	0.35156837	0.35108257	0.64129841	0.64082050	0.35169746	0.35104773	59843	41226	0
