% File initiated 21/09/2022 13:18:15 UTC
% Raw fountain data
%
% File notes: coll shift ramsey rakon reference signal optimized to 0p53 shorter expansion seq12 390mV 0p505 
%
%% fountain_code = ALPHA-CsF1
%% microwave_ref = ALPHA HM1
%% MJD_start = 59843.554347
%% clock_data = False
%% sequence = 1
%% density = HD
%
% Units: V.s, Hz
%
% Shot B MJD days	Shot B MJD seconds	freq error	shot A sum	shot A ratio	shot B sum	shot B ratio	shot A F=3 bg 1	shot A F=3 bg 2	shot A F=4 bg 1	shot A F=4 bg 2	shot B F=3 bg 1	shot B F=3 bg 2	shot B F=4 bg 1	shot B F=4 bg 2	Shot A MJD days	Shot A MJD seconds	Shot order (0=LF->HF)
59843	47912	0.00106288	0.04995590	0.47111344	0.05015256	0.47085344	0.64128814	0.64107540	0.35052298	0.35021352	0.64147606	0.64109158	0.35035239	0.35022125	59843	47910	0
59843	47915	0.00086208	0.04993646	0.46607117	0.05015320	0.46667357	0.64148001	0.64126069	0.35041008	0.35029487	0.64122404	0.64111928	0.35091362	0.35016561	59843	47913	0
59843	47918	0.00086825	0.05006242	0.46803307	0.05018650	0.46801455	0.64126110	0.64128723	0.35079168	0.35028320	0.64115855	0.64114335	0.35094008	0.35017022	59843	47916	0
59843	47921	0.00142556	0.05008576	0.46873883	0.05005221	0.46706689	0.64113826	0.64110071	0.35091436	0.35014548	0.64120030	0.64115486	0.35077557	0.35012042	59843	47920	0
59843	47925	0.00149401	0.05011867	0.46734309	0.05014702	0.46713775	0.64123136	0.64112421	0.35057573	0.35016134	0.64093324	0.64093702	0.35082274	0.35011130	59843	47923	0
59843	48010	-0.00012568	0.04968861	0.46541825	0.05008008	0.47027731	0.64077933	0.64071335	0.35022913	0.34977694	0.64066010	0.64058722	0.35024187	0.34983405	59843	48009	0
59843	48013	0.00082239	0.04997479	0.47039101	0.04998234	0.46754681	0.64072296	0.64082584	0.35053202	0.34987152	0.64076881	0.64070793	0.35035584	0.34976585	59843	48012	0
59843	48017	0.00008370	0.05011129	0.46855487	0.04997252	0.47077093	0.64090160	0.64074540	0.35026693	0.34987941	0.64099396	0.64077941	0.35012568	0.34980924	59843	48015	0
59843	48020	-0.00006660	0.04980430	0.46997427	0.04999502	0.47042519	0.64096808	0.64072411	0.35024935	0.34984531	0.64102839	0.64073808	0.35009059	0.34981663	59843	48018	0
59843	48023	0.00132757	0.04993755	0.47000074	0.04988156	0.46581823	0.64063044	0.64073471	0.35052503	0.34977226	0.64060587	0.64065665	0.35047532	0.34977185	59843	48022	0
59843	48109	0.00129038	0.05010911	0.46886999	0.04993340	0.46898155	0.64072132	0.64051655	0.35023094	0.34955681	0.64080464	0.64069387	0.35041344	0.34980233	59843	48107	0
59843	48112	0.00107486	0.04987524	0.46874366	0.04990230	0.46939022	0.64085592	0.64069954	0.35045231	0.34980809	0.64074737	0.64062444	0.35029298	0.34981671	59843	48110	0
59843	48115	0.00034907	0.05011214	0.46851207	0.04994696	0.47068944	0.64106940	0.64092634	0.35000333	0.34990891	0.64102544	0.64076430	0.35010949	0.34984482	59843	48114	0
59843	48119	-0.00047530	0.05011620	0.46727445	0.05021692	0.46974756	0.64080193	0.64076084	0.35046209	0.34979568	0.64116324	0.64094483	0.35005961	0.34999347	59843	48117	0
59843	48122	0.00022067	0.04991514	0.46948682	0.05016577	0.46739894	0.64065583	0.64073003	0.35048329	0.34978294	0.64084441	0.64078188	0.35044944	0.34985739	59843	48120	0
59843	48207	0.00002015	0.04998069	0.46920980	0.05003375	0.46981135	0.64081212	0.64080004	0.35063580	0.34996586	0.64113900	0.64080850	0.35016561	0.34995008	59843	48206	0
59843	48211	0.00119657	0.04992886	0.47062684	0.05000296	0.46709757	0.64107630	0.64088542	0.35019528	0.34993775	0.64096488	0.64089454	0.35043177	0.35006290	59843	48209	0
59843	48214	0.00039362	0.05005544	0.46859007	0.04998368	0.47099893	0.64119693	0.64086019	0.35008632	0.34994252	0.64101393	0.64083529	0.35041492	0.34989387	59843	48212	0
59843	48217	0.00072040	0.04997644	0.46924046	0.04996137	0.46826011	0.64094031	0.64088920	0.35057187	0.34997752	0.64121747	0.64090777	0.35007580	0.34994318	59843	48215	0
59843	48220	0.00084298	0.05001673	0.47000706	0.05002932	0.46963934	0.64113571	0.64088772	0.35016011	0.35001245	0.64109027	0.64089445	0.35041270	0.35001064	59843	48219	0
59843	48306	0.00108292	0.05014692	0.46925569	0.05013004	0.46853587	0.64095411	0.64079544	0.35001565	0.34977136	0.64107293	0.64079955	0.35000029	0.34983520	59843	48304	0
59843	48309	-0.00023592	0.05020525	0.46683421	0.05005091	0.47079073	0.64083414	0.64077835	0.35045675	0.34980907	0.64070324	0.64071639	0.35054114	0.34976979	59843	48308	0
59843	48312	0.00034780	0.05012439	0.46988929	0.05005649	0.46813811	0.64086389	0.64084269	0.35034894	0.34977374	0.64077103	0.64072066	0.35050441	0.34979625	59843	48311	0
59843	48316	0.00032757	0.05004055	0.46940355	0.05004030	0.46946425	0.64071984	0.64068253	0.35052068	0.34973734	0.64107852	0.64072157	0.35015239	0.34983734	59843	48314	0
59843	48319	0.00095976	0.04999585	0.47170877	0.05001430	0.46981220	0.64063676	0.64061630	0.35050235	0.34976675	0.64096101	0.64062263	0.34992000	0.34977949	59843	48317	0
59843	48404	-0.00013453	0.05013284	0.46676038	0.05016702	0.47004325	0.64062526	0.64037414	0.34990431	0.34952763	0.64048639	0.64046240	0.35026176	0.34956806	59843	48403	0
59843	48408	0.00004899	0.05012560	0.46729304	0.05016899	0.46674247	0.64080456	0.64049132	0.34981885	0.34950775	0.64087580	0.64045459	0.34975081	0.34957809	59843	48406	0
59843	48411	0.00093320	0.05010690	0.46908614	0.05013691	0.46643352	0.64074942	0.64057497	0.35016816	0.34960356	0.64064178	0.64047234	0.35001836	0.34960019	59843	48409	0
59843	48414	0.00118937	0.05012762	0.46941978	0.05014309	0.46865127	0.64072280	0.64050258	0.34986035	0.34958803	0.64078172	0.64053216	0.34970833	0.34950372	59843	48413	0
59843	48418	0.00085891	0.05016976	0.46912188	0.05017417	0.47011327	0.64037949	0.64040890	0.35025978	0.34951153	0.64082116	0.64049058	0.34967185	0.34957053	59843	48416	0
59843	48503	0.00021748	0.05001889	0.46800840	0.04997868	0.46993267	0.64012500	0.64007356	0.34983496	0.34934784	0.64015902	0.64009049	0.34985862	0.34929846	59843	48501	0
59843	48506	0.00108245	0.05002092	0.46817253	0.05010958	0.46557762	0.64017061	0.64013905	0.35009010	0.34931259	0.64023388	0.64016469	0.34996775	0.34938367	59843	48505	0
59843	48510	0.00041977	0.04994857	0.46746449	0.05001945	0.46945254	0.64017471	0.64020988	0.34998328	0.34945573	0.64006995	0.64021876	0.35013209	0.34940216	59843	48508	0
59843	48513	0.00053577	0.04984366	0.46693392	0.05007460	0.46658592	0.64016494	0.64017447	0.35008213	0.34934102	0.64020076	0.64016140	0.34979634	0.34935927	59843	48511	0
59843	48516	0.00073011	0.04996762	0.46717339	0.05006480	0.46659037	0.64011530	0.64005672	0.35003891	0.34931785	0.64017135	0.64014817	0.35011533	0.34933001	59843	48514	0
59843	48602	0.00104079	0.04991507	0.46914045	0.04993766	0.46820842	0.64021095	0.64031630	0.35014055	0.34952837	0.64070661	0.64039461	0.34980102	0.34965779	59843	48600	0
59843	48605	0.00201855	0.04981058	0.46802335	0.04982421	0.46509007	0.64034588	0.64049905	0.35030572	0.34963602	0.64071097	0.64047053	0.34972682	0.34955549	59843	48603	0
59843	48608	0.00135416	0.04976152	0.46644405	0.04976525	0.46843720	0.64062543	0.64054432	0.34996602	0.34973964	0.64045139	0.64028096	0.34993414	0.34953281	59843	48607	0
59843	48611	0.00047155	0.04983476	0.46673654	0.04993659	0.46938438	0.64034054	0.64029756	0.35028008	0.34956962	0.64056297	0.64034662	0.34997202	0.34960677	59843	48610	0
59843	48615	0.00023627	0.04983477	0.46700750	0.05009639	0.46771334	0.64030652	0.64026075	0.35019207	0.34954588	0.64061203	0.64033676	0.34978541	0.34954448	59843	48613	0
59843	48700	0.00114177	0.05007465	0.46792742	0.05001783	0.46521091	0.64039945	0.64026749	0.34935606	0.34928178	0.64019024	0.64024209	0.34979009	0.34937554	59843	48699	0
59843	48703	0.00067056	0.04997764	0.46732933	0.04969554	0.46874297	0.64010840	0.64033076	0.35009043	0.34946379	0.64017874	0.64011769	0.34999100	0.34933346	59843	48702	0
59843	48707	-0.00024924	0.04986433	0.46507172	0.04997913	0.46783113	0.64026469	0.64022114	0.35006594	0.34935434	0.64006099	0.64024374	0.35002633	0.34933913	59843	48705	0
59843	48710	0.00195604	0.05000213	0.47103500	0.05005206	0.46441916	0.64032599	0.64028318	0.34998484	0.34934234	0.64053635	0.64040997	0.34968746	0.34938425	59843	48708	0
59843	48713	0.00065817	0.04989517	0.46647669	0.04999440	0.47037028	0.64061178	0.64022829	0.34953372	0.34931826	0.64053890	0.64039469	0.34959050	0.34940545	59843	48712	0
59843	48799	0.00123470	0.04989572	0.46743497	0.04986716	0.46570540	0.64035944	0.64003913	0.34948006	0.34935672	0.64043487	0.64015877	0.34971556	0.34932623	59843	48797	0
59843	48802	0.00091517	0.04969080	0.46835879	0.04975802	0.46931738	0.64039378	0.64018088	0.34986331	0.34933765	0.64036880	0.64016913	0.34984137	0.34940553	59843	48800	0
59843	48805	0.00097458	0.04995859	0.46841862	0.04975710	0.46824036	0.64054555	0.64025302	0.34949148	0.34939172	0.64015910	0.64030331	0.35008993	0.34937751	59843	48804	0
59843	48809	0.00058329	0.04987785	0.46758976	0.04986512	0.46876364	0.64059716	0.64024390	0.34957004	0.34931284	0.64071614	0.64025598	0.34956009	0.34938022	59843	48807	0
59843	48812	0.00171913	0.04974546	0.46913774	0.04986242	0.46573023	0.64073340	0.64042230	0.34958458	0.34939748	0.64030561	0.64029929	0.35023678	0.34935581	59843	48810	0
59843	48897	0.00092424	0.05010618	0.46900835	0.04993837	0.47139303	0.64030906	0.64039945	0.35010382	0.34947866	0.64062238	0.64041950	0.35017186	0.34963972	59843	48896	0
59843	48901	0.00023592	0.04977289	0.46816472	0.04991351	0.47022968	0.64073233	0.64053504	0.34981220	0.34963807	0.64073011	0.64043659	0.34985484	0.34962509	59843	48899	0
59843	48904	0.00166151	0.04983262	0.47048601	0.05002308	0.46620923	0.64074219	0.64053726	0.35007605	0.34972378	0.64072165	0.64049231	0.34991286	0.34963832	59843	48902	0
59843	48907	0.00156826	0.04995288	0.46896279	0.04991997	0.46924253	0.64082305	0.64056782	0.35003118	0.34971737	0.64082707	0.64058911	0.34987958	0.34962517	59843	48905	0
59843	48910	0.00217604	0.04987038	0.46943719	0.04986295	0.46761386	0.64081261	0.64045377	0.34980077	0.34961564	0.64056051	0.64053183	0.35019972	0.34964892	59843	48909	0
59843	48996	0.00111063	0.05011308	0.46793201	0.05015405	0.47112824	0.64072370	0.64044884	0.34968647	0.34952640	0.64057210	0.64047974	0.35012469	0.34952336	59843	48994	0
59843	48999	0.00086614	0.04999045	0.46955291	0.05001831	0.47028637	0.64046100	0.64033265	0.34982731	0.34948318	0.64053980	0.64058015	0.35030900	0.34967661	59843	48997	0
59843	49002	0.00025582	0.04997930	0.46772201	0.04971290	0.46955298	0.64044448	0.64042830	0.35014910	0.34959280	0.64078533	0.64042230	0.34980899	0.34956987	59843	49001	0
59843	49006	-0.00045212	0.04989117	0.47021849	0.04989588	0.47234229	0.64062049	0.64049896	0.35012806	0.34960397	0.64082781	0.64047078	0.34980546	0.34959921	59843	49004	0
59843	49009	0.00068010	0.05002503	0.47044874	0.05001126	0.46705209	0.64055443	0.64049255	0.34986610	0.34961613	0.64049255	0.64047891	0.35027737	0.34964432	59843	49007	0
59843	49094	0.00121209	0.04994575	0.47030279	0.05015978	0.46870682	0.64054580	0.64057382	0.35030958	0.34975328	0.64093357	0.64074901	0.35000275	0.34988023	59843	49093	0
59843	49098	0.00005186	0.05002496	0.46798531	0.05008905	0.47146600	0.64088164	0.64073019	0.35023464	0.34981121	0.64098295	0.64079084	0.35004285	0.34990004	59843	49096	0
59843	49101	0.00032054	0.05001899	0.47065582	0.05005207	0.46984979	0.64110424	0.64084211	0.35006454	0.35001647	0.64072091	0.64074260	0.35061107	0.34988804	59843	49099	0
59843	49104	0.00036138	0.04992395	0.46972767	0.05000586	0.46960515	0.64097901	0.64073373	0.35009552	0.34992115	0.64094672	0.64079938	0.35013990	0.34986684	59843	49103	0
59843	49108	0.00047001	0.04999196	0.46920126	0.04995028	0.46887536	0.64104269	0.64075830	0.35001154	0.34987990	0.64104121	0.64079314	0.35011434	0.34984827	59843	49106	0
59843	49193	0.00144054	0.05001390	0.47074155	0.04976013	0.46782995	0.64114409	0.64090333	0.35014162	0.35006159	0.64118797	0.64085477	0.35017433	0.35014754	59843	49191	0
59843	49196	0.00126620	0.04996888	0.46871935	0.05004656	0.46924238	0.64120909	0.64092847	0.35033522	0.35011450	0.64119200	0.64125059	0.35051682	0.35024647	59843	49195	0
59843	49200	0.00067501	0.05005209	0.46800766	0.05006810	0.46978122	0.64103119	0.64103554	0.35077870	0.35011886	0.64117852	0.64105280	0.35067212	0.35014663	59843	49198	0
59843	49203	0.00139004	0.04999126	0.47173251	0.05003986	0.46958744	0.64136456	0.64117047	0.35035354	0.35013735	0.64104187	0.64116242	0.35074328	0.35018739	59843	49201	0
59843	49206	0.00034101	0.05009802	0.46827036	0.04998508	0.47141743	0.64133268	0.64119044	0.35065626	0.35018608	0.64125675	0.64108263	0.35026291	0.35012354	59843	49204	0
59843	49292	0.00069823	0.05018585	0.46833718	0.05018095	0.46726552	0.64143062	0.64119709	0.35030802	0.35020407	0.64126957	0.64118337	0.35070458	0.35028517	59843	49290	0
59843	49295	0.00115771	0.04991376	0.47130405	0.05022140	0.46992562	0.64114113	0.64121008	0.35096909	0.35026833	0.64144887	0.64117778	0.35054590	0.35024918	59843	49293	0
59843	49298	0.00038908	0.05005149	0.46705707	0.05018319	0.46936296	0.64107474	0.64104524	0.35087065	0.35022560	0.64108189	0.64114491	0.35091724	0.35025535	59843	49297	0
59843	49301	0.00057839	0.04970584	0.46905300	0.05009056	0.46848509	0.64122265	0.64118173	0.35084049	0.35032955	0.64116891	0.64125042	0.35097303	0.35032347	59843	49300	0
59843	49305	0.00020262	0.05014837	0.47008917	0.04995525	0.47121646	0.64137376	0.64117655	0.35045001	0.35022987	0.64116455	0.64121073	0.35066242	0.35024121	59843	49303	0
59843	49390	0.00075573	0.05012096	0.46797282	0.05010405	0.46631350	0.64122528	0.64095625	0.35010218	0.34992584	0.64134139	0.64114450	0.35018780	0.35005263	59843	49389	0
59843	49393	0.00153605	0.05016757	0.46792363	0.05001176	0.46558269	0.64115371	0.64105609	0.35055355	0.35006068	0.64100571	0.64107507	0.35072027	0.34997144	59843	49392	0
59843	49397	0.00154206	0.05015776	0.46800543	0.05001188	0.46798739	0.64141082	0.64109002	0.35023825	0.35002543	0.64110399	0.64108148	0.35059882	0.34998969	59843	49395	0
59843	49400	0.00084081	0.05008639	0.46751393	0.04984416	0.46961769	0.64094672	0.64094499	0.35062257	0.35001179	0.64094203	0.64082140	0.35059759	0.34998237	59843	49398	0
59843	49403	-0.00058106	0.04998418	0.46707379	0.05013540	0.47133939	0.64134402	0.64091943	0.35028632	0.35001187	0.64097950	0.64090711	0.35052931	0.34998623	59843	49402	0
59843	49489	0.00188201	0.05014680	0.47212867	0.05012135	0.46473945	0.64087580	0.64079018	0.35037384	0.34990751	0.64117104	0.64090037	0.35011311	0.34992362	59843	49487	0
59843	49492	0.00055444	0.05007962	0.46530532	0.04995097	0.46928804	0.64103497	0.64087835	0.35069735	0.35003061	0.64114549	0.64094836	0.35030892	0.35001236	59843	49490	0
59843	49495	0.00073318	0.04995515	0.46940757	0.04996237	0.46887135	0.64091557	0.64095888	0.35072635	0.34997646	0.64116858	0.64090399	0.35014976	0.34997087	59843	49494	0
59843	49499	0.00033862	0.05031897	0.46707045	0.05012811	0.46825413	0.64102790	0.64091409	0.35044459	0.34991795	0.64094384	0.64108090	0.35053900	0.35005427	59843	49497	0
59843	49502	0.00125871	0.05022396	0.46914575	0.05001230	0.46638548	0.64111262	0.64080226	0.35010169	0.34988360	0.64105707	0.64086676	0.35018616	0.34986922	59843	49500	0
59843	49587	0.00003747	0.04998691	0.46671371	0.04988711	0.47037742	0.64029994	0.64030989	0.34998377	0.34942640	0.64039937	0.64038770	0.34997670	0.34939164	59843	49586	0
59843	49591	0.00137625	0.04980706	0.47130887	0.04994564	0.46729253	0.64052912	0.64044087	0.34987818	0.34946494	0.64031235	0.64030931	0.35011590	0.34937069	59843	49589	0
59843	49594	0.00107537	0.04997463	0.46803130	0.04988855	0.46893393	0.64064671	0.64037669	0.34966149	0.34951145	0.64048943	0.64037497	0.34996249	0.34946091	59843	49592	0
59843	49597	0.00057995	0.04990407	0.46709345	0.05000793	0.46857972	0.64032402	0.64034029	0.34999429	0.34946535	0.64078591	0.64032361	0.34963117	0.34940249	59843	49595	0
59843	49600	0.00140133	0.04992594	0.47010233	0.04998348	0.46763820	0.64041630	0.64031876	0.34977998	0.34940462	0.64018868	0.64033380	0.35009692	0.34937800	59843	49599	0
59843	49686	-0.00003562	0.05002596	0.46586417	0.04987275	0.47017500	0.64009172	0.64004661	0.34935351	0.34893436	0.64032599	0.64015392	0.34925754	0.34906534	59843	49684	0
59843	49689	0.00098483	0.05007789	0.46889265	0.05011388	0.46583132	0.64033010	0.64017726	0.34945623	0.34908317	0.64036626	0.64019591	0.34934694	0.34911924	59843	49688	0
59843	49692	-0.00024576	0.04997160	0.46524519	0.04998502	0.46893695	0.64005285	0.64013174	0.34978763	0.34909328	0.64036979	0.64008548	0.34960866	0.34905046	59843	49691	0
59843	49696	0.00049554	0.04976929	0.46966296	0.04978459	0.46743907	0.64031342	0.64015992	0.34933371	0.34913206	0.63995080	0.63982483	0.34958548	0.34897396	59843	49694	0
59843	49699	-0.00049845	0.04997653	0.46792864	0.04988304	0.47091060	0.64004168	0.63991604	0.34953815	0.34899796	0.64021407	0.63996945	0.34919106	0.34901990	59843	49697	0
59843	49785	0.00030529	0.04993348	0.46898950	0.04992065	0.46657827	0.64019789	0.63996814	0.34913674	0.34899541	0.64014784	0.63985696	0.34931185	0.34906378	59843	49783	0
59843	49788	0.00083805	0.04983021	0.47079075	0.05001455	0.46919249	0.64030504	0.63992993	0.34941251	0.34910749	0.64003568	0.63992968	0.34982707	0.34912154	59843	49786	0
59843	49791	0.00027605	0.04993215	0.46959131	0.04998573	0.47127731	0.64012344	0.64003519	0.34968047	0.34912730	0.64025023	0.64008934	0.34950545	0.34917857	59843	49789	0
59843	49794	0.00205658	0.05008979	0.47090632	0.05012708	0.46556472	0.64015409	0.64018227	0.34970069	0.34921703	0.64012574	0.64012065	0.34981433	0.34915006	59843	49793	0
59843	49798	0.00029250	0.04996370	0.46588459	0.04999062	0.47117683	0.64025549	0.64018819	0.34972427	0.34919320	0.64019493	0.64015803	0.34984309	0.34914619	59843	49796	0
59843	49883	-0.00001569	0.05010208	0.46973794	0.04991641	0.47066251	0.64047620	0.64038442	0.34990078	0.34947340	0.64067728	0.64061113	0.34977974	0.34954571	59843	49881	0
59843	49886	0.00062787	0.04990740	0.47007914	0.04980872	0.46814846	0.64039288	0.64049370	0.35008229	0.34959978	0.64072189	0.64045755	0.35000456	0.34963898	59843	49885	0
59843	49890	-0.00033877	0.04966522	0.46994783	0.04984653	0.47284777	0.64085682	0.64047645	0.34981491	0.34966708	0.64048647	0.64060759	0.35038394	0.34959239	59843	49888	0
59843	49893	0.00034607	0.04982962	0.47029915	0.04980712	0.46824461	0.64083200	0.64063159	0.34990792	0.34966577	0.64067341	0.64055106	0.34993126	0.34960258	59843	49891	0
59843	49896	0.00096118	0.04984702	0.47113560	0.04991332	0.46929029	0.64070554	0.64060455	0.35005000	0.34959691	0.64047439	0.64048015	0.35028115	0.34954530	59843	49895	0
59843	49982	0.00010275	0.04999166	0.46761841	0.05014257	0.47019367	0.64080127	0.64064211	0.34995337	0.34960356	0.64084573	0.64050891	0.34976749	0.34965286	59843	49980	0
59843	49985	0.00019178	0.05013152	0.46802189	0.05018956	0.46775481	0.64064104	0.64071705	0.35030884	0.34971071	0.64108394	0.64082740	0.34986248	0.34979149	59843	49983	0
59843	49988	0.00112625	0.05024030	0.47200325	0.05002691	0.46919984	0.64079108	0.64067728	0.35035929	0.34974481	0.64084014	0.64084901	0.35002461	0.34979445	59843	49987	0
59843	49991	0.00003662	0.05011927	0.46807563	0.05005563	0.47134451	0.64090177	0.64063175	0.34989716	0.34965303	0.64061532	0.64059847	0.35030186	0.34970504	59843	49990	0
59843	49995	0.00034060	0.05001097	0.46886641	0.05017718	0.46795447	0.64088476	0.64066076	0.34978910	0.34971967	0.64065640	0.64064071	0.35040178	0.34971408	59843	49993	0
59843	50080	-0.00042095	0.05008710	0.46552663	0.04987257	0.46781130	0.64096175	0.64059017	0.34970874	0.34954826	0.64054046	0.64056955	0.35019651	0.34953133	59843	50079	0
59843	50083	0.00102676	0.05001752	0.46945209	0.04995035	0.46510897	0.64085403	0.64070447	0.34998854	0.34960389	0.64078969	0.64066725	0.35000333	0.34968187	59843	50082	0
59843	50087	0.00059062	0.04991478	0.46791939	0.04994462	0.46922780	0.64090711	0.64064901	0.34974071	0.34968130	0.64079084	0.64071631	0.35000883	0.34972928	59843	50085	0
59843	50090	0.00061630	0.04998061	0.46897403	0.05003381	0.46889698	0.64088961	0.64064654	0.35001541	0.34962641	0.64096389	0.64072748	0.34987111	0.34967480	59843	50088	0
59843	50093	0.00119284	0.04998127	0.46872098	0.05000027	0.46699137	0.64096997	0.64074901	0.34981351	0.34965401	0.64070719	0.64068286	0.35015863	0.34968146	59843	50092	0
59843	50179	0.00126428	0.05021460	0.46776228	0.05008634	0.46754795	0.64080579	0.64076273	0.35012675	0.34966527	0.64103686	0.64072707	0.35000094	0.34969025	59843	50177	0
59843	50182	-0.00017337	0.05007228	0.46533172	0.05021899	0.46964467	0.64088139	0.64081499	0.35057302	0.34979067	0.64109545	0.64087399	0.34986027	0.34979560	59843	50180	0
59843	50185	0.00116843	0.04998532	0.47055925	0.05006214	0.46653384	0.64071236	0.64068492	0.35045568	0.34970167	0.64090111	0.64060940	0.34981063	0.34962821	59843	50184	0
59843	50189	0.00030459	0.04996627	0.46778437	0.04997623	0.47037589	0.64068023	0.64062863	0.35016956	0.34965566	0.64071228	0.64062953	0.35022100	0.34965517	59843	50187	0
59843	50192	0.00078542	0.05022360	0.46897659	0.04995795	0.46753410	0.64088755	0.64078163	0.34981014	0.34975377	0.64071918	0.64071680	0.35044746	0.34971162	59843	50190	0
59843	50277	0.00040760	0.04986123	0.46867446	0.04986444	0.46980792	0.64035525	0.64027850	0.34969748	0.34933798	0.64061105	0.64022155	0.34965829	0.34936551	59843	50276	0
59843	50281	0.00087845	0.05010614	0.47013615	0.04999429	0.46872361	0.64031465	0.64031112	0.35003126	0.34935392	0.64042928	0.64026781	0.34981409	0.34940972	59843	50279	0
59843	50284	0.00021918	0.04982160	0.46798510	0.04979113	0.46996289	0.64025672	0.64030118	0.35005090	0.34935902	0.64058278	0.64028770	0.34968327	0.34937389	59843	50282	0
59843	50287	0.00108549	0.05001677	0.47109293	0.04992476	0.46849400	0.64042139	0.64031301	0.34997128	0.34929501	0.64038450	0.64030339	0.35001697	0.34931604	59843	50286	0
59843	50290	0.00070170	0.05007869	0.46731410	0.04998267	0.46846547	0.64018671	0.64026099	0.34988804	0.34926288	0.64042599	0.64023265	0.34965270	0.34923921	59843	50289	0
59843	50376	0.00082313	0.04995631	0.47018771	0.04969665	0.46982344	0.63976492	0.63968152	0.34922130	0.34863690	0.63988670	0.63972565	0.34892721	0.34881660	59843	50374	0
59843	50379	0.00045929	0.04976916	0.46820364	0.04992398	0.46929514	0.63967478	0.63970675	0.34932730	0.34878144	0.63987347	0.63976369	0.34896525	0.34877979	59843	50378	0
59843	50382	0.00064212	0.04985658	0.47048042	0.04984407	0.46993195	0.63982795	0.63977421	0.34933420	0.34883131	0.63995548	0.63967864	0.34906378	0.34874807	59843	50381	0
59843	50386	0.00007609	0.04995788	0.46825191	0.04959100	0.46994998	0.64008696	0.63980905	0.34901349	0.34873632	0.63971447	0.63971118	0.34939632	0.34872400	59843	50384	0
59843	50389	0.00140920	0.05011207	0.47220096	0.04998984	0.46820163	0.63978062	0.63976435	0.34924751	0.34877823	0.63990799	0.63978021	0.34916279	0.34872515	59843	50387	0
59843	50475	0.00075026	0.04990760	0.46728305	0.04987404	0.46925988	0.64023314	0.63987249	0.34899327	0.34881915	0.64020364	0.63989837	0.34901981	0.34895556	59843	50473	0
59843	50478	0.00083410	0.04977649	0.46796361	0.04978953	0.46771210	0.64012401	0.63990610	0.34921736	0.34899894	0.64003667	0.63991538	0.34941670	0.34896607	59843	50476	0
59843	50481	0.00084575	0.04978571	0.46578461	0.04986930	0.46574965	0.64001522	0.63993412	0.34943207	0.34898423	0.63987676	0.63997487	0.34972822	0.34898843	59843	50479	0
59843	50484	0.00009273	0.04974987	0.46716660	0.04997718	0.46942565	0.64009780	0.63995014	0.34932089	0.34895227	0.64030660	0.64005146	0.34918547	0.34900330	59843	50483	0
59843	50488	-0.00033007	0.04984588	0.46814961	0.04972432	0.46941801	0.63988876	0.63987084	0.34959912	0.34895736	0.63994989	0.63990355	0.34954128	0.34894701	59843	50486	0
59843	50573	0.00123282	0.04983991	0.47010565	0.04986230	0.46541700	0.64029353	0.64029395	0.34997933	0.34932434	0.64028228	0.64035352	0.35051772	0.34924464	59843	50572	0
59843	50576	-0.00030775	0.04981148	0.46508603	0.04976822	0.46970774	0.64077268	0.64047497	0.34952558	0.34937176	0.64068023	0.64040767	0.34977078	0.34937044	59843	50575	0
59843	50580	0.00110502	0.04979907	0.47010612	0.04975783	0.46586779	0.64057103	0.64035516	0.34971556	0.34945590	0.64066462	0.64033733	0.34962197	0.34941958	59843	50578	0
59843	50583	0.00193925	0.04971350	0.46924180	0.04987667	0.46673912	0.64072362	0.64042065	0.34957981	0.34943207	0.64066741	0.64040931	0.34956272	0.34938219	59843	50581	0
59843	50586	0.00168288	0.04996667	0.46568131	0.04969794	0.46645043	0.64042994	0.64041556	0.34993159	0.34943897	0.64046708	0.64039288	0.35007605	0.34942911	59843	50585	0
59843	50672	0.00189057	0.04965037	0.46919714	0.04974373	0.46857407	0.64054523	0.64051573	0.34984556	0.34947069	0.64078599	0.64062805	0.34966667	0.34947283	59843	50670	0
59843	50675	0.00068238	0.04985842	0.46595198	0.04968837	0.46957654	0.64060275	0.64054884	0.35011639	0.34950832	0.64067161	0.64049477	0.34978409	0.34947924	59843	50673	0
59843	50678	0.00031380	0.04974069	0.46853775	0.04981461	0.46964348	0.64064531	0.64055591	0.35025658	0.34951005	0.64056306	0.64071187	0.35012831	0.34957110	59843	50677	0
59843	50682	0.00012948	0.04966811	0.46771192	0.04989701	0.46826489	0.64072839	0.64059946	0.34995526	0.34953906	0.64086882	0.64064367	0.34961457	0.34951564	59843	50680	0
59843	50685	0.00024895	0.04963675	0.46818395	0.04999646	0.46782555	0.64060201	0.64045114	0.35020004	0.34941646	0.64081894	0.64055665	0.34974523	0.34944793	59843	50683	0
59843	50770	0.00013442	0.05003800	0.46991609	0.04999450	0.47025966	0.64050307	0.64048113	0.34981458	0.34946420	0.64067251	0.64061795	0.34998303	0.34960389	59843	50769	0
59843	50774	0.00086034	0.04974789	0.47121861	0.04998937	0.46904087	0.64064745	0.64070645	0.34997210	0.34960373	0.64072058	0.64058549	0.34991729	0.34949345	59843	50772	0
59843	50777	0.00091709	0.05011000	0.46995660	0.05003127	0.46978633	0.64095575	0.64074441	0.34964588	0.34952624	0.64071565	0.64064317	0.35010103	0.34949600	59843	50775	0
59843	50780	-0.00007935	0.05012568	0.46686530	0.05004275	0.46985461	0.64077826	0.64074392	0.34994852	0.34948721	0.64093250	0.64067013	0.34972214	0.34949912	59843	50778	0
59843	50783	0.00138567	0.04969357	0.47025878	0.05012297	0.46586374	0.64069124	0.64068631	0.35014400	0.34950865	0.64091886	0.64067300	0.34973627	0.34949427	59843	50782	0
59843	50869	0.00068478	0.05004543	0.46706713	0.04982224	0.46916980	0.64070012	0.64082748	0.35029972	0.34966445	0.64086389	0.64091204	0.35048838	0.34983208	59843	50867	0
59843	50872	0.00151919	0.05006048	0.47014640	0.04982833	0.46764314	0.64092091	0.64092091	0.35045141	0.34986635	0.64091278	0.64083989	0.35053810	0.34981762	59843	50871	0
59843	50875	0.00014694	0.05010744	0.46830866	0.04966572	0.47242544	0.64118296	0.64096011	0.35001491	0.34981384	0.64097235	0.64103111	0.35055338	0.34983093	59843	50874	0
59843	50879	0.00094675	0.05001864	0.47010096	0.05013244	0.46770151	0.64133292	0.64101607	0.35009339	0.34986265	0.64122133	0.64093743	0.34998385	0.34974325	59843	50877	0
59843	50882	0.00054306	0.04975149	0.46882371	0.04995968	0.47003479	0.64109569	0.64083069	0.35019544	0.34980595	0.64079996	0.64083965	0.35047277	0.34979913	59843	50880	0
59843	50967	0.00059677	0.05000425	0.46843786	0.04994277	0.46827673	0.64050209	0.64055583	0.35004096	0.34948482	0.64061951	0.64062173	0.35013217	0.34950586	59843	50966	0
59843	50971	0.00020205	0.04986609	0.46763663	0.04994852	0.46882080	0.64073192	0.64065114	0.35021081	0.34952895	0.64063603	0.64065879	0.35030769	0.34954736	59843	50969	0
59843	50974	0.00063850	0.04993752	0.46871530	0.04999948	0.46740595	0.64069930	0.64061507	0.35017474	0.34956083	0.64072000	0.64069806	0.35009347	0.34958433	59843	50972	0
59843	50977	0.00093879	0.04991531	0.46845534	0.04984841	0.46755447	0.64096036	0.64066972	0.34971786	0.34953914	0.64096019	0.64074498	0.34970176	0.34954941	59843	50976	0
59843	50981	0.00070726	0.04994625	0.46718159	0.04990909	0.46787618	0.64055155	0.64070801	0.35021147	0.34952640	0.64068114	0.64043676	0.34997276	0.34944596	59843	50979	0
59843	51066	0.00035772	0.05007867	0.46599911	0.04990021	0.46704773	0.64001645	0.63992688	0.34928186	0.34875950	0.64029929	0.64000240	0.34907339	0.34886254	59843	51064	0
59843	51069	0.00097932	0.05000625	0.47128689	0.04987502	0.46942207	0.64042920	0.64009000	0.34903313	0.34895646	0.64003017	0.64019994	0.34952690	0.34895400	59843	51068	0
59843	51073	0.00009802	0.04992005	0.46648497	0.04997862	0.46912888	0.64031178	0.64001834	0.34901571	0.34886196	0.64012229	0.63998334	0.34936683	0.34880707	59843	51071	0
59843	51076	0.00141642	0.04981587	0.47160010	0.04955835	0.46764489	0.63983107	0.63995425	0.34943823	0.34883493	0.64005400	0.64003971	0.34921251	0.34883057	59843	51074	0
59843	51079	0.00057656	0.04963879	0.46615026	0.04962685	0.46866983	0.63989007	0.63990560	0.34950372	0.34870633	0.63982770	0.63988284	0.34940569	0.34879162	59843	51077	0
59843	51165	0.00014847	0.04991060	0.46962563	0.04998213	0.47090991	0.63984430	0.63992245	0.34938556	0.34879146	0.63997980	0.64001423	0.34937217	0.34887897	59843	51163	0
59843	51168	0.00033014	0.04984952	0.46872532	0.04998978	0.46818032	0.64001111	0.64001160	0.34950126	0.34893041	0.64022344	0.63990782	0.34902310	0.34888785	59843	51166	0
59843	51171	-0.00004725	0.04964597	0.46736484	0.04989559	0.46849699	0.63996173	0.64001062	0.34948548	0.34890198	0.64002828	0.63991398	0.34937595	0.34891488	59843	51169	0
59843	51174	0.00101251	0.04983088	0.46958090	0.04964992	0.46640163	0.63996501	0.63993732	0.34936107	0.34884914	0.63996649	0.63991653	0.34937397	0.34883172	59843	51173	0
59843	51178	0.00055201	0.04976437	0.46741170	0.04968365	0.46879321	0.63988670	0.63989163	0.34941942	0.34877946	0.63989763	0.63986320	0.34932960	0.34879573	59843	51176	0
59843	51263	0.00111087	0.04979269	0.47106872	0.04969736	0.46939213	0.64026264	0.64015721	0.34918835	0.34902466	0.64033750	0.64025804	0.34936978	0.34909402	59843	51262	0
59843	51266	0.00027707	0.04992011	0.46909856	0.04989861	0.47159996	0.64029625	0.64027611	0.34978434	0.34921604	0.64055599	0.64016683	0.34941703	0.34919394	59843	51265	0
59843	51270	0.00094078	0.04970666	0.47269796	0.04992483	0.47070683	0.64021202	0.64018589	0.34957842	0.34923289	0.64040217	0.64016806	0.34964276	0.34928317	59843	51268	0
59843	51273	0.00141365	0.04951485	0.47005992	0.04983149	0.46864132	0.64040118	0.64017365	0.34957143	0.34930980	0.64032772	0.64013182	0.34945532	0.34919788	59843	51271	0
59843	51276	0.00090735	0.04975082	0.46878619	0.04960039	0.47030509	0.64014793	0.64015162	0.34986709	0.34921415	0.64019969	0.64017003	0.34981918	0.34918884	59843	51275	0
59843	51362	0.00108709	0.04971668	0.46934059	0.04998954	0.46880138	0.64071244	0.64038598	0.34934357	0.34921809	0.64068467	0.64042986	0.34942632	0.34922064	59843	51360	0
59843	51365	0.00026593	0.04993509	0.46838898	0.04971517	0.47085244	0.64046511	0.64045837	0.34967949	0.34923050	0.64066454	0.64038516	0.34952147	0.34923009	59843	51363	0
59843	51368	0.00042550	0.04978945	0.46787052	0.04993243	0.46739181	0.64035516	0.64035771	0.34995591	0.34929591	0.64037078	0.64034070	0.34991943	0.34924176	59843	51367	0
59843	51371	0.00123742	0.04961583	0.46991589	0.04984084	0.46748013	0.64033183	0.64032944	0.34991121	0.34928695	0.64053767	0.64025516	0.34938342	0.34918309	59843	51370	0
59843	51375	0.00062520	0.04985423	0.46754718	0.04984881	0.46938385	0.64055673	0.64027661	0.34937266	0.34930815	0.64056035	0.64040299	0.34943010	0.34928580	59843	51373	0
59843	51460	0.00119632	0.04947207	0.46908466	0.04944738	0.46737129	0.63992015	0.63960872	0.34850937	0.34835825	0.64008030	0.64014332	0.34965254	0.34902055	59843	51459	0
59843	51464	0.00001975	0.04933786	0.46555370	0.04927717	0.46908341	0.64009230	0.63971234	0.34860896	0.34849351	0.64005335	0.63966229	0.34860008	0.34837444	59843	51462	0
59843	51467	0.00021915	0.04937714	0.46689237	0.04940008	0.46629418	0.64002771	0.63964988	0.34862227	0.34833607	0.63983863	0.63962178	0.34850501	0.34833253	59843	51465	0
59843	51470	0.00082300	0.04928135	0.46717187	0.04947711	0.46536031	0.63966878	0.63967314	0.34924291	0.34843122	0.63982064	0.63974718	0.34896821	0.34845176	59843	51468	0
59843	51473	0.00036247	0.04939340	0.46674951	0.04947078	0.46813109	0.63970264	0.63968152	0.34917800	0.34844018	0.63996740	0.63973082	0.34870945	0.34838414	59843	51472	0
59843	51559	0.00029275	0.04940397	0.46710574	0.04947404	0.46731490	0.63991029	0.63982902	0.34928276	0.34863846	0.64033002	0.64003009	0.34889113	0.34869573	59843	51557	0
59843	51562	0.00079696	0.04918185	0.46831712	0.04925377	0.46680450	0.64001037	0.64004455	0.34941227	0.34870732	0.64029904	0.63999813	0.34881480	0.34861307	59843	51560	0
59843	51565	0.00115878	0.04936830	0.46746787	0.04917056	0.46638241	0.64005162	0.64004382	0.34947233	0.34870477	0.64028844	0.64010380	0.34912458	0.34874840	59843	51564	0
59843	51569	0.00078317	0.04945307	0.46550411	0.04934884	0.46663094	0.64011300	0.64007742	0.34955697	0.34878242	0.64036601	0.63994003	0.34877774	0.34862235	59843	51567	0
59843	51572	0.00096343	0.04929264	0.46759527	0.04923778	0.46705449	0.64031958	0.64004784	0.34884495	0.34864446	0.64040545	0.63998999	0.34889648	0.34873435	59843	51570	0
59843	51657	0.00042409	0.04953290	0.46722235	0.04939538	0.46884039	0.63982680	0.63987438	0.34928663	0.34892975	0.63981521	0.63951808	0.34906994	0.34862161	59843	51656	0
59843	51661	-0.00004544	0.04932532	0.46696440	0.04926898	0.46837298	0.63970847	0.63976156	0.34930692	0.34876434	0.63979746	0.63973805	0.34927611	0.34868110	59843	51659	0
59843	51664	0.00055606	0.04934810	0.46997337	0.04911942	0.46816888	0.64006953	0.63972105	0.34881932	0.34867034	0.63966673	0.63967355	0.34943634	0.34866229	59843	51662	0
59843	51667	0.00081190	0.04934842	0.46708570	0.04930397	0.46631818	0.63977306	0.63969869	0.34909607	0.34861192	0.63965276	0.63957347	0.34913403	0.34845357	59843	51666	0
59843	51670	-0.00012072	0.04929184	0.46808198	0.04952061	0.47087983	0.63958464	0.63967232	0.34926699	0.34852457	0.63996140	0.63959943	0.34879261	0.34856968	59843	51669	0
59843	51756	0.00096739	0.04926462	0.47060299	0.04916195	0.46733867	0.63994077	0.63976583	0.34908218	0.34866853	0.63991628	0.63969187	0.34910166	0.34870280	59843	51754	0
59843	51759	-0.00054810	0.04937439	0.46565362	0.04932094	0.47020008	0.63982795	0.63968916	0.34950685	0.34864906	0.63996370	0.63972861	0.34911916	0.34869269	59843	51758	0
59843	51763	0.00092104	0.04913407	0.47090491	0.04940712	0.46649750	0.64024316	0.63971866	0.34897035	0.34870460	0.63979467	0.63962737	0.34910388	0.34867215	59843	51761	0
59843	51766	0.00105497	0.04929746	0.47149300	0.04943444	0.47109121	0.63970305	0.63959113	0.34933987	0.34864257	0.63980437	0.63958152	0.34912417	0.34857403	59843	51764	0
59843	51769	0.00089633	0.04939709	0.46840926	0.04938994	0.46888517	0.63981686	0.63963600	0.34901291	0.34855653	0.63986222	0.63963172	0.34939353	0.34862703	59843	51767	0
59843	51855	0.00051480	0.04944283	0.46705827	0.04952173	0.46820287	0.63965744	0.63942013	0.34838972	0.34830311	0.63961151	0.63941545	0.34868702	0.34839128	59843	51853	0
59843	51858	-0.00054899	0.04939918	0.46648599	0.04951085	0.46967734	0.63969311	0.63941027	0.34849515	0.34829276	0.63941405	0.63950789	0.34906854	0.34842087	59843	51856	0
59843	51861	0.00103260	0.04919965	0.46800090	0.04937155	0.46325614	0.63935785	0.63939030	0.34891891	0.34825496	0.63943312	0.63936245	0.34881562	0.34821305	59843	51859	0
59843	51864	0.00038451	0.04945702	0.46618212	0.04940470	0.46812639	0.63938455	0.63950296	0.34898662	0.34827214	0.63965071	0.63933837	0.34868883	0.34825578	59843	51863	0
59843	51868	0.00011240	0.04912498	0.46589493	0.04945346	0.46671127	0.63978382	0.63941044	0.34844396	0.34824658	0.63942589	0.63926532	0.34887265	0.34819728	59843	51866	0
59843	51953	0.00111546	0.05391517	0.46866580	0.05388957	0.46565661	0.63909482	0.63890886	0.34812661	0.34794435	0.63902431	0.63904083	0.34831240	0.34808594	59843	51951	0
59843	51956	0.00041511	0.05384380	0.46500349	0.05386367	0.46710454	0.63909325	0.63912908	0.34837789	0.34813811	0.63912423	0.63901568	0.34829728	0.34808240	59843	51955	0
59843	51960	0.00053124	0.05387974	0.46825417	0.05383319	0.46790580	0.63920945	0.63901232	0.34852292	0.34807788	0.63904486	0.63898454	0.34835012	0.34812834	59843	51958	0
