% File initiated 06/12/2022 13:15:12 UTC
% Raw fountain data
%
% File notes: maser 5 MHz RF amplitudes 280 800 1280 1740 2200 2660 1280 microwave leakage pio2 3pio2 5pio2 7pio2 9pio2 11pio2 no water cooling
%
%% fountain_code = ALPHA-CsF1
%% microwave_ref = ALPHA HM1
%% MJD_start = 59919.552225
%% clock_data = False
%% sequence = 12
%% density = LD
%
% Units: V.s, Hz
%
% Shot B MJD days	Shot B MJD seconds	freq error	shot A sum	shot A ratio	shot B sum	shot B ratio	shot A F=3 bg 1	shot A F=3 bg 2	shot A F=4 bg 1	shot A F=4 bg 2	shot B F=3 bg 1	shot B F=3 bg 2	shot B F=4 bg 1	shot B F=4 bg 2	Shot A MJD days	Shot A MJD seconds	Shot order (0=LF->HF)
59919	48302	0.00304850	0.00626864	0.53030763	0.00622181	0.52975890	0.58588365	0.58521124	0.31886195	0.31899047	0.58576204	0.58492808	0.31894946	0.31898258	59919	48301	0
59919	48306	0.00966694	0.00617993	0.53098944	0.00617667	0.52979812	0.58565513	0.58498987	0.31881199	0.31890928	0.58583328	0.58503917	0.31890082	0.31901043	59919	48304	0
59919	48309	-0.00220584	0.00619893	0.52931544	0.00620530	0.53145254	0.58584799	0.58523096	0.31895941	0.31902177	0.58589672	0.58508659	0.31887608	0.31897263	59919	48307	0
59919	48312	0.01101721	0.00625762	0.53070265	0.00629991	0.52832250	0.58574067	0.58504706	0.31889482	0.31895982	0.58581726	0.58504041	0.31889630	0.31898537	59919	48310	0
59919	48315	-0.00570345	0.00625460	0.52855740	0.00617523	0.53156712	0.58571799	0.58496522	0.31889227	0.31893648	0.58584372	0.58509489	0.31886926	0.31898282	59919	48314	0
59919	48319	0.01118229	0.00620312	0.53217971	0.00632073	0.52914028	0.58584750	0.58517977	0.31895661	0.31906705	0.58604380	0.58521971	0.31911372	0.31919869	59919	48317	0
59919	48322	-0.00272053	0.00615786	0.52859076	0.00623805	0.53109326	0.58584971	0.58515676	0.31903936	0.31913640	0.58590288	0.58503137	0.31907034	0.31914454	59919	48320	0
59919	48325	-0.00093915	0.00621539	0.53027194	0.00622283	0.52995129	0.58583287	0.58500598	0.31909145	0.31909072	0.58586105	0.58497697	0.31905982	0.31910740	59919	48323	0
59919	48328	0.00626594	0.00624307	0.53099269	0.00621257	0.52969577	0.58584372	0.58503293	0.31901643	0.31906483	0.58592761	0.58513301	0.31900616	0.31908932	59919	48327	0
59919	48332	-0.00168416	0.00633164	0.52920582	0.00625165	0.53063684	0.58584602	0.58503030	0.31897461	0.31898907	0.58582687	0.58515602	0.31900904	0.31913583	59919	48330	0
59919	48335	-0.00692235	0.00620471	0.53001201	0.00618126	0.53095488	0.58572457	0.58499883	0.31900016	0.31901857	0.58583690	0.58504805	0.31896253	0.31902539	59919	48333	0
59919	48338	-0.00355931	0.00617717	0.53105306	0.00618393	0.53044771	0.58594553	0.58519037	0.31909548	0.31918760	0.58590567	0.58516440	0.31911364	0.31915892	59919	48337	0
59919	48341	0.00683248	0.00624995	0.53160702	0.00620433	0.52973650	0.58584898	0.58501395	0.31909523	0.31915070	0.58581175	0.58500877	0.31905029	0.31916812	59919	48340	0
59919	48345	-0.00095409	0.00628108	0.52912013	0.00622666	0.53052171	0.58580452	0.58512825	0.31909556	0.31917880	0.58594487	0.58521157	0.31909532	0.31926821	59919	48343	0
59919	48348	0.00861349	0.00623493	0.53107798	0.00626307	0.52935582	0.58598489	0.58514345	0.31915670	0.31924668	0.58589737	0.58519867	0.31920419	0.31922457	59919	48346	0
59919	48351	-0.00370105	0.00617185	0.52961369	0.00620585	0.53183031	0.58596056	0.58532587	0.31912819	0.31931036	0.58595317	0.58524830	0.31916574	0.31925966	59919	48350	0
59919	48354	0.00366351	0.00628585	0.52960916	0.00626025	0.52828354	0.58598365	0.58517114	0.31924117	0.31927790	0.58586664	0.58515619	0.31927453	0.31932137	59919	48353	0
59919	48358	-0.00022320	0.00620106	0.52969630	0.00616408	0.53039590	0.58598900	0.58521568	0.31931685	0.31931340	0.58607306	0.58530023	0.31930477	0.31936320	59919	48356	0
59919	48361	0.01013643	0.00622021	0.53107226	0.00623303	0.52920752	0.58602655	0.58519620	0.31931463	0.31932038	0.58587700	0.58518832	0.31919861	0.31932375	59919	48359	0
59919	48364	0.00839337	0.00617008	0.52966319	0.00623730	0.52997694	0.58595646	0.58525060	0.31925670	0.31940839	0.58589031	0.58522381	0.31926303	0.31935868	59919	48363	0
59919	48368	-0.00530731	0.00612274	0.52955676	0.00620302	0.53202288	0.58597946	0.58525101	0.31928867	0.31941488	0.58607248	0.58528479	0.31935095	0.31946829	59919	48366	0
59919	48371	0.00137053	0.00614280	0.53117864	0.00627300	0.52997663	0.58617125	0.58545135	0.31934446	0.31948933	0.58607864	0.58527443	0.31932318	0.31937182	59919	48369	0
59919	48374	-0.00955745	0.00620932	0.52957445	0.00618436	0.53154149	0.58599943	0.58530525	0.31933978	0.31936205	0.58594553	0.58532349	0.31924240	0.31937454	59919	48372	0
59919	48377	0.00005763	0.00618952	0.53026729	0.00620209	0.52853657	0.58595227	0.58526794	0.31926779	0.31937988	0.58587157	0.58519160	0.31918883	0.31930535	59919	48376	0
59919	48381	0.00076865	0.00613626	0.52983473	0.00625088	0.52970674	0.58586344	0.58514855	0.31926245	0.31934750	0.58607018	0.58517131	0.31937273	0.31934914	59919	48379	0
59919	48384	-0.00338052	0.00625155	0.52925715	0.00631214	0.53000400	0.58593328	0.58522234	0.31926221	0.31937002	0.58597075	0.58523187	0.31928374	0.31943970	59919	48382	0
59919	48387	0.00310463	0.00631149	0.53104653	0.00626595	0.52987920	0.58614438	0.58537608	0.31937297	0.31942795	0.58600822	0.58537830	0.31934808	0.31940354	59919	48385	0
59919	48390	0.00099752	0.00616200	0.53045686	0.00630957	0.53083614	0.58608169	0.58541166	0.31935251	0.31938662	0.58618539	0.58533195	0.31936591	0.31945942	59919	48389	0
59919	48394	0.00021523	0.00626932	0.53075101	0.00619095	0.53089182	0.58610773	0.58520467	0.31936040	0.31944266	0.58600502	0.58532579	0.31932745	0.31949484	59919	48392	0
59919	48397	0.00302106	0.00628652	0.53083625	0.00618379	0.53033121	0.58600296	0.58537205	0.31934725	0.31943362	0.58604495	0.58529802	0.31931710	0.31938998	59919	48395	0
59919	49103	0.00282908	0.00634619	0.53106735	0.00634136	0.53110191	0.58686182	0.58614216	0.31948308	0.31955334	0.58697719	0.58622409	0.31955605	0.31960840	59919	49101	0
59919	49106	0.00354709	0.00633405	0.53059453	0.00629624	0.53046529	0.58692288	0.58612285	0.31945843	0.31954496	0.58701762	0.58618399	0.31944907	0.31964003	59919	49104	0
59919	49109	-0.00173091	0.00632184	0.52929269	0.00634751	0.53024273	0.58691918	0.58615482	0.31948218	0.31963592	0.58691417	0.58614783	0.31955556	0.31956000	59919	49108	0
59919	49113	0.00448826	0.00627863	0.53071456	0.00634903	0.52959511	0.58687998	0.58613674	0.31949631	0.31957216	0.58699732	0.58619369	0.31954389	0.31962713	59919	49111	0
59919	49116	-0.00197490	0.00626880	0.52982313	0.00633820	0.53098650	0.58705534	0.58628095	0.31958259	0.31963872	0.58705994	0.58615827	0.31952179	0.31953510	59919	49114	0
59919	49119	0.00001436	0.00628538	0.53026977	0.00621046	0.52991171	0.58691162	0.58621505	0.31952450	0.31953354	0.58692575	0.58618432	0.31944348	0.31954751	59919	49117	0
59919	49122	-0.01442423	0.00634313	0.52855545	0.00625086	0.53115440	0.58688951	0.58613625	0.31944611	0.31957306	0.58681408	0.58611883	0.31937618	0.31944414	59919	49121	0
59919	49126	0.00999806	0.00630675	0.53197801	0.00629763	0.52758199	0.58688393	0.58610461	0.31938095	0.31945219	0.58684317	0.58611184	0.31941759	0.31959919	59919	49124	0
59919	49129	0.00398399	0.00626234	0.53002976	0.00630581	0.53111230	0.58690496	0.58616534	0.31943132	0.31949607	0.58688639	0.58604972	0.31940445	0.31948867	59919	49127	0
59919	49132	-0.00385586	0.00622926	0.52964572	0.00629499	0.53105689	0.58685245	0.58616608	0.31943814	0.31952318	0.58683791	0.58612532	0.31936155	0.31955186	59919	49131	0
59919	49135	-0.00457606	0.00628586	0.52984078	0.00624929	0.52997041	0.58696306	0.58616304	0.31956008	0.31962984	0.58687620	0.58609302	0.31947544	0.31948810	59919	49134	0
59919	49139	-0.00446782	0.00623597	0.53033095	0.00628140	0.53031147	0.58696873	0.58616098	0.31945663	0.31955408	0.58696010	0.58604750	0.31948908	0.31944800	59919	49137	0
59919	49142	0.00772411	0.00623934	0.53106075	0.00620345	0.52886620	0.58693052	0.58626427	0.31948423	0.31952672	0.58683076	0.58618958	0.31939713	0.31953074	59919	49140	0
59919	49145	-0.00472970	0.00633906	0.52950710	0.00620755	0.53174879	0.58688393	0.58616969	0.31941258	0.31949237	0.58696856	0.58616986	0.31942425	0.31949007	59919	49144	0
59919	49148	0.01292303	0.00617904	0.53180460	0.00634035	0.52862711	0.58698146	0.58623789	0.31946123	0.31952828	0.58704786	0.58616681	0.31944085	0.31947314	59919	49147	0
59919	49152	-0.00330341	0.00625303	0.52881212	0.00633206	0.53173288	0.58694728	0.58617700	0.31944290	0.31941965	0.58690710	0.58622154	0.31943189	0.31948892	59919	49150	0
59919	49155	0.00382277	0.00625470	0.53064919	0.00634105	0.52936648	0.58690652	0.58614635	0.31938908	0.31943534	0.58681474	0.58621809	0.31936550	0.31951916	59919	49153	0
59919	49158	-0.00551463	0.00631434	0.52889311	0.00624028	0.53057385	0.58687209	0.58614898	0.31937371	0.31942343	0.58686577	0.58604939	0.31924314	0.31940757	59919	49157	0
59919	49162	0.00548760	0.00620860	0.53131621	0.00630852	0.52933581	0.58690644	0.58613847	0.31928094	0.31937593	0.58691228	0.58616632	0.31934035	0.31942704	59919	49160	0
59919	49165	-0.00530051	0.00637362	0.52882935	0.00635691	0.53077121	0.58688894	0.58598513	0.31933567	0.31942096	0.58700414	0.58612696	0.31941332	0.31943370	59919	49163	0
59919	49168	0.00663921	0.00629255	0.53015563	0.00624513	0.52800648	0.58691507	0.58617692	0.31937092	0.31948612	0.58688968	0.58610658	0.31934627	0.31941340	59919	49166	0
59919	49171	-0.00441657	0.00624779	0.52891362	0.00631950	0.53090366	0.58689017	0.58613748	0.31937108	0.31945457	0.58696355	0.58607848	0.31939031	0.31947495	59919	49170	0
59919	49175	0.00217217	0.00629514	0.53096216	0.00626080	0.52977619	0.58694038	0.58607437	0.31934068	0.31940075	0.58687579	0.58608768	0.31936336	0.31937380	59919	49173	0
59919	49178	-0.01184930	0.00626678	0.52860469	0.00635061	0.53112855	0.58687628	0.58613008	0.31937199	0.31941275	0.58699141	0.58621234	0.31935145	0.31942622	59919	49176	0
59919	49181	-0.00288457	0.00621650	0.53090231	0.00633623	0.52928866	0.58687456	0.58615506	0.31941044	0.31943510	0.58692025	0.58617553	0.31933074	0.31943173	59919	49179	0
59919	49184	-0.00493865	0.00629659	0.52959363	0.00623771	0.52996336	0.58688401	0.58614110	0.31937462	0.31938242	0.58698763	0.58610971	0.31936402	0.31948917	59919	49183	0
59919	49188	0.00206580	0.00621523	0.53102391	0.00624688	0.52976311	0.58689346	0.58622179	0.31933123	0.31937832	0.58684317	0.58622425	0.31929401	0.31939023	59919	49186	0
59919	49191	0.00232034	0.00631903	0.52917386	0.00626899	0.52912805	0.58691080	0.58618802	0.31935769	0.31942384	0.58699289	0.58612721	0.31935638	0.31941127	59919	49189	0
59919	49194	-0.01008033	0.00628411	0.52906162	0.00621100	0.53129374	0.58700045	0.58622811	0.31934298	0.31943756	0.58703767	0.58624143	0.31933411	0.31939500	59919	49193	0
59919	49197	0.00238872	0.00633384	0.53139571	0.00632201	0.52915128	0.58701244	0.58618284	0.31936977	0.31941932	0.58697637	0.58623962	0.31922581	0.31944709	59919	49196	0
59919	49903	-0.00472059	0.00621916	0.52932763	0.00630353	0.53060731	0.58680627	0.58609516	0.31867789	0.31883187	0.58682641	0.58606147	0.31870780	0.31870632	59919	49902	0
59919	49907	-0.00033035	0.00633985	0.53100021	0.00629440	0.53020997	0.58685796	0.58601135	0.31872374	0.31875693	0.58681252	0.58593723	0.31865126	0.31870714	59919	49905	0
59919	49910	0.00572369	0.00633831	0.53069320	0.00629084	0.52960348	0.58684555	0.58605301	0.31857616	0.31873352	0.58668367	0.58598407	0.31856326	0.31872530	59919	49908	0
59919	49913	-0.00539977	0.00623366	0.52911571	0.00626823	0.53111793	0.58668556	0.58590871	0.31857468	0.31868890	0.58679674	0.58608300	0.31862521	0.31877559	59919	49911	0
59919	49916	-0.00464431	0.00626480	0.52982410	0.00619562	0.52968812	0.58668351	0.58583501	0.31859037	0.31864009	0.58654554	0.58583238	0.31849431	0.31865299	59919	49915	0
59919	49920	0.00684810	0.00633000	0.53127379	0.00630669	0.52920516	0.58653190	0.58582893	0.31854962	0.31860475	0.58657167	0.58578776	0.31843836	0.31853162	59919	49918	0
59919	49923	-0.00128514	0.00624543	0.52912162	0.00632998	0.53058560	0.58657011	0.58590477	0.31851855	0.31869095	0.58649205	0.58581783	0.31856432	0.31863984	59919	49921	0
59919	49926	0.00627298	0.00621729	0.53087330	0.00622240	0.52951283	0.58661375	0.58588957	0.31851379	0.31864346	0.58662418	0.58575826	0.31849563	0.31865011	59919	49924	0
59919	49929	0.00194456	0.00626123	0.53051459	0.00624924	0.53129371	0.58667176	0.58584232	0.31853556	0.31864822	0.58661309	0.58585276	0.31856827	0.31863425	59919	49928	0
59919	49933	0.00072620	0.00626346	0.52906220	0.00622705	0.52928150	0.58648958	0.58577921	0.31852324	0.31865710	0.58659304	0.58585349	0.31854592	0.31874847	59919	49931	0
59919	49936	-0.00138085	0.00629513	0.52953811	0.00624631	0.52991738	0.58668392	0.58587231	0.31865093	0.31876918	0.58664152	0.58595859	0.31859185	0.31878068	59919	49934	0
59919	49939	-0.00052410	0.00629412	0.52941649	0.00623681	0.52926227	0.58658359	0.58582079	0.31861050	0.31873639	0.58662993	0.58585160	0.31864518	0.31871618	59919	49938	0
59919	49942	0.00486108	0.00621824	0.53032518	0.00633550	0.52935585	0.58667365	0.58580764	0.31854838	0.31867649	0.58660290	0.58591249	0.31868553	0.31881676	59919	49941	0
59919	49946	-0.00388331	0.00626518	0.52961926	0.00633433	0.53119325	0.58670791	0.58594503	0.31870443	0.31884749	0.58665097	0.58601274	0.31867378	0.31876959	59919	49944	0
59919	49949	0.00886871	0.00631116	0.53137600	0.00635308	0.52908064	0.58689896	0.58613584	0.31882744	0.31889178	0.58670044	0.58596056	0.31865742	0.31878758	59919	49947	0
59919	49952	0.00186288	0.00637738	0.53049590	0.00634201	0.53175695	0.58673782	0.58602474	0.31870550	0.31872201	0.58683405	0.58600740	0.31869498	0.31878915	59919	49951	0
59919	49955	-0.00796679	0.00630296	0.52827775	0.00627289	0.53004710	0.58670019	0.58582827	0.31873015	0.31875537	0.58664785	0.58597560	0.31874658	0.31888496	59919	49954	0
59919	49959	0.00695680	0.00628888	0.53182740	0.00632251	0.52914115	0.58698878	0.58609672	0.31886713	0.31890788	0.58666576	0.58593427	0.31872267	0.31880895	59919	49957	0
59919	49962	0.00095207	0.00633821	0.52929196	0.00631178	0.53037282	0.58683536	0.58604241	0.31882588	0.31884971	0.58688327	0.58601529	0.31877715	0.31889909	59919	49960	0
59919	49965	-0.00236849	0.00624486	0.53032646	0.00635964	0.53092416	0.58699404	0.58620157	0.31892161	0.31899868	0.58709363	0.58629163	0.31900296	0.31912687	59919	49964	0
59919	49969	0.00539986	0.00633489	0.53012194	0.00631269	0.52872364	0.58682353	0.58608136	0.31889983	0.31893484	0.58675229	0.58604011	0.31882588	0.31893459	59919	49967	0
59919	49972	-0.00835984	0.00630412	0.52820972	0.00630157	0.53068647	0.58678023	0.58606640	0.31882892	0.31893927	0.58676601	0.58606139	0.31879777	0.31885242	59919	49970	0
59919	49975	0.00004095	0.00629703	0.53145085	0.00634209	0.52993871	0.58672895	0.58602630	0.31872883	0.31884132	0.58678573	0.58619212	0.31886869	0.31891224	59919	49973	0
59919	49978	-0.00920297	0.00624974	0.52917571	0.00629596	0.53083962	0.58673709	0.58603698	0.31881067	0.31891865	0.58680562	0.58606385	0.31884026	0.31884248	59919	49977	0
59919	49982	0.00806143	0.00626059	0.53122359	0.00624921	0.52811600	0.58703981	0.58614183	0.31898036	0.31905489	0.58674465	0.58606476	0.31882670	0.31889991	59919	49980	0
59919	49985	0.00222264	0.00627511	0.52937413	0.00626744	0.53042512	0.58677661	0.58618259	0.31886483	0.31898118	0.58690734	0.58617963	0.31894182	0.31896516	59919	49983	0
59919	49988	-0.00736061	0.00638673	0.52845111	0.00623970	0.53017609	0.58681498	0.58593131	0.31885102	0.31897255	0.58696141	0.58609229	0.31897411	0.31900633	59919	49986	0
59919	49991	-0.00525374	0.00624900	0.53042678	0.00625513	0.53004754	0.58681014	0.58602285	0.31890501	0.31894987	0.58653618	0.58590329	0.31875126	0.31888192	59919	49990	0
59919	49995	0.00193771	0.00620699	0.53064833	0.00634254	0.52935387	0.58659296	0.58586385	0.31873557	0.31882604	0.58669049	0.58596344	0.31881454	0.31890435	59919	49993	0
59919	49998	-0.00250004	0.00637715	0.52869512	0.00637032	0.52949392	0.58671375	0.58597158	0.31881462	0.31895283	0.58676461	0.58603592	0.31882785	0.31892629	59919	49996	0
59919	50704	0.00360477	0.00626907	0.53113759	0.00636589	0.53003873	0.58721122	0.58658162	0.31877197	0.31896466	0.58730415	0.58640215	0.31877838	0.31879161	59919	50702	0
59919	50707	0.00573510	0.00634734	0.53127821	0.00628771	0.53089475	0.58716314	0.58645483	0.31868462	0.31880377	0.58716635	0.58649936	0.31871297	0.31885743	59919	50705	0
59919	50710	0.01273235	0.00631832	0.53093570	0.00629381	0.52967619	0.58733291	0.58652566	0.31877246	0.31886203	0.58731418	0.58656921	0.31878635	0.31891807	59919	50709	0
59919	50714	-0.00335226	0.00634928	0.52866938	0.00629558	0.53156461	0.58736693	0.58654530	0.31886861	0.31892925	0.58738065	0.58678672	0.31889958	0.31896080	59919	50712	0
59919	50717	-0.00301652	0.00632569	0.53104830	0.00635160	0.53098787	0.58749150	0.58670578	0.31889967	0.31891610	0.58757721	0.58683372	0.31892752	0.31899219	59919	50715	0
59919	50720	0.00217896	0.00636937	0.53102630	0.00632750	0.53009111	0.58743883	0.58678935	0.31884732	0.31896606	0.58752766	0.58678146	0.31891002	0.31901610	59919	50718	0
59919	50723	-0.00348503	0.00631055	0.53051078	0.00636294	0.53153030	0.58765067	0.58683454	0.31901093	0.31900238	0.58758132	0.58687604	0.31895390	0.31900854	59919	50722	0
59919	50727	-0.00383532	0.00631257	0.53072854	0.00629105	0.53079159	0.58754196	0.58682501	0.31895973	0.31901898	0.58760613	0.58685377	0.31891018	0.31904774	59919	50725	0
59919	50730	0.00818314	0.00632367	0.53114633	0.00634346	0.52898300	0.58755625	0.58695624	0.31891520	0.31900920	0.58770326	0.58692082	0.31908759	0.31915202	59919	50728	0
59919	50733	0.00083604	0.00629129	0.52944851	0.00638654	0.53077099	0.58759520	0.58692575	0.31898693	0.31909450	0.58760120	0.58693857	0.31897411	0.31910666	59919	50731	0
59919	50736	0.00071825	0.00635142	0.53033799	0.00632376	0.53035919	0.58766957	0.58687678	0.31897263	0.31907806	0.58766045	0.58692370	0.31896105	0.31917806	59919	50735	0
59919	50740	0.00424300	0.00636052	0.53030982	0.00636337	0.52967537	0.58767039	0.58681728	0.31897058	0.31908726	0.58761008	0.58687226	0.31907445	0.31917297	59919	50738	0
59919	50743	0.00182314	0.00637848	0.52963831	0.00629708	0.53007388	0.58747499	0.58681876	0.31895160	0.31903566	0.58753292	0.58691581	0.31901167	0.31910008	59919	50741	0
59919	50746	0.00197669	0.00634036	0.53006043	0.00639123	0.53003279	0.58773235	0.58696799	0.31906261	0.31916812	0.58775642	0.58693019	0.31911948	0.31922720	59919	50745	0
59919	50749	-0.00961281	0.00635877	0.53008352	0.00631450	0.53216963	0.58763958	0.58690348	0.31903278	0.31910477	0.58766028	0.58689329	0.31905563	0.31907461	59919	50748	0
59919	50753	-0.00692110	0.00631366	0.53089401	0.00630098	0.53040951	0.58746019	0.58671539	0.31898373	0.31914799	0.58767277	0.58702280	0.31903952	0.31922276	59919	50751	0
59919	50756	-0.00363712	0.00636454	0.53013911	0.00636088	0.52954799	0.58772544	0.58698672	0.31906376	0.31912030	0.58761090	0.58698048	0.31902983	0.31916064	59919	50754	0
59919	50759	0.00819365	0.00632148	0.53196612	0.00628922	0.52983658	0.58760128	0.58695911	0.31906237	0.31917231	0.58756652	0.58688631	0.31895957	0.31911035	59919	50758	0
59919	50763	-0.00187071	0.00633412	0.52937186	0.00628109	0.53118345	0.58777762	0.58690472	0.31910493	0.31911734	0.58767894	0.58694580	0.31906820	0.31915103	59919	50761	0
59919	50766	0.00311094	0.00632678	0.53115204	0.00636676	0.53025534	0.58769028	0.58700217	0.31902983	0.31912638	0.58783030	0.58706840	0.31915900	0.31926352	59919	50764	0
59919	50769	0.00034975	0.00636838	0.52959887	0.00634643	0.53009588	0.58794714	0.58712970	0.31918776	0.31926328	0.58792800	0.58713537	0.31919828	0.31924240	59919	50767	0
59919	50772	0.00575144	0.00633581	0.53063372	0.00628309	0.52966141	0.58777072	0.58708319	0.31918069	0.31927544	0.58773399	0.58695854	0.31916270	0.31922326	59919	50771	0
59919	50776	0.00727070	0.00629636	0.52953704	0.00629168	0.52926357	0.58770030	0.58698664	0.31907806	0.31921134	0.58769701	0.58694334	0.31912186	0.31919154	59919	50774	0
59919	50779	-0.00146278	0.00635021	0.52882306	0.00631883	0.53039509	0.58774673	0.58693882	0.31911381	0.31926270	0.58768477	0.58692411	0.31909926	0.31924183	59919	50777	0
59919	50782	0.00960808	0.00633887	0.53113591	0.00638056	0.52914316	0.58792792	0.58710735	0.31929409	0.31940987	0.58791247	0.58717572	0.31932252	0.31943222	59919	50780	0
59919	50785	0.00217967	0.00630191	0.53077973	0.00628675	0.53211684	0.58800836	0.58723135	0.31928793	0.31935753	0.58807895	0.58718459	0.31922581	0.31932573	59919	50784	0
59919	50789	-0.00053624	0.00631902	0.52977051	0.00629248	0.53025937	0.58792110	0.58694334	0.31917116	0.31921414	0.58781263	0.58717794	0.31913747	0.31934487	59919	50787	0
59919	50792	-0.00608700	0.00634131	0.52937849	0.00633118	0.53037763	0.58785848	0.58710423	0.31918760	0.31931808	0.58780992	0.58714918	0.31916894	0.31929861	59919	50790	0
59919	50795	-0.00267490	0.00631516	0.53039275	0.00624910	0.52977858	0.58782841	0.58716955	0.31924569	0.31931266	0.58785158	0.58721845	0.31916475	0.31930420	59919	50794	0
59919	50798	0.00717813	0.00633915	0.53067904	0.00635564	0.52890549	0.58787401	0.58707078	0.31927125	0.31920272	0.58796358	0.58717679	0.31925374	0.31933961	59919	50797	0
59919	51504	0.00466808	0.00635000	0.52923059	0.00636021	0.52968240	0.58856343	0.58785396	0.31953222	0.31970158	0.58857099	0.58777647	0.31957717	0.31965984	59919	51503	0
59919	51508	0.00622490	0.00636845	0.53007879	0.00629758	0.52979856	0.58851856	0.58772733	0.31956304	0.31959048	0.58863328	0.58779077	0.31958128	0.31970150	59919	51506	0
59919	51511	-0.00398489	0.00631835	0.52988683	0.00631646	0.53172459	0.58848504	0.58782380	0.31952392	0.31961283	0.58854412	0.58771591	0.31957816	0.31964200	59919	51509	0
59919	51514	0.00146037	0.00638164	0.53095763	0.00634617	0.52997749	0.58858972	0.58786744	0.31965671	0.31963116	0.58872260	0.58797237	0.31964398	0.31976050	59919	51512	0
59919	51517	0.00622560	0.00632041	0.53104719	0.00640058	0.53018945	0.58872021	0.58788617	0.31970330	0.31977504	0.58851643	0.58775560	0.31953206	0.31964956	59919	51516	0
59919	51521	0.00648798	0.00637526	0.52992963	0.00629608	0.52988240	0.58855299	0.58764492	0.31955482	0.31962319	0.58846491	0.58772824	0.31959829	0.31975162	59919	51519	0
59919	51524	-0.00492642	0.00634375	0.52993893	0.00635346	0.53199353	0.58848233	0.58776045	0.31955367	0.31969665	0.58842933	0.58780564	0.31953477	0.31964020	59919	51522	0
59919	51527	-0.00108764	0.00637687	0.53113207	0.00643205	0.53044109	0.58869737	0.58794451	0.31967356	0.31978622	0.58862654	0.58784961	0.31959213	0.31972648	59919	51525	0
59919	51530	-0.00959079	0.00634501	0.53058127	0.00638313	0.53211184	0.58875177	0.58791173	0.31960289	0.31971752	0.58865078	0.58794525	0.31966682	0.31973897	59919	51529	0
59919	51534	0.00711782	0.00633752	0.53183131	0.00639886	0.52882376	0.58868455	0.58781041	0.31957331	0.31967265	0.58858677	0.58777434	0.31958021	0.31965211	59919	51532	0
59919	51537	-0.00747725	0.00636429	0.52899091	0.00638671	0.53161802	0.58857526	0.58780794	0.31958744	0.31970955	0.58866138	0.58795898	0.31967422	0.31975721	59919	51535	0
59919	51540	-0.00409377	0.00637295	0.53124095	0.00635464	0.53063192	0.58875177	0.58797541	0.31970158	0.31979895	0.58884314	0.58796999	0.31972376	0.31974644	59919	51539	0
59919	51543	0.00450697	0.00633577	0.53033900	0.00635469	0.52879086	0.58870961	0.58804394	0.31974776	0.31973888	0.58866960	0.58802973	0.31965614	0.31979780	59919	51542	0
59919	51547	0.00133947	0.00637248	0.52965694	0.00631470	0.53022709	0.58875842	0.58786415	0.31962951	0.31974447	0.58863952	0.58792479	0.31969952	0.31973741	59919	51545	0
59919	51550	-0.00039818	0.00635694	0.53041274	0.00635550	0.53072551	0.58867190	0.58802077	0.31967783	0.31974094	0.58882983	0.58805191	0.31976074	0.31981021	59919	51548	0
59919	51553	-0.00831282	0.00640341	0.52973852	0.00630939	0.53116315	0.58861355	0.58783416	0.31955301	0.31967011	0.58873698	0.58786637	0.31956197	0.31967052	59919	51552	0
59919	51556	0.01094769	0.00636273	0.53251571	0.00639845	0.52904882	0.58873402	0.58795815	0.31958136	0.31968786	0.58868825	0.58788773	0.31961004	0.31972352	59919	51555	0
59919	51560	-0.00036145	0.00630307	0.52951577	0.00629237	0.53155142	0.58869269	0.58801173	0.31965704	0.31971374	0.58871241	0.58789948	0.31960963	0.31965712	59919	51558	0
59919	51563	0.00713695	0.00632425	0.53111302	0.00639338	0.52976331	0.58877289	0.58795889	0.31965154	0.31978235	0.58884273	0.58794657	0.31967150	0.31976912	59919	51561	0
59919	51566	0.00030709	0.00630984	0.53023394	0.00628978	0.53146331	0.58894528	0.58828873	0.31970059	0.31996584	0.58881372	0.58807246	0.31970634	0.31975146	59919	51565	0
59919	51570	0.00185268	0.00633894	0.53094840	0.00631054	0.53067020	0.58889639	0.58822176	0.31968358	0.31983971	0.58887708	0.58818133	0.31974003	0.31979739	59919	51568	0
59919	51573	0.00178419	0.00640103	0.52949156	0.00635658	0.52950389	0.58869827	0.58802332	0.31961448	0.31974250	0.58881356	0.58809686	0.31973149	0.31983922	59919	51571	0
59919	51576	-0.00212799	0.00629842	0.53080674	0.00640122	0.53151093	0.58875103	0.58803597	0.31964439	0.31976214	0.58877042	0.58806284	0.31973453	0.31978622	59919	51574	0
59919	51579	-0.00019925	0.00641014	0.53063360	0.00638763	0.53028643	0.58891603	0.58801370	0.31967997	0.31985499	0.58881668	0.58806769	0.31971448	0.31979073	59919	51578	0
59919	51583	0.00373406	0.00640265	0.53080293	0.00637192	0.53009494	0.58882022	0.58810089	0.31973453	0.31987800	0.58881915	0.58798774	0.31972081	0.31977833	59919	51581	0
59919	51586	0.00547759	0.00631600	0.52994844	0.00628656	0.52963461	0.58881487	0.58802833	0.31967783	0.31978276	0.58874889	0.58799850	0.31966756	0.31980840	59919	51584	0
59919	51589	-0.00105897	0.00642869	0.52902902	0.00633633	0.53020560	0.58884248	0.58810187	0.31975384	0.31983018	0.58892679	0.58808930	0.31978334	0.31980331	59919	51587	0
59919	51592	-0.00507548	0.00630151	0.53042964	0.00640922	0.53115261	0.58887552	0.58817739	0.31979221	0.31983412	0.58881915	0.58802003	0.31979690	0.31981407	59919	51591	0
59919	51596	-0.00115008	0.00642068	0.53090222	0.00638620	0.53019565	0.58885711	0.58809135	0.31974899	0.31981876	0.58885958	0.58803942	0.31967150	0.31984875	59919	51594	0
59919	51599	0.00018480	0.00639060	0.53041406	0.00637052	0.53017378	0.58888341	0.58805430	0.31979353	0.31987291	0.58886944	0.58806227	0.31973346	0.31974390	59919	51597	0
59919	52305	-0.00026919	0.00634901	0.52993378	0.00635111	0.53001550	0.58924726	0.58857773	0.32004999	0.32015402	0.58937126	0.58859194	0.32011203	0.32024490	59919	52303	0
59919	52308	0.00055217	0.00645744	0.52948691	0.00642606	0.52933907	0.58938194	0.58853130	0.32009173	0.32015796	0.58934053	0.58853475	0.32012912	0.32017784	59919	52306	0
59919	52311	0.00201687	0.00633211	0.53086811	0.00634353	0.53060446	0.58939164	0.58868389	0.32009000	0.32023643	0.58941892	0.58865234	0.32008762	0.32023684	59919	52310	0
59919	52315	-0.00301997	0.00639412	0.53018013	0.00630924	0.53108676	0.58931916	0.58859967	0.32006330	0.32023323	0.58951876	0.58867017	0.32018417	0.32019748	59919	52313	0
59919	52318	-0.00106770	0.00643607	0.52940274	0.00641905	0.52905134	0.58944973	0.58868176	0.32015886	0.32023405	0.58952977	0.58871857	0.32022633	0.32027210	59919	52316	0
59919	52321	0.00178862	0.00635883	0.53062464	0.00638325	0.53011050	0.58955409	0.58874043	0.32016182	0.32027177	0.58964834	0.58867658	0.32030562	0.32023421	59919	52319	0
59919	52324	0.00367108	0.00642224	0.52983944	0.00641823	0.52950059	0.58942746	0.58875201	0.32018245	0.32025426	0.58950972	0.58872621	0.32025829	0.32033208	59919	52323	0
59919	52328	0.01350105	0.00632080	0.53054448	0.00635183	0.52877509	0.58948794	0.58877864	0.32014662	0.32030529	0.58945598	0.58869260	0.32022731	0.32038697	59919	52326	0
59919	52331	-0.00770269	0.00639391	0.52764372	0.00639322	0.53146039	0.58938966	0.58870830	0.32010397	0.32026495	0.58957866	0.58878069	0.32029379	0.32032764	59919	52329	0
59919	52334	0.00789298	0.00636606	0.53116791	0.00630087	0.52836069	0.58959600	0.58887667	0.32028837	0.32029798	0.58967053	0.58875949	0.32034999	0.32042970	59919	52332	0
59919	52337	0.00372622	0.00637779	0.52928592	0.00638350	0.53003594	0.58954448	0.58872983	0.32027095	0.32033800	0.58965639	0.58882137	0.32031745	0.32038442	59919	52336	0
59919	52341	-0.00281740	0.00638577	0.52943616	0.00638031	0.53061401	0.58952837	0.58882802	0.32026519	0.32030973	0.58959846	0.58889327	0.32027793	0.32032165	59919	52339	0
59919	52344	0.00971844	0.00633478	0.53143931	0.00637300	0.52918286	0.58971235	0.58878669	0.32034227	0.32033438	0.58935302	0.58856655	0.32014029	0.32022698	59919	52342	0
59919	52347	0.00102794	0.00631073	0.52900051	0.00632112	0.53056480	0.58927988	0.58850484	0.32008491	0.32018491	0.58938399	0.58865152	0.32014111	0.32026708	59919	52346	0
59919	52350	0.00056394	0.00631890	0.53020075	0.00638059	0.53028427	0.58954144	0.58881381	0.32018721	0.32032033	0.58971383	0.58874421	0.32034474	0.32025665	59919	52349	0
59919	52354	0.00919417	0.00632161	0.53053097	0.00640427	0.52897753	0.58939098	0.58875456	0.32016511	0.32024317	0.58946140	0.58868192	0.32018754	0.32023914	59919	52352	0
59919	52357	-0.00441751	0.00631330	0.52945313	0.00640678	0.53190323	0.58953100	0.58877798	0.32009954	0.32022526	0.58950183	0.58871923	0.32016207	0.32018853	59919	52355	0
59919	52360	0.00553988	0.00643727	0.53021781	0.00637722	0.52842548	0.58948868	0.58862654	0.32003281	0.32016708	0.58940404	0.58861832	0.32005574	0.32011359	59919	52359	0
59919	52364	0.00038335	0.00633139	0.53092742	0.00633506	0.53185560	0.58957250	0.58867880	0.32008894	0.32013290	0.58956592	0.58868463	0.32008409	0.32018146	59919	52362	0
59919	52367	-0.00268478	0.00639006	0.52981993	0.00637046	0.53037219	0.58944965	0.58864420	0.32008072	0.32012361	0.58950906	0.58875086	0.32009806	0.32016618	59919	52365	0
59919	52370	-0.00091321	0.00636014	0.53016822	0.00634104	0.52984933	0.58937044	0.58869384	0.32004727	0.32014029	0.58943930	0.58873936	0.32007768	0.32016314	59919	52368	0
59919	52373	-0.00479843	0.00630112	0.53008616	0.00637536	0.53078550	0.58935055	0.58869252	0.32001284	0.32017398	0.58934233	0.58858759	0.32001449	0.32008442	59919	52372	0
59919	52377	-0.00709599	0.00639552	0.52929727	0.00635937	0.52971083	0.58927084	0.58848077	0.32002607	0.32001950	0.58928555	0.58847542	0.31993511	0.32000816	59919	52375	0
59919	52380	-0.01341781	0.00641493	0.52982784	0.00629860	0.53096576	0.58920223	0.58846417	0.31988885	0.31996666	0.58935622	0.58852662	0.32000644	0.31996519	59919	52378	0
59919	52383	-0.00933871	0.00638621	0.53020231	0.00633815	0.52946807	0.58913329	0.58841955	0.31982516	0.31989509	0.58908810	0.58843007	0.31984982	0.31994678	59919	52381	0
59919	52386	0.00477045	0.00637829	0.53122150	0.00634916	0.52868185	0.58924989	0.58832431	0.31984061	0.31997850	0.58910815	0.58836408	0.31984719	0.31996445	59919	52385	0
59919	52390	-0.00095861	0.00632681	0.52973489	0.00635651	0.53076613	0.58911866	0.58835578	0.31983889	0.31989057	0.58909919	0.58828388	0.31974455	0.31984735	59919	52388	0
59919	52393	0.00654346	0.00632632	0.53114700	0.00632270	0.52979663	0.58906517	0.58838767	0.31977364	0.31985803	0.58915778	0.58830788	0.31985417	0.31985343	59919	52391	0
59919	52396	0.00746438	0.00636600	0.53100322	0.00639095	0.53083746	0.58911373	0.58826129	0.31970273	0.31980700	0.58907355	0.58831051	0.31969303	0.31983996	59919	52395	0
59919	52399	-0.01504799	0.00630796	0.52856723	0.00633896	0.53261946	0.58909344	0.58821535	0.31971703	0.31987061	0.58929788	0.58854338	0.31977307	0.31994094	59919	52398	0
59919	53105	-0.00320478	0.00627612	0.53061897	0.00629136	0.52848719	0.58902548	0.58821387	0.31965688	0.31978178	0.58903896	0.58837394	0.31965942	0.31981202	59919	53104	0
59919	53108	-0.00224789	0.00637649	0.53032389	0.00628984	0.53015165	0.58908736	0.58816934	0.31972007	0.31968112	0.58911710	0.58831223	0.31980544	0.31979394	59919	53107	0
59919	53112	-0.00358284	0.00634821	0.52970536	0.00640955	0.52994565	0.58906394	0.58826433	0.31975376	0.31977948	0.58914890	0.58830451	0.31976452	0.31980947	59919	53110	0
59919	53115	-0.00655876	0.00635400	0.52903553	0.00639413	0.52957120	0.58902400	0.58819990	0.31963979	0.31971867	0.58905473	0.58827640	0.31966953	0.31969402	59919	53113	0
59919	53118	0.00043228	0.00634411	0.53025095	0.00637606	0.52899256	0.58895613	0.58822505	0.31969878	0.31975154	0.58902729	0.58821404	0.31971612	0.31975220	59919	53117	0
59919	53122	-0.00554515	0.00632880	0.52980087	0.00633027	0.53087681	0.58903148	0.58817772	0.31971012	0.31979501	0.58911234	0.58834814	0.31968662	0.31991720	59919	53120	0
59919	53125	-0.00781186	0.00633492	0.52996485	0.00638374	0.53037286	0.58901250	0.58819711	0.31972754	0.31981785	0.58928079	0.58843385	0.31988581	0.31992057	59919	53123	0
59919	53128	-0.00787791	0.00636252	0.52986557	0.00639772	0.52987746	0.58898086	0.58814058	0.31968243	0.31977299	0.58908029	0.58818700	0.31969254	0.31972853	59919	53126	0
59919	53131	-0.00744325	0.00637376	0.52996712	0.00631467	0.52988888	0.58894898	0.58818782	0.31968432	0.31982073	0.58902762	0.58825668	0.31962294	0.31978794	59919	53130	0
59919	53135	-0.00273097	0.00638777	0.52947045	0.00631226	0.52862224	0.58914800	0.58820360	0.31970536	0.31972376	0.58900231	0.58834724	0.31970856	0.31979928	59919	53133	0
59919	53138	0.00021621	0.00641828	0.52924122	0.00630791	0.52871073	0.58915244	0.58839333	0.31977570	0.31985581	0.58911694	0.58834568	0.31974825	0.31988351	59919	53136	0
59919	53141	0.00199932	0.00636810	0.53015321	0.00634065	0.52983225	0.58912113	0.58835973	0.31971473	0.31981440	0.58919500	0.58835685	0.31981062	0.31983166	59919	53140	0
59919	53144	0.00331702	0.00634539	0.52967764	0.00635381	0.52944045	0.58912499	0.58835652	0.31981522	0.31992985	0.58908883	0.58829005	0.31982122	0.31986904	59919	53143	0
59919	53148	0.00525443	0.00630091	0.52964533	0.00634978	0.52929660	0.58915244	0.58844979	0.31984291	0.31991884	0.58920535	0.58833820	0.31980725	0.31995105	59919	53146	0
59919	53151	-0.00872485	0.00638162	0.52803714	0.00628388	0.53055342	0.58906690	0.58830763	0.31981958	0.31987439	0.58911217	0.58829013	0.31976419	0.31984752	59919	53149	0
59919	53154	-0.00307441	0.00632187	0.52979686	0.00635496	0.52877978	0.58919845	0.58841675	0.31979468	0.31988827	0.58919927	0.58831593	0.31982533	0.31988277	59919	53153	0
59919	53157	-0.00083999	0.00629885	0.52941163	0.00634550	0.52900944	0.58905564	0.58833754	0.31976921	0.31989016	0.58925712	0.58839243	0.31982738	0.31995352	59919	53156	0
59919	53161	0.00055040	0.00636527	0.52959835	0.00635818	0.52934808	0.58907971	0.58830171	0.31979435	0.31991687	0.58917906	0.58834641	0.31990380	0.31999337	59919	53159	0
59919	53164	0.00194095	0.00632282	0.52914104	0.00639023	0.52889074	0.58900379	0.58842440	0.31973946	0.31997644	0.58909902	0.58842859	0.31981489	0.31995738	59919	53162	0
59919	53167	0.00999525	0.00628198	0.53008966	0.00635043	0.52863989	0.58915342	0.58845965	0.31988712	0.31998318	0.58910371	0.58828257	0.31979139	0.31989797	59919	53166	0
59919	53171	-0.00204762	0.00638796	0.52819968	0.00636740	0.53036740	0.58909377	0.58822612	0.31978704	0.31985014	0.58909335	0.58837049	0.31982163	0.31992065	59919	53169	0
59919	53174	-0.00618660	0.00639787	0.52883981	0.00634874	0.52958483	0.58916460	0.58836614	0.31986173	0.32000504	0.58909615	0.58838676	0.31986222	0.31984982	59919	53172	0
59919	53177	-0.00272223	0.00636781	0.53048548	0.00629127	0.52986189	0.58921505	0.58844067	0.31983166	0.31997168	0.58934439	0.58855365	0.31992229	0.32006264	59919	53175	0
59919	53180	-0.00094007	0.00634781	0.52993893	0.00630564	0.52961814	0.58916928	0.58845003	0.31990347	0.31995927	0.58930240	0.58849564	0.32002040	0.32005935	59919	53179	0
59919	53184	-0.00620234	0.00636847	0.52939047	0.00627982	0.53033768	0.58915022	0.58844970	0.31989961	0.32000767	0.58924915	0.58855595	0.31994752	0.32007677	59919	53182	0
59919	53187	0.00506312	0.00631106	0.53065778	0.00631210	0.52863000	0.58917618	0.58841585	0.31991670	0.31997915	0.58918325	0.58844182	0.31990232	0.31996371	59919	53185	0
59919	53190	0.00325719	0.00639804	0.52952946	0.00634132	0.52985453	0.58927742	0.58846614	0.31992944	0.31996814	0.58918982	0.58861125	0.31985910	0.32010414	59919	53188	0
59919	53193	0.00990322	0.00630417	0.52959482	0.00633663	0.52839854	0.58924225	0.58846063	0.31996551	0.32007053	0.58925400	0.58844025	0.31995935	0.32007316	59919	53192	0
59919	53197	-0.00655449	0.00633935	0.52809212	0.00629119	0.53105451	0.58939032	0.58860690	0.31998737	0.32007751	0.58940166	0.58873369	0.32009797	0.32017439	59919	53195	0
59919	53200	0.00286292	0.00636390	0.52964864	0.00639612	0.52795351	0.58933124	0.58867231	0.31993815	0.32010981	0.58939279	0.58854091	0.32005902	0.32009198	59919	53198	0
59919	53906	0.00163795	0.00628324	0.52960789	0.00633404	0.52982839	0.58823622	0.58742856	0.31882415	0.31897263	0.58833943	0.58751147	0.31911619	0.31900698	59919	53904	0
59919	53909	0.00069035	0.00630278	0.52942820	0.00634181	0.52959877	0.58828972	0.58748863	0.31891594	0.31900041	0.58829481	0.58752914	0.31893779	0.31902136	59919	53907	0
59919	53912	-0.00072259	0.00636996	0.52929818	0.00629551	0.52955251	0.58833844	0.58751369	0.31899260	0.31903057	0.58827312	0.58766406	0.31895752	0.31910148	59919	53911	0
59919	53915	-0.00045821	0.00636648	0.52917637	0.00635759	0.52912878	0.58841601	0.58753546	0.31901117	0.31898849	0.58828306	0.58753587	0.31892752	0.31905062	59919	53914	0
59919	53919	-0.00027061	0.00629876	0.52902275	0.00629964	0.52898898	0.58819810	0.58757228	0.31898044	0.31905924	0.58826868	0.58754113	0.31901914	0.31914528	59919	53917	0
59919	53922	0.00241519	0.00635242	0.52963860	0.00627354	0.52915516	0.58818815	0.58730086	0.31892037	0.31896458	0.58818289	0.58747326	0.31888167	0.31902753	59919	53920	0
59919	53925	-0.00318651	0.00633767	0.52915367	0.00631618	0.53016197	0.58837033	0.58756677	0.31898767	0.31909482	0.58835792	0.58768000	0.31893689	0.31904700	59919	53924	0
59919	53929	-0.00474929	0.00632935	0.52960097	0.00630689	0.52988227	0.58827961	0.58753308	0.31892917	0.31905916	0.58814929	0.58751624	0.31892711	0.31897255	59919	53927	0
59919	53932	0.00054206	0.00629431	0.53049132	0.00632112	0.52953888	0.58828668	0.58740210	0.31889145	0.31900476	0.58817994	0.58750169	0.31896812	0.31901619	59919	53930	0
59919	53935	0.00610310	0.00624189	0.52953968	0.00631749	0.52853870	0.58821486	0.58736562	0.31895357	0.31898397	0.58823631	0.58744146	0.31892382	0.31897674	59919	53933	0
59919	53938	-0.00407980	0.00626786	0.52903814	0.00631175	0.53087106	0.58843549	0.58768124	0.31908521	0.31916286	0.58842514	0.58761303	0.31903936	0.31899277	59919	53937	0
59919	53942	0.00434310	0.00635229	0.53072396	0.00634111	0.52920783	0.58825110	0.58755338	0.31893418	0.31906508	0.58839761	0.58759833	0.31902785	0.31909129	59919	53940	0
59919	53945	-0.00456707	0.00627694	0.52929409	0.00631398	0.53089792	0.58832538	0.58760022	0.31891618	0.31905094	0.58836006	0.58753341	0.31899425	0.31898964	59919	53943	0
59919	53948	0.00244547	0.00631669	0.52983198	0.00636384	0.52856973	0.58823885	0.58736792	0.31890098	0.31892358	0.58840418	0.58769200	0.31901972	0.31914150	59919	53946	0
59919	53951	-0.01007543	0.00635213	0.52878227	0.00634953	0.53103603	0.58832480	0.58757671	0.31897625	0.31902268	0.58839021	0.58765141	0.31889030	0.31900427	59919	53950	0
59919	53955	-0.00102102	0.00629983	0.53020741	0.00629468	0.52857761	0.58840007	0.58768272	0.31896179	0.31904716	0.58825027	0.58757195	0.31884026	0.31902728	59919	53953	0
59919	53958	0.00468007	0.00626621	0.53050060	0.00628019	0.52947441	0.58833154	0.58757811	0.31889926	0.31894240	0.58824222	0.58742609	0.31881643	0.31887879	59919	53956	0
59919	53961	-0.00531969	0.00634610	0.52861463	0.00627139	0.53041458	0.58810598	0.58733004	0.31873532	0.31895176	0.58812200	0.58744409	0.31880229	0.31895727	59919	53960	0
59919	53964	-0.00322336	0.00641147	0.52924487	0.00634367	0.52886753	0.58832579	0.58749364	0.31890780	0.31901043	0.58819538	0.58745584	0.31887082	0.31898890	59919	53963	0
59919	53968	0.00968459	0.00630852	0.53046278	0.00631738	0.52813934	0.58848537	0.58763037	0.31899893	0.31912515	0.58835504	0.58767146	0.31895760	0.31903303	59919	53966	0
59919	53971	0.00655143	0.00636474	0.52958251	0.00632281	0.53014648	0.58839868	0.58764442	0.31887263	0.31910419	0.58838084	0.58752067	0.31889720	0.31895505	59919	53969	0
59919	53974	-0.00560351	0.00627870	0.52931205	0.00633224	0.53149993	0.58837057	0.58777557	0.31893525	0.31905037	0.58841314	0.58754721	0.31892185	0.31894807	59919	53973	0
59919	53978	0.00366294	0.00629209	0.53060499	0.00633565	0.52893703	0.58837920	0.58754450	0.31884445	0.31897403	0.58827640	0.58756192	0.31878619	0.31894700	59919	53976	0
59919	53981	-0.00602352	0.00632427	0.52770358	0.00630492	0.52944714	0.58805076	0.58736907	0.31863351	0.31882284	0.58812726	0.58733546	0.31872398	0.31888126	59919	53979	0
59919	53984	0.01110656	0.00623512	0.53168800	0.00629880	0.52860459	0.58821658	0.58759602	0.31881536	0.31896138	0.58812825	0.58743267	0.31877263	0.31887008	59919	53982	0
59919	53987	0.00218349	0.00629239	0.52850261	0.00632980	0.53010877	0.58807796	0.58740366	0.31883508	0.31886417	0.58820434	0.58739150	0.31887641	0.31895990	59919	53986	0
59919	53991	-0.00593150	0.00629471	0.52891923	0.00630673	0.53037993	0.58827328	0.58760704	0.31887986	0.31909334	0.58842793	0.58776801	0.31908735	0.31921940	59919	53989	0
59919	53994	-0.00253022	0.00628766	0.53056983	0.00633195	0.52995760	0.58837304	0.58751106	0.31908472	0.31914782	0.58831371	0.58753275	0.31902917	0.31919277	59919	53992	0
59919	53997	0.00595179	0.00626719	0.52996925	0.00629425	0.52844249	0.58841273	0.58766332	0.31908381	0.31919203	0.58840500	0.58772783	0.31915234	0.31927141	59919	53995	0
59919	54000	0.00363414	0.00625821	0.52908659	0.00635866	0.52950377	0.58847863	0.58780630	0.31930502	0.31938119	0.58837994	0.58757096	0.31922244	0.31932408	59919	53999	0
59919	54706	0.00329993	0.00628207	0.52967986	0.00624400	0.52974001	0.58716849	0.58638769	0.31887534	0.31898981	0.58723603	0.58656124	0.31899655	0.31906976	59919	54705	0
59919	54709	0.00350877	0.00625643	0.52986792	0.00630790	0.52983033	0.58724975	0.58657340	0.31903796	0.31913632	0.58729495	0.58648129	0.31908677	0.31912728	59919	54708	0
59919	54713	0.00151872	0.00631724	0.52952243	0.00626615	0.52988064	0.58738788	0.58654595	0.31890599	0.31900904	0.58753908	0.58663774	0.31906516	0.31907823	59919	54711	0
59919	54716	-0.00389602	0.00633662	0.52913489	0.00630060	0.53010954	0.58730670	0.58671547	0.31898340	0.31913328	0.58746414	0.58696947	0.31905481	0.31940839	59919	54714	0
59919	54719	0.00135780	0.00634570	0.52954667	0.00634091	0.52860098	0.58741327	0.58668680	0.31902407	0.31915925	0.58749389	0.58665089	0.31908472	0.31921052	59919	54718	0
59919	54723	0.00001418	0.00631599	0.52977334	0.00625525	0.53001520	0.58760884	0.58678598	0.31914626	0.31919458	0.58748945	0.58669616	0.31912416	0.31919935	59919	54721	0
59919	54726	0.00236675	0.00630470	0.53009648	0.00625178	0.52967302	0.58749495	0.58670849	0.31913607	0.31932647	0.58752873	0.58673511	0.31925095	0.31931414	59919	54724	0
59919	54729	-0.00117429	0.00627068	0.52956157	0.00623552	0.53019896	0.58758041	0.58662755	0.31928341	0.31926122	0.58744877	0.58660200	0.31921586	0.31940017	59919	54727	0
59919	54732	0.00646828	0.00626413	0.53017938	0.00631414	0.52880372	0.58764582	0.58680874	0.31936854	0.31940239	0.58763423	0.58675171	0.31935802	0.31944907	59919	54731	0
59919	54736	-0.00479393	0.00631964	0.52849494	0.00636027	0.53052213	0.58769143	0.58680808	0.31932022	0.31938662	0.58776053	0.58684900	0.31935555	0.31943879	59919	54734	0
59919	54739	-0.00373356	0.00629710	0.52906876	0.00629080	0.52887790	0.58765387	0.58685443	0.31934824	0.31943419	0.58780934	0.58693594	0.31942113	0.31946525	59919	54737	0
59919	54742	0.00252124	0.00631189	0.53067431	0.00621245	0.52954844	0.58798412	0.58697883	0.31958900	0.31951875	0.58781542	0.58704753	0.31951373	0.31963403	59919	54740	0
59919	54745	0.00241827	0.00634469	0.52915639	0.00635632	0.52917492	0.58796571	0.58703471	0.31968465	0.31964776	0.58779800	0.58711368	0.31962048	0.31972450	59919	54744	0
59919	54749	0.00039321	0.00627635	0.52908685	0.00630235	0.52945136	0.58795939	0.58710357	0.31979443	0.31974340	0.58802554	0.58726832	0.31967002	0.31983765	59919	54747	0
59919	54752	0.00290163	0.00628308	0.52937923	0.00638462	0.52892771	0.58800532	0.58724343	0.31974324	0.31983708	0.58801042	0.58711721	0.31976008	0.31990619	59919	54750	0
59919	54755	0.00450202	0.00626794	0.52936866	0.00626340	0.52908059	0.58798502	0.58728262	0.31974644	0.31980889	0.58811880	0.58728229	0.31981670	0.31987274	59919	54754	0
59919	54758	-0.00167429	0.00629728	0.52872634	0.00631204	0.52983808	0.58816794	0.58731171	0.31986740	0.31997620	0.58825430	0.58743094	0.31997003	0.32002994	59919	54757	0
59919	54762	0.00782845	0.00624885	0.52977528	0.00631004	0.52806479	0.58827649	0.58743341	0.32001326	0.32011350	0.58816301	0.58739528	0.32000676	0.32007718	59919	54760	0
59919	54765	-0.00379076	0.00630657	0.52823058	0.00625905	0.53032204	0.58825874	0.58760383	0.31997694	0.32012920	0.58823778	0.58759413	0.32020800	0.32029321	59919	54763	0
59919	54768	0.00128099	0.00632091	0.52912074	0.00627845	0.52820783	0.58837830	0.58751024	0.32018647	0.32025353	0.58827575	0.58757014	0.32017711	0.32027489	59919	54767	0
59919	54771	-0.00040369	0.00633567	0.52997791	0.00638196	0.53028115	0.58845587	0.58756209	0.32033356	0.32032197	0.58843549	0.58768699	0.32023726	0.32032633	59919	54770	0
59919	54775	0.00165311	0.00629948	0.53031183	0.00627155	0.52994161	0.58844888	0.58777820	0.32030735	0.32041409	0.58857313	0.58772150	0.32043389	0.32059051	59919	54773	0
59919	54778	-0.00139948	0.00633360	0.52911091	0.00623450	0.52966038	0.58851561	0.58772084	0.32050744	0.32060670	0.58860460	0.58791986	0.32058706	0.32075083	59919	54776	0
59919	54781	-0.00077396	0.00626171	0.53003406	0.00625013	0.52992146	0.58863213	0.58791797	0.32064039	0.32069832	0.58863073	0.58783350	0.32053685	0.32062658	59919	54780	0
59919	54785	0.00052622	0.00627215	0.52947708	0.00627548	0.52924304	0.58862005	0.58792578	0.32055320	0.32070210	0.58863180	0.58788231	0.32071114	0.32072133	59919	54783	0
59919	54788	0.00698171	0.00628465	0.53148351	0.00630788	0.53032152	0.58867116	0.58791493	0.32078189	0.32084680	0.58869490	0.58798108	0.32081196	0.32090079	59919	54786	0
59919	54791	-0.00697831	0.00622315	0.52888471	0.00626423	0.53139751	0.58886566	0.58793424	0.32088567	0.32098493	0.58870107	0.58799143	0.32087967	0.32092281	59919	54789	0
59919	54794	0.00132502	0.00624378	0.52958786	0.00624146	0.52809326	0.58876738	0.58810688	0.32092996	0.32104656	0.58892104	0.58814255	0.32100728	0.32106349	59919	54793	0
59919	54798	-0.00234166	0.00632039	0.52951396	0.00628987	0.53017396	0.58888842	0.58827238	0.32100786	0.32117960	0.58884470	0.58808240	0.32092322	0.32100022	59919	54796	0
59919	54801	0.00035726	0.00631649	0.52989539	0.00622340	0.52940958	0.58885719	0.58810006	0.32099364	0.32105955	0.58885177	0.58811009	0.32100375	0.32106439	59919	54799	0
59919	55507	0.00172511	0.00638031	0.53088732	0.00636142	0.53064111	0.58734022	0.58654382	0.31965236	0.31972804	0.58741434	0.58666962	0.31965778	0.31973806	59919	55505	0
59919	55510	0.00258652	0.00634850	0.52980859	0.00635188	0.52965353	0.58728468	0.58645236	0.31964011	0.31969533	0.58734507	0.58648983	0.31963839	0.31975072	59919	55508	0
59919	55513	0.00343012	0.00630177	0.52984890	0.00634190	0.52969705	0.58727104	0.58651465	0.31964381	0.31974644	0.58721097	0.58659098	0.31963675	0.31973527	59919	55512	0
59919	55516	0.00302255	0.00631446	0.52968038	0.00636313	0.52975374	0.58728131	0.58646321	0.31963387	0.31974727	0.58722732	0.58643165	0.31967569	0.31968498	59919	55515	0
59919	55520	-0.00262892	0.00635478	0.52908344	0.00631632	0.53010070	0.58716241	0.58645179	0.31964233	0.31976608	0.58721993	0.58641957	0.31962738	0.31973017	59919	55518	0
59919	55523	0.00024509	0.00631240	0.53029066	0.00640105	0.52977334	0.58717670	0.58646518	0.31956895	0.31971538	0.58720891	0.58634283	0.31959139	0.31963790	59919	55521	0
59919	55526	0.00826265	0.00637048	0.53008004	0.00638759	0.52863688	0.58713751	0.58634192	0.31946188	0.31959837	0.58717350	0.58637118	0.31961103	0.31960593	59919	55525	0
59919	55529	0.00329670	0.00636594	0.52865684	0.00631303	0.52955071	0.58732519	0.58636386	0.31968260	0.31966222	0.58722601	0.58633847	0.31959845	0.31964603	59919	55528	0
59919	55533	-0.00411930	0.00627983	0.52908226	0.00631371	0.53041714	0.58723028	0.58647052	0.31959665	0.31972409	0.58721910	0.58648129	0.31968999	0.31974003	59919	55531	0
59919	55536	0.00680725	0.00639021	0.53030426	0.00633410	0.52833748	0.58734507	0.58651843	0.31964611	0.31971095	0.58730349	0.58662599	0.31961637	0.31977274	59919	55534	0
59919	55539	-0.00175362	0.00635162	0.52920659	0.00638906	0.53074755	0.58741352	0.58656058	0.31969829	0.31972837	0.58719207	0.58636345	0.31957692	0.31961834	59919	55538	0
59919	55543	-0.01478692	0.00634833	0.52791338	0.00631117	0.53025937	0.58734384	0.58642820	0.31971407	0.31975589	0.58716454	0.58635589	0.31959245	0.31967290	59919	55541	0
59919	55546	0.00149625	0.00632577	0.53102505	0.00631738	0.52809408	0.58728599	0.58651736	0.31966329	0.31977364	0.58743135	0.58660840	0.31969747	0.31976263	59919	55544	0
59919	55549	0.00121161	0.00642582	0.52915119	0.00632962	0.52920242	0.58737638	0.58664686	0.31970035	0.31973552	0.58737991	0.58661531	0.31969698	0.31981243	59919	55547	0
59919	55552	-0.00308445	0.00642192	0.52884210	0.00639751	0.52961539	0.58742075	0.58665590	0.31967717	0.31976995	0.58741936	0.58664703	0.31970848	0.31980470	59919	55551	0
59919	55556	0.00245419	0.00641945	0.53044579	0.00636723	0.52944883	0.58742568	0.58658342	0.31974349	0.31971333	0.58733858	0.58658482	0.31965819	0.31979041	59919	55554	0
59919	55559	0.00446672	0.00636331	0.53051966	0.00632635	0.53015740	0.58737063	0.58650536	0.31964496	0.31965753	0.58728090	0.58650865	0.31960642	0.31974529	59919	55557	0
59919	55562	-0.00151751	0.00636442	0.52912850	0.00631025	0.53020566	0.58721713	0.58643338	0.31958974	0.31973330	0.58728961	0.58656798	0.31959780	0.31973527	59919	55560	0
59919	55565	-0.00538947	0.00639284	0.52926247	0.00643755	0.52995943	0.58746734	0.58665598	0.31976058	0.31982845	0.58732527	0.58655655	0.31960305	0.31968095	59919	55564	0
59919	55569	0.00488718	0.00638180	0.53019434	0.00643562	0.52834454	0.58752191	0.58660865	0.31971941	0.31982212	0.58742026	0.58663470	0.31974192	0.31990742	59919	55567	0
59919	55572	-0.00591806	0.00638579	0.52825713	0.00640253	0.53020207	0.58758657	0.58679321	0.31987849	0.31990413	0.58748641	0.58678483	0.31982558	0.31996313	59919	55570	0
59919	55575	0.00541944	0.00641917	0.53066553	0.00636704	0.52862478	0.58736611	0.58659386	0.31963181	0.31975187	0.58725567	0.58653593	0.31970339	0.31984390	59919	55574	0
59919	55578	-0.01094046	0.00634053	0.52817165	0.00628870	0.53111643	0.58733455	0.58664366	0.31974776	0.31988112	0.58726783	0.58655951	0.31965326	0.31977816	59919	55577	0
59919	55582	-0.00480641	0.00638217	0.52949552	0.00634778	0.52839139	0.58724121	0.58641251	0.31966509	0.31973437	0.58740876	0.58662492	0.31978079	0.31980651	59919	55580	0
59919	55585	-0.00481086	0.00633097	0.52919932	0.00638961	0.52920012	0.58734746	0.58656198	0.31972549	0.31981892	0.58749052	0.58668104	0.31983634	0.31985458	59919	55583	0
59919	55588	0.00480220	0.00638499	0.53082171	0.00634831	0.52909136	0.58737753	0.58674070	0.31975680	0.31990750	0.58740645	0.58660060	0.31979304	0.31988770	59919	55587	0
59919	55592	-0.00385527	0.00637893	0.52886154	0.00630898	0.53041988	0.58725929	0.58657167	0.31972163	0.31988926	0.58735682	0.58662656	0.31976124	0.31981752	59919	55590	0
59919	55595	-0.01074642	0.00633745	0.52929836	0.00639921	0.53053876	0.58723800	0.58653527	0.31971374	0.31969295	0.58736529	0.58661802	0.31974998	0.31977077	59919	55593	0
59919	55598	-0.00335743	0.00638729	0.53039842	0.00642659	0.52906840	0.58737104	0.58656107	0.31964759	0.31978761	0.58733759	0.58658548	0.31966600	0.31978868	59919	55596	0
59919	55601	-0.00177473	0.00639582	0.52927122	0.00635311	0.52898633	0.58724893	0.58642270	0.31964373	0.31977660	0.58723726	0.58646838	0.31961785	0.31966929	59919	55600	0
59919	56307	0.00064999	0.00628667	0.52981683	0.00634649	0.52938038	0.58694210	0.58628522	0.31932844	0.31934898	0.58698533	0.58627824	0.31922868	0.31936484	59919	56305	0
59919	56310	0.00212262	0.00631969	0.52929614	0.00637796	0.52903107	0.58712173	0.58626945	0.31938768	0.31940740	0.58695229	0.58613099	0.31931718	0.31939919	59919	56309	0
59919	56314	0.00289566	0.00637024	0.52809755	0.00631483	0.52795840	0.58689190	0.58600329	0.31926500	0.31931356	0.58695057	0.58618128	0.31920781	0.31934257	59919	56312	0
59919	56317	0.00627551	0.00634783	0.52947414	0.00636627	0.52886576	0.58691359	0.58619566	0.31923082	0.31926804	0.58684654	0.58606985	0.31920387	0.31920115	59919	56315	0
59919	56320	-0.00400307	0.00633069	0.52878316	0.00628901	0.53063331	0.58680586	0.58599163	0.31915152	0.31923361	0.58687497	0.58601406	0.31920296	0.31921627	59919	56319	0
59919	56323	-0.00222042	0.00633006	0.52957996	0.00625356	0.52925908	0.58665927	0.58593033	0.31906582	0.31925399	0.58674744	0.58589590	0.31915062	0.31914897	59919	56322	0
59919	56327	0.00160197	0.00627163	0.53025121	0.00630747	0.52956318	0.58670964	0.58592589	0.31900978	0.31912884	0.58682427	0.58605227	0.31916640	0.31923148	59919	56325	0
59919	56330	0.00323872	0.00631850	0.52967831	0.00635293	0.52938370	0.58683890	0.58616698	0.31917724	0.31931685	0.58683906	0.58615630	0.31915826	0.31924577	59919	56328	0
59919	56333	0.00461830	0.00633239	0.52884345	0.00633048	0.52859513	0.58677538	0.58594421	0.31909934	0.31919516	0.58669731	0.58595547	0.31910386	0.31920814	59919	56332	0
59919	56336	-0.00021278	0.00628956	0.52858858	0.00632220	0.52945818	0.58679050	0.58589269	0.31916787	0.31922161	0.58670808	0.58601348	0.31910485	0.31923846	59919	56335	0
59919	56340	-0.00793669	0.00629100	0.52865052	0.00638159	0.53004082	0.58678581	0.58602696	0.31919737	0.31928908	0.58686536	0.58603534	0.31924988	0.31914215	59919	56338	0
59919	56343	0.00562139	0.00625725	0.53029134	0.00633159	0.52785088	0.58681778	0.58599836	0.31917001	0.31926706	0.58680742	0.58596755	0.31918135	0.31922096	59919	56341	0
59919	56346	-0.00139043	0.00630955	0.52903252	0.00629074	0.53029464	0.58697867	0.58615178	0.31927149	0.31934471	0.58690923	0.58610510	0.31923106	0.31931767	59919	56345	0
59919	56350	0.00698829	0.00633467	0.53032869	0.00634935	0.52882052	0.58688762	0.58614093	0.31925580	0.31933172	0.58681112	0.58594084	0.31914947	0.31927412	59919	56348	0
59919	56353	-0.00332318	0.00627822	0.52872399	0.00628443	0.53058005	0.58682673	0.58601217	0.31922622	0.31931693	0.58685073	0.58607799	0.31928456	0.31938333	59919	56351	0
59919	56356	-0.00393284	0.00630530	0.52907004	0.00627512	0.52917978	0.58685418	0.58613189	0.31930198	0.31932827	0.58695155	0.58621924	0.31938111	0.31950018	59919	56354	0
59919	56359	-0.00304484	0.00624917	0.52945925	0.00630037	0.52929941	0.58690603	0.58603263	0.31931595	0.31935490	0.58692739	0.58609311	0.31927872	0.31937330	59919	56358	0
59919	56363	-0.00157848	0.00635253	0.52868912	0.00622963	0.52842517	0.58693430	0.58608177	0.31934553	0.31935638	0.58694071	0.58616295	0.31931899	0.31941151	59919	56361	0
59919	56366	-0.00179125	0.00630298	0.52924501	0.00626763	0.52928330	0.58695311	0.58619023	0.31927125	0.31943066	0.58685541	0.58616369	0.31932737	0.31940247	59919	56364	0
59919	56369	-0.00187595	0.00635736	0.52972619	0.00636244	0.52974144	0.58696355	0.58619993	0.31942343	0.31942943	0.58701655	0.58620585	0.31943608	0.31942729	59919	56367	0
59919	56372	0.00004348	0.00633640	0.52999233	0.00625730	0.52964684	0.58690784	0.58628522	0.31938653	0.31944233	0.58707202	0.58638054	0.31948760	0.31942581	59919	56371	0
59919	56376	-0.00492406	0.00629803	0.52860259	0.00635416	0.52949674	0.58710020	0.58622787	0.31937207	0.31942844	0.58700710	0.58622614	0.31943937	0.31958744	59919	56374	0
59919	56379	-0.00091998	0.00630564	0.53048318	0.00629550	0.52976245	0.58716742	0.58625646	0.31951324	0.31955178	0.58699691	0.58631119	0.31948448	0.31955309	59919	56377	0
59919	56382	-0.00423230	0.00626569	0.52854589	0.00626180	0.52914211	0.58703101	0.58638202	0.31959385	0.31964915	0.58695122	0.58620946	0.31947659	0.31957512	59919	56381	0
59919	56385	-0.00062991	0.00630890	0.53015067	0.00634629	0.52950224	0.58708097	0.58633305	0.31959739	0.31963001	0.58710037	0.58640018	0.31952631	0.31957849	59919	56384	0
59919	56389	0.00254135	0.00634754	0.52906378	0.00630012	0.52849296	0.58732601	0.58645121	0.31961152	0.31969451	0.58699264	0.58633182	0.31951735	0.31961250	59919	56387	0
59919	56392	0.00099454	0.00630864	0.52875718	0.00624837	0.52903561	0.58706002	0.58626887	0.31959656	0.31969073	0.58711261	0.58632606	0.31964751	0.31973510	59919	56390	0
59919	56395	0.01065703	0.00631657	0.53017053	0.00631003	0.52843128	0.58708870	0.58642179	0.31969410	0.31975557	0.58712954	0.58623945	0.31965564	0.31971842	59919	56394	0
59919	56398	-0.00520081	0.00629068	0.52746954	0.00627090	0.53032395	0.58711113	0.58623444	0.31971448	0.31978104	0.58716561	0.58643511	0.31963757	0.31979920	59919	56397	0
59919	56402	0.00609456	0.00632558	0.52981476	0.00632674	0.52778160	0.58723250	0.58641645	0.31971300	0.31981941	0.58710760	0.58636288	0.31972902	0.31983075	59919	56400	0
59919	57108	0.00003307	0.00638958	0.52800990	0.00634740	0.52910097	0.58768789	0.58696832	0.32024424	0.32032329	0.58768707	0.58699543	0.32020439	0.32030833	59919	57106	0
59919	57111	0.00661122	0.00636403	0.52971310	0.00639884	0.52852904	0.58773111	0.58697185	0.32023191	0.32038853	0.58779266	0.58682797	0.32032937	0.32035912	59919	57109	0
59919	57114	0.00466493	0.00638197	0.52845457	0.00642747	0.52880490	0.58767327	0.58701269	0.32030472	0.32040686	0.58767170	0.58682641	0.32022148	0.32020011	59919	57113	0
59919	57117	0.00015950	0.00632762	0.52831771	0.00639247	0.52912869	0.58752741	0.58683520	0.32007061	0.32016971	0.58759874	0.58683043	0.32004358	0.32024884	59919	57116	0
59919	57121	0.00166896	0.00640539	0.52889831	0.00636049	0.52862661	0.58760925	0.58680447	0.32005385	0.32010849	0.58752708	0.58683298	0.32010028	0.32012452	59919	57119	0
59919	57124	-0.00249578	0.00642146	0.52782913	0.00640495	0.52857878	0.58751755	0.58670660	0.32003520	0.32008236	0.58749956	0.58669904	0.31999058	0.32006305	59919	57122	0
59919	57127	0.00188747	0.00641649	0.52868258	0.00638123	0.52789360	0.58749668	0.58667012	0.31997809	0.32013249	0.58743727	0.58667020	0.31989255	0.31999937	59919	57126	0
59919	57131	0.00212207	0.00635391	0.52871858	0.00635846	0.52867635	0.58741886	0.58659887	0.31990241	0.32002764	0.58741648	0.58662369	0.31991136	0.32001761	59919	57129	0
59919	57134	-0.00468427	0.00640773	0.52939248	0.00631810	0.53061762	0.58743538	0.58656757	0.31993133	0.31993067	0.58743653	0.58662862	0.31995927	0.31998877	59919	57132	0
59919	57137	-0.00256993	0.00645897	0.52819906	0.00638582	0.52781848	0.58738410	0.58653059	0.31993158	0.31993922	0.58730555	0.58657973	0.31991268	0.31998162	59919	57135	0
59919	57140	-0.00346874	0.00636631	0.52853255	0.00641324	0.52869433	0.58733439	0.58657545	0.31986140	0.31993979	0.58739832	0.58655245	0.31992320	0.31999756	59919	57139	0
59919	57144	0.00339999	0.00630456	0.52907558	0.00637705	0.52783921	0.58720628	0.58658605	0.31985064	0.31998293	0.58737202	0.58653692	0.31984472	0.31992558	59919	57142	0
59919	57147	0.00652419	0.00632852	0.52886941	0.00640309	0.52830705	0.58737720	0.58659172	0.31987660	0.31996683	0.58722691	0.58649994	0.31981687	0.31986683	59919	57145	0
59919	57150	0.00108466	0.00644688	0.52732250	0.00635694	0.52830162	0.58736389	0.58651950	0.31984735	0.31986666	0.58733768	0.58668680	0.31978893	0.31995048	59919	57148	0
59919	57153	-0.00407813	0.00632128	0.52852237	0.00637482	0.52945167	0.58744828	0.58671243	0.31988564	0.32000602	0.58741401	0.58656075	0.31981489	0.31989633	59919	57152	0
59919	57157	0.00461394	0.00637191	0.53069695	0.00635155	0.52913237	0.58729832	0.58663667	0.31974809	0.31981908	0.58741566	0.58655204	0.31980068	0.31988499	59919	57155	0
59919	57160	0.00410941	0.00647499	0.52906687	0.00642427	0.52915769	0.58735551	0.58653001	0.31969016	0.31979525	0.58728928	0.58664481	0.31983618	0.31989920	59919	57158	0
59919	57163	0.00753358	0.00636234	0.52911786	0.00644071	0.52850152	0.58727490	0.58649501	0.31973371	0.31977249	0.58729470	0.58655943	0.31979493	0.31987397	59919	57162	0
59919	57166	-0.01388621	0.00644186	0.52724530	0.00635262	0.53110086	0.58734540	0.58654916	0.31978769	0.31985820	0.58742724	0.58670085	0.31986033	0.31988055	59919	57165	0
59919	57170	0.01013555	0.00638175	0.53095530	0.00645324	0.52663139	0.58734137	0.58671983	0.31979090	0.31979402	0.58739577	0.58666017	0.31980339	0.31987167	59919	57168	0
59919	57173	-0.00233737	0.00641348	0.52825892	0.00638861	0.53050404	0.58729002	0.58670594	0.31979871	0.31987496	0.58752355	0.58672320	0.31978572	0.31985935	59919	57171	0
59919	57176	-0.01030574	0.00638997	0.52891838	0.00640574	0.53035268	0.58751344	0.58664300	0.31982500	0.31991169	0.58735255	0.58665417	0.31971275	0.31977455	59919	57175	0
59919	57179	0.00533128	0.00640579	0.53051406	0.00642816	0.52769940	0.58740818	0.58660947	0.31981728	0.31984226	0.58738295	0.58669608	0.31977003	0.31986625	59919	57178	0
59919	57183	-0.00018216	0.00641033	0.52990384	0.00640921	0.53089626	0.58737063	0.58665237	0.31975893	0.31981966	0.58728205	0.58666132	0.31980314	0.31984743	59919	57181	0
59919	57186	0.00143101	0.00638387	0.52912546	0.00641254	0.52883509	0.58736447	0.58672427	0.31978408	0.31987439	0.58736323	0.58663988	0.31974990	0.31986584	59919	57184	0
59919	57189	-0.00223482	0.00643657	0.52907391	0.00641986	0.52973376	0.58733784	0.58657833	0.31970100	0.31973782	0.58703192	0.58628646	0.31955918	0.31969484	59919	57188	0
59919	57193	0.00143398	0.00639149	0.52885034	0.00641354	0.52818996	0.58693044	0.58609467	0.31953707	0.31953181	0.58681835	0.58612803	0.31942261	0.31959771	59919	57191	0
59919	57196	0.00085552	0.00635236	0.52882080	0.00642938	0.52892492	0.58689280	0.58618202	0.31954997	0.31963987	0.58711023	0.58637233	0.31955203	0.31972713	59919	57194	0
59919	57199	0.00174961	0.00641727	0.52894521	0.00638258	0.52878428	0.58719026	0.58633551	0.31963083	0.31967627	0.58716890	0.58639196	0.31951415	0.31969887	59919	57197	0
59919	57202	-0.00693987	0.00637809	0.52834380	0.00634846	0.52990790	0.58715616	0.58647159	0.31964644	0.31979780	0.58717752	0.58643930	0.31969640	0.31970930	59919	57201	0
59919	57908	0.00558938	0.00647458	0.53055590	0.00644403	0.52830063	0.58820344	0.58745329	0.32143244	0.32158125	0.58817459	0.58738156	0.32141428	0.32155381	59919	57907	0
59919	57911	0.00029691	0.00649526	0.52876185	0.00649763	0.52971450	0.58815701	0.58745617	0.32146909	0.32148051	0.58816621	0.58732519	0.32149128	0.32153606	59919	57910	0
59919	57915	0.00249153	0.00647201	0.52860005	0.00649023	0.52820502	0.58807985	0.58741245	0.32143885	0.32159941	0.58814115	0.58744959	0.32150319	0.32155126	59919	57913	0
59919	57918	-0.00224821	0.00641017	0.52802197	0.00652385	0.52887513	0.58819933	0.58745222	0.32147394	0.32156523	0.58812348	0.58742650	0.32146276	0.32154132	59919	57916	0
59919	57921	0.00640219	0.00651059	0.52983734	0.00652631	0.52828027	0.58814320	0.58743710	0.32150689	0.32155685	0.58804550	0.58735082	0.32140935	0.32154608	59919	57920	0
59919	57924	0.00816068	0.00642509	0.52977118	0.00648203	0.52945465	0.58813540	0.58738928	0.32150245	0.32151708	0.58818610	0.58748123	0.32149144	0.32162316	59919	57923	0
59919	57928	-0.00086430	0.00647502	0.52826367	0.00645004	0.52988816	0.58816753	0.58731196	0.32148372	0.32151757	0.58816432	0.58747474	0.32148166	0.32158224	59919	57926	0
59919	57931	-0.00678606	0.00651728	0.52806098	0.00656817	0.52912690	0.58813992	0.58741196	0.32149382	0.32157747	0.58817616	0.58743817	0.32143795	0.32152004	59919	57929	0
59919	57934	0.00696578	0.00649416	0.53055057	0.00641364	0.52807524	0.58844108	0.58741139	0.32157772	0.32160328	0.58808774	0.58727909	0.32146128	0.32150796	59919	57933	0
59919	57938	-0.00090011	0.00648338	0.52671800	0.00646442	0.52813386	0.58806185	0.58723332	0.32157608	0.32151897	0.58820072	0.58755765	0.32151305	0.32165003	59919	57936	0
59919	57941	-0.00029479	0.00644039	0.52900921	0.00650976	0.52890025	0.58817763	0.58748304	0.32148100	0.32158232	0.58822316	0.58746003	0.32141371	0.32158117	59919	57939	0
59919	57944	0.00083455	0.00648877	0.52926197	0.00643717	0.52905869	0.58817007	0.58745485	0.32143293	0.32149497	0.58817944	0.58741303	0.32145060	0.32150393	59919	57942	0
59919	57947	0.00013731	0.00644089	0.52909446	0.00648915	0.52921997	0.58812496	0.58731442	0.32130729	0.32141009	0.58796982	0.58724860	0.32128042	0.32139620	59919	57946	0
59919	57951	0.00259289	0.00644319	0.52835279	0.00650802	0.52791078	0.58811560	0.58746948	0.32140204	0.32148363	0.58822735	0.58737038	0.32142677	0.32149933	59919	57949	0
59919	57954	-0.00629077	0.00644039	0.52816428	0.00641270	0.52976334	0.58813515	0.58761657	0.32133375	0.32156022	0.58817944	0.58731911	0.32126908	0.32136621	59919	57952	0
59919	57957	0.00349390	0.00640577	0.52996564	0.00647523	0.52820440	0.58822759	0.58741385	0.32133490	0.32148306	0.58815972	0.58741327	0.32134731	0.32148215	59919	57955	0
59919	57960	0.00077976	0.00643867	0.52996567	0.00645939	0.53045421	0.58821239	0.58740843	0.32138379	0.32139908	0.58804830	0.58747203	0.32129965	0.32143630	59919	57959	0
59919	57964	-0.00590802	0.00643133	0.52829471	0.00648119	0.52949851	0.58797714	0.58717958	0.32118445	0.32133071	0.58798338	0.58710727	0.32114500	0.32123630	59919	57962	0
59919	57967	0.00150286	0.00643332	0.53030480	0.00649475	0.52897084	0.58799554	0.58720702	0.32111945	0.32123712	0.58807007	0.58716651	0.32123580	0.32120195	59919	57965	0
59919	57970	0.00029481	0.00645953	0.52930535	0.00643372	0.52952280	0.58800088	0.58721664	0.32115314	0.32121173	0.58792118	0.58715230	0.32113383	0.32122865	59919	57969	0
59919	57973	0.00176107	0.00653767	0.52869341	0.00651518	0.52842948	0.58782348	0.58702994	0.32111016	0.32115454	0.58785503	0.58713217	0.32104541	0.32118445	59919	57972	0
59919	57977	-0.00439983	0.00648012	0.52949960	0.00644057	0.53060856	0.58797196	0.58713866	0.32104303	0.32108387	0.58786284	0.58709535	0.32085954	0.32091402	59919	57975	0
59919	57980	0.00283516	0.00652595	0.52975605	0.00650570	0.52845376	0.58792044	0.58700743	0.32090884	0.32101271	0.58785454	0.58714063	0.32096792	0.32109767	59919	57978	0
59919	57983	-0.00150775	0.00644812	0.52973190	0.00646184	0.53051363	0.58779997	0.58712198	0.32086998	0.32094541	0.58776045	0.58698294	0.32081985	0.32089865	59919	57982	0
59919	57986	-0.01346999	0.00652112	0.52813166	0.00644581	0.53028486	0.58759389	0.58689001	0.32077909	0.32079857	0.58769537	0.58686092	0.32079734	0.32083990	59919	57985	0
59919	57990	0.00655656	0.00645752	0.53109522	0.00651528	0.52749044	0.58752905	0.58672090	0.32064507	0.32078591	0.58753818	0.58667669	0.32066866	0.32082355	59919	57988	0
59919	57993	-0.00395940	0.00647364	0.52916381	0.00648718	0.53105668	0.58756233	0.58690899	0.32067145	0.32087984	0.58765330	0.58687209	0.32067983	0.32076381	59919	57991	0
59919	57996	-0.00572076	0.00643109	0.52894252	0.00644841	0.52925956	0.58754327	0.58683635	0.32065477	0.32081640	0.58751426	0.58679378	0.32067079	0.32074294	59919	57995	0
59919	58000	0.00121015	0.00650920	0.52926327	0.00646047	0.52801571	0.58739051	0.58667414	0.32059823	0.32074088	0.58738945	0.58675590	0.32054071	0.32062708	59919	57998	0
59919	58003	0.00043337	0.00645296	0.52986622	0.00645635	0.53000604	0.58730908	0.58663692	0.32053726	0.32059125	0.58731072	0.58665984	0.32054121	0.32057646	59919	58001	0
59919	58709	-0.00213787	0.00644892	0.52970653	0.00642206	0.53016935	0.58631670	0.58557280	0.31932121	0.31944274	0.58633642	0.58558529	0.31931808	0.31936229	59919	58707	0
59919	58712	0.00701164	0.00647224	0.52983159	0.00645655	0.52818468	0.58634973	0.58549966	0.31937363	0.31950864	0.58618382	0.58545973	0.31933550	0.31944907	59919	58710	0
59919	58715	-0.00354633	0.00647044	0.52786155	0.00645132	0.52976198	0.58613699	0.58536770	0.31941439	0.31944890	0.58601669	0.58531281	0.31927692	0.31938021	59919	58714	0
59919	58718	-0.00521087	0.00643853	0.52860610	0.00646316	0.52890572	0.58606122	0.58529226	0.31921940	0.31937092	0.58621793	0.58544732	0.31942655	0.31946862	59919	58717	0
59919	58722	0.00369680	0.00644171	0.53057074	0.00642337	0.52896736	0.58610535	0.58537353	0.31922268	0.31932096	0.58596558	0.58521420	0.31925358	0.31929228	59919	58720	0
59919	58725	-0.00408867	0.00643516	0.52747773	0.00646485	0.52887911	0.58594364	0.58528191	0.31928242	0.31944430	0.58611036	0.58535134	0.31940223	0.31940231	59919	58723	0
59919	58728	0.00038107	0.00645922	0.52978613	0.00643121	0.52898158	0.58621891	0.58536844	0.31936155	0.31939048	0.58596755	0.58527953	0.31923139	0.31931718	59919	58727	0
59919	58732	-0.00207438	0.00641040	0.52819786	0.00641941	0.52863984	0.58598300	0.58519316	0.31933731	0.31930231	0.58607519	0.58530911	0.31932351	0.31944003	59919	58730	0
59919	58735	-0.00039425	0.00641140	0.53006443	0.00642547	0.52976201	0.58603214	0.58526227	0.31933649	0.31933920	0.58622664	0.58532012	0.31933887	0.31939368	59919	58733	0
59919	58738	0.00070878	0.00647613	0.52876080	0.00639709	0.52856225	0.58605999	0.58529136	0.31921101	0.31936459	0.58608957	0.58531445	0.31926336	0.31930453	59919	58736	0
59919	58741	0.00713884	0.00647400	0.52926578	0.00642742	0.52810837	0.58617848	0.58540870	0.31929236	0.31947322	0.58613025	0.58530040	0.31940823	0.31940001	59919	58740	0
59919	58745	0.00792041	0.00639835	0.52936830	0.00645754	0.52922762	0.58602679	0.58538709	0.31935695	0.31945901	0.58593238	0.58516703	0.31932548	0.31943830	59919	58743	0
59919	58748	0.00447640	0.00638048	0.52867449	0.00641297	0.52929442	0.58589294	0.58509941	0.31935383	0.31941800	0.58586483	0.58500080	0.31931241	0.31943403	59919	58746	0
59919	58751	0.00293511	0.00641102	0.52920897	0.00636113	0.52948641	0.58593591	0.58514575	0.31935794	0.31947248	0.58585440	0.58510253	0.31935629	0.31946649	59919	58749	0
59919	58754	0.00297686	0.00640655	0.52991352	0.00645899	0.52990600	0.58594799	0.58526276	0.31946123	0.31953403	0.58599705	0.58521502	0.31942359	0.31948497	59919	58753	0
59919	58758	0.00199504	0.00646055	0.52893699	0.00637448	0.52911372	0.58604413	0.58514444	0.31951825	0.31953913	0.58601414	0.58532768	0.31945901	0.31963305	59919	58756	0
59919	58761	0.00743842	0.00640079	0.52988935	0.00644309	0.52890954	0.58594569	0.58529144	0.31952335	0.31957471	0.58608933	0.58534707	0.31959985	0.31967150	59919	58759	0
59919	58764	0.00365899	0.00638486	0.52812896	0.00640750	0.52880926	0.58603000	0.58529037	0.31954036	0.31964562	0.58611644	0.58535208	0.31961875	0.31965844	59919	58763	0
59919	58767	-0.00875750	0.00644944	0.52822901	0.00644076	0.53046398	0.58632491	0.58539835	0.31978769	0.31973502	0.58629393	0.58545513	0.31972245	0.31973091	59919	58766	0
59919	58771	0.00053448	0.00639099	0.52971531	0.00639224	0.52804276	0.58616599	0.58550936	0.31971719	0.31980873	0.58634291	0.58560263	0.31973650	0.31987603	59919	58769	0
59919	58774	-0.01006495	0.00643372	0.52822543	0.00642166	0.53013333	0.58635943	0.58551002	0.31976189	0.31977348	0.58627158	0.58549884	0.31976469	0.31982574	59919	58772	0
59919	58777	-0.00171359	0.00644332	0.52967702	0.00641717	0.52817377	0.58644702	0.58548323	0.31985302	0.31987430	0.58623617	0.58548939	0.31979936	0.31989181	59919	58776	0
59919	58780	0.00021151	0.00642170	0.52965178	0.00641054	0.52930526	0.58616123	0.58543302	0.31974784	0.31986888	0.58624989	0.58542053	0.31975762	0.31984702	59919	58779	0
59919	58784	-0.01096435	0.00641951	0.52927993	0.00641542	0.53129158	0.58626871	0.58550665	0.31981218	0.31991473	0.58645778	0.58560501	0.31994094	0.31992599	59919	58782	0
59919	58787	0.00272558	0.00645930	0.53049664	0.00639734	0.52803245	0.58628005	0.58559063	0.31987315	0.31988408	0.58612170	0.58541133	0.31980898	0.31990676	59919	58785	0
59919	58790	-0.00282599	0.00640741	0.52827798	0.00638164	0.52927727	0.58612318	0.58535373	0.31977792	0.31987693	0.58605827	0.58538947	0.31974192	0.31985877	59919	58789	0
59919	58794	0.00183381	0.00640477	0.52879665	0.00644174	0.52795789	0.58620609	0.58550123	0.31980931	0.31991457	0.58628933	0.58538750	0.31987381	0.31986839	59919	58792	0
59919	58797	0.00400109	0.00646370	0.52904823	0.00640373	0.52865812	0.58637496	0.58555529	0.31991596	0.31994661	0.58627364	0.58549572	0.31985434	0.31993716	59919	58795	0
59919	58800	-0.00197467	0.00643935	0.52839726	0.00640101	0.52947289	0.58641818	0.58563385	0.31990282	0.31999781	0.58629344	0.58554995	0.31987167	0.31997381	59919	58798	0
59919	58803	-0.00524381	0.00644751	0.52917929	0.00637692	0.52976774	0.58632072	0.58562194	0.31987126	0.31993741	0.58643856	0.58575719	0.31987159	0.31994703	59919	58802	0
59919	59509	-0.00464049	0.00646710	0.52970764	0.00640038	0.52959905	0.58696010	0.58611143	0.32045534	0.32054581	0.58705764	0.58612959	0.32049766	0.32058131	59919	59508	0
59919	59512	0.00061048	0.00640856	0.52937944	0.00649310	0.52843427	0.58689050	0.58614085	0.32049905	0.32059626	0.58694802	0.58630585	0.32053159	0.32058040	59919	59511	0
59919	59516	-0.00168335	0.00642227	0.52868902	0.00637661	0.52910191	0.58694325	0.58616920	0.32065682	0.32065181	0.58690554	0.58630223	0.32056586	0.32069380	59919	59514	0
59919	59519	0.01191595	0.00643950	0.53035994	0.00643700	0.52791207	0.58707580	0.58626789	0.32065395	0.32071911	0.58703726	0.58627208	0.32063225	0.32078575	59919	59517	0
59919	59522	-0.00789298	0.00644502	0.52802526	0.00641156	0.53159087	0.58699264	0.58628301	0.32061212	0.32073193	0.58720062	0.58623724	0.32082938	0.32074392	59919	59521	0
59919	59526	0.00786363	0.00643970	0.53129431	0.00638810	0.52845812	0.58706865	0.58621316	0.32064754	0.32070826	0.58724934	0.58643445	0.32084976	0.32087893	59919	59524	0
59919	59529	0.00316698	0.00639856	0.52969558	0.00647139	0.53054098	0.58706955	0.58635507	0.32066882	0.32080687	0.58720308	0.58641037	0.32081221	0.32088099	59919	59527	0
59919	59532	0.00489071	0.00643132	0.52990127	0.00648393	0.52959100	0.58726150	0.58645179	0.32087351	0.32098206	0.58721771	0.58633436	0.32084993	0.32093276	59919	59530	0
