% File initiated 28/04/2023 12:52:19 UTC
% Raw fountain data
%
% File notes: RF amp 350 mV and AC stark measurement 3ms OP 
%
%% fountain_code = ALPHA-CsF1
%% microwave_ref = ALPHA HM1
%% MJD_start = 60062.536335
%% clock_data = True
%% sequence = 1
%% density = HD
%
% Units: V.s, Hz
%
% Shot B MJD days	Shot B MJD seconds	freq error	shot A sum	shot A ratio	shot B sum	shot B ratio	shot A F=3 bg 1	shot A F=3 bg 2	shot A F=4 bg 1	shot A F=4 bg 2	shot B F=3 bg 1	shot B F=3 bg 2	shot B F=4 bg 1	shot B F=4 bg 2	Shot A MJD days	Shot A MJD seconds	Shot order (0=LF->HF)
60062	46362	0.00033469	0.04478214	0.46658350	0.04483494	0.46907527	0.64918663	0.64826688	0.33867228	0.33857162	0.64905754	0.64849220	0.33860473	0.33855371	60062	46360	0
60062	46365	0.00048992	0.04497828	0.46800181	0.04496019	0.46753612	0.64909871	0.64868851	0.33868115	0.33884698	0.64928269	0.64836286	0.33857548	0.33858247	60062	46363	0
60062	46368	0.00109936	0.04455725	0.47088786	0.04455581	0.46905954	0.64912336	0.64844216	0.33853094	0.33859619	0.64903806	0.64830682	0.33861657	0.33858740	60062	46367	0
60062	46372	0.00116656	0.04445257	0.46855575	0.04449560	0.46835413	0.64908038	0.64820641	0.33844220	0.33843735	0.64876649	0.64815086	0.33844853	0.33831763	60062	46370	0
60062	46375	0.00058481	0.04425571	0.46813250	0.04429158	0.46987775	0.64863600	0.64825357	0.33829914	0.33842683	0.64871324	0.64813870	0.33829248	0.33827753	60062	46373	0
60062	46493	0.00091240	0.04608204	0.46833211	0.04622798	0.46734936	0.64818578	0.64748091	0.33800258	0.33791080	0.64845169	0.64778873	0.33811360	0.33802403	60062	46491	0
60062	46496	0.00212908	0.04624271	0.46823566	0.04582411	0.46458562	0.64830140	0.64772702	0.33798837	0.33813241	0.64829729	0.64754361	0.33796519	0.33806068	60062	46495	0
60062	46500	0.00091293	0.04574209	0.46839450	0.04558317	0.47204292	0.64817066	0.64743219	0.33807703	0.33808401	0.64808964	0.64750294	0.33799453	0.33794958	60062	46498	0
60062	46503	0.00154437	0.04512476	0.47075329	0.04520004	0.46885897	0.64829778	0.64770196	0.33810965	0.33815674	0.64840452	0.64757664	0.33820924	0.33816479	60062	46501	0
60062	46506	0.00149008	0.04488893	0.46797979	0.04514972	0.46814268	0.64841192	0.64776005	0.33825049	0.33830300	0.64858020	0.64781905	0.33836077	0.33825871	60062	46505	0
60062	46624	0.00115845	0.04621650	0.46852626	0.04616489	0.46952114	0.64869919	0.64802136	0.33833143	0.33831968	0.64898120	0.64834084	0.33836446	0.33835107	60062	46623	0
60062	46628	0.00069232	0.04627611	0.46742668	0.04597378	0.46882506	0.64893979	0.64831191	0.33847359	0.33841911	0.64900298	0.64817009	0.33839125	0.33844664	60062	46626	0
60062	46631	0.00073890	0.04581231	0.46938199	0.04542056	0.46924227	0.64915015	0.64826245	0.33858534	0.33837055	0.64905516	0.64824938	0.33853374	0.33841796	60062	46629	0
60062	46634	0.00187598	0.04542088	0.46965156	0.04511401	0.46624031	0.64904636	0.64830271	0.33836857	0.33843686	0.64921621	0.64849203	0.33862240	0.33862799	60062	46632	0
60062	46637	0.00121840	0.04527814	0.46932276	0.04442254	0.47129550	0.64897808	0.64825579	0.33844943	0.33837638	0.64912484	0.64817140	0.33846693	0.33840695	60062	46636	0
60062	46756	0.00093278	0.04623513	0.46759828	0.04637257	0.46845513	0.65044164	0.64958212	0.33993419	0.33978661	0.65008633	0.64923437	0.33958290	0.33953500	60062	46754	0
60062	46759	0.00182786	0.04597690	0.47008868	0.04590136	0.46740345	0.64993373	0.64923141	0.33961964	0.33952769	0.65009364	0.64948196	0.33962391	0.33959392	60062	46757	0
60062	46762	0.00094123	0.04561465	0.46673456	0.04537848	0.46939443	0.64982666	0.64916165	0.33935874	0.33937320	0.64969511	0.64903305	0.33928142	0.33920500	60062	46760	0
60062	46765	0.00098281	0.04524468	0.46774166	0.04502498	0.46761692	0.64982617	0.64920438	0.33929317	0.33926638	0.64973052	0.64893182	0.33943919	0.33929078	60062	46764	0
60062	46769	0.00097253	0.04475146	0.46825395	0.04468840	0.46828480	0.64982708	0.64913716	0.33926778	0.33933532	0.64963742	0.64892113	0.33920294	0.33908840	60062	46767	0
60062	46887	0.00183803	0.04669733	0.46818480	0.04652013	0.46558830	0.65068519	0.64986109	0.34011472	0.34000165	0.65073984	0.64973858	0.33998242	0.33995243	60062	46885	0
60062	46890	0.00058637	0.04661478	0.46750831	0.04650684	0.47126330	0.65089489	0.65007918	0.34009615	0.34001200	0.65050327	0.64988846	0.33992425	0.33990148	60062	46888	0
60062	46893	0.00156949	0.04624995	0.46990709	0.04621486	0.46695774	0.65055848	0.65005748	0.33999532	0.33989261	0.65053778	0.64993505	0.33985407	0.33988127	60062	46892	0
60062	46897	0.00168933	0.04573545	0.46940837	0.04615167	0.46904885	0.65052052	0.64985041	0.33989335	0.33977091	0.65076186	0.64988599	0.33994093	0.33976393	60062	46895	0
60062	46900	0.00216244	0.04560627	0.46969857	0.04543299	0.46827924	0.65046095	0.64967736	0.33969162	0.33962005	0.65023760	0.64962387	0.33964363	0.33938150	60062	46898	0
60062	47018	0.00088756	0.04668913	0.46604306	0.04626061	0.46986770	0.64963907	0.64888358	0.33861460	0.33871821	0.64973184	0.64906773	0.33876834	0.33867113	60062	47016	0
60062	47021	0.00164591	0.04617116	0.46834946	0.04600748	0.46607441	0.64996734	0.64915598	0.33907434	0.33888190	0.65011739	0.64907102	0.33899899	0.33872166	60062	47020	0
60062	47025	0.00147011	0.04572142	0.46890378	0.04542983	0.46943116	0.64926116	0.64854742	0.33872528	0.33861879	0.64965772	0.64896748	0.33883999	0.33898946	60062	47023	0
60062	47028	0.00237591	0.04533453	0.46902433	0.04516235	0.46630694	0.64969478	0.64895335	0.33894517	0.33879439	0.64992749	0.64902771	0.33904452	0.33893153	60062	47026	0
60062	47031	0.00003765	0.04498162	0.46621822	0.04505874	0.47323299	0.64992683	0.64913404	0.33906629	0.33902759	0.64986824	0.64905737	0.33888790	0.33901132	60062	47029	0
60062	47149	0.00081301	0.04623576	0.46875869	0.04599379	0.46643261	0.64929370	0.64851652	0.33842059	0.33819914	0.64921843	0.64859894	0.33837383	0.33832757	60062	47148	0
60062	47152	0.00075235	0.04600545	0.46968100	0.04576537	0.46986298	0.64920660	0.64855744	0.33832741	0.33825698	0.64935779	0.64847675	0.33844754	0.33814934	60062	47151	0
60062	47156	0.00124171	0.04564689	0.47061215	0.04542248	0.46914408	0.64920569	0.64844544	0.33826890	0.33821130	0.64922500	0.64844914	0.33845584	0.33833636	60062	47154	0
60062	47159	0.00027552	0.04513748	0.46670133	0.04524423	0.46959991	0.64917965	0.64851554	0.33833916	0.33817013	0.64955624	0.64891111	0.33850925	0.33857334	60062	47157	0
60062	47162	0.00115175	0.04483703	0.47058096	0.04467293	0.46795225	0.64891144	0.64796154	0.33807152	0.33786667	0.64865966	0.64823139	0.33792476	0.33793298	60062	47161	0
60062	47280	0.00067300	0.04671221	0.46658050	0.04691528	0.46801677	0.64972075	0.64902179	0.33857655	0.33853637	0.64989479	0.64883305	0.33880926	0.33860901	60062	47279	0
60062	47284	0.00112057	0.04704455	0.46734139	0.04675819	0.46599867	0.64952049	0.64895055	0.33852618	0.33861903	0.64982650	0.64905713	0.33883408	0.33863662	60062	47282	0
60062	47287	0.00136773	0.04638320	0.46845776	0.04611508	0.46771628	0.64972970	0.64933306	0.33867302	0.33860531	0.64975427	0.64904028	0.33881723	0.33867852	60062	47285	0
60062	47290	0.00144418	0.04583330	0.46966480	0.04597578	0.46943545	0.64961253	0.64893617	0.33875273	0.33857351	0.64971680	0.64896173	0.33857523	0.33857334	60062	47289	0
60062	47293	0.00158692	0.04555931	0.46942833	0.04582450	0.46900012	0.64977761	0.64913749	0.33893547	0.33874402	0.65005839	0.64926527	0.33888897	0.33895922	60062	47292	0
60062	47412	0.00116092	0.04612591	0.46618557	0.04673257	0.46746358	0.65143953	0.65073737	0.34002885	0.34001899	0.65143616	0.65078347	0.34001332	0.34000970	60062	47410	0
60062	47415	0.00069922	0.04680354	0.46838495	0.04642950	0.46977003	0.65175605	0.65097255	0.34011414	0.34007832	0.65122005	0.65093664	0.33992194	0.34011184	60062	47413	0
60062	47418	0.00052700	0.04641353	0.46686095	0.04581890	0.46737761	0.65148070	0.65077197	0.34007265	0.34010626	0.65143583	0.65071642	0.34011143	0.33997059	60062	47417	0
60062	47421	0.00065488	0.04585430	0.46839252	0.04554889	0.46800888	0.65136179	0.65069883	0.34012811	0.34006139	0.65142958	0.65076572	0.34002984	0.33986401	60062	47420	0
60062	47425	0.00103013	0.04534902	0.46907130	0.04544387	0.46794555	0.65147601	0.65077657	0.34012861	0.34016476	0.65165671	0.65097583	0.34018013	0.34009089	60062	47423	0
60062	47543	0.00066603	0.04626588	0.46863378	0.04604488	0.46972610	0.65077780	0.65015486	0.33947411	0.33938635	0.65080582	0.65018123	0.33941495	0.33958036	60062	47541	0
60062	47546	0.00121639	0.04613420	0.46806355	0.04596527	0.46641246	0.65079810	0.65004220	0.33958734	0.33956581	0.65091511	0.65013127	0.33956203	0.33944757	60062	47545	0
60062	47549	0.00120713	0.04571232	0.46855507	0.04501333	0.46858285	0.65122259	0.65021624	0.33961323	0.33952300	0.65091190	0.65030688	0.33952497	0.33957115	60062	47548	0
60062	47553	0.00151357	0.04530172	0.46932295	0.04515874	0.46840364	0.65093771	0.65021451	0.33948750	0.33947657	0.65088298	0.65030638	0.33943680	0.33958677	60062	47551	0
60062	47556	-0.00026067	0.04497261	0.46575042	0.04510192	0.47107313	0.65067328	0.64998312	0.33938955	0.33939942	0.65086720	0.65000974	0.33956080	0.33932595	60062	47554	0
60062	47674	0.00125287	0.04632288	0.46974274	0.04650543	0.46520213	0.65182795	0.65112259	0.34070011	0.34043354	0.65200742	0.65117066	0.34054908	0.34047504	60062	47672	0
60062	47677	0.00088474	0.04640604	0.46705721	0.04653644	0.46816161	0.65210298	0.65139195	0.34086199	0.34071326	0.65185334	0.65129860	0.34057513	0.34060183	60062	47676	0
60062	47681	0.00079663	0.04623730	0.46995252	0.04591376	0.47021685	0.65197200	0.65131192	0.34075336	0.34065631	0.65178547	0.65110920	0.34048408	0.34053815	60062	47679	0
60062	47684	0.00088225	0.04548448	0.46864922	0.04558204	0.46839237	0.65178662	0.65108824	0.34057291	0.34045170	0.65189698	0.65122958	0.34058367	0.34054826	60062	47682	0
60062	47687	0.00109266	0.04548210	0.46929824	0.04482514	0.46866701	0.65197027	0.65116902	0.34055204	0.34054127	0.65200470	0.65132654	0.34051802	0.34070496	60062	47686	0
60062	47805	0.00110872	0.04642574	0.46746108	0.04669242	0.46741290	0.65059086	0.64999857	0.33896284	0.33896128	0.65064337	0.64993283	0.33894895	0.33884591	60062	47804	0
60062	47809	0.00025020	0.04640007	0.46549207	0.04627654	0.46806761	0.65076753	0.65006899	0.33898922	0.33907188	0.65088446	0.64994680	0.33905824	0.33892833	60062	47807	0
60062	47812	0.00034821	0.04619270	0.46867687	0.04580564	0.46838284	0.65061765	0.65021616	0.33908125	0.33898856	0.65067804	0.65007729	0.33890063	0.33889817	60062	47810	0
60062	47815	0.00136978	0.04558755	0.47073338	0.04558147	0.46766868	0.65074469	0.65018288	0.33911675	0.33908840	0.65094806	0.65001558	0.33904263	0.33900220	60062	47814	0
60062	47818	0.00163124	0.04530655	0.46855196	0.04533530	0.46776757	0.65082472	0.65006858	0.33890474	0.33896908	0.65077583	0.65000736	0.33916367	0.33892726	60062	47817	0
60062	47937	0.00188310	0.04630535	0.46778718	0.04608166	0.46703160	0.65115571	0.65034886	0.33972202	0.33977026	0.65145202	0.65076975	0.33983254	0.33986796	60062	47935	0
60062	47940	0.00168038	0.04618358	0.46800717	0.04585891	0.46861534	0.65137248	0.65065914	0.33977740	0.33976943	0.65137133	0.65060351	0.33984405	0.33957699	60062	47938	0
60062	47943	0.00059473	0.04566347	0.46769824	0.04536141	0.47095518	0.65137034	0.65063433	0.33969145	0.33979704	0.65131841	0.65054221	0.33968636	0.33960715	60062	47941	0
60062	47946	0.00070514	0.04546957	0.46659430	0.04507674	0.46626308	0.65124240	0.65049792	0.33967379	0.33958792	0.65130025	0.65055881	0.33983953	0.33969729	60062	47945	0
60062	47950	0.00109208	0.04519540	0.46791663	0.04480113	0.46675580	0.65127601	0.65042011	0.33962662	0.33947723	0.65135736	0.65056415	0.33964757	0.33957058	60062	47948	0
60062	48068	0.00181429	0.04668338	0.46924506	0.04692392	0.46707844	0.65134552	0.65070968	0.33957370	0.33937739	0.65143591	0.65063449	0.33958521	0.33955513	60062	48066	0
60062	48071	0.00115693	0.04659270	0.46785495	0.04658881	0.46982705	0.65200322	0.65099991	0.34008933	0.33981093	0.65148217	0.65074197	0.33971421	0.33955004	60062	48069	0
60062	48074	0.00099728	0.04615793	0.46839653	0.04606087	0.46887548	0.65129762	0.65048404	0.33961725	0.33945620	0.65137831	0.65061370	0.33965283	0.33953368	60062	48073	0
60062	48078	0.00146494	0.04612387	0.46885282	0.04562788	0.46744984	0.65156689	0.65101207	0.33965957	0.33960591	0.65139704	0.65066761	0.33980937	0.33958340	60062	48076	0
60062	48081	0.00052508	0.04579848	0.46648474	0.04549313	0.46930430	0.65123451	0.65079473	0.33984347	0.33971783	0.65152145	0.65075282	0.33971372	0.33957304	60062	48079	0
60062	48199	0.00095118	0.04637617	0.46945892	0.04610064	0.46818062	0.65321197	0.65240373	0.34146513	0.34141032	0.65308970	0.65236987	0.34127638	0.34133447	60062	48197	0
60062	48202	0.00081885	0.04618639	0.46736468	0.04605800	0.46776169	0.65308953	0.65249338	0.34139676	0.34135337	0.65327499	0.65250086	0.34141393	0.34138320	60062	48201	0
60062	48206	0.00103941	0.04571867	0.46786190	0.04546091	0.46720021	0.65309906	0.65245944	0.34136940	0.34141287	0.65340688	0.65240052	0.34150071	0.34131697	60062	48204	0
60062	48209	0.00107921	0.04531840	0.46841672	0.04521108	0.46829733	0.65328395	0.65276537	0.34153497	0.34139840	0.65324311	0.65251943	0.34148435	0.34126463	60062	48207	0
60062	48212	0.00071715	0.04467073	0.46714369	0.04522448	0.46822987	0.65328773	0.65244490	0.34137096	0.34121261	0.65321657	0.65230389	0.34143053	0.34132650	60062	48211	0
60062	48330	0.00148253	0.04651255	0.46791962	0.04669595	0.46562348	0.65279585	0.65199797	0.34080627	0.34082238	0.65273233	0.65207019	0.34077973	0.34080743	60062	48329	0
60062	48334	0.00072648	0.04753487	0.46659526	0.04637809	0.46886342	0.65319627	0.65242789	0.34119002	0.34111047	0.65298222	0.65240414	0.34098385	0.34096610	60062	48332	0
60062	48337	0.00030238	0.04631993	0.46666136	0.04596926	0.46793363	0.65289668	0.65232320	0.34084588	0.34099971	0.65307844	0.65218655	0.34109133	0.34096487	60062	48335	0
60062	48340	0.00147813	0.04562686	0.47077852	0.04575264	0.46725127	0.65291763	0.65221408	0.34102469	0.34090595	0.65289840	0.65218170	0.34097810	0.34079050	60062	48339	0
60062	48343	0.00096627	0.04558898	0.46771348	0.04552740	0.46924908	0.65274063	0.65216329	0.34087579	0.34083692	0.65297918	0.65228310	0.34096191	0.34099741	60062	48342	0
60062	48462	0.00156973	0.04683882	0.46873907	0.04748934	0.46692868	0.65186477	0.65123944	0.33982490	0.33984347	0.65207011	0.65128998	0.33982153	0.33974873	60062	48460	0
60062	48465	0.00085411	0.04710427	0.46749957	0.04690760	0.46964643	0.65194940	0.65107510	0.33978332	0.33974141	0.65174677	0.65124355	0.33977486	0.33955587	60062	48463	0
60062	48468	0.00194821	0.04673504	0.47049471	0.04656889	0.46721243	0.65186698	0.65105242	0.33965785	0.33964223	0.65184143	0.65095472	0.33972449	0.33959055	60062	48466	0
60062	48471	0.00237067	0.04629877	0.46895572	0.04608193	0.46768831	0.65141307	0.65068832	0.33950911	0.33941149	0.65176123	0.65103615	0.33973961	0.33971019	60062	48470	0
60062	48475	0.00012130	0.04624133	0.46626435	0.04586321	0.47301249	0.65175088	0.65131076	0.33956885	0.33971512	0.65192557	0.65100205	0.33975571	0.33955760	60062	48473	0
60062	48593	0.00089796	0.04679744	0.46949456	0.04668167	0.46716455	0.65304935	0.65199402	0.34097916	0.34047718	0.65262715	0.65197430	0.34059123	0.34060216	60062	48591	0
60062	48596	0.00138108	0.04641393	0.46860006	0.04652643	0.46715072	0.65281007	0.65219666	0.34076618	0.34067570	0.65275633	0.65202903	0.34081934	0.34082772	60062	48594	0
60062	48599	0.00264540	0.04610552	0.47028615	0.04622218	0.46649319	0.65281656	0.65218491	0.34082780	0.34072887	0.65287383	0.65228491	0.34084448	0.34075393	60062	48598	0
60062	48603	0.00051461	0.04567838	0.46451872	0.04563396	0.47091109	0.65302897	0.65233520	0.34079387	0.34092411	0.65279100	0.65214382	0.34084802	0.34084835	60062	48601	0
60062	48606	0.00108826	0.04551071	0.46955695	0.04518428	0.46783599	0.65298427	0.65219666	0.34082813	0.34082953	0.65296225	0.65213593	0.34092912	0.34080611	60062	48604	0
60062	48724	0.00051816	0.04659869	0.46595562	0.04643266	0.46766594	0.65205631	0.65128028	0.33982671	0.33977469	0.65220989	0.65143098	0.33989581	0.33980148	60062	48723	0
60062	48728	0.00124928	0.04660584	0.46939581	0.04658589	0.46720245	0.65221046	0.65143558	0.33995777	0.33988464	0.65227554	0.65157182	0.34012006	0.33990847	60062	48726	0
60062	48731	0.00073543	0.04651525	0.46780426	0.04573581	0.46934580	0.65228187	0.65148308	0.34000403	0.33997766	0.65230767	0.65143583	0.34002811	0.33991899	60062	48729	0
60062	48734	0.00057775	0.04569062	0.46783041	0.04621428	0.46830346	0.65229395	0.65155876	0.34005194	0.34002819	0.65192122	0.65131068	0.33997158	0.33993756	60062	48732	0
60062	48737	0.00102732	0.04552750	0.46966387	0.04532888	0.46831515	0.65210725	0.65153493	0.34008317	0.33997486	0.65243701	0.65156254	0.34027257	0.33996385	60062	48736	0
60062	48856	0.00102655	0.04684102	0.46820658	0.04696646	0.46820888	0.65255928	0.65156032	0.34031645	0.34007922	0.65254769	0.65175540	0.34043691	0.34010954	60062	48854	0
60062	48859	0.00031066	0.04679526	0.46605349	0.04686483	0.46820116	0.65217176	0.65209485	0.34038695	0.34063741	0.65269766	0.65185219	0.34061235	0.34055278	60062	48857	0
60062	48862	0.00152647	0.04659018	0.46957216	0.04674004	0.46592475	0.65272576	0.65204168	0.34052402	0.34057611	0.65277736	0.65217348	0.34059386	0.34052073	60062	48861	0
60062	48865	0.00202916	0.04633313	0.47008987	0.04591135	0.46858178	0.65261409	0.65191226	0.34061835	0.34061293	0.65297860	0.65191136	0.34095829	0.34068220	60062	48864	0
60062	48869	0.00119728	0.04600336	0.46688181	0.04556398	0.46937747	0.65271401	0.65223503	0.34077842	0.34081983	0.65273973	0.65210857	0.34081975	0.34071926	60062	48867	0
60062	48987	0.00183846	0.04638962	0.46931622	0.04670076	0.46739268	0.65373170	0.65276380	0.34172980	0.34151714	0.65370368	0.65303957	0.34170688	0.34151065	60062	48985	0
60062	48990	0.00115490	0.04634892	0.46704757	0.04616929	0.46909825	0.65369686	0.65303020	0.34155174	0.34149372	0.65358305	0.65313243	0.34156094	0.34160654	60062	48989	0
60062	48994	0.00050469	0.04600083	0.46628355	0.04541096	0.46823417	0.65362348	0.65289068	0.34157778	0.34143390	0.65350885	0.65289487	0.34148723	0.34137917	60062	48992	0
60062	48997	0.00053050	0.04551075	0.46916034	0.04537605	0.46908291	0.65353597	0.65303209	0.34141098	0.34153448	0.65363211	0.65295173	0.34142445	0.34136126	60062	48995	0
60062	49000	0.00097791	0.04540238	0.47039145	0.04522357	0.46904920	0.65383409	0.65290243	0.34146348	0.34145190	0.65338288	0.65277843	0.34139109	0.34127276	60062	48998	0
60062	49118	0.00087488	0.04663100	0.46703893	0.04662786	0.46734804	0.65378109	0.65314467	0.34168937	0.34157170	0.65401906	0.65323300	0.34182430	0.34174213	60062	49117	0
60062	49122	0.00128012	0.04635999	0.47034439	0.04648057	0.46912866	0.65387452	0.65302766	0.34163662	0.34155157	0.65376687	0.65298994	0.34156891	0.34162076	60062	49120	0
60062	49125	0.00141416	0.04626117	0.46910434	0.04572995	0.46870222	0.65375824	0.65271409	0.34169595	0.34152873	0.65352734	0.65285312	0.34151295	0.34143760	60062	49123	0
60062	49128	0.00197185	0.04572918	0.46909769	0.04536213	0.46742464	0.65338486	0.65255476	0.34131360	0.34134622	0.65353466	0.65278016	0.34137482	0.34148501	60062	49126	0
60062	49131	0.00131845	0.04553447	0.46687604	0.04540369	0.46883624	0.65376893	0.65286323	0.34174500	0.34146595	0.65364246	0.65278821	0.34156562	0.34152610	60062	49130	0
60062	49250	0.00142939	0.04643015	0.46811400	0.04697314	0.46778117	0.65300374	0.65252945	0.34119667	0.34118262	0.65341978	0.65265945	0.34124096	0.34125608	60062	49248	0
60062	49253	0.00017554	0.04669693	0.46661067	0.04624502	0.47037223	0.65343498	0.65286446	0.34133201	0.34135173	0.65374699	0.65281549	0.34168313	0.34138747	60062	49251	0
60062	49256	0.00108821	0.04611589	0.46956078	0.04590723	0.46682277	0.65331468	0.65268024	0.34124499	0.34135896	0.65317721	0.65244317	0.34118089	0.34122650	60062	49255	0
60062	49259	0.00102031	0.04577007	0.46897787	0.04606358	0.46918156	0.65325872	0.65271902	0.34116126	0.34128106	0.65333695	0.65254934	0.34126808	0.34112831	60062	49258	0
60062	49263	0.00069845	0.04537676	0.46751420	0.04575543	0.46847979	0.65311665	0.65228138	0.34112329	0.34099437	0.65317466	0.65245089	0.34117276	0.34099100	60062	49261	0
60062	49381	0.00208158	0.04654887	0.46967907	0.04646828	0.46552967	0.65256577	0.65173403	0.34027372	0.34023781	0.65262288	0.65186403	0.34026411	0.34026854	60062	49379	0
60062	49384	0.00168894	0.04651742	0.46779138	0.04619860	0.46896930	0.65264293	0.65187693	0.34036353	0.34022310	0.65265279	0.65192697	0.34026600	0.34019525	60062	49383	0
60062	49388	0.00076404	0.04602271	0.46832171	0.04587034	0.47109639	0.65276331	0.65192097	0.34040322	0.34029278	0.65253068	0.65192344	0.34021168	0.34014890	60062	49386	0
60062	49391	0.00000960	0.04547663	0.46686355	0.04539197	0.46912688	0.65240250	0.65201152	0.34022598	0.34033527	0.65271360	0.65166484	0.34023642	0.34004224	60062	49389	0
60062	49394	0.00006354	0.04541707	0.46798580	0.04524672	0.46782397	0.65284803	0.65212681	0.34037035	0.34028711	0.65231835	0.65147897	0.34017528	0.33998998	60062	49392	0
60062	49512	0.00129297	0.04617995	0.46897847	0.04628840	0.46529020	0.65361387	0.65303415	0.34166595	0.34163802	0.65372866	0.65324615	0.34172479	0.34169134	60062	49511	0
60062	49516	0.00066130	0.04631536	0.46686058	0.04595920	0.46875559	0.65391840	0.65309339	0.34162585	0.34166160	0.65387378	0.65308394	0.34177689	0.34177902	60062	49514	0
60062	49519	0.00123940	0.04587343	0.46933125	0.04575322	0.46759694	0.65389580	0.65335289	0.34176900	0.34178749	0.65401708	0.65332142	0.34177886	0.34174139	60062	49517	0
60062	49522	0.00206282	0.04559372	0.47056746	0.04525865	0.46809720	0.65385701	0.65324944	0.34182520	0.34164516	0.65426237	0.65324048	0.34197574	0.34167713	60062	49520	0
60062	49525	0.00139238	0.04549611	0.46605891	0.04520247	0.46807024	0.65398085	0.65323999	0.34186900	0.34175774	0.65405710	0.65324023	0.34177368	0.34170342	60062	49524	0
60062	49644	0.00135027	0.04677541	0.46743413	0.04728038	0.46756046	0.65400361	0.65289133	0.34146521	0.34114326	0.65359029	0.65282510	0.34114745	0.34108015	60062	49642	0
60062	49647	0.00120767	0.04708675	0.46841406	0.04671641	0.46884185	0.65385858	0.65316562	0.34125156	0.34120711	0.65426335	0.65299881	0.34145034	0.34118418	60062	49646	0
60062	49651	0.00078025	0.04633336	0.46707627	0.04607472	0.46835854	0.65346013	0.65279486	0.34117038	0.34109519	0.65358223	0.65283710	0.34104178	0.34093364	60062	49649	0
60062	49654	0.00158969	0.04635953	0.46854673	0.04601478	0.46611841	0.65372020	0.65313349	0.34106503	0.34119675	0.65360762	0.65305124	0.34105887	0.34103726	60062	49652	0
60062	49657	0.00186561	0.04603371	0.46873384	0.04592113	0.46790607	0.65363581	0.65291188	0.34101228	0.34098442	0.65335256	0.65270094	0.34085566	0.34076634	60062	49655	0
60062	49775	0.00127653	0.04599872	0.46753883	0.04623769	0.46930607	0.65372817	0.65313432	0.34153103	0.34141056	0.65419753	0.65326283	0.34172306	0.34142453	60062	49774	0
60062	49779	0.00128869	0.04619016	0.46848159	0.04619786	0.46844512	0.65393253	0.65332495	0.34146176	0.34153431	0.65385143	0.65311476	0.34154500	0.34137548	60062	49777	0
60062	49782	0.00009627	0.04593020	0.46719818	0.04545193	0.47077543	0.65383532	0.65340885	0.34147170	0.34148879	0.65380508	0.65328124	0.34139569	0.34146537	60062	49780	0
60062	49785	0.00062023	0.04555024	0.46951261	0.04510825	0.46794074	0.65376465	0.65318723	0.34156981	0.34140120	0.65372628	0.65298731	0.34143160	0.34141517	60062	49784	0
60062	49788	0.00176273	0.04544214	0.47039117	0.04514083	0.46696367	0.65365627	0.65280514	0.34141081	0.34115238	0.65375192	0.65286142	0.34147745	0.34122543	60062	49787	0
60062	49907	0.00060747	0.04644741	0.46674171	0.04662700	0.47020750	0.65328502	0.65270735	0.34104745	0.34094810	0.65338617	0.65275575	0.34107350	0.34106454	60062	49905	0
60062	49910	0.00142420	0.04633913	0.47003728	0.04649595	0.46758709	0.65327064	0.65253660	0.34111105	0.34102682	0.65353055	0.65268311	0.34121516	0.34096215	60062	49908	0
60062	49913	0.00068124	0.04615874	0.46721397	0.04578998	0.46944286	0.65340614	0.65275887	0.34119979	0.34121072	0.65336826	0.65268270	0.34096298	0.34104309	60062	49912	0
60062	49916	0.00174172	0.04576610	0.46934713	0.04538346	0.46616568	0.65338091	0.65253602	0.34101548	0.34098064	0.65346308	0.65277999	0.34133628	0.34116627	60062	49915	0
60062	49920	0.00146459	0.04545543	0.46764856	0.04531779	0.46847994	0.65349045	0.65274408	0.34110341	0.34102641	0.65351986	0.65263800	0.34116972	0.34124975	60062	49918	0
60062	50038	0.00071004	0.04655320	0.46392876	0.04642950	0.46619242	0.65321534	0.65241351	0.34089880	0.34085155	0.65341962	0.65266010	0.34096224	0.34095336	60062	50036	0
60062	50041	0.00044075	0.04687719	0.46852132	0.04651992	0.46932918	0.65357360	0.65302914	0.34106832	0.34117358	0.65358577	0.65286142	0.34122486	0.34110168	60062	50040	0
60062	50044	0.00098038	0.04615255	0.47042500	0.04601441	0.46880612	0.65356728	0.65282436	0.34108821	0.34109453	0.65356728	0.65282206	0.34127736	0.34108919	60062	50043	0
60062	50048	0.00056196	0.04566327	0.46981558	0.04575577	0.47107085	0.65365109	0.65282001	0.34113570	0.34103562	0.65356103	0.65277687	0.34115181	0.34099067	60062	50046	0
60062	50051	0.00093402	0.04564167	0.46807770	0.04543802	0.46696150	0.65307392	0.65260488	0.34088845	0.34109864	0.65323563	0.65239140	0.34118574	0.34085443	60062	50049	0
60062	50169	0.00125274	0.04673494	0.46794368	0.04668837	0.46698752	0.65392324	0.65312840	0.34121902	0.34114720	0.65385940	0.65301985	0.34125107	0.34113192	60062	50168	0
60062	50173	0.00173310	0.04661568	0.46815562	0.04648686	0.46671454	0.65383409	0.65311772	0.34115197	0.34107777	0.65396934	0.65324960	0.34136241	0.34124934	60062	50171	0
60062	50176	0.00084977	0.04622010	0.46732562	0.04604157	0.46997560	0.65397814	0.65331197	0.34136595	0.34131409	0.65422095	0.65321879	0.34139405	0.34121935	60062	50174	0
60062	50179	0.00165520	0.04590243	0.46957579	0.04585992	0.46715952	0.65398496	0.65339496	0.34138567	0.34147885	0.65410953	0.65346070	0.34142042	0.34141697	60062	50178	0
60062	50183	0.00092095	0.04572658	0.46656774	0.04577068	0.46877050	0.65395677	0.65329948	0.34136529	0.34130087	0.65401380	0.65310071	0.34152544	0.34130686	60062	50181	0
60062	50301	0.00151891	0.04657808	0.46971682	0.04688642	0.46792292	0.65473313	0.65392382	0.34207541	0.34200754	0.65481390	0.65418093	0.34197344	0.34216909	60062	50299	0
60062	50304	0.00103332	0.04669280	0.46779205	0.04649976	0.46924884	0.65477709	0.65387509	0.34202932	0.34197254	0.65461151	0.65390303	0.34192636	0.34193375	60062	50302	0
60062	50307	-0.00004979	0.04612461	0.46706964	0.04605921	0.47031896	0.65476550	0.65413903	0.34213137	0.34204715	0.65461077	0.65405661	0.34198708	0.34197295	60062	50306	0
60062	50311	0.00105546	0.04573268	0.47106358	0.04542314	0.46774781	0.65470667	0.65422153	0.34201058	0.34214567	0.65480741	0.65394831	0.34201707	0.34185889	60062	50309	0
60062	50314	0.00109192	0.04552340	0.46727777	0.04546214	0.46716839	0.65467380	0.65393475	0.34200319	0.34190688	0.65464414	0.65395266	0.34199094	0.34200532	60062	50312	0
60062	50432	0.00039871	0.04707610	0.46738835	0.04720602	0.46946800	0.65416664	0.65336374	0.34146102	0.34143300	0.65441381	0.65346506	0.34170162	0.34145042	60062	50430	0
60062	50435	0.00121815	0.04723455	0.47016171	0.04698513	0.46770338	0.65436664	0.65357204	0.34165034	0.34153185	0.65435317	0.65361140	0.34156357	0.34151517	60062	50434	0
60062	50439	0.00208856	0.04667712	0.46984096	0.04657440	0.46722972	0.65423730	0.65381971	0.34157031	0.34158493	0.65436409	0.65367665	0.34160498	0.34146792	60062	50437	0
60062	50442	0.00054666	0.04641692	0.46630615	0.04648188	0.47093185	0.65417839	0.65343227	0.34137235	0.34136479	0.65415028	0.65343342	0.34141163	0.34132659	60062	50440	0
60062	50445	0.00075473	0.04618512	0.46796974	0.04647357	0.46734555	0.65417173	0.65354123	0.34136660	0.34136800	0.65425300	0.65357171	0.34140629	0.34129610	60062	50443	0
60062	50563	0.00065660	0.04708561	0.46883154	0.04761344	0.46912592	0.65441570	0.65360680	0.34167392	0.34159003	0.65452252	0.65379062	0.34174911	0.34170005	60062	50562	0
60062	50567	0.00004649	0.04715030	0.46786832	0.04708821	0.46969864	0.65441981	0.65389637	0.34162717	0.34161953	0.65459270	0.65384255	0.34181707	0.34166431	60062	50565	0
60062	50570	0.00160762	0.04661925	0.47034327	0.04650681	0.46565990	0.65473313	0.65397386	0.34179414	0.34174985	0.65445465	0.65365586	0.34174057	0.34171624	60062	50568	0
60062	50573	0.00168367	0.04623019	0.47033148	0.04623953	0.47010332	0.65448768	0.65385060	0.34164040	0.34166636	0.65440395	0.65360943	0.34168978	0.34158156	60062	50571	0
60062	50576	0.00030230	0.04585611	0.46519738	0.04574754	0.46934148	0.65446048	0.65371765	0.34163514	0.34158617	0.65458382	0.65362143	0.34175905	0.34157770	60062	50575	0
60062	50695	0.00111362	0.04671135	0.46992974	0.04684017	0.46749579	0.65453616	0.65377501	0.34161386	0.34161394	0.65481308	0.65420822	0.34180786	0.34184681	60062	50693	0
60062	50698	0.00054075	0.04679757	0.46772137	0.04661286	0.46943998	0.65465367	0.65399728	0.34184295	0.34170720	0.65529855	0.65452458	0.34214263	0.34204789	60062	50696	0
60062	50701	0.00078875	0.04679132	0.46892503	0.04652906	0.46818104	0.65497101	0.65427691	0.34198445	0.34194230	0.65490815	0.65445678	0.34207525	0.34210360	60062	50699	0
60062	50704	0.00124168	0.04574507	0.46888558	0.04581470	0.46752679	0.65490125	0.65413664	0.34207952	0.34197533	0.65522796	0.65415102	0.34223014	0.34203260	60062	50703	0
60062	50708	0.00240961	0.04573688	0.46910911	0.04565550	0.46560531	0.65545435	0.65457741	0.34242473	0.34230870	0.65512706	0.65454019	0.34221412	0.34224740	60062	50706	0
60062	50826	0.00184151	0.04725922	0.46756100	0.04711447	0.46926531	0.65525919	0.65462852	0.34234773	0.34226498	0.65547538	0.65484406	0.34245003	0.34244897	60062	50824	0
60062	50829	0.00031562	0.04708476	0.46535918	0.04723141	0.46993686	0.65563225	0.65467939	0.34256992	0.34239490	0.65549017	0.65464570	0.34256787	0.34229259	60062	50827	0
60062	50832	0.00168498	0.04664363	0.47194116	0.04656380	0.46783306	0.65539272	0.65477536	0.34242325	0.34236293	0.65523043	0.65471719	0.34229711	0.34234896	60062	50831	0
60062	50836	0.00061071	0.04636534	0.46600024	0.04614550	0.46922307	0.65526412	0.65460486	0.34241396	0.34222949	0.65532772	0.65449524	0.34233803	0.34227797	60062	50834	0
60062	50839	0.00166041	0.04605175	0.47102314	0.04599345	0.46787403	0.65512640	0.65454109	0.34227780	0.34225389	0.65529691	0.65449836	0.34222439	0.34218750	60062	50837	0
60062	50957	0.00074534	0.04694678	0.46664103	0.04713671	0.46938625	0.65349784	0.65283751	0.34050019	0.34052878	0.65367098	0.65316316	0.34064703	0.34057734	60062	50955	0
60062	50960	0.00128205	0.04707866	0.46929635	0.04681993	0.46768621	0.65365767	0.65309594	0.34056034	0.34058910	0.65363515	0.65284614	0.34065812	0.34053725	60062	50959	0
60062	50964	0.00067378	0.04660435	0.46582772	0.04638843	0.46765254	0.65356342	0.65273792	0.34051202	0.34036526	0.65357278	0.65285058	0.34044834	0.34041867	60062	50962	0
60062	50967	0.00078988	0.04629438	0.46789748	0.04602023	0.46754918	0.65349217	0.65301755	0.34040174	0.34056206	0.65359661	0.65284384	0.34055089	0.34040602	60062	50965	0
60062	50970	0.00138102	0.04590346	0.46875031	0.04613815	0.46697689	0.65396195	0.65276882	0.34074571	0.34033305	0.65359390	0.65307170	0.34038819	0.34043108	60062	50969	0
60062	51088	0.00185759	0.04640602	0.46895157	0.04660949	0.46752187	0.65402727	0.65337623	0.34101368	0.34105682	0.65401051	0.65340721	0.34110867	0.34097243	60062	51087	0
60062	51092	0.00101605	0.04655342	0.46643294	0.04651625	0.46895756	0.65390837	0.65319701	0.34099083	0.34095492	0.65413114	0.65325946	0.34106963	0.34101737	60062	51090	0
60062	51095	0.00129277	0.04617084	0.46795720	0.04575774	0.46712702	0.65386153	0.65316209	0.34101918	0.34092164	0.65365980	0.65305543	0.34086864	0.34070422	60062	51093	0
60062	51098	0.00128408	0.04557284	0.46693249	0.04549047	0.46695856	0.65368199	0.65332093	0.34079970	0.34102321	0.65352110	0.65295074	0.34066593	0.34061703	60062	51097	0
60062	51101	0.00142346	0.04525806	0.46842088	0.04557338	0.46800274	0.65358831	0.65290530	0.34065040	0.34059279	0.65349143	0.65269141	0.34070644	0.34062821	60062	51100	0
60062	51220	0.00105121	0.04682922	0.46806777	0.04741787	0.46918452	0.65451299	0.65388964	0.34145773	0.34141065	0.65446673	0.65383844	0.34139890	0.34132856	60062	51218	0
60062	51223	0.00143819	0.04699290	0.46917860	0.04713581	0.46801764	0.65451274	0.65378626	0.34134244	0.34131672	0.65470215	0.65416236	0.34154261	0.34155132	60062	51221	0
60062	51226	0.00090798	0.04675039	0.46548265	0.04646368	0.46707329	0.65474948	0.65399679	0.34156069	0.34150104	0.65458604	0.65396375	0.34151599	0.34148082	60062	51225	0
60062	51229	0.00117541	0.04628107	0.47044978	0.04628742	0.46964748	0.65506420	0.65386622	0.34198240	0.34153358	0.65473748	0.65377994	0.34162117	0.34140169	60062	51228	0
60062	51233	0.00053884	0.04610217	0.46664406	0.04594844	0.46855378	0.65447872	0.65391125	0.34140169	0.34139438	0.65472442	0.65441825	0.34162906	0.34183531	60062	51231	0
60062	51351	0.00054703	0.04728884	0.46852462	0.04740329	0.46850003	0.65443197	0.65376432	0.34107226	0.34095361	0.65451389	0.65393450	0.34117268	0.34122897	60062	51349	0
60062	51354	0.00191268	0.04736390	0.46934753	0.04703968	0.46525059	0.65456969	0.65387361	0.34123570	0.34106774	0.65463099	0.65395620	0.34129610	0.34114170	60062	51353	0
60062	51357	0.00161869	0.04682552	0.46746737	0.04654463	0.46834933	0.65436771	0.65370664	0.34114589	0.34106027	0.65440469	0.65352151	0.34105065	0.34098590	60062	51356	0
60062	51361	0.00178556	0.04660400	0.47044426	0.04639154	0.46994367	0.65435851	0.65365019	0.34106438	0.34099075	0.65446459	0.65360565	0.34124425	0.34100480	60062	51359	0
60062	51364	0.00009697	0.04585672	0.46588472	0.04592572	0.47095050	0.65419211	0.65338091	0.34099313	0.34087990	0.65449680	0.65359086	0.34113430	0.34092460	60062	51362	0
60062	51482	0.00177082	0.04637855	0.47011739	0.04683679	0.46509582	0.65471743	0.65396441	0.34152281	0.34156414	0.65465720	0.65371856	0.34152963	0.34151131	60062	51481	0
60062	51485	0.00206904	0.04650450	0.46902259	0.04639692	0.46812793	0.65448029	0.65361280	0.34161254	0.34151468	0.65467092	0.65390024	0.34151114	0.34140703	60062	51484	0
60062	51489	0.00124894	0.04628769	0.46659503	0.04596053	0.46905533	0.65448259	0.65371806	0.34153415	0.34147055	0.65443484	0.65359826	0.34142462	0.34144582	60062	51487	0
60062	51492	0.00099057	0.04577002	0.46727962	0.04536151	0.46805473	0.65419129	0.65357328	0.34128928	0.34132461	0.65421906	0.65380977	0.34140366	0.34158510	60062	51490	0
60062	51495	0.00152851	0.04551580	0.46858558	0.04531182	0.46697177	0.65403878	0.65326710	0.34121500	0.34114129	0.65412267	0.65339406	0.34125559	0.34110086	60062	51494	0
60062	51613	0.00157299	0.04719273	0.46813369	0.04742348	0.46800025	0.65529978	0.65438110	0.34198716	0.34191880	0.65532534	0.65448308	0.34213310	0.34207837	60062	51612	0
60062	51617	0.00090802	0.04738225	0.46541220	0.04686005	0.46740710	0.65518088	0.65464561	0.34219259	0.34210804	0.65512755	0.65453493	0.34207615	0.34204920	60062	51615	0
60062	51620	0.00105203	0.04688434	0.46952832	0.04677344	0.46909628	0.65528696	0.65452803	0.34225488	0.34217821	0.65503642	0.65451989	0.34214510	0.34208067	60062	51618	0
60062	51623	0.00167692	0.04643046	0.46944869	0.04662050	0.46757403	0.65510117	0.65451619	0.34214501	0.34209768	0.65533594	0.65444413	0.34220475	0.34213031	60062	51622	0
60062	51626	0.00120126	0.04619553	0.46870555	0.04615755	0.47013254	0.65535886	0.65461217	0.34224871	0.34206892	0.65535492	0.65447503	0.34232785	0.34219900	60062	51625	0
60062	51745	0.00096930	0.04671319	0.46978674	0.04681841	0.47048263	0.65495022	0.65411199	0.34158321	0.34143554	0.65499369	0.65438842	0.34175100	0.34174747	60062	51743	0
60062	51748	0.00216710	0.04688645	0.46982279	0.04674126	0.46622939	0.65501613	0.65455835	0.34168855	0.34176489	0.65514834	0.65456155	0.34177319	0.34176850	60062	51746	0
60062	51751	0.00032187	0.04617963	0.46506197	0.04641372	0.47059765	0.65514226	0.65447708	0.34185528	0.34179521	0.65524514	0.65454504	0.34182578	0.34178781	60062	51750	0
60062	51754	0.00197227	0.04605411	0.46980410	0.04585447	0.46485289	0.65531712	0.65446459	0.34194714	0.34185413	0.65534276	0.65458193	0.34196309	0.34185257	60062	51753	0
60062	51758	0.00119516	0.04574724	0.46769164	0.04551843	0.47002299	0.65539428	0.65466665	0.34193720	0.34197582	0.65543857	0.65475950	0.34204033	0.34208454	60062	51756	0
60062	51876	0.00122249	0.04692202	0.46759323	0.04698122	0.46751124	0.65454224	0.65371724	0.34100710	0.34109067	0.65446960	0.65379095	0.34113348	0.34118607	60062	51874	0
60062	51879	0.00096942	0.04711878	0.46701075	0.04663881	0.46776995	0.65444676	0.65376400	0.34112173	0.34106290	0.65458809	0.65396786	0.34121319	0.34108369	60062	51878	0
60062	51882	0.00112269	0.04660002	0.46842674	0.04634535	0.46796693	0.65458809	0.65382291	0.34123866	0.34101573	0.65495294	0.65387460	0.34142831	0.34111598	60062	51881	0
60062	51886	0.00140102	0.04626033	0.46981270	0.04601040	0.46897771	0.65455531	0.65391651	0.34114293	0.34098426	0.65455621	0.65374789	0.34117153	0.34103940	60062	51884	0
60062	51889	0.00169261	0.04596908	0.46933182	0.04590100	0.46845705	0.65438447	0.65411257	0.34101557	0.34120776	0.65451102	0.65371173	0.34094753	0.34091844	60062	51887	0
60062	52007	0.00101825	0.04764213	0.46638926	0.04723191	0.46841236	0.65428603	0.65366859	0.34085763	0.34086125	0.65396918	0.65342709	0.34077834	0.34080784	60062	52006	0
60062	52010	0.00018755	0.04753738	0.46686073	0.04756854	0.46935282	0.65392185	0.65338592	0.34072895	0.34077768	0.65423673	0.65332150	0.34102091	0.34081310	60062	52009	0
60062	52014	0.00172654	0.04721041	0.47034448	0.04714623	0.46572752	0.65423788	0.65351387	0.34098944	0.34085895	0.65412128	0.65339053	0.34097218	0.34088713	60062	52012	0
60062	52017	-0.00027443	0.04691873	0.46476461	0.04674305	0.47076753	0.65441512	0.65379128	0.34113948	0.34107309	0.65457207	0.65391823	0.34129043	0.34120883	60062	52015	0
60062	52020	0.00048508	0.04649877	0.46878833	0.04642650	0.46650978	0.65473559	0.65416376	0.34145469	0.34150358	0.65466608	0.65383187	0.34136036	0.34132182	60062	52019	0
60062	52138	0.00007751	0.04709357	0.46898167	0.04744197	0.47020438	0.65459861	0.65369012	0.34108048	0.34092830	0.65441759	0.65367731	0.34107917	0.34092345	60062	52137	0
60062	52142	0.00122646	0.04738641	0.47176781	0.04678223	0.46832098	0.65449064	0.65360713	0.34115419	0.34099453	0.65455038	0.65390582	0.34112305	0.34113036	60062	52140	0
60062	52145	0.00139055	0.04651340	0.46689097	0.04629853	0.46639868	0.65458686	0.65461168	0.34115879	0.34158148	0.65474225	0.65397756	0.34125493	0.34123316	60062	52143	0
60062	52148	0.00058433	0.04625205	0.46801346	0.04592636	0.47043214	0.65499410	0.65441800	0.34131097	0.34146808	0.65487545	0.65396786	0.34125362	0.34116101	60062	52147	0
60062	52151	0.00160763	0.04585099	0.47021765	0.04621966	0.46714774	0.65465852	0.65411281	0.34121089	0.34129470	0.65480240	0.65414355	0.34131385	0.34132182	60062	52150	0
60062	52270	0.00165331	0.04650886	0.46804478	0.04682790	0.46790775	0.65472672	0.65382308	0.34120703	0.34106799	0.65495400	0.65417075	0.34156176	0.34132108	60062	52268	0
60062	52273	0.00161794	0.04676951	0.46782878	0.04654945	0.46793488	0.65485564	0.65424955	0.34126077	0.34131804	0.65498202	0.65429951	0.34138821	0.34130243	60062	52271	0
60062	52276	0.00087189	0.04639449	0.46715819	0.04591108	0.46939635	0.65473009	0.65393015	0.34125025	0.34118048	0.65481752	0.65390582	0.34129191	0.34113759	60062	52275	0
60062	52279	0.00082814	0.04600199	0.46769679	0.04599588	0.46782802	0.65514275	0.65397978	0.34153308	0.34117900	0.65485926	0.65398783	0.34128427	0.34109461	60062	52278	0
60062	52283	0.00176806	0.04563032	0.47054656	0.04538932	0.46772679	0.65478522	0.65403828	0.34121360	0.34117457	0.65474742	0.65434413	0.34121097	0.34149019	60062	52281	0
60062	52401	0.00085510	0.04721609	0.46721118	0.04741390	0.46995007	0.65517694	0.65442178	0.34208651	0.34194246	0.65508564	0.65455169	0.34186325	0.34202759	60062	52399	0
60062	52404	0.00133433	0.04710662	0.46843039	0.04735363	0.46699272	0.65554942	0.65491160	0.34223877	0.34212324	0.65556142	0.65483477	0.34217673	0.34209768	60062	52403	0
60062	52407	0.00135625	0.04695546	0.46830811	0.04671558	0.46824233	0.65553118	0.65486016	0.34224584	0.34221741	0.65559502	0.65492754	0.34234485	0.34225931	60062	52406	0
60062	52411	0.00121768	0.04636222	0.46703830	0.04666624	0.46745403	0.65565821	0.65491432	0.34238191	0.34231823	0.65562313	0.65502796	0.34243253	0.34243565	60062	52409	0
60062	52414	0.00178247	0.04603087	0.46928791	0.04612057	0.46759352	0.65566528	0.65495400	0.34245587	0.34236096	0.65571598	0.65494324	0.34244297	0.34239375	60062	52412	0
60062	52532	0.00149051	0.04669798	0.46731732	0.04688671	0.46819322	0.65472105	0.65394190	0.34121311	0.34118648	0.65467930	0.65394116	0.34121582	0.34118969	60062	52531	0
60062	52535	0.00082025	0.04687996	0.46592293	0.04660795	0.46793370	0.65460543	0.65379736	0.34126824	0.34119207	0.65470453	0.65392817	0.34127063	0.34114794	60062	52534	0
60062	52539	0.00152499	0.04639186	0.46963536	0.04629255	0.46752114	0.65473321	0.65399671	0.34122461	0.34119593	0.65454159	0.65384666	0.34112904	0.34113315	60062	52537	0
60062	52542	0.00111583	0.04600651	0.46865263	0.04575151	0.46988011	0.65458530	0.65369333	0.34105484	0.34107892	0.65444010	0.65400344	0.34105723	0.34117818	60062	52540	0
60062	52545	0.00115451	0.04505521	0.46972201	0.04572777	0.46960597	0.65457618	0.65391043	0.34107300	0.34095813	0.65462885	0.65390706	0.34117095	0.34100957	60062	52544	0
60062	52663	0.00051994	0.04648972	0.46702445	0.04658352	0.46892816	0.65499969	0.65408093	0.34179751	0.34171674	0.65503601	0.65419589	0.34187672	0.34153604	60062	52662	0
60062	52667	0.00104418	0.04656287	0.47043047	0.04661925	0.46885774	0.65484069	0.65420764	0.34180827	0.34177853	0.65477758	0.65403327	0.34163925	0.34168945	60062	52665	0
60062	52670	0.00052735	0.04611215	0.46697855	0.04573663	0.46852907	0.65494324	0.65412062	0.34168485	0.34169299	0.65470116	0.65390780	0.34165166	0.34167655	60062	52668	0
60062	52673	0.00090102	0.04560592	0.46724530	0.04563814	0.46612428	0.65478284	0.65414404	0.34155141	0.34160794	0.65480700	0.65415941	0.34162092	0.34157187	60062	52672	0
60062	52676	-0.00008104	0.04522732	0.46632583	0.04521009	0.46927201	0.65499131	0.65416014	0.34172997	0.34149783	0.65500824	0.65414010	0.34178461	0.34152667	60062	52675	0
60062	52795	0.00096736	0.04719284	0.46913624	0.04712161	0.46599103	0.65537826	0.65454931	0.34210327	0.34199349	0.65551737	0.65478662	0.34213671	0.34210409	60062	52793	0
60062	52798	0.00104000	0.04725988	0.46868758	0.04677988	0.46846968	0.65541096	0.65469253	0.34209168	0.34210721	0.65555164	0.65473173	0.34204493	0.34195134	60062	52796	0
60062	52801	-0.00001862	0.04689323	0.46693671	0.04648893	0.47011255	0.65543339	0.65472261	0.34202332	0.34189817	0.65525015	0.65459015	0.34193507	0.34192594	60062	52800	0
60062	52804	0.00067495	0.04616901	0.47028981	0.04624672	0.46820913	0.65508967	0.65460067	0.34185832	0.34190302	0.65511144	0.65421684	0.34183071	0.34170942	60062	52803	0
60062	52808	0.00089749	0.04593452	0.46969797	0.04591881	0.46903033	0.65482006	0.65413492	0.34168830	0.34164344	0.65466912	0.65408216	0.34160753	0.34158091	60062	52806	0
60062	52926	0.00089190	0.04667827	0.46793303	0.04676115	0.46794980	0.65573866	0.65484274	0.34246359	0.34223984	0.65569100	0.65484135	0.34242851	0.34233228	60062	52924	0
60062	52929	0.00006868	0.04700931	0.46757991	0.04653480	0.47004959	0.65586405	0.65506305	0.34250673	0.34249999	0.65569149	0.65501243	0.34257592	0.34247271	60062	52927	0
60062	52932	0.00139345	0.04601973	0.47006552	0.04606366	0.46609121	0.65609339	0.65539847	0.34285974	0.34272761	0.65585822	0.65509115	0.34274059	0.34248142	60062	52931	0
60062	52936	0.00174749	0.04590272	0.46928387	0.04570001	0.46822177	0.65567933	0.65507808	0.34252826	0.34248208	0.65601476	0.65529313	0.34277987	0.34269770	60062	52934	0
60062	52939	0.00135107	0.04545212	0.46769143	0.04535346	0.46888068	0.65588640	0.65503075	0.34279483	0.34262161	0.65580678	0.65501194	0.34266237	0.34269532	60062	52937	0
60062	53057	0.00142042	0.04683533	0.46850336	0.04713202	0.46829531	0.65469393	0.65403861	0.34145428	0.34136200	0.65491760	0.65412728	0.34156965	0.34151944	60062	53055	0
60062	53060	0.00097907	0.04661920	0.46668526	0.04657848	0.46800931	0.65495729	0.65419803	0.34162668	0.34142774	0.65509320	0.65444807	0.34160761	0.34160235	60062	53059	0
60062	53064	0.00103303	0.04641430	0.46739952	0.04616044	0.46723765	0.65492368	0.65417247	0.34153193	0.34154007	0.65497463	0.65436188	0.34166390	0.34169948	60062	53062	0
60062	53067	0.00093876	0.04594424	0.46855241	0.04608335	0.46883520	0.65501785	0.65428390	0.34166398	0.34156151	0.65499172	0.65426458	0.34165305	0.34149939	60062	53065	0
60062	53070	0.00063186	0.04576155	0.46587507	0.04554958	0.46679578	0.65512196	0.65439811	0.34168921	0.34161599	0.65502697	0.65422218	0.34167458	0.34157622	60062	53068	0
60062	53188	0.00041653	0.04711885	0.46908697	0.04687784	0.46973297	0.65463452	0.65390763	0.34128944	0.34129446	0.65470560	0.65403582	0.34137211	0.34137063	60062	53187	0
60062	53192	0.00183170	0.04700327	0.47038662	0.04711884	0.46614110	0.65470256	0.65407485	0.34133653	0.34136825	0.65474011	0.65399054	0.34128418	0.34119421	60062	53190	0
60062	53195	0.00164056	0.04695663	0.46867880	0.04637010	0.46925223	0.65467405	0.65375249	0.34117046	0.34111245	0.65456394	0.65386548	0.34112740	0.34105706	60062	53193	0
60062	53198	0.00077582	0.04633656	0.46704520	0.04638460	0.46963940	0.65442942	0.65368938	0.34107473	0.34098146	0.65458727	0.65387756	0.34103874	0.34107111	60062	53196	0
60062	53201	0.00094283	0.04609038	0.46937260	0.04603130	0.46887158	0.65426845	0.65346662	0.34088672	0.34082994	0.65438365	0.65366169	0.34103570	0.34094030	60062	53200	0
60062	53319	0.00092570	0.04636210	0.46649034	0.04654446	0.46654172	0.65550275	0.65483075	0.34231404	0.34229095	0.65568451	0.65491300	0.34246105	0.34231609	60062	53318	0
60062	53323	0.00087407	0.04667272	0.46954710	0.04629150	0.46970199	0.65564227	0.65492081	0.34236186	0.34229933	0.65570711	0.65496526	0.34242382	0.34234395	60062	53321	0
60062	53326	0.00071175	0.04624796	0.46725405	0.04586154	0.46774102	0.65558295	0.65486805	0.34244190	0.34230582	0.65555912	0.65472401	0.34238282	0.34222349	60062	53324	0
60062	53329	0.00121874	0.04571042	0.46730559	0.04545850	0.46578463	0.65562756	0.65485129	0.34231651	0.34228314	0.65549206	0.65483313	0.34223573	0.34227830	60062	53328	0
60062	53333	0.00135618	0.04555818	0.46824148	0.04521038	0.46782915	0.65561524	0.65472516	0.34234625	0.34217607	0.65526256	0.65463855	0.34223220	0.34206506	60062	53331	0
60062	53451	0.00065068	0.04679740	0.46577048	0.04676598	0.46788698	0.65561310	0.65522558	0.34232045	0.34252193	0.65607491	0.65526617	0.34252588	0.34242949	60062	53449	0
60062	53454	0.00118505	0.04689777	0.46968980	0.04657812	0.46808668	0.65621558	0.65541154	0.34258989	0.34252284	0.65606784	0.65522911	0.34252013	0.34236211	60062	53452	0
60062	53457	0.00141605	0.04636814	0.46855214	0.04605628	0.46785916	0.65612026	0.65537012	0.34251396	0.34246228	0.65586570	0.65524604	0.34244321	0.34237082	60062	53456	0
60062	53461	0.00063254	0.04604954	0.46700385	0.04588047	0.46935437	0.65619685	0.65523651	0.34260863	0.34251290	0.65597178	0.65540471	0.34247732	0.34240517	60062	53459	0
60062	53464	0.00127739	0.04565148	0.47013952	0.04568510	0.46820499	0.65614968	0.65522648	0.34256360	0.34239104	0.65599512	0.65523733	0.34243730	0.34238915	60062	53462	0
60062	53582	0.00204470	0.04745434	0.46759055	0.04741227	0.46528862	0.65471587	0.65419951	0.34110916	0.34111039	0.65480897	0.65415259	0.34119930	0.34106298	60062	53580	0
60062	53585	0.00204439	0.04751590	0.46624847	0.04716568	0.46624939	0.65476526	0.65424076	0.34127572	0.34126060	0.65498334	0.65417058	0.34136751	0.34123151	60062	53584	0
60062	53589	0.00075747	0.04694255	0.46687238	0.04653024	0.47073312	0.65496460	0.65426984	0.34141204	0.34133875	0.65498720	0.65429639	0.34141574	0.34136882	60062	53587	0
60062	53592	0.00150203	0.04632164	0.46861477	0.04629334	0.46638111	0.65520619	0.65433542	0.34154656	0.34149175	0.65511038	0.65429836	0.34143513	0.34140547	60062	53590	0
60062	53595	0.00125428	0.04637136	0.46846285	0.04609898	0.46920609	0.65528105	0.65435399	0.34155420	0.34142338	0.65499279	0.65425974	0.34154960	0.34141730	60062	53593	0
60062	53713	-0.00012924	0.04686827	0.46598218	0.04646289	0.47013273	0.65522484	0.65462515	0.34140531	0.34143497	0.65495918	0.65430888	0.34115986	0.34127375	60062	53712	0
60062	53717	0.00127403	0.04663231	0.46997938	0.04634776	0.46576959	0.65507324	0.65424815	0.34137071	0.34120464	0.65496838	0.65421619	0.34130062	0.34109568	60062	53715	0
60062	53720	0.00063922	0.04615874	0.46728236	0.04599874	0.46918679	0.65482319	0.65416910	0.34118246	0.34106265	0.65478605	0.65409326	0.34116709	0.34112970	60062	53718	0
60062	53723	0.00105724	0.04560910	0.46822789	0.04555695	0.46697384	0.65471932	0.65406524	0.34121672	0.34110472	0.65471160	0.65402579	0.34114162	0.34099576	60062	53721	0
60062	53726	0.00029798	0.04539739	0.46606026	0.04529733	0.46833803	0.65451882	0.65393812	0.34097415	0.34092740	0.65475507	0.65401569	0.34110012	0.34107333	60062	53725	0
60062	53845	0.00186453	0.04653932	0.47032461	0.04649627	0.46562496	0.65601591	0.65519863	0.34241396	0.34233269	0.65603785	0.65524736	0.34245932	0.34231314	60062	53843	0
60062	53848	0.00058526	0.04642808	0.46538603	0.04647228	0.46922383	0.65617055	0.65550570	0.34253533	0.34251240	0.65613859	0.65526741	0.34247354	0.34239153	60062	53846	0
60062	53851	0.00042333	0.04610305	0.46864070	0.04592891	0.46912649	0.65624106	0.65539633	0.34258619	0.34241947	0.65618189	0.65564359	0.34238150	0.34268833	60062	53849	0
60062	53854	0.00193338	0.04561965	0.47228149	0.04542913	0.46775134	0.65609298	0.65536511	0.34251347	0.34241166	0.65613473	0.65540554	0.34250073	0.34239301	60062	53853	0
60062	53858	0.00081289	0.04538290	0.46757838	0.04511782	0.47093988	0.65625733	0.65513026	0.34250657	0.34232875	0.65586603	0.65519937	0.34221083	0.34227953	60062	53856	0
60062	53976	0.00041509	0.04671205	0.46703540	0.04669011	0.46822877	0.65625034	0.65545180	0.34258496	0.34256721	0.65646834	0.65579643	0.34268628	0.34266976	60062	53974	0
60062	53979	0.00102592	0.04660644	0.46756340	0.04654151	0.46573091	0.65643704	0.65555361	0.34265686	0.34261569	0.65627894	0.65569248	0.34275086	0.34270107	60062	53977	0
60062	53982	0.00042285	0.04635067	0.46842626	0.04574570	0.47023547	0.65647977	0.65556676	0.34286837	0.34275522	0.65657237	0.65581278	0.34286870	0.34279384	60062	53981	0
60062	53986	0.00046769	0.04566512	0.46913805	0.04567693	0.46900356	0.65629463	0.65559289	0.34265062	0.34263697	0.65632019	0.65552731	0.34274610	0.34263673	60062	53984	0
60062	53989	0.00049410	0.04576380	0.46826053	0.04572114	0.46818127	0.65643474	0.65582239	0.34282079	0.34270748	0.65663737	0.65569914	0.34279228	0.34269671	60062	53987	0
60062	54107	0.00147840	0.04669341	0.46911339	0.04693471	0.46616051	0.65501144	0.65416162	0.34105254	0.34091367	0.65504957	0.65429507	0.34096018	0.34095468	60062	54105	0
60062	54110	0.00059514	0.04688844	0.46697652	0.04662563	0.46962628	0.65507718	0.65445982	0.34109675	0.34112050	0.65492820	0.65430855	0.34098631	0.34096281	60062	54109	0
60062	54114	0.00123143	0.04660737	0.47000877	0.04604916	0.46809990	0.65496230	0.65432284	0.34107859	0.34105205	0.65500191	0.65439779	0.34111680	0.34104350	60062	54112	0
60062	54117	0.00170705	0.04587834	0.46803110	0.04573492	0.46660424	0.65509468	0.65423640	0.34108163	0.34103438	0.65516206	0.65447190	0.34115066	0.34113414	60062	54115	0
60062	54120	0.00068696	0.04580951	0.46715449	0.04570384	0.47021475	0.65517316	0.65431750	0.34108886	0.34103167	0.65510717	0.65449795	0.34114860	0.34112313	60062	54118	0
60062	54238	0.00012961	0.04625202	0.46775562	0.04633451	0.46942767	0.65585847	0.65493987	0.34207188	0.34186382	0.65580300	0.65511621	0.34199480	0.34202595	60062	54237	0
60062	54242	0.00027873	0.04633874	0.46781564	0.04631876	0.46736829	0.65571656	0.65510446	0.34201083	0.34205643	0.65622364	0.65524612	0.34225463	0.34214230	60062	54240	0
60062	54245	0.00083801	0.04621368	0.46874187	0.04557609	0.46706401	0.65577556	0.65498663	0.34193901	0.34189702	0.65583151	0.65498038	0.34204928	0.34187031	60062	54243	0
60062	54248	0.00157697	0.04570946	0.47122926	0.04533648	0.46901239	0.65581467	0.65516313	0.34209325	0.34202143	0.65581590	0.65507817	0.34205553	0.34197738	60062	54246	0
60062	54251	0.00147870	0.04519550	0.46716596	0.04536100	0.46746078	0.65593973	0.65509189	0.34216194	0.34201929	0.65580316	0.65505721	0.34201025	0.34196530	60062	54250	0
60062	54370	0.00139100	0.04712868	0.46750382	0.04715203	0.46776692	0.65652077	0.65575542	0.34244330	0.34243672	0.65670713	0.65613686	0.34257001	0.34258241	60062	54368	0
60062	54373	0.00123975	0.04711078	0.46871089	0.04711552	0.46916463	0.65675948	0.65597252	0.34246721	0.34249408	0.65677690	0.65585345	0.34250698	0.34237879	60062	54371	0
60062	54376	0.00150073	0.04682632	0.46969328	0.04645477	0.46891036	0.65669908	0.65585732	0.34236606	0.34230098	0.65639685	0.65581968	0.34221593	0.34218232	60062	54374	0
60062	54379	0.00149298	0.04618295	0.46800717	0.04605388	0.46803041	0.65653835	0.65580982	0.34223483	0.34216063	0.65613029	0.65550743	0.34207870	0.34209694	60062	54378	0
60062	54383	0.00160207	0.04614581	0.46975872	0.04595370	0.46943146	0.65643391	0.65569256	0.34215167	0.34206194	0.65635979	0.65539214	0.34202463	0.34190474	60062	54381	0
60062	54501	0.00116229	0.04656151	0.46734380	0.04657242	0.46866312	0.65653162	0.65574663	0.34258480	0.34256458	0.65661658	0.65567826	0.34264667	0.34257683	60062	54499	0
60062	54504	0.00118714	0.04654333	0.46922085	0.04654695	0.46914631	0.65646654	0.65577671	0.34262136	0.34253870	0.65650672	0.65579815	0.34257181	0.34248882	60062	54502	0
60062	54507	0.00097813	0.04638056	0.46879637	0.04606194	0.46942341	0.65651658	0.65564967	0.34246220	0.34237846	0.65611920	0.65556273	0.34234124	0.34236523	60062	54506	0
60062	54511	-0.00020528	0.04573117	0.46689755	0.04578532	0.47044777	0.65634311	0.65558714	0.34245801	0.34241511	0.65643802	0.65591985	0.34246680	0.34250287	60062	54509	0
60062	54514	0.00161097	0.04540701	0.46974053	0.04558526	0.46429177	0.65646308	0.65573209	0.34249893	0.34236425	0.65653186	0.65570941	0.34238331	0.34233368	60062	54512	0
60062	54632	0.00218191	0.04676724	0.46952947	0.04672592	0.46781668	0.65663063	0.65603045	0.34251281	0.34255078	0.65660861	0.65604204	0.34257272	0.34253862	60062	54630	0
60062	54635	0.00152609	0.04670700	0.46729577	0.04637886	0.46926322	0.65662250	0.65605888	0.34257814	0.34256187	0.65662850	0.65589898	0.34262596	0.34254848	60062	54634	0
60062	54639	0.00073208	0.04623681	0.46993625	0.04614925	0.47231829	0.65660738	0.65593760	0.34250361	0.34253500	0.65651411	0.65588739	0.34246836	0.34257354	60062	54637	0
60062	54642	0.00135448	0.04584126	0.46973675	0.04555809	0.46786954	0.65660343	0.65589799	0.34256803	0.34252202	0.65671856	0.65598994	0.34269901	0.34255661	60062	54640	0
60062	54645	0.00055084	0.04548174	0.46803132	0.04511270	0.47044223	0.65665159	0.65590752	0.34263582	0.34254502	0.65641814	0.65558788	0.34231790	0.34231166	60062	54643	0
60062	54763	0.00080585	0.04671029	0.46860679	0.04691823	0.46784176	0.65614212	0.65533988	0.34183317	0.34180630	0.65629241	0.65564030	0.34189809	0.34202759	60062	54762	0
60062	54767	0.00177937	0.04704951	0.46855851	0.04658443	0.46563795	0.65612281	0.65544933	0.34198322	0.34194936	0.65627697	0.65569782	0.34213721	0.34206794	60062	54765	0
60062	54770	0.00082258	0.04673607	0.46632912	0.04616094	0.46919950	0.65624590	0.65555427	0.34209152	0.34207895	0.65644476	0.65579708	0.34227402	0.34228775	60062	54768	0
60062	54773	0.00133674	0.04592383	0.47012704	0.04586493	0.46858456	0.65661650	0.65581237	0.34243598	0.34234346	0.65662981	0.65563644	0.34247740	0.34226950	60062	54771	0
60062	54776	0.00013073	0.04577571	0.46711922	0.04550458	0.47073723	0.65641658	0.65562420	0.34232300	0.34238019	0.65670007	0.65591336	0.34247929	0.34247411	60062	54775	0
60062	54895	0.00088698	0.04679118	0.46994507	0.04621989	0.46767635	0.65749475	0.65663844	0.34335022	0.34325433	0.65750592	0.65702563	0.34341580	0.34351654	60062	54893	0
60062	54898	0.00065237	0.04710054	0.46875786	0.04676201	0.46946168	0.65765137	0.65677986	0.34343872	0.34335680	0.65756205	0.65669563	0.34348096	0.34329583	60062	54896	0
60062	54901	0.00101921	0.04672220	0.46660467	0.04609661	0.46550416	0.65772951	0.65691495	0.34355541	0.34349427	0.65752400	0.65690969	0.34349312	0.34348079	60062	54899	0
60062	54904	0.00172235	0.04591008	0.47013843	0.04601682	0.46802901	0.65742400	0.65686844	0.34337841	0.34340520	0.65730493	0.65667747	0.34338194	0.34332952	60062	54903	0
60062	54908	0.00119291	0.04564775	0.46710870	0.04564087	0.46869701	0.65752795	0.65668084	0.34330166	0.34325532	0.65738234	0.65676531	0.34336362	0.34324151	60062	54906	0
60062	55026	0.00102970	0.04697228	0.46891431	0.04678297	0.46940394	0.65753222	0.65686457	0.34314151	0.34317199	0.65772088	0.65685036	0.34324398	0.34321949	60062	55024	0
60062	55029	0.00049410	0.04690074	0.46732224	0.04687170	0.46892902	0.65782261	0.65703171	0.34332500	0.34336978	0.65771406	0.65707888	0.34330429	0.34324291	60062	55027	0
60062	55032	0.00147451	0.04641002	0.47044934	0.04573108	0.46750813	0.65780026	0.65696556	0.34339041	0.34323929	0.65766649	0.65698915	0.34325614	0.34331925	60062	55031	0
60062	55036	0.00153466	0.04594580	0.46791464	0.04609056	0.46773419	0.65772910	0.65692251	0.34334513	0.34326649	0.65778974	0.65718430	0.34329648	0.34338679	60062	55034	0
60062	55039	0.00252340	0.04568251	0.47115045	0.04563525	0.46818423	0.65770700	0.65697214	0.34335976	0.34331021	0.65790963	0.65713919	0.34343190	0.34341235	60062	55037	0
60062	55157	0.00130439	0.04685571	0.46619694	0.04701424	0.46985395	0.65684165	0.65599569	0.34244486	0.34233746	0.65696680	0.65614746	0.34227287	0.34228388	60062	55155	0
60062	55160	0.00038225	0.04696183	0.46659489	0.04683308	0.46936130	0.65671708	0.65613982	0.34234288	0.34234773	0.65687517	0.65627319	0.34233228	0.34238487	60062	55159	0
60062	55164	0.00060264	0.04662694	0.46734313	0.04634845	0.46668198	0.65660434	0.65595116	0.34223664	0.34229177	0.65689506	0.65613078	0.34224806	0.34219851	60062	55162	0
60062	55167	0.00032537	0.04608455	0.46736471	0.04608745	0.46819651	0.65662200	0.65609315	0.34217131	0.34226893	0.65669308	0.65592782	0.34202299	0.34193120	60062	55165	0
60062	55170	0.00169416	0.04581318	0.47004101	0.04580875	0.46593463	0.65639562	0.65568098	0.34198240	0.34184977	0.65649899	0.65572806	0.34195774	0.34194986	60062	55168	0
60062	55288	0.00081340	0.04658271	0.46843670	0.04671456	0.47107900	0.65735801	0.65669086	0.34307092	0.34303099	0.65743945	0.65671305	0.34310979	0.34309311	60062	55287	0
60062	55292	0.00039794	0.04683754	0.46851254	0.04668260	0.46975892	0.65737872	0.65669571	0.34313231	0.34317684	0.65750896	0.65686268	0.34311850	0.34316895	60062	55290	0
60062	55295	0.00067055	0.04619972	0.46830624	0.04616221	0.46748839	0.65747757	0.65671100	0.34318629	0.34307478	0.65832172	0.65688890	0.34381573	0.34328588	60062	55293	0
60062	55298	0.00187263	0.04606866	0.47160591	0.04637191	0.46799967	0.65755169	0.65673746	0.34322861	0.34308933	0.65745021	0.65671091	0.34309171	0.34312023	60062	55296	0
60062	55301	0.00079214	0.04557024	0.46769587	0.04562307	0.47093736	0.65739951	0.65692144	0.34313551	0.34326805	0.65739631	0.65707510	0.34315926	0.34340479	60062	55300	0
60062	55420	0.00062060	0.04692391	0.46936899	0.04691235	0.46988359	0.65713377	0.65625010	0.34254034	0.34239950	0.65723615	0.65621912	0.34265982	0.34242571	60062	55418	0
60062	55423	0.00112853	0.04687911	0.46796191	0.04686156	0.46643812	0.65716992	0.65646341	0.34264034	0.34252210	0.65706121	0.65639168	0.34257609	0.34254568	60062	55421	0
60062	55426	0.00163469	0.04658603	0.46943402	0.04630916	0.46791553	0.65703303	0.65637187	0.34262186	0.34262424	0.65698389	0.65633005	0.34257461	0.34249753	60062	55424	0
60062	55429	0.00130358	0.04597068	0.46914871	0.04627123	0.47014206	0.65702489	0.65635322	0.34250057	0.34254716	0.65724256	0.65667632	0.34274199	0.34271890	60062	55428	0
60062	55433	0.00115956	0.04588934	0.46862086	0.04594802	0.46905291	0.65726541	0.65628978	0.34263262	0.34247058	0.65733698	0.65650770	0.34262876	0.34260312	60062	55431	0
60062	55551	0.00164407	0.04668012	0.46797212	0.04697588	0.46651857	0.65673869	0.65612626	0.34214197	0.34211453	0.65691741	0.65612947	0.34224740	0.34208404	60062	55549	0
60062	55554	0.00016800	0.04678908	0.46467663	0.04674200	0.46910485	0.65691495	0.65634352	0.34224584	0.34236466	0.65700451	0.65638313	0.34226416	0.34229531	60062	55552	0
60062	55557	0.00122474	0.04643515	0.47003065	0.04626903	0.46686042	0.65701076	0.65624599	0.34234181	0.34226400	0.65697477	0.65613538	0.34235422	0.34224535	60062	55556	0
60062	55561	0.00075676	0.04602420	0.46733880	0.04578439	0.46874277	0.65721364	0.65634426	0.34250994	0.34241067	0.65719236	0.65650080	0.34259597	0.34247378	60062	55559	0
60062	55564	0.00086953	0.04586646	0.46700074	0.04564772	0.46666242	0.65714733	0.65658618	0.34242251	0.34255604	0.65716762	0.65623366	0.34252407	0.34246080	60062	55562	0
60062	55682	0.00183031	0.04669445	0.46941130	0.04687795	0.46652894	0.65850020	0.65762557	0.34408656	0.34388952	0.65848754	0.65764299	0.34392477	0.34381844	60062	55680	0
60062	55685	0.00091316	0.04672388	0.46582443	0.04676293	0.46857588	0.65849979	0.65776665	0.34389050	0.34394350	0.65829337	0.65759393	0.34386815	0.34387431	60062	55684	0
60062	55689	0.00098107	0.04639622	0.46859451	0.04610227	0.46839078	0.65836100	0.65753592	0.34384087	0.34371704	0.65836511	0.65769549	0.34379872	0.34389165	60062	55687	0
60062	55692	0.00136926	0.04602718	0.46926992	0.04584825	0.46810536	0.65831351	0.65779681	0.34378910	0.34374448	0.65829041	0.65748513	0.34383487	0.34370940	60062	55690	0
60062	55695	0.00026297	0.04591804	0.46649523	0.04579284	0.46981410	0.65826083	0.65747371	0.34382435	0.34374539	0.65835681	0.65744101	0.34381589	0.34369033	60062	55693	0
60062	55813	0.00103534	0.04714247	0.46905948	0.04713470	0.46674237	0.65769689	0.65704437	0.34316337	0.34309007	0.65773247	0.65699605	0.34312039	0.34312894	60062	55812	0
60062	55817	0.00075793	0.04708133	0.46754151	0.04673163	0.46837375	0.65770149	0.65700944	0.34321374	0.34313378	0.65773929	0.65698068	0.34331604	0.34313797	60062	55815	0
60062	55820	0.00137905	0.04659961	0.47027784	0.04621131	0.46841447	0.65779714	0.65693467	0.34317865	0.34304463	0.65769607	0.65706926	0.34315655	0.34317898	60062	55818	0
60062	55823	0.00152384	0.04610035	0.46805864	0.04602629	0.46762426	0.65770708	0.65724577	0.34315967	0.34328909	0.65795762	0.65720912	0.34323444	0.34315334	60062	55821	0
60062	55826	0.00090987	0.04581314	0.46570745	0.04574145	0.46754937	0.65773420	0.65687460	0.34321234	0.34311020	0.65780207	0.65710887	0.34325975	0.34322195	60062	55825	0
60062	55945	0.00016873	0.04683801	0.46581550	0.04688507	0.46803893	0.65763543	0.65679465	0.34279622	0.34272851	0.65756073	0.65666613	0.34277206	0.34269006	60062	55943	0
60062	55948	0.00101937	0.04697581	0.46785560	0.04670132	0.46530368	0.65749335	0.65687739	0.34272777	0.34277363	0.65746936	0.65673351	0.34275818	0.34266212	60062	55946	0
60062	55951	0.00082575	0.04674932	0.46719783	0.04626727	0.46777868	0.65737083	0.65659185	0.34257658	0.34259564	0.65733542	0.65653260	0.34271972	0.34250049	60062	55949	0
60062	55954	0.00141713	0.04624572	0.46776505	0.04581864	0.46599091	0.65737437	0.65663096	0.34257305	0.34251470	0.65730888	0.65666284	0.34245653	0.34256639	60062	55953	0
60062	55958	0.00070291	0.04605408	0.46739133	0.04614369	0.46953399	0.65718907	0.65646325	0.34241963	0.34233992	0.65721816	0.65630400	0.34239013	0.34226811	60062	55956	0
60062	56076	0.00054448	0.04712126	0.46785187	0.04660125	0.46832717	0.65742761	0.65663318	0.34292047	0.34298259	0.65749343	0.65656284	0.34299804	0.34304512	60062	56074	0
60062	56079	0.00078457	0.04664418	0.46834839	0.04649710	0.46762811	0.65767109	0.65674395	0.34316632	0.34296073	0.65774266	0.65685019	0.34324587	0.34305326	60062	56077	0
60062	56082	0.00154343	0.04647390	0.46901963	0.04602771	0.46674305	0.65747593	0.65662184	0.34309541	0.34305276	0.65758678	0.65710665	0.34312507	0.34325129	60062	56081	0
60062	56086	0.00067325	0.04574012	0.46715916	0.04577470	0.46976971	0.65754800	0.65682653	0.34313904	0.34298916	0.65750937	0.65684239	0.34319747	0.34309171	60062	56084	0
60062	56089	0.00094150	0.04570888	0.47027182	0.04572453	0.46946705	0.65745161	0.65670935	0.34305671	0.34310396	0.65756336	0.65697312	0.34320577	0.34315120	60062	56087	0
60062	56207	0.00119173	0.04721739	0.46762362	0.04719208	0.46687296	0.65734027	0.65650433	0.34253114	0.34238471	0.65733534	0.65660089	0.34255751	0.34250821	60062	56205	0
60062	56210	0.00196117	0.04720096	0.46731818	0.04699409	0.46500985	0.65739351	0.65670138	0.34258521	0.34254626	0.65754783	0.65682645	0.34267535	0.34267140	60062	56209	0
60062	56214	0.00108426	0.04681966	0.46789697	0.04639299	0.47052769	0.65755703	0.65699301	0.34273821	0.34274076	0.65762351	0.65693458	0.34266105	0.34275867	60062	56212	0
60062	56217	0.00148870	0.04643631	0.46940239	0.04629854	0.46818909	0.65781933	0.65738743	0.34276426	0.34297199	0.65766854	0.65712251	0.34277700	0.34286895	60062	56215	0
60062	56220	0.00182505	0.04599725	0.46883604	0.04567666	0.46782698	0.65770905	0.65686572	0.34276524	0.34270567	0.65784077	0.65707124	0.34288653	0.34276524	60062	56218	0
60062	56338	0.00105849	0.04704304	0.46697695	0.04706300	0.46927664	0.65757051	0.65673844	0.34265045	0.34256047	0.65771012	0.65693672	0.34262917	0.34256992	60062	56337	0
60062	56342	0.00132937	0.04725976	0.46846748	0.04689783	0.46765483	0.65747914	0.65694732	0.34256072	0.34264412	0.65759722	0.65693689	0.34267445	0.34258151	60062	56340	0
60062	56345	0.00104218	0.04656426	0.46810080	0.04653375	0.46896238	0.65768218	0.65691240	0.34264240	0.34259137	0.65744158	0.65667920	0.34261093	0.34244872	60062	56343	0
60062	56348	0.00080959	0.04620000	0.46845978	0.04602138	0.46915756	0.65743271	0.65682258	0.34253648	0.34252604	0.65760510	0.65742983	0.34266467	0.34297330	60062	56346	0
60062	56351	0.00060597	0.04591423	0.46694824	0.04578543	0.46755908	0.65751669	0.65693179	0.34258841	0.34272342	0.65751792	0.65681461	0.34255817	0.34264741	60062	56350	0
60062	56470	0.00177075	0.04689772	0.46943150	0.04720964	0.46593716	0.65856684	0.65785803	0.34374900	0.34378499	0.65858114	0.65784710	0.34379288	0.34382312	60062	56468	0
60062	56473	0.00084121	0.04720232	0.46505670	0.04698735	0.46784534	0.65856495	0.65794160	0.34389239	0.34393225	0.65860004	0.65784809	0.34402954	0.34385878	60062	56471	0
60062	56476	0.00149788	0.04658621	0.46799063	0.04653531	0.46602060	0.65862937	0.65795499	0.34397662	0.34390217	0.65899265	0.65812919	0.34406627	0.34391630	60062	56474	0
60062	56479	0.00045898	0.04624006	0.46538528	0.04595631	0.46850198	0.65866964	0.65803577	0.34391819	0.34389708	0.65867868	0.65792475	0.34401401	0.34389510	60062	56478	0
60062	56483	0.00127517	0.04601044	0.47022667	0.04589336	0.46777811	0.65872264	0.65815327	0.34392896	0.34400850	0.65865312	0.65789854	0.34387415	0.34388056	60062	56481	0
60062	56601	0.00108941	0.04699877	0.46845879	0.04733531	0.46901607	0.65767232	0.65690270	0.34264782	0.34264412	0.65761464	0.65686260	0.34264651	0.34267518	60062	56599	0
60062	56604	0.00130174	0.04723409	0.46743675	0.04707188	0.46679976	0.65742531	0.65661584	0.34256951	0.34255973	0.65747018	0.65680204	0.34255620	0.34266697	60062	56602	0
60062	56607	0.00126988	0.04691889	0.46664488	0.04641002	0.46674045	0.65754569	0.65683179	0.34269844	0.34267946	0.65753444	0.65680237	0.34261479	0.34254108	60062	56606	0
60062	56611	0.00009349	0.04626194	0.46575401	0.04618924	0.46928320	0.65726615	0.65661905	0.34261610	0.34258118	0.65766895	0.65679062	0.34275169	0.34269581	60062	56609	0
60062	56614	0.00081385	0.04618954	0.47006523	0.04588595	0.46790413	0.65738899	0.65661502	0.34264125	0.34252949	0.65753156	0.65676235	0.34267091	0.34259737	60062	56612	0
60062	56732	0.00042281	0.04700672	0.46760805	0.04707820	0.46878119	0.65773954	0.65681667	0.34281734	0.34261257	0.65776517	0.65690081	0.34276952	0.34265612	60062	56730	0
60062	56735	0.00069134	0.04706785	0.46880847	0.04692152	0.46800289	0.65764578	0.65700698	0.34278809	0.34261372	0.65772705	0.65700361	0.34276738	0.34264708	60062	56734	0
60062	56739	0.00099767	0.04661096	0.46968184	0.04651782	0.46876285	0.65770264	0.65693434	0.34265702	0.34263015	0.65750313	0.65680648	0.34265785	0.34263821	60062	56737	0
60062	56742	0.00262864	0.04639852	0.47090177	0.04608381	0.46600886	0.65750494	0.65673622	0.34254897	0.34252917	0.65752745	0.65685808	0.34253541	0.34261520	60062	56740	0
60062	56745	0.00194253	0.04609358	0.46774868	0.04601325	0.46980701	0.65746106	0.65686425	0.34251166	0.34263796	0.65765539	0.65671757	0.34263484	0.34252350	60062	56744	0
60062	56863	0.00099603	0.04666035	0.46643089	0.04697400	0.46927038	0.65768267	0.65692842	0.34304915	0.34293296	0.65775786	0.65721791	0.34311653	0.34310338	60062	56862	0
60062	56867	0.00113845	0.04676744	0.46963903	0.04668782	0.46921177	0.65768941	0.65696450	0.34318555	0.34308128	0.65791522	0.65699441	0.34327800	0.34307618	60062	56865	0
60062	56870	0.00117546	0.04703192	0.46932185	0.04624116	0.46921082	0.65778868	0.65694058	0.34316139	0.34300247	0.65780108	0.65705472	0.34308670	0.34310289	60062	56868	0
60062	56873	0.00205522	0.04650627	0.46928519	0.04606939	0.46664593	0.65781300	0.65710493	0.34310379	0.34303781	0.65772696	0.65702119	0.34301028	0.34301044	60062	56871	0
60062	56876	0.00147018	0.04592827	0.46770484	0.04563820	0.46945996	0.65765334	0.65691232	0.34306246	0.34295062	0.65777988	0.65693582	0.34323905	0.34304389	60062	56875	0
60062	56995	0.00201682	0.04724024	0.46888323	0.04756760	0.46724331	0.65677254	0.65603801	0.34195158	0.34189949	0.65691848	0.65607277	0.34216326	0.34206416	60062	56993	0
60062	56998	0.00021589	0.04723804	0.46593173	0.04722768	0.47133451	0.65691774	0.65618099	0.34209752	0.34193276	0.65685644	0.65613875	0.34207706	0.34202915	60062	56996	0
60062	57001	0.00162906	0.04722197	0.47232712	0.04662597	0.46808761	0.65687419	0.65610580	0.34207936	0.34195898	0.65666202	0.65607680	0.34205734	0.34196432	60062	56999	0
60062	57004	0.00138007	0.04637800	0.46713255	0.04645902	0.46787951	0.65686605	0.65625675	0.34211108	0.34213080	0.65694954	0.65615165	0.34215011	0.34201346	60062	57003	0
60062	57008	0.00202177	0.04619001	0.47001153	0.04610042	0.46808643	0.65697411	0.65625338	0.34210960	0.34202496	0.65705587	0.65635396	0.34220122	0.34214493	60062	57006	0
60062	57126	0.00152849	0.04682204	0.46766011	0.04705955	0.46913997	0.65693007	0.65681379	0.34212406	0.34256023	0.65708323	0.65614598	0.34223286	0.34216408	60062	57124	0
60062	57129	0.00174119	0.04701560	0.46776675	0.04708492	0.46712863	0.65697723	0.65620244	0.34219193	0.34216465	0.65696425	0.65624262	0.34213811	0.34212907	60062	57127	0
60062	57132	0.00040455	0.04650156	0.46655868	0.04634197	0.47056862	0.65708759	0.65641403	0.34223680	0.34223425	0.65701322	0.65627409	0.34222571	0.34214197	60062	57131	0
60062	57136	0.00153411	0.04630418	0.47031397	0.04600233	0.46692527	0.65699457	0.65646867	0.34224099	0.34225143	0.65706507	0.65628921	0.34220845	0.34239966	60062	57134	0
60062	57139	-0.00003096	0.04586347	0.46547626	0.04565100	0.47017150	0.65685751	0.65643350	0.34217065	0.34223055	0.65707074	0.65628732	0.34237518	0.34224107	60062	57137	0
60062	57257	0.00105771	0.04685557	0.46826001	0.04719720	0.46499398	0.65741833	0.65673992	0.34260715	0.34263336	0.65750502	0.65679917	0.34264552	0.34258570	60062	57255	0
60062	57260	0.00153315	0.04717433	0.46860401	0.04692672	0.46717769	0.65768481	0.65708479	0.34281775	0.34280050	0.65758119	0.65693146	0.34285555	0.34274643	60062	57259	0
60062	57264	0.00161964	0.04672920	0.46783370	0.04650107	0.46757422	0.65774488	0.65699547	0.34281644	0.34277831	0.65761414	0.65692998	0.34269203	0.34272892	60062	57262	0
60062	57267	0.00069509	0.04607656	0.46693015	0.04610871	0.46970381	0.65759894	0.65706639	0.34271389	0.34281414	0.65773403	0.65696745	0.34282868	0.34280337	60062	57265	0
60062	57270	0.00129811	0.04588440	0.46873300	0.04599214	0.46692394	0.65763050	0.65693097	0.34277264	0.34280444	0.65774348	0.65676695	0.34295103	0.34265497	60062	57269	0
