% File initiated 12/06/2023 09:20:34 UTC
% Raw fountain data
%
% File notes: 250 ms MOT 1600ms sequence
%
%% fountain_code = ALPHA-CsF1
%% microwave_ref = ALPHA HM1
%% MJD_start = 60107.389292
%% clock_data = True
%% sequence = 2
%% density = LD
%
% Units: V.s, Hz
%
% Shot B MJD days	Shot B MJD seconds	freq error	shot A sum	shot A ratio	shot B sum	shot B ratio	shot A F=3 bg 1	shot A F=3 bg 2	shot A F=4 bg 1	shot A F=4 bg 2	shot B F=3 bg 1	shot B F=3 bg 2	shot B F=4 bg 1	shot B F=4 bg 2	Shot A MJD days	Shot A MJD seconds	Shot order (0=LF->HF)
60107	33667	-0.00055601	0.00364610	0.46514463	0.00367104	0.47417955	0.52978654	0.52975416	0.22982972	0.22982956	0.53062682	0.53006025	0.23032678	0.23014789	60107	33666	0
60107	33670	0.00101317	0.00362455	0.47279191	0.00367757	0.46808436	0.53017965	0.53051951	0.23003047	0.23040821	0.53025935	0.53013807	0.23023984	0.23020196	60107	33669	0
60107	33674	0.00001047	0.00368158	0.46860128	0.00369066	0.47160939	0.53063241	0.53044827	0.23054338	0.23052062	0.53083579	0.53033388	0.23058126	0.23050320	60107	33672	0
60107	33677	0.00040951	0.00365044	0.47384114	0.00371928	0.47264403	0.53109430	0.53065846	0.23077888	0.23064782	0.53122964	0.53093308	0.23105252	0.23100740	60107	33675	0
60107	33680	0.00099425	0.00363226	0.47163709	0.00367182	0.46988287	0.53130038	0.53112963	0.23090017	0.23109664	0.53111583	0.53094277	0.23075308	0.23098571	60107	33679	0
60107	33683	-0.00015725	0.00367963	0.46756363	0.00365086	0.47101812	0.53164846	0.53117663	0.23128375	0.23118037	0.53189572	0.53191938	0.23151596	0.23169008	60107	33682	0
60107	33687	0.00168612	0.00369344	0.47219320	0.00359980	0.46666308	0.53177673	0.53165635	0.23145532	0.23160947	0.53199104	0.53173351	0.23159641	0.23170685	60107	33685	0
60107	33690	0.00063303	0.00365594	0.46778629	0.00365464	0.47094557	0.53212013	0.53189547	0.23164473	0.23167324	0.53189794	0.53207896	0.23171942	0.23183421	60107	33688	0
60107	33693	-0.00031139	0.00366307	0.46895855	0.00367071	0.47179181	0.53206203	0.53194880	0.23158466	0.23185048	0.53232490	0.53197575	0.23187168	0.23180167	60107	33692	0
60107	33697	0.00004565	0.00362256	0.47285087	0.00362931	0.47177976	0.53222194	0.53176433	0.23191729	0.23193824	0.53197896	0.53189317	0.23167570	0.23176198	60107	33695	0
60107	33700	-0.00036588	0.00363597	0.47191865	0.00358996	0.47315325	0.53200862	0.53179498	0.23168244	0.23173027	0.53227683	0.53183499	0.23185426	0.23177645	60107	33698	0
60107	33703	0.00110486	0.00357240	0.47555565	0.00360202	0.47114343	0.53222227	0.53191141	0.23180447	0.23197415	0.53218677	0.53206967	0.23186971	0.23193446	60107	33701	0
60107	33706	0.00116001	0.00361806	0.47169700	0.00363559	0.47153153	0.53207206	0.53180730	0.23181548	0.23180759	0.53230699	0.53199079	0.23196569	0.23199067	60107	33705	0
60107	33710	0.00068925	0.00359241	0.47061699	0.00355123	0.47202929	0.53246623	0.53181059	0.23205493	0.23194268	0.53239401	0.53216746	0.23216709	0.23211877	60107	33708	0
60107	33713	-0.00067727	0.00358816	0.47009489	0.00361775	0.47419445	0.53282146	0.53205965	0.23225033	0.23212806	0.53279328	0.53222210	0.23232511	0.23225444	60107	33711	0
60107	33716	0.00099420	0.00361024	0.47251424	0.00362528	0.46749983	0.53256262	0.53248242	0.23209872	0.23241541	0.53253444	0.53214486	0.23221072	0.23222642	60107	33714	0
60107	33719	-0.00012173	0.00357672	0.47418511	0.00366706	0.47753289	0.53245555	0.53225982	0.23203159	0.23213734	0.53219556	0.53185578	0.23193389	0.23204268	60107	33718	0
60107	33723	-0.00100524	0.00361275	0.46836969	0.00359725	0.47102022	0.53270338	0.53261127	0.23221516	0.23227358	0.53273272	0.53218784	0.23246513	0.23218837	60107	33721	0
60107	33726	0.00051047	0.00361791	0.47402841	0.00360261	0.46948130	0.53289870	0.53252030	0.23231911	0.23236003	0.53307940	0.53280215	0.23251837	0.23256349	60107	33724	0
60107	33729	-0.00004676	0.00361938	0.46875410	0.00361547	0.47042579	0.53303618	0.53264783	0.23246759	0.23252749	0.53305154	0.53264570	0.23249200	0.23259578	60107	33728	0
60107	33732	0.00082721	0.00361570	0.47123309	0.00365180	0.46861118	0.53315376	0.53312081	0.23261944	0.23277450	0.53346561	0.53319501	0.23280343	0.23278560	60107	33731	0
60107	33736	0.00043254	0.00360333	0.47378558	0.00363761	0.47496960	0.53357235	0.53323273	0.23281978	0.23280269	0.53363463	0.53296633	0.23291567	0.23292422	60107	33734	0
60107	33739	0.00014644	0.00360635	0.47306155	0.00364028	0.47391985	0.53352354	0.53339781	0.23291534	0.23307796	0.53372436	0.53355936	0.23315931	0.23317550	60107	33737	0
60107	33742	-0.00055184	0.00365375	0.46819255	0.00362501	0.47028738	0.53380325	0.53342715	0.23305348	0.23307607	0.53364129	0.53323413	0.23299144	0.23298798	60107	33741	0
60107	33746	0.00193060	0.00364305	0.47701398	0.00367098	0.46956664	0.53343167	0.53338976	0.23294871	0.23312710	0.53354408	0.53311654	0.23286234	0.23296933	60107	33744	0
60107	33749	-0.00133947	0.00364370	0.46546981	0.00367797	0.47528003	0.53392059	0.53379709	0.23322456	0.23332020	0.53392092	0.53373924	0.23329218	0.23321667	60107	33747	0
60107	33752	0.00121841	0.00369476	0.47540037	0.00372476	0.46772672	0.53390005	0.53378147	0.23321050	0.23332505	0.53443720	0.53410137	0.23355513	0.23362210	60107	33750	0
60107	33755	0.00069093	0.00372492	0.47132210	0.00372174	0.47290455	0.53411197	0.53388361	0.23332702	0.23336129	0.53429595	0.53453934	0.23356360	0.23389056	60107	33754	0
60107	33759	-0.00046768	0.00373475	0.46707603	0.00371349	0.47055186	0.53454255	0.53436497	0.23356754	0.23379359	0.53448946	0.53439381	0.23370805	0.23374322	60107	33757	0
60107	33762	-0.00005919	0.00376251	0.47066297	0.00372241	0.46943751	0.53457607	0.53431271	0.23380165	0.23389195	0.53462513	0.53442800	0.23365103	0.23373492	60107	33760	0
60107	33782	-0.00069275	0.00374636	0.46982408	0.00375611	0.47172477	0.53572836	0.53535793	0.23465368	0.23475927	0.53566353	0.53549302	0.23457529	0.23476379	60107	33780	0
60107	33785	-0.00063518	0.00372305	0.47156551	0.00374992	0.47139279	0.53574003	0.53527609	0.23479034	0.23467160	0.53592738	0.53550477	0.23492370	0.23477628	60107	33784	0
60107	33789	-0.00155441	0.00375798	0.47123461	0.00371740	0.47399230	0.53579492	0.53555457	0.23483315	0.23480274	0.53550855	0.53546771	0.23475130	0.23462829	60107	33787	0
60107	33792	-0.00009023	0.00373642	0.47441451	0.00373825	0.47002196	0.53598252	0.53580659	0.23488516	0.23504079	0.53564052	0.53524503	0.23467127	0.23472435	60107	33790	0
60107	33795	-0.00000800	0.00374796	0.47069777	0.00375888	0.47045107	0.53577988	0.53555810	0.23480455	0.23477103	0.53569369	0.53520682	0.23467571	0.23471687	60107	33793	0
60107	33798	0.00129874	0.00370434	0.47316236	0.00376866	0.46924216	0.53572861	0.53541578	0.23476683	0.23473175	0.53579804	0.53530091	0.23478984	0.23468606	60107	33797	0
60107	33802	0.00131788	0.00375675	0.47162982	0.00373476	0.47157238	0.53577725	0.53556320	0.23475073	0.23493668	0.53572664	0.53561160	0.23487859	0.23503907	60107	33800	0
60107	33805	0.00082485	0.00376747	0.47085732	0.00376721	0.47233642	0.53580528	0.53557914	0.23480858	0.23484391	0.53576197	0.53560437	0.23471909	0.23494202	60107	33803	0
60107	33808	0.00099855	0.00371916	0.47075102	0.00378633	0.47022994	0.53588367	0.53541258	0.23491573	0.23496413	0.53557166	0.53548686	0.23476536	0.23490439	60107	33807	0
60107	33811	0.00000398	0.00377115	0.46906242	0.00370928	0.47204613	0.53566221	0.53517822	0.23487144	0.23493249	0.53548431	0.53534824	0.23477374	0.23495230	60107	33810	0
60107	33815	0.00021804	0.00370989	0.47235952	0.00370067	0.47171734	0.53560478	0.53511775	0.23500012	0.23490924	0.53575178	0.53535317	0.23493422	0.23489765	60107	33813	0
60107	33818	-0.00024594	0.00371035	0.47174368	0.00372274	0.47313562	0.53584603	0.53549894	0.23502674	0.23505813	0.53553041	0.53531118	0.23489921	0.23491672	60107	33816	0
60107	33821	-0.00050629	0.00373998	0.47237401	0.00370138	0.47315507	0.53573362	0.53541989	0.23493381	0.23502272	0.53576214	0.53536747	0.23494753	0.23490743	60107	33820	0
60107	33824	0.00022999	0.00373757	0.47334205	0.00372952	0.47113321	0.53555161	0.53520813	0.23494087	0.23486585	0.53572261	0.53530567	0.23489321	0.23502683	60107	33823	0
60107	33828	-0.00013192	0.00369817	0.47568436	0.00367328	0.47677008	0.53544717	0.53516483	0.23495484	0.23498968	0.53563140	0.53520698	0.23507169	0.23482041	60107	33826	0
60107	33831	0.00022032	0.00368099	0.47455428	0.00374189	0.47349755	0.53541767	0.53533369	0.23481186	0.23489412	0.53533969	0.53508636	0.23476026	0.23493644	60107	33829	0
60107	33834	0.00007763	0.00373397	0.47290789	0.00372902	0.47333598	0.53539072	0.53493401	0.23464284	0.23480841	0.53508471	0.53476885	0.23476108	0.23472411	60107	33833	0
60107	33838	0.00174160	0.00372703	0.47468913	0.00369444	0.46969721	0.53532687	0.53485126	0.23473635	0.23473438	0.53530419	0.53529737	0.23471178	0.23504819	60107	33836	0
60107	33841	-0.00028193	0.00372766	0.46942274	0.00372292	0.47549333	0.53514149	0.53488323	0.23463051	0.23467201	0.53509112	0.53461486	0.23455064	0.23448022	60107	33839	0
60107	33844	-0.00006490	0.00370749	0.47202420	0.00375773	0.47137311	0.53494954	0.53424213	0.23449715	0.23441695	0.53490895	0.53476490	0.23460619	0.23454883	60107	33842	0
60107	33847	-0.00083623	0.00376644	0.47080180	0.00376260	0.47311578	0.53478240	0.53453540	0.23437553	0.23450857	0.53492226	0.53477673	0.23444998	0.23456330	60107	33846	0
60107	33851	-0.00031264	0.00372578	0.47421174	0.00375629	0.47264097	0.53506762	0.53460105	0.23424085	0.23452500	0.53495694	0.53465430	0.23440972	0.23428662	60107	33849	0
60107	33854	-0.00081456	0.00374079	0.47097853	0.00375945	0.47248429	0.53486638	0.53443046	0.23444045	0.23441670	0.53533197	0.53464353	0.23436543	0.23429936	60107	33852	0
60107	33857	0.00098520	0.00373019	0.47548118	0.00378952	0.47008192	0.53455117	0.53434632	0.23420256	0.23427783	0.53432249	0.53409364	0.23398390	0.23404619	60107	33855	0
60107	33860	0.00058639	0.00379149	0.47411773	0.00372546	0.47531416	0.53417335	0.53388008	0.23391126	0.23382022	0.53440335	0.53400514	0.23402376	0.23382646	60107	33859	0
60107	33864	0.00101087	0.00376284	0.47334679	0.00375691	0.47207334	0.53426743	0.53393661	0.23367288	0.23371537	0.53402330	0.53373833	0.23360107	0.23378940	60107	33862	0
60107	33867	0.00060447	0.00380380	0.47102808	0.00378922	0.47224728	0.53410457	0.53362444	0.23367453	0.23357551	0.53409816	0.53395510	0.23353212	0.23374988	60107	33865	0
60107	33870	-0.00030470	0.00378051	0.47209026	0.00379201	0.47481776	0.53398222	0.53378065	0.23335677	0.23342275	0.53408567	0.53356257	0.23332916	0.23330369	60107	33869	0
60107	33873	0.00139244	0.00376649	0.47483169	0.00378839	0.46974029	0.53380547	0.53371048	0.23317139	0.23345472	0.53399167	0.53408189	0.23338660	0.23359178	60107	33872	0
60107	33877	0.00090006	0.00377601	0.47110387	0.00381095	0.47258099	0.53378106	0.53369988	0.23301954	0.23337296	0.53362452	0.53336133	0.23316219	0.23308322	60107	33875	0
60107	33897	0.00006478	0.00377779	0.47061507	0.00383864	0.47312091	0.53279952	0.53250609	0.23210826	0.23213381	0.53272105	0.53242687	0.23182608	0.23208599	60107	33895	0
60107	33900	0.00036152	0.00378426	0.47286317	0.00378057	0.47197297	0.53278120	0.53267413	0.23203529	0.23217087	0.53280889	0.53254085	0.23205608	0.23219232	60107	33899	0
60107	33903	-0.00091003	0.00380543	0.46869506	0.00376035	0.47250970	0.53275926	0.53246508	0.23194745	0.23213126	0.53277002	0.53233139	0.23209412	0.23187744	60107	33902	0
60107	33907	0.00068601	0.00378191	0.47403567	0.00378418	0.46924758	0.53282968	0.53242104	0.23194473	0.23198779	0.53267347	0.53213377	0.23195254	0.23197185	60107	33905	0
60107	33910	0.00032302	0.00376237	0.47072654	0.00374359	0.47181549	0.53274882	0.53239458	0.23185632	0.23194013	0.53230189	0.53221035	0.23163322	0.23184761	60107	33908	0
60107	33913	0.00150626	0.00377558	0.47202642	0.00379914	0.46847671	0.53258760	0.53229088	0.23183035	0.23200324	0.53244060	0.53185882	0.23169082	0.23177061	60107	33912	0
60107	33917	-0.00100767	0.00379247	0.46848757	0.00378417	0.47602936	0.53237174	0.53207822	0.23172838	0.23159739	0.53199942	0.53188890	0.23150544	0.23173027	60107	33915	0
60107	33920	-0.00092366	0.00378389	0.47132778	0.00379796	0.47107574	0.53221027	0.53191174	0.23176593	0.23171474	0.53223024	0.53197994	0.23160841	0.23163429	60107	33918	0
60107	33923	0.00043162	0.00378525	0.47399825	0.00373116	0.46993243	0.53204749	0.53182760	0.23140347	0.23153314	0.53208619	0.53191840	0.23160126	0.23161564	60107	33921	0
60107	33926	0.00038199	0.00375986	0.47233650	0.00376115	0.47248538	0.53181396	0.53160352	0.23128481	0.23140355	0.53161839	0.53135971	0.23112327	0.23118374	60107	33925	0
60107	33930	0.00166314	0.00374015	0.47306297	0.00373684	0.46921952	0.53167722	0.53106817	0.23105687	0.23108514	0.53159357	0.53130704	0.23116550	0.23104192	60107	33928	0
60107	33933	0.00151473	0.00370857	0.46906504	0.00372159	0.46951025	0.53130063	0.53105798	0.23093419	0.23091512	0.53121049	0.53089594	0.23092400	0.23090370	60107	33931	0
60107	33936	-0.00034736	0.00376068	0.46952777	0.00371789	0.47511405	0.53107433	0.53093891	0.23064018	0.23090600	0.53119956	0.53092881	0.23070509	0.23090017	60107	33934	0
60107	33939	0.00034866	0.00370514	0.47561925	0.00373199	0.47353117	0.53116932	0.53099479	0.23082901	0.23083838	0.53104861	0.53093661	0.23072753	0.23077740	60107	33938	0
60107	33943	0.00050932	0.00372025	0.47424852	0.00371172	0.47376654	0.53124385	0.53066865	0.23071988	0.23075062	0.53125141	0.53100194	0.23088645	0.23084224	60107	33941	0
60107	33946	0.00048342	0.00368714	0.47345612	0.00368399	0.47353383	0.53111533	0.53091960	0.23067272	0.23083295	0.53114919	0.53101065	0.23071726	0.23083377	60107	33944	0
60107	33949	-0.00045497	0.00371656	0.47125893	0.00368730	0.47407410	0.53141789	0.53092856	0.23081586	0.23085226	0.53124040	0.53102659	0.23090962	0.23098809	60107	33948	0
60107	33952	0.00028711	0.00368953	0.47580871	0.00367361	0.47358247	0.53108362	0.53086036	0.23080239	0.23067707	0.53091878	0.53070250	0.23067822	0.23078225	60107	33951	0
60107	33956	-0.00070497	0.00368369	0.47258406	0.00367846	0.47556030	0.53103300	0.53080423	0.23074873	0.23075785	0.53134566	0.53102996	0.23089195	0.23080567	60107	33954	0
60107	33959	0.00098470	0.00368429	0.47546784	0.00369751	0.47039880	0.53107376	0.53049995	0.23053492	0.23044897	0.53130392	0.53083710	0.23083213	0.23057765	60107	33957	0
60107	33962	0.00071160	0.00369976	0.46978786	0.00371958	0.47060717	0.53078969	0.53061113	0.23037575	0.23050829	0.53113308	0.53063759	0.23060797	0.23057214	60107	33961	0
60107	33965	0.00202219	0.00367052	0.47505393	0.00363726	0.47112216	0.53075822	0.53046610	0.23047666	0.23054404	0.53080316	0.53062830	0.23060780	0.23079861	60107	33964	0
60107	33969	0.00076834	0.00368963	0.46885641	0.00370476	0.47261796	0.53082124	0.53060234	0.23038873	0.23066171	0.53083102	0.53050414	0.23047378	0.23061594	60107	33967	0
60107	33972	0.00048661	0.00371349	0.47077361	0.00365980	0.47161879	0.53089372	0.53042460	0.23035373	0.23047025	0.53081237	0.53044942	0.23050764	0.23045603	60107	33970	0
60107	33975	0.00157293	0.00368282	0.47404484	0.00367157	0.47078589	0.53062625	0.53047275	0.23034863	0.23048750	0.53070103	0.53061450	0.23040139	0.23043787	60107	33974	0
60107	33979	-0.00063701	0.00364993	0.46798991	0.00371379	0.47461972	0.53070242	0.53031005	0.23017262	0.23023195	0.53045040	0.53017085	0.23015372	0.23006350	60107	33977	0
60107	33982	0.00142624	0.00372408	0.47344143	0.00375238	0.46725169	0.53074918	0.53051400	0.23015397	0.23028709	0.53030923	0.53015196	0.23004493	0.23019637	60107	33980	0
60107	33985	-0.00034359	0.00376286	0.46762066	0.00375258	0.47293014	0.53073414	0.53025533	0.23016473	0.23033557	0.53066709	0.53044490	0.23010064	0.23016769	60107	33983	0
60107	33988	0.00008611	0.00375356	0.47357777	0.00373291	0.47228867	0.53039543	0.53032862	0.23010705	0.22999300	0.53057760	0.53011391	0.23005528	0.22999546	60107	33987	0
60107	33992	-0.00041986	0.00374184	0.47054526	0.00371766	0.47206317	0.53041408	0.52994940	0.23009382	0.23002578	0.53016592	0.53008392	0.22985117	0.23001017	60107	33990	0
60107	34012	0.00044816	0.00373138	0.47106522	0.00375215	0.46846118	0.52991111	0.52979369	0.22972142	0.22992487	0.52997101	0.52954430	0.22987113	0.22961147	60107	34010	0
60107	34015	0.00100146	0.00377607	0.47377357	0.00375203	0.47211367	0.53039412	0.52979262	0.22976349	0.22976037	0.52990561	0.52966780	0.22969915	0.22973037	60107	34013	0
60107	34018	0.00040348	0.00376326	0.47166887	0.00376418	0.47346281	0.52978440	0.52967939	0.22947778	0.22967746	0.52977298	0.52963625	0.22952577	0.22963514	60107	34017	0
60107	34022	0.00146658	0.00379165	0.47596314	0.00376629	0.47277382	0.52983025	0.52968317	0.22950071	0.22960794	0.52983091	0.52965145	0.22937687	0.22952043	60107	34020	0
60107	34025	0.00028382	0.00381965	0.47129205	0.00375674	0.47484033	0.52978629	0.52954528	0.22937309	0.22956554	0.53003716	0.52952334	0.22951254	0.22941615	60107	34023	0
60107	34028	-0.00023049	0.00377576	0.46931438	0.00380141	0.47085731	0.52963312	0.52935933	0.22941541	0.22958403	0.52978613	0.52943065	0.22944779	0.22951328	60107	34026	0
60107	34031	0.00034416	0.00376431	0.47269407	0.00379417	0.47097014	0.52958604	0.52936976	0.22939281	0.22950983	0.52966451	0.52947503	0.22949701	0.22951854	60107	34030	0
60107	34035	-0.00054873	0.00381726	0.47081385	0.00377422	0.47349251	0.52973822	0.52915719	0.22939487	0.22942634	0.52957503	0.52925012	0.22934072	0.22940144	60107	34033	0
60107	34038	-0.00000061	0.00374511	0.47225913	0.00371881	0.47061477	0.52944783	0.52931381	0.22931352	0.22932732	0.52946722	0.52926746	0.22912354	0.22925748	60107	34036	0
60107	34041	0.00014975	0.00373980	0.47182340	0.00375183	0.47137234	0.52935990	0.52919926	0.22913463	0.22934918	0.52974488	0.52925390	0.22950695	0.22943447	60107	34040	0
60107	34044	0.00025338	0.00372999	0.47211983	0.00372663	0.47180893	0.52954200	0.52929811	0.22940563	0.22939306	0.52965046	0.52928192	0.22952610	0.22944844	60107	34043	0
60107	34048	0.00051108	0.00374048	0.47273405	0.00373763	0.47196094	0.52964668	0.52948826	0.22949191	0.22977803	0.52971636	0.52934635	0.22965971	0.22961139	60107	34046	0
60107	34051	0.00223585	0.00368673	0.47377587	0.00374647	0.46860158	0.52970823	0.52953115	0.22968033	0.22984977	0.52967668	0.52932671	0.22960638	0.22961155	60107	34049	0
60107	34054	0.00004828	0.00374954	0.47022843	0.00374600	0.47679113	0.52980527	0.52953887	0.22972355	0.22971509	0.52986986	0.52955358	0.22985749	0.22984418	60107	34053	0
