% File initiated 31/01/2023 17:34:50 UTC
% Raw fountain data
%
% File notes: maser 5 MHz RF amplitudes 200 220 180
%
%% fountain_code = ALPHA-CsF1
%% microwave_ref = ALPHA HM1
%% MJD_start = 59975.732534
%% clock_data = False
%% sequence = 1
%% density = HD
%
% Units: V.s, Hz
%
% Shot B MJD days	Shot B MJD seconds	freq error	shot A sum	shot A ratio	shot B sum	shot B ratio	shot A F=3 bg 1	shot A F=3 bg 2	shot A F=4 bg 1	shot A F=4 bg 2	shot B F=3 bg 1	shot B F=3 bg 2	shot B F=4 bg 1	shot B F=4 bg 2	Shot A MJD days	Shot A MJD seconds	Shot order (0=LF->HF)
59976	248	0.00208809	0.03727162	0.48004696	0.03720745	0.47635916	0.53198052	0.53190665	0.28181268	0.28158597	0.53188339	0.53196565	0.28173774	0.28169731	59976	246	0
59976	251	0.00046504	0.03716676	0.47384921	0.03730843	0.47871837	0.53198085	0.53204560	0.28188491	0.28169986	0.53198200	0.53207945	0.28179239	0.28179535	59976	249	0
59976	254	0.00070041	0.03733506	0.47603839	0.03721159	0.47533227	0.53195702	0.53198315	0.28174982	0.28167151	0.53190533	0.53192629	0.28170372	0.28166913	59976	253	0
59976	258	0.00093734	0.03725999	0.47515128	0.03716146	0.47444048	0.53177690	0.53192226	0.28184440	0.28166157	0.53189235	0.53200040	0.28183594	0.28172607	59976	256	0
59976	261	0.00082333	0.03716557	0.47602237	0.03720997	0.47636439	0.53225892	0.53208759	0.28197464	0.28176470	0.53187805	0.53197559	0.28178910	0.28172090	59976	259	0
59976	591	0.00125116	0.03724957	0.47676201	0.03733589	0.47547853	0.53206885	0.53213467	0.28194909	0.28181835	0.53204379	0.53218718	0.28201951	0.28186667	59976	590	0
59976	595	0.00032250	0.03731191	0.47699129	0.03735359	0.47977727	0.53207444	0.53213286	0.28210020	0.28186815	0.53214634	0.53222720	0.28208615	0.28184958	59976	593	0
59976	598	0.00233738	0.03730141	0.48048840	0.03725550	0.47444377	0.53213525	0.53208948	0.28187382	0.28178779	0.53199104	0.53206557	0.28191589	0.28180734	59976	596	0
59976	601	0.00081925	0.03719904	0.47358452	0.03718982	0.47813890	0.53204716	0.53222555	0.28194506	0.28188097	0.53202087	0.53217937	0.28189510	0.28184835	59976	599	0
59976	604	0.00041307	0.03717394	0.47567241	0.03714671	0.47689096	0.53195127	0.53209350	0.28201409	0.28179074	0.53217305	0.53221290	0.28190250	0.28183569	59976	603	0
59976	935	0.00054356	0.03687028	0.47748704	0.03682588	0.47709556	0.53231364	0.53214100	0.28205213	0.28190619	0.53222079	0.53232400	0.28225066	0.28202641	59976	933	0
59976	938	0.00092515	0.03677195	0.47683680	0.03668525	0.47569203	0.53231487	0.53233427	0.28218435	0.28209182	0.53233410	0.53214223	0.28213759	0.28191236	59976	936	0
59976	941	0.00096906	0.03672765	0.47591783	0.03664114	0.47578612	0.53222736	0.53221265	0.28216890	0.28197875	0.53215538	0.53218595	0.28197982	0.28191499	59976	940	0
59976	945	0.00119695	0.03672301	0.47650721	0.03659474	0.47582354	0.53228768	0.53218324	0.28195903	0.28194514	0.53209934	0.53221339	0.28224852	0.28192082	59976	943	0
59976	948	0.00084441	0.03664590	0.47590245	0.03667809	0.47696007	0.53214001	0.53209917	0.28190110	0.28183849	0.53208356	0.53216434	0.28217350	0.28184514	59976	946	0
59976	1278	0.00070459	0.03717979	0.47628866	0.03721813	0.47670811	0.53244503	0.53249204	0.28230185	0.28217547	0.53256451	0.53258982	0.28244540	0.28225937	59976	1277	0
59976	1281	0.00130564	0.03726499	0.47701326	0.03720018	0.47521011	0.53263707	0.53260979	0.28232749	0.28229084	0.53245966	0.53252893	0.28226956	0.28220308	59976	1280	0
59976	1285	0.00166069	0.03709828	0.47752993	0.03710063	0.47646478	0.53257717	0.53280051	0.28244253	0.28238525	0.53256911	0.53260609	0.28240892	0.28219536	59976	1283	0
59976	1288	-0.00016893	0.03717836	0.47298735	0.03709247	0.47847620	0.53257988	0.53260790	0.28231804	0.28222962	0.53247232	0.53268514	0.28233751	0.28222749	59976	1286	0
59976	1291	-0.00056079	0.03699950	0.47777460	0.03706296	0.47895019	0.53273502	0.53255071	0.28240087	0.28224770	0.53266238	0.53253994	0.28240662	0.28219470	59976	1290	0
59976	1622	0.00091921	0.03729600	0.47928984	0.03721874	0.47484984	0.53200501	0.53194584	0.28165664	0.28154489	0.53215341	0.53218052	0.28177488	0.28171621	59976	1620	0
59976	1625	0.00108603	0.03711799	0.47777737	0.03707775	0.47727690	0.53205661	0.53218858	0.28183742	0.28177456	0.53210427	0.53214478	0.28172690	0.28170257	59976	1623	0
59976	1628	0.00086514	0.03716930	0.47683917	0.03720462	0.47750184	0.53220805	0.53219860	0.28189305	0.28164645	0.53209539	0.53219449	0.28166617	0.28165253	59976	1627	0
59976	1631	0.00020339	0.03721190	0.47480967	0.03724620	0.47679494	0.53217987	0.53212958	0.28174423	0.28163733	0.53203286	0.53234511	0.28185821	0.28171137	59976	1630	0
59976	1635	0.00055930	0.03730332	0.47744021	0.03733460	0.47637246	0.53197731	0.53203097	0.28166428	0.28156773	0.53203327	0.53209170	0.28174210	0.28159312	59976	1633	0
59976	1965	0.00015996	0.03696398	0.47516121	0.03705032	0.47635923	0.53251537	0.53266000	0.28237490	0.28219618	0.53261710	0.53262236	0.28233209	0.28224491	59976	1963	0
59976	1968	-0.00027111	0.03684449	0.47707421	0.03707161	0.47836741	0.53252310	0.53257971	0.28242790	0.28227539	0.53264742	0.53259492	0.28254039	0.28221730	59976	1967	0
59976	1972	0.00123601	0.03688333	0.47930618	0.03694407	0.47478483	0.53259179	0.53262080	0.28248033	0.28222806	0.53246911	0.53247223	0.28244393	0.28212929	59976	1970	0
59976	1975	0.00142003	0.03698734	0.47632773	0.03701040	0.47577566	0.53258497	0.53262179	0.28230588	0.28223891	0.53269352	0.53262162	0.28240062	0.28234351	59976	1973	0
59976	1978	0.00082058	0.03696491	0.47470981	0.03695767	0.47650817	0.53253887	0.53260289	0.28226874	0.28222749	0.53259475	0.53269196	0.28251648	0.28225197	59976	1976	0
59976	2308	0.00082805	0.03706149	0.47587309	0.03697476	0.47585067	0.53249590	0.53237905	0.28211121	0.28201261	0.53238275	0.53236229	0.28221705	0.28203307	59976	2307	0
59976	2312	-0.00000054	0.03709613	0.47571331	0.03721864	0.47819910	0.53237716	0.53259212	0.28233447	0.28219725	0.53244725	0.53253419	0.28225888	0.28211072	59976	2310	0
59976	2315	0.00076785	0.03702629	0.47785420	0.03710477	0.47554902	0.53234133	0.53245457	0.28229363	0.28208894	0.53240674	0.53255457	0.28225838	0.28214408	59976	2313	0
59976	2318	0.00070138	0.03709629	0.47589643	0.03712462	0.47609583	0.53253460	0.53241611	0.28225222	0.28212641	0.53247158	0.53236599	0.28226454	0.28204843	59976	2317	0
59976	2321	0.00081689	0.03720297	0.47587101	0.03705078	0.47552448	0.53234437	0.53238012	0.28211984	0.28203693	0.53239729	0.53245259	0.28219182	0.28208845	59976	2320	0
59976	2652	0.00108118	0.03722017	0.47687502	0.03722808	0.47608214	0.53170631	0.53170335	0.28127840	0.28122992	0.53169900	0.53184288	0.28152065	0.28134989	59976	2650	0
59976	2655	0.00084695	0.03735537	0.47630337	0.03726681	0.47700605	0.53180722	0.53185710	0.28130963	0.28135614	0.53158979	0.53174691	0.28149279	0.28126485	59976	2654	0
59976	2658	0.00015689	0.03734617	0.47542315	0.03729769	0.47749334	0.53157936	0.53170237	0.28146025	0.28120667	0.53169440	0.53178092	0.28132951	0.28129114	59976	2657	0
59976	2662	0.00071809	0.03730706	0.47779541	0.03718634	0.47611182	0.53164345	0.53170385	0.28141423	0.28127972	0.53161781	0.53155438	0.28133707	0.28114594	59976	2660	0
59976	2665	0.00068571	0.03735603	0.47602672	0.03731975	0.47612385	0.53168528	0.53168363	0.28136205	0.28120387	0.53161444	0.53166950	0.28139501	0.28119459	59976	2663	0
59976	2995	0.00067537	0.03704416	0.47494169	0.03689151	0.47497272	0.53227141	0.53232424	0.28213241	0.28201902	0.53229515	0.53233985	0.28221360	0.28208968	59976	2994	0
59976	2999	0.00117477	0.03680754	0.47687358	0.03690645	0.47537538	0.53246533	0.53244282	0.28240892	0.28215969	0.53223180	0.53254545	0.28228953	0.28227276	59976	2997	0
59976	3002	0.00018272	0.03683484	0.47540723	0.03687652	0.47838336	0.53225226	0.53234536	0.28212929	0.28203866	0.53230592	0.53235004	0.28218451	0.28212001	59976	3000	0
59976	3005	0.00094823	0.03682986	0.47871920	0.03682339	0.47642268	0.53227075	0.53233566	0.28226446	0.28208582	0.53220559	0.53224758	0.28219149	0.28200143	59976	3003	0
59976	3008	0.00103721	0.03691477	0.47681423	0.03691057	0.47654729	0.53229425	0.53224010	0.28206536	0.28202995	0.53228636	0.53229351	0.28213266	0.28200603	59976	3007	0
59976	3339	0.00085920	0.03724109	0.47544109	0.03721538	0.47597511	0.53192259	0.53200197	0.28164571	0.28164793	0.53209687	0.53209934	0.28172123	0.28173010	59976	3337	0
59976	3342	0.00124719	0.03713494	0.47886898	0.03718145	0.47770502	0.53209359	0.53202842	0.28170808	0.28163314	0.53200854	0.53199408	0.28173306	0.28161564	59976	3340	0
59976	3345	-0.00043761	0.03719808	0.47217448	0.03730870	0.47722889	0.53180977	0.53196984	0.28183347	0.28162944	0.53220575	0.53203409	0.28205065	0.28169247	59976	3344	0
59976	3349	0.00058686	0.03724788	0.47784630	0.03721861	0.47477287	0.53207485	0.53213623	0.28195196	0.28174810	0.53200131	0.53215291	0.28192772	0.28170734	59976	3347	0
59976	3352	0.00101879	0.03717852	0.47758095	0.03716614	0.47628517	0.53208389	0.53212079	0.28171243	0.28175081	0.53202473	0.53204502	0.28193372	0.28174300	59976	3350	0
59976	3682	0.00014105	0.03718127	0.47547919	0.03712987	0.47811241	0.53159177	0.53165824	0.28152270	0.28126468	0.53189202	0.53183253	0.28150972	0.28140996	59976	3681	0
59976	3685	0.00048111	0.03699823	0.47688408	0.03705620	0.47586388	0.53172743	0.53176835	0.28154522	0.28140593	0.53174699	0.53196597	0.28161818	0.28139229	59976	3684	0
59976	3689	0.00107895	0.03703804	0.47777377	0.03705764	0.47598025	0.53175208	0.53186063	0.28157858	0.28135154	0.53174214	0.53178166	0.28160002	0.28136312	59976	3687	0
59976	3692	0.00079143	0.03716743	0.47695973	0.03710552	0.47782229	0.53199317	0.53194420	0.28150758	0.28142557	0.53174543	0.53185077	0.28158951	0.28141612	59976	3690	0
59976	3695	0.00090185	0.03719074	0.47697970	0.03726414	0.47664845	0.53203155	0.53192949	0.28162468	0.28133387	0.53187353	0.53188389	0.28153322	0.28139805	59976	3694	0
59976	4026	0.00111331	0.03677514	0.47759785	0.03674503	0.47696345	0.53196244	0.53191708	0.28186725	0.28158170	0.53198717	0.53203483	0.28186560	0.28173372	59976	4024	0
59976	4029	0.00060281	0.03677206	0.47433745	0.03666855	0.47586898	0.53199712	0.53206055	0.28181046	0.28164160	0.53184354	0.53187526	0.28177998	0.28168137	59976	4027	0
59976	4032	0.00118033	0.03676693	0.47767482	0.03673505	0.47594223	0.53183014	0.53189909	0.28181400	0.28159238	0.53186318	0.53183713	0.28174210	0.28159000	59976	4030	0
59976	4035	0.00013085	0.03673109	0.47461267	0.03675226	0.47776112	0.53185126	0.53191955	0.28176642	0.28169937	0.53187230	0.53187739	0.28169008	0.28160923	59976	4034	0
59976	4039	0.00131663	0.03673070	0.47866027	0.03679192	0.47510294	0.53186597	0.53188232	0.28190710	0.28162747	0.53195118	0.53183606	0.28176543	0.28152656	59976	4037	0
59976	4369	0.00162539	0.03700970	0.47637858	0.03701771	0.47545231	0.53174132	0.53187583	0.28158507	0.28149008	0.53187411	0.53188586	0.28174670	0.28149394	59976	4367	0
59976	4372	0.00187405	0.03701557	0.47898225	0.03689193	0.47823625	0.53194288	0.53207321	0.28177480	0.28161901	0.53200040	0.53196425	0.28170989	0.28154012	59976	4371	0
59976	4376	0.00042872	0.03693950	0.47373909	0.03690343	0.47807510	0.53197090	0.53205686	0.28166601	0.28160421	0.53185619	0.53198381	0.28180857	0.28154217	59976	4374	0
59976	4379	-0.00041820	0.03697364	0.47488225	0.03697120	0.47742300	0.53193491	0.53209350	0.28170216	0.28162336	0.53188200	0.53193154	0.28165680	0.28161062	59976	4377	0
59976	4382	0.00093779	0.03693035	0.47948169	0.03689605	0.47541373	0.53196507	0.53204231	0.28170101	0.28166264	0.53200065	0.53207822	0.28168022	0.28155623	59976	4380	0
59976	4713	0.00091013	0.03723051	0.47662894	0.03723366	0.47671192	0.53123325	0.53139349	0.28098875	0.28080510	0.53129085	0.53141707	0.28108489	0.28089746	59976	4711	0
59976	4716	0.00079842	0.03720570	0.47627823	0.03727279	0.47661335	0.53133786	0.53158232	0.28105243	0.28103567	0.53144090	0.53149275	0.28119566	0.28092260	59976	4714	0
59976	4719	0.00110637	0.03726024	0.47617393	0.03725740	0.47525008	0.53146621	0.53141493	0.28093074	0.28093608	0.53130047	0.53142742	0.28114561	0.28089935	59976	4718	0
59976	4723	0.00032838	0.03730719	0.47592798	0.03719374	0.47826196	0.53137426	0.53146908	0.28109689	0.28089031	0.53152249	0.53130269	0.28105062	0.28077280	59976	4721	0
59976	4726	-0.00028380	0.03723154	0.47647153	0.03709171	0.47830806	0.53134591	0.53124229	0.28093936	0.28077905	0.53145027	0.53141904	0.28091595	0.28087428	59976	4724	0
59976	5056	0.00071591	0.03713566	0.47976830	0.03720645	0.47676918	0.53160368	0.53158692	0.28101718	0.28100790	0.53166786	0.53168618	0.28114011	0.28103567	59976	5055	0
59976	5060	-0.00047303	0.03720880	0.47502986	0.03723160	0.47859667	0.53166260	0.53170639	0.28127446	0.28106122	0.53157295	0.53158125	0.28112244	0.28101578	59976	5058	0
59976	5063	0.00062815	0.03709050	0.47822853	0.03707988	0.47492500	0.53151231	0.53164501	0.28112729	0.28098185	0.53151288	0.53156169	0.28108949	0.28095013	59976	5061	0
59976	5066	0.00064340	0.03715197	0.47747703	0.03712397	0.47743126	0.53165569	0.53159834	0.28116772	0.28100403	0.53158149	0.53152167	0.28113658	0.28096706	59976	5064	0
59976	5069	0.00112096	0.03714945	0.47589823	0.03734929	0.47446556	0.53140146	0.53146555	0.28116936	0.28087749	0.53159489	0.53151978	0.28101570	0.28100124	59976	5068	0
59976	5400	0.00085804	0.03693910	0.47765360	0.03692351	0.47844234	0.53195324	0.53187706	0.28161120	0.28152590	0.53176326	0.53190221	0.28151136	0.28150273	59976	5398	0
59976	5403	0.00122876	0.03693678	0.47783920	0.03693720	0.47672705	0.53202653	0.53202867	0.28181219	0.28170142	0.53177024	0.53178939	0.28170151	0.28153412	59976	5401	0
59976	5406	0.00041196	0.03689239	0.47679816	0.03689152	0.47924854	0.53192555	0.53180656	0.28166757	0.28145450	0.53178060	0.53181642	0.28154456	0.28147767	59976	5405	0
59976	5409	0.00065119	0.03681725	0.47711429	0.03673898	0.47639661	0.53187394	0.53184543	0.28159485	0.28146625	0.53186088	0.53192768	0.28179428	0.28163108	59976	5408	0
59976	5413	0.00062777	0.03664375	0.47639276	0.03669350	0.47646302	0.53184469	0.53187583	0.28170093	0.28159304	0.53195102	0.53194395	0.28175155	0.28151374	59976	5411	0
59976	5743	0.00065269	0.03711014	0.47646864	0.03719192	0.47639388	0.53218702	0.53245259	0.28234524	0.28248378	0.53208816	0.53215982	0.28236931	0.28226249	59976	5742	0
59976	5746	0.00048750	0.03718184	0.47697989	0.03697355	0.47747546	0.53216647	0.53224692	0.28244532	0.28228386	0.53208948	0.53206729	0.28231130	0.28221072	59976	5745	0
59976	5750	0.00040751	0.03715700	0.47703124	0.03710760	0.47727122	0.53217946	0.53218184	0.28229396	0.28215082	0.53216310	0.53208603	0.28239964	0.28211565	59976	5748	0
59976	5753	0.00014730	0.03713469	0.47745743	0.03727386	0.47823806	0.53182883	0.53197994	0.28208574	0.28193150	0.53176589	0.53193976	0.28208812	0.28195624	59976	5751	0
59976	5756	0.00107816	0.03723868	0.47761010	0.03718594	0.47481753	0.53181815	0.53180886	0.28183076	0.28173421	0.53156276	0.53165002	0.28185903	0.28164390	59976	5755	0
59976	6087	-0.00018403	0.03661788	0.47464571	0.03653876	0.47843227	0.53116160	0.53091574	0.28173898	0.28134948	0.53092149	0.53109413	0.28162369	0.28136255	59976	6085	0
59976	6090	0.00044939	0.03660614	0.47719677	0.03667568	0.47529652	0.53095806	0.53099635	0.28158153	0.28138210	0.53085592	0.53113506	0.28145581	0.28151333	59976	6088	0
59976	6093	0.00022443	0.03660866	0.47786023	0.03655373	0.47853511	0.53081754	0.53086718	0.28126230	0.28122450	0.53106513	0.53100366	0.28137241	0.28126854	59976	6092	0
59976	6096	0.00055219	0.03654647	0.47561502	0.03656727	0.47463174	0.53091155	0.53089544	0.28134948	0.28121111	0.53083981	0.53062148	0.28116287	0.28111250	59976	6095	0
59976	6100	0.00107810	0.03657355	0.47819059	0.03662708	0.47661287	0.53051885	0.53046626	0.28122631	0.28101365	0.53065871	0.53059585	0.28116501	0.28102778	59976	6098	0
59976	6430	0.00009695	0.03690027	0.47504559	0.03694047	0.47798902	0.53159267	0.53165717	0.28268033	0.28258937	0.53180714	0.53174921	0.28291460	0.28268362	59976	6428	0
59976	6433	0.00124170	0.03674467	0.47831277	0.03670619	0.47487855	0.53156802	0.53160146	0.28297615	0.28270268	0.53160672	0.53143030	0.28272380	0.28261657	59976	6432	0
59976	6437	0.00053663	0.03675570	0.47642782	0.03679736	0.47854302	0.53146555	0.53152159	0.28266028	0.28265757	0.53147179	0.53153466	0.28274977	0.28258633	59976	6435	0
59976	6440	0.00130808	0.03681658	0.47848262	0.03677536	0.47616827	0.53150055	0.53172455	0.28274344	0.28283219	0.53154558	0.53153572	0.28283383	0.28259948	59976	6438	0
59976	6443	0.00030469	0.03669657	0.47447535	0.03656636	0.47748554	0.53137623	0.53146769	0.28260745	0.28252437	0.53135339	0.53135914	0.28253727	0.28248008	59976	6441	0
59976	6773	0.00043585	0.03656155	0.47543476	0.03639199	0.47504127	0.52971825	0.52976024	0.28066491	0.28065973	0.52977849	0.52985778	0.28083879	0.28074297	59976	6772	0
59976	6777	0.00170912	0.03665831	0.47706967	0.03656524	0.47324985	0.52967035	0.52976854	0.28076270	0.28061692	0.52980511	0.52984669	0.28073254	0.28058101	59976	6775	0
59976	6780	-0.00003143	0.03662661	0.47195019	0.03655646	0.47717185	0.52980264	0.52979944	0.28085366	0.28060887	0.52990298	0.52974406	0.28075497	0.28056976	59976	6778	0
59976	6783	0.00131674	0.03672113	0.47807685	0.03664997	0.47403233	0.52987348	0.52996575	0.28067814	0.28070896	0.52986830	0.52998170	0.28084520	0.28072095	59976	6782	0
59976	6787	0.00102289	0.03670287	0.47481086	0.03668497	0.47569243	0.52976443	0.52979402	0.28079902	0.28061824	0.52979024	0.52986789	0.28075982	0.28072531	59976	6785	0
59976	7117	0.00009413	0.03632609	0.47612280	0.03634065	0.47890906	0.52955638	0.52972549	0.28058192	0.28041010	0.52958982	0.52974192	0.28058225	0.28043426	59976	7115	0
59976	7120	0.00049775	0.03627510	0.47720917	0.03626441	0.47599831	0.52981711	0.52978720	0.28051610	0.28056589	0.52982787	0.52989533	0.28074667	0.28055595	59976	7119	0
59976	7123	0.00007261	0.03622383	0.47541311	0.03621568	0.47668854	0.53000372	0.52997570	0.28062021	0.28057304	0.52986731	0.52993576	0.28077239	0.28058775	59976	7122	0
59976	7127	0.00021550	0.03627024	0.47622863	0.03623470	0.47579997	0.52984176	0.52988309	0.28079022	0.28059942	0.52976107	0.52988490	0.28074651	0.28056861	59976	7125	0
59976	7130	0.00141887	0.03621257	0.47791074	0.03624569	0.47430062	0.52969418	0.52976452	0.28076417	0.28053097	0.53001037	0.52982056	0.28074207	0.28056236	59976	7128	0
59976	7460	0.00057891	0.03648697	0.47519672	0.03642037	0.47771662	0.53059157	0.53066430	0.28135532	0.28130634	0.53054457	0.53066397	0.28157669	0.28138120	59976	7459	0
59976	7464	0.00032810	0.03645552	0.47734482	0.03639672	0.47809723	0.53058615	0.53068911	0.28156453	0.28133781	0.53064696	0.53066996	0.28168367	0.28139575	59976	7462	0
59976	7467	0.00059364	0.03656014	0.47734712	0.03640844	0.47655051	0.53064277	0.53074449	0.28155762	0.28137956	0.53073620	0.53082165	0.28158696	0.28146608	59976	7465	0
59976	7470	0.00038758	0.03647500	0.47724216	0.03642001	0.47786034	0.53081072	0.53075526	0.28148753	0.28146345	0.53073767	0.53081097	0.28158688	0.28143511	59976	7469	0
59976	7473	0.00223811	0.03646239	0.47924576	0.03643166	0.47369417	0.53079413	0.53076389	0.28157332	0.28146682	0.53064466	0.53072584	0.28168959	0.28142713	59976	7472	0
59976	7804	0.00073925	0.03620658	0.47296394	0.03624674	0.47746052	0.53049724	0.53055024	0.28140199	0.28121595	0.53083242	0.53069568	0.28134850	0.28130215	59976	7802	0
59976	7807	0.00139224	0.03631456	0.47822363	0.03621657	0.47626465	0.53068139	0.53067950	0.28147997	0.28132269	0.53077293	0.53071886	0.28137027	0.28125901	59976	7805	0
59976	7810	0.00115934	0.03628053	0.47672400	0.03609384	0.47742269	0.53072535	0.53068139	0.28135778	0.28133182	0.53063660	0.53070785	0.28155105	0.28127865	59976	7809	0
59976	7814	0.00048849	0.03631955	0.47481112	0.03630644	0.47682368	0.53064803	0.53062206	0.28153075	0.28130363	0.53064967	0.53072642	0.28163125	0.28139098	59976	7812	0
59976	7817	0.00084988	0.03614194	0.47691062	0.03615718	0.47582645	0.53053438	0.53066545	0.28161366	0.28135318	0.53074080	0.53076150	0.28167431	0.28143042	59976	7815	0
59976	8147	-0.00014478	0.03658931	0.47454857	0.03656097	0.47753256	0.53044720	0.53048771	0.28080929	0.28081060	0.53038393	0.53044062	0.28084018	0.28078258	59976	8146	0
59976	8151	0.00096584	0.03651628	0.47825067	0.03665940	0.47491879	0.53045492	0.53042057	0.28087478	0.28087215	0.53039379	0.53030126	0.28101784	0.28078628	59976	8149	0
59976	8154	0.00035832	0.03666483	0.47446208	0.03663284	0.47628466	0.53027102	0.53040825	0.28107889	0.28082112	0.53033265	0.53033528	0.28087568	0.28074478	59976	8152	0
59976	8157	0.00067768	0.03649711	0.47639180	0.03662572	0.47543373	0.53022755	0.53037505	0.28095613	0.28081915	0.53021342	0.53032148	0.28094553	0.28071651	59976	8155	0
59976	8160	0.00081508	0.03671803	0.47775063	0.03656269	0.47733841	0.53029230	0.53035812	0.28086336	0.28072605	0.53033232	0.53026289	0.28100099	0.28075127	59976	8159	0
59976	8491	0.00104157	0.03669540	0.47625312	0.03666266	0.47557364	0.53010660	0.53011621	0.28038997	0.28035521	0.53015228	0.53021736	0.28055809	0.28043409	59976	8489	0
59976	8494	0.00043694	0.03666448	0.47585451	0.03678391	0.47766842	0.53039469	0.53014941	0.28071150	0.28045595	0.53026494	0.53030266	0.28061323	0.28051035	59976	8492	0
59976	8497	0.00145477	0.03672276	0.47628741	0.03669206	0.47323391	0.53015302	0.53023142	0.28058644	0.28045291	0.53021605	0.53026108	0.28048972	0.28041429	59976	8496	0
59976	8501	0.00165877	0.03659548	0.47718995	0.03650160	0.47657794	0.53017381	0.53019805	0.28048611	0.28042670	0.53017973	0.53012730	0.28062654	0.28039646	59976	8499	0
59976	8504	0.00161597	0.03648501	0.47593911	0.03653429	0.47606751	0.53008581	0.53016749	0.28059926	0.28039810	0.53007373	0.53022501	0.28067247	0.28045521	59976	8502	0
59976	8834	0.00174154	0.03632102	0.47761458	0.03635046	0.47723788	0.53084754	0.53085460	0.28152862	0.28150306	0.53079018	0.53084861	0.28158096	0.28147792	59976	8833	0
59976	8838	0.00042000	0.03644574	0.47513592	0.03626874	0.47910056	0.53092724	0.53081516	0.28158753	0.28151070	0.53093176	0.53100177	0.28164177	0.28154160	59976	8836	0
59976	8841	0.00079662	0.03639577	0.47769496	0.03643935	0.47656508	0.53093899	0.53099117	0.28169920	0.28161802	0.53101073	0.53101213	0.28168269	0.28161596	59976	8839	0
59976	8844	0.00107088	0.03646169	0.47806044	0.03628204	0.47723767	0.53082321	0.53085880	0.28155812	0.28151761	0.53074178	0.53084819	0.28152714	0.28149517	59976	8842	0
59976	8847	-0.00015003	0.03639430	0.47413751	0.03632533	0.47780024	0.53068936	0.53092305	0.28167168	0.28153856	0.53075419	0.53084080	0.28164703	0.28147553	59976	8846	0
59976	9178	0.00152913	0.03670338	0.47873448	0.03666551	0.47369700	0.53119192	0.53107482	0.28158063	0.28144439	0.53115691	0.53117162	0.28161136	0.28154867	59976	9176	0
59976	9181	0.00104399	0.03667926	0.47523723	0.03668210	0.47669266	0.53125141	0.53124648	0.28166765	0.28156551	0.53120186	0.53157944	0.28196700	0.28189675	59976	9179	0
59976	9184	0.00027247	0.03656210	0.47456415	0.03656856	0.47687871	0.53119948	0.53107762	0.28164259	0.28152369	0.53116324	0.53112363	0.28161021	0.28153897	59976	9183	0
59976	9187	0.00077275	0.03661099	0.47800541	0.03676984	0.47650455	0.53119701	0.53115634	0.28175557	0.28159739	0.53115313	0.53127746	0.28164966	0.28156485	59976	9186	0
59976	9191	0.00082979	0.03674267	0.47597857	0.03674846	0.47580745	0.53124048	0.53136210	0.28180718	0.28159542	0.53125051	0.53131107	0.28184539	0.28169197	59976	9189	0
59976	9521	0.00035255	0.03641851	0.47696584	0.03649782	0.47839758	0.53125084	0.53141773	0.28217144	0.28202806	0.53130269	0.53134878	0.28221130	0.28202592	59976	9519	0
59976	9524	0.00040894	0.03648146	0.47677196	0.03658273	0.47660280	0.53139677	0.53145462	0.28207933	0.28210867	0.53144838	0.53150811	0.28221097	0.28215600	59976	9523	0
59976	9528	0.00039090	0.03650967	0.47639627	0.03657361	0.47645039	0.53176096	0.53171100	0.28234565	0.28216512	0.53175274	0.53167377	0.28228344	0.28216882	59976	9526	0
59976	9531	0.00089676	0.03666487	0.47744952	0.03664693	0.47593192	0.53164740	0.53166145	0.28235838	0.28216388	0.53172020	0.53164452	0.28220357	0.28221853	59976	9529	0
59976	9534	-0.00022385	0.03654377	0.47364831	0.03661139	0.47701016	0.53141436	0.53148741	0.28226923	0.28210152	0.53150401	0.53159579	0.28239618	0.28211195	59976	9533	0
59976	9865	0.00000693	0.03638744	0.47723952	0.03643627	0.47654718	0.53140745	0.53150721	0.28228698	0.28200176	0.53144073	0.53153638	0.28222182	0.28202501	59976	9863	0
59976	9868	0.00145467	0.03626807	0.47915582	0.03623021	0.47481260	0.53138625	0.53153696	0.28207481	0.28205558	0.53164049	0.53148691	0.28235140	0.28203742	59976	9866	0
59976	9871	0.00050673	0.03624702	0.47406430	0.03627815	0.47690811	0.53149373	0.53155865	0.28216298	0.28200579	0.53140762	0.53143671	0.28221154	0.28204170	59976	9869	0
59976	9874	0.00002753	0.03637158	0.47727067	0.03631202	0.47870827	0.53154665	0.53161042	0.28211088	0.28201425	0.53159226	0.53149669	0.28211458	0.28200225	59976	9873	0
59976	9878	0.00138857	0.03635259	0.47796309	0.03631148	0.47387997	0.53143810	0.53144985	0.28214696	0.28197867	0.53147393	0.53150154	0.28218344	0.28193068	59976	9876	0
59976	10208	0.00046855	0.03631004	0.47427506	0.03639232	0.47703511	0.53189522	0.53192012	0.28267171	0.28237671	0.53185496	0.53203927	0.28256242	0.28253185	59976	10206	0
59976	10211	0.00047244	0.03638128	0.47537849	0.03634466	0.47536684	0.53202958	0.53197493	0.28275618	0.28243768	0.53205168	0.53195513	0.28266875	0.28252979	59976	10210	0
59976	10215	-0.00032014	0.03633974	0.47434750	0.03638787	0.47672523	0.53206170	0.53210846	0.28260917	0.28253637	0.53206466	0.53197288	0.28265141	0.28248370	59976	10213	0
59976	10218	0.00071083	0.03641426	0.47841205	0.03638364	0.47531916	0.53208455	0.53195513	0.28260350	0.28241467	0.53175882	0.53179892	0.28255001	0.28248534	59976	10216	0
59976	10221	0.00035310	0.03636683	0.47611503	0.03643116	0.47718820	0.53180730	0.53185143	0.28254952	0.28238304	0.53186482	0.53185184	0.28265683	0.28241697	59976	10219	0
59976	10551	0.00068112	0.03641761	0.47805356	0.03650903	0.47706949	0.53158955	0.53165002	0.28224532	0.28211721	0.53183705	0.53165923	0.28230612	0.28205862	59976	10550	0
59976	10555	0.00091610	0.03640584	0.47849369	0.03640668	0.47778877	0.53165290	0.53171461	0.28235551	0.28219084	0.53169851	0.53168922	0.28226643	0.28219117	59976	10553	0
59976	10558	0.00052176	0.03643569	0.47529384	0.03632134	0.47647686	0.53164247	0.53177788	0.28240637	0.28228402	0.53162299	0.53170064	0.28238657	0.28219684	59976	10556	0
59976	10561	0.00124837	0.03646216	0.47726795	0.03647900	0.47508809	0.53180722	0.53178199	0.28231623	0.28231179	0.53153088	0.53167616	0.28237531	0.28215066	59976	10560	0
59976	10564	0.00088068	0.03647310	0.47570331	0.03654664	0.47680638	0.53171001	0.53177032	0.28222256	0.28222617	0.53173088	0.53168889	0.28234705	0.28221508	59976	10563	0
59976	10895	-0.00015006	0.03644118	0.47475146	0.03647223	0.47784369	0.53063660	0.53079372	0.28118029	0.28125375	0.53073759	0.53067909	0.28121743	0.28121250	59976	10893	0
59976	10898	0.00123061	0.03630506	0.47825224	0.03647752	0.47411024	0.53083661	0.53090144	0.28130807	0.28127323	0.53088797	0.53085797	0.28137676	0.28123411	59976	10897	0
59976	10901	0.00036946	0.03638493	0.47580251	0.03629416	0.47838595	0.53106718	0.53087901	0.28155088	0.28131374	0.53084335	0.53084984	0.28144727	0.28139879	59976	10900	0
59976	10905	0.00173469	0.03639043	0.47871147	0.03634394	0.47461581	0.53085584	0.53086315	0.28165582	0.28141851	0.53086184	0.53099462	0.28161071	0.28149871	59976	10903	0
59976	10908	0.00095325	0.03649117	0.47440811	0.03658855	0.47675241	0.53087580	0.53097466	0.28157422	0.28134989	0.53093620	0.53098370	0.28159172	0.28137323	59976	10906	0
59976	11238	0.00027557	0.03636577	0.47541955	0.03633259	0.47745258	0.53010216	0.53015220	0.28044822	0.28039555	0.53006058	0.53005417	0.28044042	0.28040147	59976	11237	0
59976	11242	0.00058524	0.03628369	0.47726543	0.03642977	0.47633642	0.53013199	0.53018622	0.28065563	0.28052744	0.53036659	0.53040595	0.28090715	0.28070000	59976	11240	0
59976	11245	0.00048534	0.03651684	0.47747067	0.03650533	0.47777037	0.53021145	0.53024423	0.28063566	0.28054560	0.53011679	0.53022065	0.28071627	0.28048372	59976	11243	0
59976	11248	0.00147030	0.03651449	0.47649012	0.03644016	0.47353524	0.53007743	0.53016921	0.28050690	0.28042382	0.53008786	0.53019830	0.28064774	0.28051840	59976	11246	0
59976	11251	0.00054565	0.03655978	0.47519447	0.03661986	0.47796842	0.53004382	0.53019879	0.28076984	0.28045496	0.53022032	0.53022944	0.28061438	0.28045094	59976	11250	0
59976	11582	-0.00010609	0.03641025	0.47710528	0.03624802	0.47906050	0.53088994	0.53098526	0.28157093	0.28136205	0.53105510	0.53106258	0.28159871	0.28131900	59976	11580	0
59976	11585	0.00152682	0.03630501	0.47893865	0.03624969	0.47403991	0.53106447	0.53117590	0.28149714	0.28145770	0.53113670	0.53114623	0.28170126	0.28148309	59976	11583	0
59976	11588	-0.00022073	0.03644348	0.47266014	0.03646159	0.47790281	0.53126538	0.53122848	0.28151391	0.28140955	0.53117146	0.53118345	0.28167406	0.28147159	59976	11587	0
59976	11592	0.00224513	0.03652766	0.47987984	0.03642252	0.47248224	0.53118025	0.53118354	0.28165475	0.28145359	0.53122199	0.53116899	0.28150963	0.28140996	59976	11590	0
59976	11595	0.00055710	0.03647237	0.47480559	0.03653805	0.47986968	0.53127631	0.53122150	0.28157513	0.28150199	0.53110473	0.53119315	0.28165483	0.28139805	59976	11593	0
59976	11925	0.00137356	0.03656777	0.47794832	0.03658409	0.47549895	0.53203853	0.53213804	0.28256751	0.28239816	0.53219425	0.53221265	0.28257926	0.28249421	59976	11924	0
59976	11929	0.00031568	0.03662883	0.47486784	0.03651696	0.47804149	0.53212580	0.53207567	0.28266037	0.28240292	0.53213122	0.53229433	0.28244836	0.28246406	59976	11927	0
59976	11932	0.00003584	0.03649803	0.47598538	0.03659855	0.47682490	0.53218332	0.53206088	0.28245305	0.28241821	0.53205061	0.53217091	0.28266538	0.28242231	59976	11930	0
59976	11935	-0.00019185	0.03658865	0.47591281	0.03657318	0.47659588	0.53214790	0.53226606	0.28257211	0.28243620	0.53229795	0.53227634	0.28251706	0.28244425	59976	11933	0
59976	11938	0.00106928	0.03649241	0.47808098	0.03658818	0.47429760	0.53214355	0.53217707	0.28252273	0.28237186	0.53231627	0.53226163	0.28257959	0.28245863	59976	11937	0
59976	12269	-0.00033672	0.03658992	0.47317263	0.03651577	0.47739061	0.53187559	0.53196696	0.28224269	0.28219248	0.53201026	0.53198717	0.28249841	0.28226257	59976	12267	0
59976	12272	0.00112272	0.03654681	0.47969041	0.03644520	0.47531209	0.53197937	0.53200846	0.28251377	0.28227227	0.53201068	0.53196992	0.28233628	0.28225904	59976	12270	0
59976	12275	0.00084210	0.03640932	0.47606170	0.03640975	0.47690356	0.53197017	0.53194519	0.28256340	0.28228254	0.53196458	0.53186367	0.28238986	0.28221812	59976	12274	0
59976	12278	0.00085823	0.03634850	0.47651763	0.03640651	0.47646923	0.53197994	0.53196310	0.28233702	0.28226413	0.53188200	0.53191938	0.28226685	0.28226027	59976	12277	0
59976	12282	-0.00019345	0.03648531	0.47581395	0.03640102	0.47896900	0.53191774	0.53188356	0.28233677	0.28224877	0.53174370	0.53179243	0.28236767	0.28220136	59976	12280	0
59976	12612	0.00095514	0.03654861	0.47790784	0.03642707	0.47446206	0.53081072	0.53068722	0.28088037	0.28066327	0.53078221	0.53081681	0.28102433	0.28083188	59976	12610	0
59976	12615	-0.00017215	0.03658012	0.47487872	0.03654521	0.47826060	0.53079561	0.53078961	0.28111102	0.28089869	0.53071097	0.53080752	0.28097347	0.28087026	59976	12614	0
59976	12619	0.00028096	0.03649945	0.47691039	0.03653589	0.47555106	0.53076257	0.53076060	0.28105005	0.28078677	0.53069404	0.53078607	0.28104019	0.28083303	59976	12617	0
59976	12622	-0.00027173	0.03643264	0.47640582	0.03652073	0.47806387	0.53083916	0.53075970	0.28092129	0.28084939	0.53075608	0.53087482	0.28104052	0.28089475	59976	12620	0
59976	12625	0.00112456	0.03666819	0.47726346	0.03658459	0.47307461	0.53091755	0.53086405	0.28122721	0.28095687	0.53086356	0.53074071	0.28102606	0.28087256	59976	12624	0
59976	12956	-0.00006098	0.03645585	0.47443038	0.03652798	0.47798697	0.53010191	0.53014587	0.28047263	0.28028618	0.53024530	0.53027193	0.28053755	0.28032357	59976	12954	0
59976	12959	0.00127674	0.03656557	0.47845905	0.03654120	0.47444589	0.53025130	0.53032295	0.28061043	0.28036088	0.53038754	0.53041351	0.28061405	0.28039958	59976	12957	0
59976	12962	0.00060819	0.03644975	0.47474126	0.03642350	0.47674692	0.53038869	0.53029206	0.28043253	0.28036310	0.53029937	0.53027102	0.28062399	0.28038758	59976	12961	0
59976	12965	0.00157504	0.03655556	0.48007610	0.03647547	0.47717554	0.53043865	0.53039395	0.28051158	0.28042004	0.53028672	0.53028992	0.28058562	0.28030064	59976	12964	0
59976	12969	0.00027848	0.03655835	0.47519772	0.03651810	0.47908742	0.53024489	0.53030808	0.28061421	0.28033203	0.53024029	0.53033314	0.28060419	0.28035307	59976	12967	0
59976	13299	0.00081054	0.03637819	0.47836219	0.03642989	0.47676602	0.53029083	0.53049050	0.28056926	0.28042850	0.53055049	0.53081787	0.28063147	0.28073007	59976	13297	0
59976	13302	0.00082342	0.03649813	0.47686435	0.03656598	0.47682570	0.53053824	0.53048015	0.28058652	0.28047896	0.53051573	0.53052345	0.28065275	0.28054609	59976	13301	0
59976	13306	0.00042493	0.03648078	0.47600241	0.03646889	0.47719788	0.53047949	0.53047883	0.28060238	0.28054650	0.53048245	0.53043068	0.28057189	0.28042998	59976	13304	0
59976	13309	-0.00010694	0.03639039	0.47667396	0.03649128	0.47826955	0.53039420	0.53040940	0.28076606	0.28044814	0.53034062	0.53046273	0.28069983	0.28046967	59976	13307	0
59976	13312	0.00084249	0.03645966	0.47887711	0.03643734	0.47602882	0.53036913	0.53045048	0.28070953	0.28039054	0.53048606	0.53032304	0.28059112	0.28045422	59976	13310	0
59976	13643	0.00062387	0.03646095	0.47499873	0.03646118	0.47565461	0.53108674	0.53109545	0.28130117	0.28110593	0.53118789	0.53117803	0.28132960	0.28112532	59976	13641	0
59976	13646	0.00040285	0.03646551	0.47579383	0.03639507	0.47645687	0.53114812	0.53125067	0.28112326	0.28115663	0.53119405	0.53111714	0.28116854	0.28111801	59976	13644	0
59976	13649	0.00094209	0.03643084	0.47705037	0.03644853	0.47543267	0.53111706	0.53116628	0.28127282	0.28118382	0.53094113	0.53103744	0.28131678	0.28102400	59976	13647	0
59976	13652	0.00046325	0.03636477	0.47587605	0.03638421	0.47731257	0.53109183	0.53096628	0.28125918	0.28107848	0.53094047	0.53096923	0.28123945	0.28110371	59976	13651	0
59976	13656	0.00080782	0.03634726	0.47864450	0.03636549	0.47761077	0.53092461	0.53106841	0.28134028	0.28111710	0.53102626	0.53106143	0.28135507	0.28108004	59976	13654	0
59976	13986	0.00112612	0.03653592	0.47763568	0.03647211	0.47668080	0.53163285	0.53172644	0.28200521	0.28181038	0.53174995	0.53176901	0.28190874	0.28178746	59976	13984	0
59976	13989	0.00055415	0.03643344	0.47664730	0.03647146	0.47836318	0.53179793	0.53173663	0.28207744	0.28185484	0.53166892	0.53169999	0.28203364	0.28181219	59976	13988	0
59976	13992	0.00161548	0.03641315	0.47760460	0.03652797	0.47442062	0.53181461	0.53175660	0.28198935	0.28185804	0.53171149	0.53168322	0.28207309	0.28180184	59976	13991	0
59976	13996	0.00126971	0.03645030	0.47550068	0.03644393	0.47653799	0.53165874	0.53172266	0.28206281	0.28184646	0.53175290	0.53178306	0.28206043	0.28187431	59976	13994	0
59976	13999	0.00089692	0.03658437	0.47655515	0.03655674	0.47767351	0.53182185	0.53173491	0.28202460	0.28183972	0.53182620	0.53184222	0.28197966	0.28191137	59976	13997	0
59976	14329	0.00089656	0.03679545	0.47688746	0.03677797	0.47688854	0.53141822	0.53133572	0.28143831	0.28131398	0.53151058	0.53151740	0.28147044	0.28138523	59976	14328	0
59976	14333	0.00063034	0.03665728	0.47655471	0.03678359	0.47735338	0.53140482	0.53148379	0.28159674	0.28146666	0.53149998	0.53153063	0.28170257	0.28152862	59976	14331	0
59976	14336	0.00162506	0.03669532	0.47913154	0.03675120	0.47614737	0.53162102	0.53167468	0.28183142	0.28153396	0.53157032	0.53159078	0.28164021	0.28151572	59976	14334	0
59976	14339	-0.00052058	0.03676103	0.47377312	0.03674140	0.48021007	0.53162989	0.53166342	0.28174399	0.28156855	0.53166966	0.53163811	0.28177998	0.28155080	59976	14338	0
59976	14342	0.00107499	0.03681557	0.47803037	0.03670093	0.47324365	0.53175635	0.53166564	0.28182723	0.28156921	0.53156498	0.53175208	0.28185007	0.28161062	59976	14341	0
59976	14673	0.00172084	0.03671764	0.47776374	0.03666850	0.47582619	0.53139628	0.53125314	0.28115884	0.28106172	0.53128962	0.53112215	0.28125104	0.28105317	59976	14671	0
59976	14676	0.00095893	0.03650679	0.47609208	0.03662559	0.47837782	0.53115363	0.53143285	0.28131809	0.28117240	0.53135141	0.53136875	0.28116608	0.28115301	59976	14674	0
59976	14679	-0.00018909	0.03664146	0.47521806	0.03652991	0.47866211	0.53127960	0.53127812	0.28133814	0.28105835	0.53126530	0.53120120	0.28117191	0.28107018	59976	14678	0
59976	14683	0.00063585	0.03654380	0.47799713	0.03658066	0.47552230	0.53116817	0.53120277	0.28127495	0.28105120	0.53122914	0.53115519	0.28119623	0.28111118	59976	14681	0
59976	14686	0.00239067	0.03657163	0.47836510	0.03665693	0.47310066	0.53121180	0.53126579	0.28118522	0.28109927	0.53123070	0.53117442	0.28123756	0.28104668	59976	14684	0
59976	15016	0.00082217	0.03660812	0.47475590	0.03663043	0.47946139	0.53097885	0.53102043	0.28114997	0.28087921	0.53100210	0.53119594	0.28103797	0.28106320	59976	15015	0
59976	15019	0.00103179	0.03664971	0.47614499	0.03650319	0.47551614	0.53091911	0.53102774	0.28100477	0.28093550	0.53082083	0.53092954	0.28112105	0.28088571	59976	15018	0
59976	15023	0.00085475	0.03649519	0.47668263	0.03649728	0.47721372	0.53093587	0.53097507	0.28117183	0.28094766	0.53090325	0.53100260	0.28104660	0.28098045	59976	15021	0
59976	15026	0.00018253	0.03648024	0.47607251	0.03651448	0.47808919	0.53104146	0.53107408	0.28097051	0.28099269	0.53100465	0.53096135	0.28105720	0.28087971	59976	15024	0
59976	15029	0.00047028	0.03659920	0.47738033	0.03653007	0.47651707	0.53082552	0.53092445	0.28116986	0.28084520	0.53088608	0.53088575	0.28093501	0.28078135	59976	15028	0
59976	15360	0.00142882	0.03657522	0.47883273	0.03643722	0.47595712	0.53064194	0.53068673	0.28075555	0.28057173	0.53064885	0.53073217	0.28082473	0.28060221	59976	15358	0
59976	15363	-0.00061657	0.03650661	0.47414419	0.03650730	0.48028033	0.53081319	0.53087350	0.28069211	0.28061257	0.53070250	0.53078796	0.28081356	0.28062268	59976	15361	0
59976	15366	0.00014359	0.03645305	0.47807990	0.03647495	0.47579942	0.53085921	0.53077375	0.28079450	0.28062300	0.53062724	0.53076750	0.28074125	0.28058800	59976	15365	0
59976	15369	0.00018850	0.03642402	0.47826105	0.03648857	0.47812633	0.53068237	0.53073233	0.28089310	0.28063122	0.53064737	0.53076726	0.28087880	0.28060484	59976	15368	0
59976	15373	0.00089779	0.03646786	0.47766380	0.03642199	0.47553592	0.53063923	0.53071647	0.28080197	0.28062925	0.53069979	0.53081467	0.28065538	0.28074199	59976	15371	0
59976	15703	0.00006394	0.03671804	0.47497859	0.03663445	0.47748015	0.53044087	0.53062428	0.28045110	0.28035537	0.53076619	0.53070218	0.28055661	0.28047288	59976	15702	0
59976	15706	0.00135514	0.03660288	0.47723331	0.03654264	0.47335972	0.53057859	0.53066142	0.28068784	0.28052432	0.53062058	0.53065871	0.28067609	0.28056828	59976	15705	0
59976	15710	0.00083199	0.03675553	0.47664228	0.03655630	0.47821172	0.53060521	0.53077473	0.28081874	0.28058011	0.53070513	0.53074367	0.28080986	0.28063336	59976	15708	0
59976	15713	0.00154844	0.03666158	0.47940147	0.03656471	0.47725211	0.53072165	0.53057908	0.28063673	0.28060024	0.53058015	0.53062945	0.28075292	0.28061134	59976	15711	0
59976	15716	0.00001856	0.03669664	0.47367981	0.03652156	0.47826948	0.53062255	0.53056692	0.28060230	0.28058586	0.53057851	0.53065698	0.28065464	0.28054108	59976	15715	0
59976	16047	0.00070927	0.03671815	0.47896754	0.03671270	0.47689539	0.53057596	0.53064638	0.28068619	0.28039202	0.53060908	0.53060078	0.28073328	0.28048832	59976	16045	0
59976	16050	0.00095378	0.03665904	0.47703570	0.03677356	0.47630216	0.53058138	0.53068040	0.28072950	0.28047353	0.53064038	0.53076175	0.28069663	0.28051141	59976	16048	0
59976	16053	0.00022024	0.03683154	0.47648751	0.03672630	0.47868815	0.53049814	0.53069642	0.28058299	0.28041626	0.53059338	0.53071565	0.28041010	0.28050591	59976	16051	0
59976	16056	0.00102067	0.03670182	0.47881162	0.03660731	0.47641034	0.53062428	0.53061795	0.28053294	0.28034855	0.53056306	0.53062000	0.28060131	0.28038397	59976	16055	0
59976	16060	0.00112980	0.03663714	0.47653232	0.03682275	0.47620492	0.53068648	0.53064909	0.28062226	0.28039366	0.53069141	0.53067843	0.28050336	0.28037756	59976	16058	0
59976	16390	-0.00001067	0.03652579	0.47632858	0.03666626	0.47974998	0.53092305	0.53100071	0.28098932	0.28080074	0.53096003	0.53098591	0.28093337	0.28084133	59976	16388	0
59976	16393	0.00049022	0.03660247	0.47757644	0.03653521	0.47607378	0.53098674	0.53108904	0.28096985	0.28089047	0.53116595	0.53112815	0.28124406	0.28091816	59976	16392	0
59976	16397	0.00008830	0.03677059	0.47614033	0.03668367	0.47734608	0.53113530	0.53105987	0.28093879	0.28085711	0.53105510	0.53108592	0.28116238	0.28086073	59976	16395	0
59976	16400	0.00122130	0.03663913	0.47793516	0.03658464	0.47453616	0.53112051	0.53121402	0.28108851	0.28093649	0.53106685	0.53112618	0.28110058	0.28092613	59976	16398	0
59976	16403	0.00082346	0.03648349	0.47601194	0.03651584	0.47720546	0.53099200	0.53110013	0.28106057	0.28086097	0.53104869	0.53106283	0.28100272	0.28100559	59976	16401	0
59976	16733	0.00056739	0.03642996	0.47589666	0.03641728	0.47666487	0.53190081	0.53192160	0.28208697	0.28194079	0.53208430	0.53201076	0.28219618	0.28201984	59976	16732	0
59976	16737	0.00070270	0.03636475	0.47844195	0.03653026	0.47803603	0.53186318	0.53192694	0.28219503	0.28197522	0.53202136	0.53209466	0.28213061	0.28203627	59976	16735	0
59976	16740	0.00129583	0.03664048	0.47827313	0.03649298	0.47649374	0.53219104	0.53223541	0.28234532	0.28226118	0.53203377	0.53217017	0.28227958	0.28210686	59976	16738	0
59976	16743	0.00061846	0.03640678	0.47666356	0.03647498	0.47869567	0.53194905	0.53215308	0.28225411	0.28213430	0.53211898	0.53212588	0.28208015	0.28205082	59976	16742	0
59976	16747	0.00021292	0.03651439	0.47601059	0.03639436	0.47722723	0.53209252	0.53210476	0.28212173	0.28203151	0.53194330	0.53210304	0.28216627	0.28211212	59976	16745	0
59976	17077	0.00089279	0.03658770	0.47905425	0.03651814	0.47701465	0.53139020	0.53149316	0.28157003	0.28128950	0.53164805	0.53154830	0.28146313	0.28136699	59976	17075	0
59976	17080	0.00095349	0.03660248	0.47674563	0.03652078	0.47656352	0.53166597	0.53159998	0.28146050	0.28139944	0.53146391	0.53158864	0.28164062	0.28141834	59976	17079	0
59976	17083	0.00170126	0.03659832	0.47748854	0.03657137	0.47524524	0.53153466	0.53156333	0.28167053	0.28148383	0.53163121	0.53158642	0.28155762	0.28140528	59976	17082	0
59976	17087	0.00073478	0.03655962	0.47515282	0.03667990	0.47805225	0.53158215	0.53164970	0.28162254	0.28144751	0.53166564	0.53172028	0.28166666	0.28152985	59976	17085	0
59976	17090	0.00067596	0.03658094	0.47745390	0.03652076	0.47763036	0.53158708	0.53174773	0.28176042	0.28157603	0.53194403	0.53171486	0.28185114	0.28157891	59976	17088	0
59976	17420	0.00100051	0.03651690	0.47835334	0.03655088	0.47737969	0.53132824	0.53139759	0.28134874	0.28124570	0.53145939	0.53150729	0.28139657	0.28133518	59976	17419	0
59976	17424	0.00128990	0.03647984	0.47668367	0.03660525	0.47581549	0.53144723	0.53139398	0.28137011	0.28125466	0.53128600	0.53141280	0.28150446	0.28131719	59976	17422	0
59976	17427	0.00167886	0.03653490	0.47707273	0.03653774	0.47590587	0.53139521	0.53133670	0.28145170	0.28119500	0.53142225	0.53148379	0.28150544	0.28127701	59976	17425	0
59976	17430	0.00058683	0.03665366	0.47467679	0.03669199	0.47795288	0.53148544	0.53152241	0.28151120	0.28132779	0.53160647	0.53165454	0.28163265	0.28135449	59976	17429	0
59976	17433	0.00076532	0.03658245	0.47755847	0.03657381	0.47702299	0.53152093	0.53146563	0.28157020	0.28135852	0.53145495	0.53151083	0.28154637	0.28138243	59976	17432	0
59976	17764	0.00026305	0.03653010	0.47535400	0.03665769	0.47686082	0.53144772	0.53146801	0.28136362	0.28123395	0.53146144	0.53143211	0.28141464	0.28135622	59976	17762	0
59976	17767	0.00132701	0.03649128	0.47897644	0.03645581	0.47578455	0.53137015	0.53140121	0.28152730	0.28127799	0.53135503	0.53143408	0.28153938	0.28134809	59976	17765	0
59976	17770	0.00080704	0.03645717	0.47583712	0.03658031	0.47739703	0.53142578	0.53140589	0.28159896	0.28125359	0.53141148	0.53130343	0.28135178	0.28121973	59976	17769	0
59976	17774	0.00023832	0.03645951	0.47625093	0.03655460	0.47795710	0.53124114	0.53141025	0.28153026	0.28122738	0.53143342	0.53148634	0.28148712	0.28126846	59976	17772	0
59976	17777	0.00134895	0.03654060	0.47699598	0.03661569	0.47366408	0.53136366	0.53141008	0.28128999	0.28125170	0.53139061	0.53145552	0.28129780	0.28126542	59976	17775	0
59976	18107	0.00104713	0.03644645	0.47740831	0.03630097	0.47831376	0.53136990	0.53132865	0.28121119	0.28116575	0.53133859	0.53136777	0.28147225	0.28122927	59976	18106	0
59976	18110	0.00027964	0.03629599	0.47497385	0.03645244	0.47727632	0.53129061	0.53164871	0.28153675	0.28144677	0.53133210	0.53130523	0.28130125	0.28125367	59976	18109	0
59976	18114	0.00097863	0.03642466	0.47853471	0.03624620	0.47643775	0.53128288	0.53127795	0.28126485	0.28122286	0.53134221	0.53113374	0.28127347	0.28119138	59976	18112	0
59976	18117	0.00074706	0.03640389	0.47813405	0.03645001	0.47882874	0.53126587	0.53134303	0.28139796	0.28126156	0.53124936	0.53135445	0.28149641	0.28124110	59976	18115	0
59976	18120	0.00058683	0.03650210	0.47784701	0.03641714	0.47832770	0.53152701	0.53147097	0.28144184	0.28128062	0.53116423	0.53125231	0.28139336	0.28119064	59976	18119	0
59976	18451	0.00124100	0.03683321	0.47784666	0.03677130	0.47588416	0.53102774	0.53107680	0.28100937	0.28075834	0.53105864	0.53118083	0.28102704	0.28082893	59976	18449	0
59976	18454	0.00060235	0.03676733	0.47596326	0.03683512	0.47787922	0.53102191	0.53107975	0.28096311	0.28076376	0.53108181	0.53115486	0.28109179	0.28074593	59976	18452	0
59976	18457	0.00053813	0.03673471	0.47710318	0.03675219	0.47729584	0.53115905	0.53111344	0.28095974	0.28082909	0.53119890	0.53108542	0.28093591	0.28074716	59976	18456	0
59976	18460	-0.00036678	0.03678500	0.47591012	0.03673547	0.47862484	0.53115469	0.53127910	0.28105605	0.28078546	0.53114377	0.53128707	0.28101020	0.28087067	59976	18459	0
59976	18464	0.00087930	0.03674767	0.47898703	0.03682783	0.47524877	0.53128863	0.53119570	0.28096287	0.28079088	0.53132487	0.53122594	0.28091471	0.28081455	59976	18462	0
59976	18794	0.00039059	0.03668225	0.47634025	0.03648892	0.47780640	0.53153844	0.53159382	0.28161662	0.28149550	0.53169489	0.53173466	0.28184481	0.28154267	59976	18792	0
59976	18797	0.00060948	0.03660828	0.47745579	0.03674817	0.47679910	0.53174707	0.53165586	0.28187374	0.28155351	0.53180311	0.53176843	0.28171153	0.28158992	59976	18796	0
59976	18801	0.00034865	0.03671737	0.47813122	0.03661275	0.47891372	0.53180065	0.53191905	0.28187037	0.28168671	0.53177230	0.53179654	0.28180989	0.28159550	59976	18799	0
59976	18804	0.00138686	0.03665063	0.47904466	0.03679768	0.47593003	0.53188504	0.53178347	0.28171465	0.28161506	0.53162644	0.53167361	0.28180060	0.28154333	59976	18802	0
59976	18807	0.00029119	0.03668499	0.47524679	0.03658313	0.47853381	0.53164937	0.53170064	0.28152344	0.28155302	0.53175652	0.53175471	0.28164670	0.28161490	59976	18806	0
59976	19138	0.00018213	0.03682427	0.47769888	0.03676607	0.47802604	0.53057037	0.53068574	0.28034551	0.28017476	0.53062682	0.53067596	0.28053048	0.28023614	59976	19136	0
59976	19141	0.00024887	0.03675960	0.47712937	0.03672397	0.47692916	0.53076150	0.53072453	0.28045685	0.28029210	0.53081861	0.53085058	0.28037049	0.28039391	59976	19139	0
59976	19144	0.00085373	0.03677225	0.47775390	0.03686453	0.47593931	0.53077662	0.53070965	0.28027402	0.28027287	0.53072116	0.53076496	0.28049794	0.28026843	59976	19142	0
59976	19147	0.00052059	0.03687105	0.47707013	0.03688384	0.47806956	0.53063085	0.53081171	0.28037164	0.28024690	0.53074104	0.53070390	0.28025849	0.28017394	59976	19146	0
59976	19151	0.00071472	0.03681924	0.47717284	0.03692266	0.47659045	0.53065238	0.53078673	0.28049424	0.28028191	0.53073085	0.53079692	0.28038545	0.28026145	59976	19149	0
59976	19481	0.00128344	0.03686825	0.47978849	0.03677348	0.47808231	0.53270289	0.53270872	0.28229766	0.28208796	0.53280799	0.53279048	0.28229347	0.28219421	59976	19479	0
59976	19484	0.00116204	0.03680270	0.47664476	0.03670549	0.47700897	0.53282426	0.53279747	0.28228238	0.28221294	0.53268424	0.53281357	0.28240341	0.28217892	59976	19483	0
59976	19488	0.00007409	0.03677454	0.47670874	0.03669334	0.47997261	0.53277758	0.53293683	0.28240662	0.28227342	0.53289238	0.53281629	0.28249676	0.28221647	59976	19486	0
59976	19491	0.00109004	0.03664551	0.47870718	0.03664166	0.47565931	0.53280618	0.53286140	0.28246011	0.28226093	0.53265416	0.53262392	0.28240818	0.28209379	59976	19489	0
59976	19494	0.00060694	0.03668406	0.47659073	0.03670653	0.47804006	0.53271521	0.53274619	0.28232067	0.28222256	0.53270683	0.53269656	0.28220160	0.28214868	59976	19492	0
59976	19824	0.00071151	0.03660042	0.47856344	0.03686240	0.47824972	0.53169925	0.53170911	0.28105868	0.28103164	0.53177558	0.53189703	0.28126723	0.28116986	59976	19823	0
59976	19828	0.00120928	0.03670545	0.47846023	0.03675225	0.47696690	0.53199712	0.53172497	0.28134603	0.28100781	0.53197419	0.53180484	0.28130026	0.28101241	59976	19826	0
59976	19831	0.00121863	0.03676995	0.47512212	0.03652741	0.47509407	0.53180582	0.53182694	0.28113370	0.28107692	0.53178774	0.53179949	0.28121587	0.28105539	59976	19829	0
59976	19834	0.00131431	0.03655120	0.47742818	0.03663529	0.47714117	0.53184255	0.53201774	0.28109565	0.28120774	0.53167188	0.53172710	0.28126074	0.28104109	59976	19833	0
59976	19837	0.00034004	0.03669092	0.47547390	0.03672203	0.47839670	0.53183253	0.53180295	0.28112162	0.28107166	0.53176753	0.53175027	0.28119681	0.28107659	59976	19836	0
59976	20168	0.00150094	0.03674864	0.47931007	0.03684271	0.47582737	0.53158149	0.53160458	0.28046614	0.28034181	0.53171716	0.53165841	0.28068028	0.28039046	59976	20166	0
59976	20171	0.00032491	0.03701071	0.47519750	0.03697092	0.47872558	0.53176055	0.53170467	0.28054913	0.28035603	0.53168240	0.53157895	0.28046367	0.28027361	59976	20170	0
59976	20174	-0.00006724	0.03691308	0.47710060	0.03670202	0.47827705	0.53153679	0.53161962	0.28053771	0.28032234	0.53143432	0.53160787	0.28048685	0.28025849	59976	20173	0
59976	20178	0.00124975	0.03679409	0.48111376	0.03686780	0.47716279	0.53159382	0.53143498	0.28056179	0.28029514	0.53148576	0.53159045	0.28055784	0.28026539	59976	20176	0
59976	20181	0.00169522	0.03687289	0.47678246	0.03682635	0.47544605	0.53142734	0.53150902	0.28055340	0.28017952	0.53149924	0.53161477	0.28050755	0.28031223	59976	20179	0
59976	20511	0.00091586	0.03710435	0.47624590	0.03717651	0.47858396	0.53333117	0.53345640	0.28202493	0.28196182	0.53352773	0.53340808	0.28231426	0.28207366	59976	20510	0
59976	20515	0.00031566	0.03720040	0.47654010	0.03727806	0.47834072	0.53346577	0.53358574	0.28242831	0.28210226	0.53345007	0.53342879	0.28223102	0.28212625	59976	20513	0
59976	20518	0.00050650	0.03727782	0.47742477	0.03715460	0.47685225	0.53352584	0.53353570	0.28225592	0.28207514	0.53345747	0.53356257	0.28222280	0.28203249	59976	20516	0
59976	20521	0.00085957	0.03700522	0.47804792	0.03704590	0.47698871	0.53362255	0.53356840	0.28222814	0.28212181	0.53346298	0.53345640	0.28209659	0.28200324	59976	20520	0
59976	20524	0.00051847	0.03709179	0.47779831	0.03725933	0.47882163	0.53347505	0.53349930	0.28223044	0.28209675	0.53351507	0.53361047	0.28213299	0.28213151	59976	20523	0
59976	20855	0.00123326	0.03674205	0.47878558	0.03679553	0.47664119	0.53160171	0.53158322	0.28048224	0.28034124	0.53170508	0.53184050	0.28062424	0.28053681	59976	20853	0
59976	20858	0.00044018	0.03681480	0.47652044	0.03684406	0.47889967	0.53185677	0.53169193	0.28063681	0.28048989	0.53170393	0.53170656	0.28072876	0.28050196	59976	20856	0
59976	20861	0.00014677	0.03679467	0.47689867	0.03669152	0.47777890	0.53178717	0.53184625	0.28079367	0.28047329	0.53166194	0.53166440	0.28066072	0.28052201	59976	20860	0
59976	20865	0.00086679	0.03659506	0.47723927	0.03664928	0.47507922	0.53170056	0.53165980	0.28067642	0.28040500	0.53171215	0.53166679	0.28076524	0.28054264	59976	20863	0
59976	20868	-0.00027982	0.03671919	0.47532431	0.03676178	0.47876415	0.53155347	0.53157221	0.28068340	0.28044223	0.53169703	0.53166892	0.28054716	0.28049498	59976	20866	0
59976	21198	0.00029983	0.03671378	0.47876038	0.03681800	0.47702143	0.53237963	0.53249384	0.28173363	0.28148613	0.53252680	0.53266435	0.28168318	0.28152837	59976	21197	0
59976	21201	0.00098803	0.03673886	0.48038548	0.03671044	0.47832089	0.53251611	0.53268128	0.28174522	0.28153642	0.53263378	0.53273830	0.28178154	0.28159813	59976	21200	0
59976	21205	0.00013623	0.03665776	0.47609599	0.03669251	0.47865136	0.53268095	0.53265276	0.28183988	0.28155787	0.53272639	0.53267199	0.28179231	0.28158170	59976	21203	0
59976	21208	0.00166995	0.03669960	0.48039504	0.03672285	0.47579390	0.53249187	0.53258941	0.28176379	0.28152245	0.53257051	0.53261924	0.28177604	0.28159534	59976	21206	0
59976	21211	0.00058408	0.03668071	0.47689366	0.03660814	0.48015127	0.53271793	0.53272113	0.28175829	0.28157570	0.53271982	0.53269566	0.28178853	0.28157710	59976	21210	0
59976	21542	-0.00000896	0.03712307	0.47767137	0.03702193	0.47945050	0.53372001	0.53369240	0.28253686	0.28241344	0.53338828	0.53342107	0.28259561	0.28233727	59976	21540	0
59976	21545	0.00146325	0.03685233	0.47958443	0.03689500	0.47516778	0.53344490	0.53345698	0.28259225	0.28236759	0.53344942	0.53355419	0.28245477	0.28239816	59976	21543	0
59976	21548	0.00074758	0.03694024	0.47643587	0.03723073	0.47858288	0.53339872	0.53345887	0.28235222	0.28232248	0.53346174	0.53355320	0.28245658	0.28240982	59976	21547	0
59976	21551	0.00028333	0.03708155	0.47647793	0.03705271	0.47787070	0.53339921	0.53354391	0.28257474	0.28235140	0.53355690	0.53350924	0.28253349	0.28234474	59976	21550	0
59976	21555	0.00047369	0.03703397	0.47752513	0.03696036	0.47695404	0.53344440	0.53351269	0.28259561	0.28230957	0.53341269	0.53341071	0.28240867	0.28235345	59976	21553	0
59976	21885	0.00104423	0.03746931	0.47928589	0.03727725	0.47757429	0.53291062	0.53290643	0.28163643	0.28157118	0.53288662	0.53302270	0.28173265	0.28169074	59976	21883	0
59976	21888	0.00035745	0.03721324	0.47780492	0.03715834	0.47986525	0.53293543	0.53296633	0.28178327	0.28169000	0.53287594	0.53295244	0.28180808	0.28158507	59976	21887	0
59976	21892	0.00005428	0.03716843	0.47756195	0.03713965	0.47847147	0.53290388	0.53300577	0.28165434	0.28161038	0.53297923	0.53302163	0.28164497	0.28160397	59976	21890	0
59976	21895	-0.00008477	0.03713712	0.47773611	0.03712053	0.47815326	0.53294603	0.53303346	0.28192846	0.28168885	0.53298654	0.53299468	0.28195435	0.28164160	59976	21893	0
59976	21898	0.00139160	0.03725327	0.48049575	0.03722615	0.47606664	0.53302130	0.53303733	0.28187776	0.28167874	0.53289139	0.53295269	0.28168713	0.28164941	59976	21896	0
59976	22229	0.00015040	0.03723961	0.47741993	0.03722344	0.48114352	0.53281596	0.53277109	0.28172616	0.28160002	0.53290437	0.53286090	0.28181950	0.28166502	59976	22227	0
59976	22232	0.00197590	0.03706064	0.48302501	0.03707640	0.47754850	0.53304431	0.53284891	0.28182493	0.28168031	0.53267610	0.53290142	0.28191877	0.28164694	59976	22230	0
59976	22235	0.00072579	0.03711076	0.47541214	0.03716898	0.47916247	0.53278728	0.53293050	0.28195205	0.28167414	0.53266287	0.53282615	0.28185147	0.28166116	59976	22233	0
59976	22238	0.00057049	0.03711720	0.47901106	0.03712952	0.47947698	0.53271185	0.53282647	0.28172805	0.28159953	0.53283124	0.53278555	0.28165960	0.28156987	59976	22237	0
59976	22242	0.00023442	0.03721667	0.47734247	0.03721314	0.47835067	0.53290939	0.53286551	0.28167891	0.28167275	0.53277824	0.53275819	0.28187834	0.28163906	59976	22240	0
59976	22572	0.00070084	0.03719924	0.47896723	0.03713100	0.47756797	0.53301457	0.53324440	0.28199814	0.28215370	0.53304875	0.53311399	0.28219881	0.28196560	59976	22570	0
59976	22575	0.00148047	0.03710689	0.47883587	0.03699962	0.47649700	0.53300117	0.53303946	0.28210513	0.28195796	0.53307825	0.53303963	0.28222338	0.28203068	59976	22574	0
59976	22578	0.00017744	0.03693963	0.47686641	0.03721774	0.48077550	0.53309468	0.53319460	0.28224540	0.28198179	0.53316354	0.53308901	0.28204580	0.28195936	59976	22577	0
59976	22582	0.00121747	0.03722549	0.47814263	0.03714660	0.47502251	0.53304793	0.53304365	0.28200546	0.28194210	0.53293338	0.53290273	0.28195813	0.28189058	59976	22580	0
59976	22585	0.00031667	0.03718309	0.47534656	0.03723420	0.47804896	0.53297521	0.53291933	0.28200513	0.28190299	0.53300857	0.53317546	0.28183125	0.28193364	59976	22583	0
59976	22915	0.00142662	0.03723881	0.48224719	0.03722682	0.47891734	0.53303503	0.53297077	0.28214400	0.28193693	0.53292278	0.53301514	0.28218706	0.28207514	59976	22914	0
59976	22919	0.00018613	0.03735542	0.47505172	0.03717259	0.47877319	0.53297718	0.53315911	0.28224458	0.28213586	0.53327850	0.53309739	0.28234935	0.28208697	59976	22917	0
59976	22922	0.00086384	0.03712109	0.47889723	0.03718167	0.47686411	0.53308951	0.53302895	0.28226027	0.28202345	0.53298153	0.53295359	0.28227621	0.28202764	59976	22920	0
59976	22925	0.00039718	0.03717327	0.47760603	0.03712597	0.47900602	0.53294875	0.53293527	0.28208434	0.28202082	0.53296329	0.53296074	0.28213734	0.28204046	59976	22924	0
59976	22928	0.00130477	0.03704681	0.47837861	0.03710474	0.47565583	0.53331433	0.53301292	0.28234861	0.28201746	0.53298967	0.53309485	0.28227884	0.28206774	59976	22927	0
59976	23259	0.00016354	0.03727331	0.47632470	0.03719784	0.47974839	0.53236697	0.53243419	0.28175221	0.28146937	0.53250568	0.53259056	0.28180767	0.28162583	59976	23257	0
59976	23262	0.00044560	0.03745759	0.47914143	0.03736074	0.47829526	0.53264857	0.53271825	0.28169945	0.28165894	0.53257897	0.53257593	0.28195114	0.28167628	59976	23261	0
59976	23265	0.00173830	0.03723111	0.48166744	0.03711464	0.47778931	0.53257519	0.53260847	0.28187497	0.28161136	0.53273987	0.53277150	0.28173199	0.28168252	59976	23264	0
59976	23269	0.00050587	0.03724437	0.47528546	0.03728168	0.47898275	0.53260757	0.53272976	0.28186421	0.28176659	0.53259935	0.53261809	0.28181868	0.28165220	59976	23267	0
59976	23272	-0.00037075	0.03728872	0.47573183	0.03721513	0.47836172	0.53263970	0.53272203	0.28188960	0.28167636	0.53258530	0.53263403	0.28193241	0.28162681	59976	23270	0
59976	23602	0.00016329	0.03723928	0.47858039	0.03724201	0.47697825	0.53223583	0.53229811	0.28140774	0.28126641	0.53228759	0.53237502	0.28152319	0.28143075	59976	23601	0
59976	23606	0.00047843	0.03718071	0.47933378	0.03721890	0.47838837	0.53235843	0.53240921	0.28143083	0.28140150	0.53233221	0.53242745	0.28166379	0.28142393	59976	23604	0
59976	23609	0.00047236	0.03733174	0.47751307	0.03721299	0.47753127	0.53233295	0.53241529	0.28158137	0.28138252	0.53247667	0.53249877	0.28148696	0.28141292	59976	23607	0
59976	23612	0.00080134	0.03727896	0.47785110	0.03723441	0.47686418	0.53243501	0.53238053	0.28151884	0.28139328	0.53235308	0.53237724	0.28152467	0.28136608	59976	23610	0
59976	23615	0.00011201	0.03724092	0.47791131	0.03734684	0.47997929	0.53235678	0.53237305	0.28143757	0.28137939	0.53233821	0.53248226	0.28159780	0.28147266	59976	23614	0
59976	23946	0.00108533	0.03716820	0.47954636	0.03724849	0.47662642	0.53196326	0.53196376	0.28124619	0.28099565	0.53194913	0.53213607	0.28111381	0.28112639	59976	23944	0
59976	23949	-0.00013182	0.03719379	0.47592780	0.03721466	0.47957922	0.53201750	0.53200361	0.28115342	0.28099680	0.53211380	0.53197197	0.28112146	0.28099680	59976	23947	0
59976	23952	0.00028016	0.03708236	0.47794020	0.03710872	0.47670428	0.53202275	0.53208759	0.28110773	0.28101965	0.53188019	0.53188725	0.28103945	0.28098513	59976	23951	0
59976	23956	0.00030122	0.03709834	0.47725403	0.03707302	0.47719084	0.53191823	0.53187534	0.28104586	0.28096895	0.53173499	0.53170130	0.28113304	0.28087428	59976	23954	0
59976	23959	0.00071404	0.03698981	0.47806219	0.03705939	0.47682374	0.53179194	0.53188553	0.28121982	0.28094594	0.53189079	0.53184510	0.28105531	0.28099401	59976	23957	0
59976	24289	-0.00000689	0.03705421	0.47701866	0.03697506	0.47918146	0.53156120	0.53155512	0.28079326	0.28052078	0.53182538	0.53157204	0.28094471	0.28072753	59976	24288	0
59976	24292	0.00057212	0.03720597	0.47932931	0.03696183	0.47759229	0.53166753	0.53158700	0.28079762	0.28060205	0.53164509	0.53172480	0.28077749	0.28070033	59976	24291	0
59976	24296	0.00074494	0.03708538	0.47873173	0.03705047	0.47821326	0.53160804	0.53173039	0.28096689	0.28079647	0.53159571	0.53166786	0.28096484	0.28072334	59976	24294	0
59976	24299	0.00034435	0.03713850	0.47672168	0.03704065	0.47792343	0.53165109	0.53153638	0.28081882	0.28074840	0.53164567	0.53166753	0.28081307	0.28078751	59976	24297	0
59976	24302	0.00076044	0.03711303	0.47886351	0.03709951	0.47761524	0.53160483	0.53150664	0.28074988	0.28062498	0.53144698	0.53155060	0.28086829	0.28063623	59976	24301	0
59976	24633	0.00050460	0.03700151	0.47843844	0.03712521	0.47920598	0.53207354	0.53209811	0.28154735	0.28139805	0.53237437	0.53222810	0.28159715	0.28148194	59976	24631	0
59976	24636	0.00015020	0.03707144	0.47782190	0.03696937	0.47888508	0.53221643	0.53238299	0.28170003	0.28165245	0.53225029	0.53228800	0.28171358	0.28160117	59976	24634	0
59976	24639	0.00047886	0.03700923	0.48011975	0.03698648	0.47913377	0.53226590	0.53225440	0.28180274	0.28149525	0.53213706	0.53216935	0.28170430	0.28151070	59976	24638	0
59976	24642	0.00018418	0.03696777	0.47641212	0.03689279	0.47729617	0.53229737	0.53231553	0.28162270	0.28156116	0.53218644	0.53243485	0.28183520	0.28166338	59976	24641	0
59976	24646	0.00076273	0.03703132	0.47793740	0.03687811	0.47620174	0.53238776	0.53232054	0.28164505	0.28163667	0.53214322	0.53229236	0.28178861	0.28154554	59976	24644	0
59976	24976	0.00037555	0.03708942	0.47710951	0.03717491	0.47827107	0.53136210	0.53132594	0.28060945	0.28054486	0.53139102	0.53142085	0.28064807	0.28057756	59976	24974	0
59976	24979	0.00028731	0.03717900	0.47715565	0.03714256	0.47742035	0.53145142	0.53146834	0.28088973	0.28060106	0.53165282	0.53146210	0.28078398	0.28061405	59976	24978	0
59976	24983	0.00043284	0.03709761	0.47859960	0.03718551	0.47816302	0.53153942	0.53156687	0.28096270	0.28062859	0.53153096	0.53155676	0.28096311	0.28073648	59976	24981	0
59976	24986	0.00026446	0.03724467	0.47925556	0.03715480	0.47976072	0.53140860	0.53140326	0.28085349	0.28063336	0.53135947	0.53151699	0.28086664	0.28068085	59976	24984	0
59976	24989	0.00026671	0.03719442	0.47655577	0.03717277	0.47654901	0.53135741	0.53136308	0.28070090	0.28055176	0.53143424	0.53147163	0.28070082	0.28059860	59976	24987	0
59976	25319	0.00203013	0.03707495	0.48010801	0.03703418	0.47481774	0.53086652	0.53100440	0.28035389	0.28008018	0.53090744	0.53105576	0.28044009	0.28024773	59976	25318	0
59976	25323	-0.00008427	0.03723777	0.47478277	0.03707116	0.48112595	0.53096849	0.53100991	0.28034411	0.28014756	0.53075674	0.53091590	0.28036301	0.28013877	59976	25321	0
59976	25326	0.00032890	0.03709415	0.47848015	0.03706020	0.47724064	0.53104023	0.53085682	0.28027501	0.28018848	0.53093291	0.53097581	0.28041232	0.28016802	59976	25324	0
59976	25329	0.00060470	0.03726869	0.47907455	0.03716381	0.47824716	0.53089963	0.53091475	0.28031174	0.28013326	0.53080062	0.53083151	0.28038832	0.28011716	59976	25328	0
59976	25333	0.00035287	0.03715984	0.47655677	0.03713017	0.47731226	0.53102947	0.53102971	0.28035315	0.28024789	0.53091960	0.53100498	0.28046260	0.28016432	59976	25331	0
59976	25663	0.00096034	0.03698231	0.47992162	0.03711133	0.47809922	0.53073414	0.53074934	0.28004526	0.27998018	0.53082412	0.53082034	0.28001346	0.27993293	59976	25661	0
59976	25666	-0.00057118	0.03698708	0.47503454	0.03700952	0.47962909	0.53095379	0.53074663	0.28025989	0.27990482	0.53063389	0.53074589	0.28003014	0.28002775	59976	25665	0
59976	25669	0.00095060	0.03691182	0.48110895	0.03692894	0.47654361	0.53070875	0.53073833	0.28014370	0.27988436	0.53071836	0.53090670	0.28023236	0.28009374	59976	25668	0
59976	25673	-0.00052796	0.03697892	0.47605191	0.03702185	0.48048760	0.53071590	0.53072280	0.28014961	0.27996070	0.53077514	0.53075066	0.27998971	0.27991460	59976	25671	0
59976	25676	0.00003303	0.03698493	0.47942346	0.03696348	0.47774050	0.53066939	0.53069371	0.28016202	0.28000409	0.53071294	0.53079298	0.28022570	0.28000655	59976	25674	0
59976	26006	0.00129594	0.03680030	0.48097998	0.03678495	0.47719123	0.53051540	0.53075304	0.28010056	0.27997163	0.53079807	0.53069601	0.28014871	0.28001896	59976	26005	0
59976	26010	0.00008498	0.03680753	0.47577007	0.03692962	0.47940296	0.53060250	0.53061688	0.28021806	0.27995150	0.53058681	0.53061565	0.28007722	0.27995232	59976	26008	0
59976	26013	0.00076781	0.03694894	0.47883454	0.03692289	0.47678604	0.53048105	0.53055188	0.28019875	0.27992997	0.53044983	0.53053997	0.28028479	0.27993219	59976	26011	0
59976	26016	0.00083653	0.03704408	0.47750176	0.03700202	0.47729559	0.53066980	0.53073743	0.28017920	0.27992717	0.53064926	0.53060645	0.28001658	0.27995741	59976	26015	0
59976	26019	0.00146753	0.03687127	0.47927579	0.03695367	0.47738281	0.53074310	0.53096784	0.28003161	0.28026153	0.53057128	0.53070530	0.28026441	0.27994928	59976	26018	0
59976	26350	0.00153540	0.03701025	0.47781289	0.03697799	0.47760928	0.53095568	0.53098920	0.28060977	0.28036572	0.53112133	0.53103423	0.28048635	0.28045258	59976	26348	0
59976	26353	0.00112854	0.03702546	0.47783910	0.03701312	0.47905967	0.53108690	0.53112971	0.28050484	0.28048520	0.53101402	0.53136768	0.28062859	0.28071002	59976	26351	0
59976	26356	0.00050517	0.03706819	0.47665699	0.03718111	0.47852712	0.53123194	0.53110087	0.28063673	0.28051610	0.53110301	0.53110243	0.28062514	0.28041347	59976	26355	0
59976	26360	0.00046804	0.03716966	0.47793285	0.03697162	0.47804424	0.53107836	0.53099495	0.28052349	0.28045406	0.53099101	0.53101213	0.28070033	0.28046145	59976	26358	0
59976	26363	0.00028053	0.03685281	0.47705231	0.03684825	0.47761482	0.53091755	0.53093620	0.28065809	0.28041149	0.53114557	0.53107647	0.28051322	0.28042218	59976	26361	0
59976	26693	-0.00043285	0.03710065	0.47665633	0.03713529	0.47879648	0.53190467	0.53193179	0.28136008	0.28126731	0.53210904	0.53197214	0.28151999	0.28135737	59976	26692	0
59976	26697	0.00059433	0.03711455	0.47864696	0.03717897	0.47556542	0.53189843	0.53194584	0.28151013	0.28132927	0.53197616	0.53203344	0.28163832	0.28142804	59976	26695	0
59976	26700	0.00128170	0.03712920	0.47829128	0.03723573	0.47622917	0.53187082	0.53193458	0.28159937	0.28128818	0.53204297	0.53209630	0.28151037	0.28136049	59976	26698	0
59976	26703	0.00011156	0.03720242	0.47608689	0.03712576	0.47959730	0.53203336	0.53193697	0.28164045	0.28142015	0.53207748	0.53203755	0.28141390	0.28133461	59976	26701	0
59976	26706	-0.00014108	0.03699982	0.47790219	0.03709369	0.47866012	0.53196614	0.53200780	0.28141185	0.28130741	0.53206696	0.53206680	0.28139279	0.28137192	59976	26705	0
59976	27037	0.00183238	0.03713598	0.47824501	0.03727182	0.47232464	0.53137853	0.53135454	0.28076220	0.28075793	0.53142537	0.53151962	0.28115202	0.28086549	59976	27035	0
59976	27040	0.00055361	0.03739913	0.47665821	0.03722924	0.48049450	0.53149037	0.53162472	0.28099491	0.28084207	0.53145380	0.53146654	0.28105366	0.28085580	59976	27038	0
59976	27043	0.00028484	0.03724799	0.47744275	0.03716003	0.47824905	0.53145133	0.53146448	0.28087716	0.28094051	0.53153466	0.53157722	0.28095506	0.28090058	59976	27042	0
59976	27047	0.00136169	0.03724720	0.47962963	0.03734595	0.47639909	0.53158149	0.53144016	0.28123756	0.28076878	0.53149045	0.53143342	0.28091874	0.28084298	59976	27045	0
59976	27050	0.00247064	0.03721188	0.48056746	0.03717628	0.47724062	0.53148149	0.53146169	0.28098349	0.28081701	0.53149505	0.53170450	0.28120042	0.28102918	59976	27048	0
59976	27380	0.00065701	0.03727027	0.47500526	0.03717420	0.48044613	0.53118986	0.53121197	0.28101948	0.28076680	0.53121230	0.53122265	0.28083788	0.28077354	59976	27379	0
59976	27383	0.00111451	0.03730767	0.47905377	0.03731231	0.47768129	0.53126620	0.53128107	0.28102753	0.28083221	0.53135914	0.53141633	0.28089639	0.28086853	59976	27382	0
59976	27387	0.00053694	0.03714215	0.47767169	0.03708931	0.47940440	0.53133942	0.53123925	0.28081471	0.28072909	0.53127729	0.53122051	0.28092367	0.28072654	59976	27385	0
59976	27390	0.00022984	0.03713205	0.47729654	0.03720843	0.47821785	0.53122273	0.53125815	0.28088727	0.28085300	0.53119734	0.53129825	0.28100839	0.28078735	59976	27388	0
59976	27393	0.00061506	0.03718579	0.47832175	0.03720392	0.47716609	0.53146686	0.53132619	0.28095950	0.28082843	0.53132241	0.53135117	0.28087083	0.28071561	59976	27392	0
59976	27724	0.00021522	0.03695641	0.47869593	0.03673580	0.47989546	0.53137442	0.53129677	0.28099598	0.28088899	0.53141008	0.53128954	0.28120470	0.28086344	59976	27722	0
59976	27727	0.00118579	0.03684415	0.47949002	0.03701353	0.47657830	0.53124714	0.53130507	0.28102918	0.28082868	0.53140105	0.53135174	0.28094265	0.28089203	59976	27725	0
59976	27730	0.00032256	0.03687589	0.47716985	0.03682089	0.47975955	0.53114681	0.53142134	0.28105498	0.28093476	0.53121657	0.53134698	0.28095736	0.28086303	59976	27728	0
59976	27733	0.00115630	0.03688495	0.47979394	0.03690745	0.47729272	0.53123613	0.53134895	0.28110428	0.28089277	0.53130992	0.53120277	0.28103813	0.28090362	59976	27732	0
59976	27737	0.00073262	0.03701049	0.47702797	0.03683976	0.47829898	0.53117852	0.53127803	0.28111546	0.28087585	0.53122454	0.53123268	0.28108423	0.28081816	59976	27735	0
59976	28067	0.00078178	0.03695788	0.47849841	0.03683020	0.47835095	0.53103456	0.53113810	0.28115252	0.28090855	0.53103078	0.53105979	0.28101554	0.28099491	59976	28065	0
59976	28070	-0.00004543	0.03675069	0.47656019	0.03671339	0.47904181	0.53104680	0.53105658	0.28120815	0.28088965	0.53130860	0.53118099	0.28110601	0.28096895	59976	28069	0
59976	28074	0.00090937	0.03668275	0.48017865	0.03680565	0.47731426	0.53143506	0.53114294	0.28132319	0.28104545	0.53116546	0.53116751	0.28111291	0.28105942	59976	28072	0
59976	28077	0.00095779	0.03672569	0.47766703	0.03687261	0.47752175	0.53118633	0.53121821	0.28118621	0.28100831	0.53129036	0.53125470	0.28116032	0.28115597	59976	28075	0
59976	28080	0.00030775	0.03683540	0.47752921	0.03686771	0.47947933	0.53107565	0.53130384	0.28123395	0.28108703	0.53121665	0.53127943	0.28132311	0.28109976	59976	28078	0
59976	28411	0.00073851	0.03733913	0.47806813	0.03712878	0.47677587	0.53014308	0.53019953	0.28003334	0.27982643	0.53019255	0.53034440	0.28003400	0.27984361	59976	28409	0
59976	28414	0.00163814	0.03702184	0.47847753	0.03703611	0.47577863	0.53030175	0.53035097	0.28000828	0.27996506	0.53025722	0.53030537	0.28014550	0.27996465	59976	28412	0
59976	28417	0.00088031	0.03713907	0.47628537	0.03712745	0.47855885	0.53031786	0.53032558	0.28016835	0.27992093	0.53024571	0.53040521	0.28019464	0.27997122	59976	28415	0
59976	28420	-0.00003058	0.03690104	0.47617991	0.03714453	0.47891258	0.53040603	0.53034218	0.28002668	0.27993761	0.53042000	0.53032337	0.28000729	0.27988494	59976	28419	0
59976	28424	0.00054028	0.03697042	0.47883216	0.03715870	0.47711959	0.53018754	0.53025360	0.28005142	0.27987919	0.53020044	0.53027990	0.28022455	0.27989102	59976	28422	0
59976	28754	0.00147020	0.03684789	0.47933609	0.03701248	0.47654633	0.53066175	0.53071672	0.28049572	0.28046581	0.53068476	0.53057522	0.28061454	0.28044905	59976	28752	0
59976	28757	0.00119614	0.03690023	0.47794534	0.03692480	0.47876751	0.53102010	0.53067736	0.28073541	0.28047164	0.53064145	0.53067062	0.28058216	0.28052892	59976	28756	0
59976	28761	0.00127705	0.03689574	0.47662691	0.03700678	0.47638418	0.53060891	0.53073266	0.28061873	0.28043368	0.53075115	0.53090777	0.28055406	0.28052062	59976	28759	0
59976	28764	0.00130210	0.03698051	0.47754685	0.03683238	0.47747172	0.53070768	0.53069158	0.28056006	0.28044666	0.53068073	0.53071812	0.28047296	0.28047296	59976	28762	0
59976	28767	0.00059038	0.03688937	0.47620914	0.03697716	0.47834429	0.53074080	0.53071097	0.28047797	0.28042423	0.53065353	0.53064983	0.28069170	0.28043984	59976	28765	0
59976	29097	0.00002779	0.03689555	0.47734192	0.03681591	0.47902968	0.53124434	0.53138404	0.28146896	0.28122064	0.53152973	0.53140137	0.28141875	0.28129689	59976	29096	0
59976	29101	0.00035887	0.03676294	0.47987163	0.03694061	0.47887839	0.53146925	0.53152093	0.28140996	0.28138547	0.53158568	0.53136259	0.28165746	0.28127043	59976	29099	0
59976	29104	0.00121954	0.03689021	0.47884516	0.03692037	0.47626316	0.53138905	0.53135322	0.28131472	0.28120683	0.53128461	0.53129866	0.28142270	0.28122877	59976	29102	0
59976	29107	0.00127652	0.03696838	0.47953627	0.03702433	0.47936532	0.53146317	0.53149719	0.28149460	0.28129829	0.53137015	0.53130121	0.28129426	0.28117939	59976	29106	0
59976	29110	0.00148429	0.03693399	0.47865239	0.03683476	0.47802910	0.53134525	0.53150138	0.28136501	0.28129895	0.53143235	0.53145018	0.28139394	0.28128736	59976	29109	0
59976	29441	0.00113258	0.03690402	0.47884854	0.03679005	0.47990366	0.53173285	0.53187649	0.28182912	0.28187333	0.53185858	0.53181387	0.28195500	0.28181367	59976	29439	0
59976	29444	0.00047814	0.03683736	0.47929561	0.03685197	0.48125893	0.53179005	0.53182316	0.28191203	0.28175771	0.53169678	0.53168971	0.28191515	0.28171169	59976	29442	0
59976	29447	0.00069088	0.03683360	0.47809252	0.03686596	0.47745431	0.53176548	0.53182604	0.28188023	0.28170750	0.53184444	0.53175455	0.28198993	0.28171736	59976	29446	0
59976	29451	0.00025791	0.03690807	0.47713410	0.03679961	0.47843300	0.53165537	0.53175455	0.28186922	0.28167603	0.53170985	0.53167854	0.28167291	0.28157636	59976	29449	0
59976	29454	-0.00013135	0.03680368	0.47749675	0.03675314	0.47866454	0.53176737	0.53168265	0.28177546	0.28168737	0.53164855	0.53175496	0.28178450	0.28164275	59976	29452	0
59976	29784	0.00093700	0.03691294	0.48057388	0.03680900	0.47736883	0.53117754	0.53139603	0.28151966	0.28130930	0.53138897	0.53133958	0.28161350	0.28124775	59976	29783	0
59976	29788	0.00145278	0.03681277	0.47971049	0.03693809	0.47816313	0.53144114	0.53135651	0.28136222	0.28131316	0.53149382	0.53149587	0.28163906	0.28138942	59976	29786	0
59976	29791	0.00054332	0.03687701	0.47639253	0.03689263	0.47912091	0.53130112	0.53134279	0.28150668	0.28123896	0.53133013	0.53136234	0.28139985	0.28126978	59976	29789	0
59976	29794	0.00093367	0.03687767	0.47815970	0.03694769	0.47698866	0.53134846	0.53170730	0.28145869	0.28156362	0.53146982	0.53148313	0.28165187	0.28135827	59976	29793	0
59976	29797	0.00012150	0.03695405	0.47678956	0.03686669	0.47922605	0.53158347	0.53149488	0.28149616	0.28130248	0.53132750	0.53125905	0.28122261	0.28117602	59976	29796	0
59976	30128	0.00050711	0.03691098	0.47772994	0.03680170	0.47657313	0.53031433	0.53027973	0.28037090	0.28011995	0.53028162	0.53044564	0.28044543	0.28023943	59976	30126	0
59976	30131	0.00085538	0.03682977	0.47799663	0.03678226	0.47695182	0.53038614	0.53041121	0.28040706	0.28015610	0.53037669	0.53040184	0.28023121	0.28024444	59976	30129	0
59976	30134	0.00086257	0.03695646	0.47715203	0.03694560	0.47713045	0.53044136	0.53037530	0.28035718	0.28018191	0.53032213	0.53034407	0.28054157	0.28023770	59976	30133	0
59976	30138	0.00157791	0.03698550	0.48014050	0.03690628	0.47799446	0.53033873	0.53025311	0.28045710	0.28015504	0.53029247	0.53027768	0.28015454	0.28013219	59976	30136	0
59976	30141	0.00055154	0.03695987	0.47628880	0.03693389	0.47936792	0.53029617	0.53037497	0.28044214	0.28019366	0.53052115	0.53066027	0.28047296	0.28033154	59976	30139	0
59976	30471	0.00061843	0.03695107	0.47769290	0.03684694	0.47749222	0.53095978	0.53089947	0.28108653	0.28089590	0.53102708	0.53133917	0.28122738	0.28123625	59976	30470	0
59976	30475	0.00148124	0.03687052	0.48023003	0.03687561	0.47764159	0.53110128	0.53110038	0.28110247	0.28104487	0.53122890	0.53124015	0.28119903	0.28113666	59976	30473	0
59976	30478	0.00048448	0.03683545	0.47619666	0.03678681	0.47918697	0.53132717	0.53125626	0.28125860	0.28113099	0.53125289	0.53118814	0.28123855	0.28111727	59976	30476	0
59976	30481	0.00100740	0.03670018	0.47773180	0.03676452	0.47616303	0.53120860	0.53110564	0.28119516	0.28105465	0.53114081	0.53120268	0.28112409	0.28107314	59976	30479	0
59976	30484	0.00065523	0.03683307	0.47629346	0.03678760	0.47734995	0.53116094	0.53118263	0.28132730	0.28109598	0.53113448	0.53127475	0.28132500	0.28116936	59976	30483	0
59976	30815	0.00181748	0.03677670	0.48072258	0.03676347	0.47723584	0.53073578	0.53078320	0.28016950	0.28019612	0.53074039	0.53085921	0.28041963	0.28024091	59976	30813	0
59976	30818	0.00149896	0.03682496	0.47780051	0.03690934	0.47875608	0.53097827	0.53095666	0.28043113	0.28027887	0.53095978	0.53094910	0.28045398	0.28032365	59976	30817	0
59976	30822	0.00075920	0.03693754	0.47770453	0.03695121	0.47992380	0.53094047	0.53090276	0.28040336	0.28035291	0.53096808	0.53103086	0.28053229	0.28044773	59976	30820	0
59976	30825	0.00113957	0.03677638	0.47729809	0.03677830	0.47615699	0.53102388	0.53102092	0.28048192	0.28037600	0.53088402	0.53098567	0.28061643	0.28039909	59976	30823	0
59976	30828	-0.00027258	0.03684039	0.47598599	0.03677277	0.48022244	0.53099569	0.53098255	0.28045085	0.28040114	0.53096784	0.53089150	0.28034436	0.28031075	59976	30827	0
59976	31160	0.00031192	0.03643184	0.47812799	0.03643017	0.47637449	0.53246771	0.53251159	0.28197596	0.28189831	0.53259188	0.53260568	0.28207522	0.28199404	59976	31158	0
59976	31163	0.00100391	0.03647923	0.47884479	0.03641294	0.47676883	0.53248185	0.53245448	0.28196782	0.28183783	0.53263444	0.53274307	0.28216298	0.28200776	59976	31162	0
59976	31167	0.00123073	0.03663084	0.47876025	0.03649933	0.47807978	0.53272779	0.53251447	0.28203792	0.28183849	0.53264496	0.53260872	0.28204572	0.28189247	59976	31165	0
59976	31170	0.00064494	0.03645784	0.47702815	0.03641001	0.47878553	0.53257454	0.53252753	0.28195788	0.28190718	0.53244134	0.53241151	0.28187464	0.28179732	59976	31168	0
59976	31173	0.00060902	0.03643169	0.47882201	0.03648407	0.47892976	0.53250066	0.53239261	0.28202329	0.28175286	0.53248012	0.53249598	0.28187103	0.28190159	59976	31172	0
59976	31508	0.00083778	0.03635077	0.47838280	0.03635999	0.47769652	0.53086455	0.53079939	0.28000285	0.27964253	0.53111714	0.53092379	0.28008199	0.27977812	59976	31506	0
59976	31511	0.00104118	0.03633966	0.47973998	0.03629897	0.47912977	0.53101040	0.53097104	0.27996432	0.27983580	0.53099372	0.53090383	0.28014131	0.27991600	59976	31510	0
59976	31515	0.00074702	0.03625484	0.47673824	0.03643889	0.47762074	0.53099167	0.53102495	0.28001313	0.27987434	0.53112733	0.53114442	0.28005051	0.28003531	59976	31513	0
59976	31518	0.00148113	0.03649635	0.47880860	0.03645283	0.47660626	0.53094319	0.53099890	0.28004271	0.27987672	0.53100325	0.53103316	0.28001041	0.27985971	59976	31516	0
59976	31521	0.00012732	0.03638797	0.47515481	0.03667030	0.47921625	0.53093111	0.53129932	0.28003515	0.28002619	0.53102240	0.53101344	0.27996908	0.27992052	59976	31519	0
59976	31852	0.00090903	0.03679608	0.48052608	0.03675283	0.47818094	0.53301309	0.53302829	0.28202493	0.28183429	0.53313108	0.53311506	0.28219922	0.28191474	59976	31850	0
59976	31855	0.00075565	0.03680023	0.47941360	0.03679270	0.47987375	0.53306592	0.53325656	0.28205690	0.28205755	0.53317998	0.53316847	0.28204408	0.28200143	59976	31854	0
59976	31858	0.00073219	0.03686363	0.47799597	0.03664926	0.47806636	0.53310504	0.53307307	0.28198450	0.28183372	0.53323980	0.53320660	0.28200529	0.28195007	59976	31857	0
59976	31862	0.00077464	0.03676263	0.47909652	0.03681771	0.47896915	0.53312772	0.53298794	0.28204531	0.28186289	0.53292993	0.53295688	0.28211203	0.28181687	59976	31860	0
59976	31865	0.00128751	0.03670363	0.47963784	0.03671745	0.47809922	0.53291933	0.53319132	0.28219347	0.28197916	0.53298556	0.53307619	0.28212157	0.28191170	59976	31863	0
59976	32195	0.00028592	0.03684045	0.47817653	0.03674242	0.48118131	0.53098345	0.53094466	0.27987656	0.27967688	0.53099898	0.53110063	0.27998798	0.27980753	59976	32194	0
59976	32199	-0.00018699	0.03690456	0.47715338	0.03675248	0.47857213	0.53107959	0.53177616	0.28017098	0.28028807	0.53119134	0.53120794	0.27996621	0.27987196	59976	32197	0
59976	32202	0.00059754	0.03689487	0.47888993	0.03691830	0.47653631	0.53104039	0.53104878	0.27988403	0.27977508	0.53104072	0.53101919	0.28013466	0.27982997	59976	32200	0
59976	32205	0.00144577	0.03679769	0.48057901	0.03680020	0.47803432	0.53081278	0.53098517	0.27987146	0.27975067	0.53087934	0.53102199	0.27993999	0.27976587	59976	32204	0
59976	32208	0.00136875	0.03686408	0.47829627	0.03674262	0.47852733	0.53115067	0.53107803	0.27989562	0.27979956	0.53114845	0.53115264	0.28005799	0.27984180	59976	32207	0
