% File initiated 18/11/2022 11:56:52 UTC
% Raw fountain data
%
% File notes: maser 5 MHz RF amplitudes 280 790 1290 microwave leakage pi/2 3pi/2 5pi/2 no water cooling AC Stark
%
%% fountain_code = ALPHA-CsF1
%% microwave_ref = ALPHA HM1
%% MJD_start = 59901.497831
%% clock_data = False
%% sequence = 4
%% density = LD
%
% Units: V.s, Hz
%
% Shot B MJD days	Shot B MJD seconds	freq error	shot A sum	shot A ratio	shot B sum	shot B ratio	shot A F=3 bg 1	shot A F=3 bg 2	shot A F=4 bg 1	shot A F=4 bg 2	shot B F=3 bg 1	shot B F=3 bg 2	shot B F=4 bg 1	shot B F=4 bg 2	Shot A MJD days	Shot A MJD seconds	Shot order (0=LF->HF)
59901	43146	0.00148388	0.00783388	0.49656734	0.00779135	0.49300603	0.60965892	0.60879554	0.34445888	0.34454755	0.60966097	0.60892891	0.34444278	0.34460161	59901	43144	0
59901	43149	-0.00133712	0.00771761	0.49071584	0.00777188	0.49748623	0.60967124	0.60888240	0.34443292	0.34462084	0.60962260	0.60882660	0.34443522	0.34454303	59901	43147	0
59901	43152	-0.00140058	0.00779935	0.49426211	0.00776516	0.49441441	0.60952292	0.60882003	0.34439635	0.34465371	0.60970469	0.60869168	0.34447836	0.34440235	59901	43150	0
59901	43155	0.00117705	0.00783458	0.49744216	0.00781982	0.49125584	0.60944355	0.60864237	0.34445839	0.34443144	0.60952638	0.60866711	0.34442075	0.34446406	59901	43154	0
59901	43159	0.00131621	0.00778002	0.49601591	0.00779523	0.49568193	0.60949145	0.60879004	0.34438945	0.34457236	0.60953476	0.60871279	0.34439512	0.34445962	59901	43157	0
59901	43162	-0.00141218	0.00771301	0.49264308	0.00776177	0.49919123	0.60955472	0.60879258	0.34441369	0.34451542	0.60950337	0.60865158	0.34437992	0.34439043	59901	43160	0
59901	43165	0.00079290	0.00777377	0.49817159	0.00774532	0.49287938	0.60947691	0.60868403	0.34431073	0.34440514	0.60959408	0.60864287	0.34438123	0.34445329	59901	43163	0
59901	43168	0.00023954	0.00772394	0.49534164	0.00782452	0.49666972	0.60945316	0.60868601	0.34433825	0.34445009	0.60950098	0.60861279	0.34427802	0.34436512	59901	43167	0
59901	43172	-0.00058492	0.00780535	0.49538876	0.00775521	0.49736746	0.60949121	0.60866875	0.34431048	0.34433111	0.60937608	0.60860901	0.34415797	0.34424992	59901	43170	0
59901	43175	0.00054291	0.00779280	0.49652963	0.00777362	0.49382283	0.60943393	0.60867861	0.34422009	0.34438139	0.60940764	0.60861822	0.34430703	0.34433949	59901	43173	0
59901	43178	0.00206204	0.00776968	0.49758303	0.00774914	0.49393713	0.60936622	0.60854015	0.34426249	0.34428903	0.60938331	0.60848666	0.34422297	0.34430267	59901	43177	0
59901	43181	-0.00036632	0.00776276	0.49233478	0.00781630	0.49816283	0.60929408	0.60853300	0.34418517	0.34424762	0.60925044	0.60853884	0.34409371	0.34422182	59901	43180	0
59901	43185	-0.00115226	0.00774384	0.49508472	0.00777534	0.49697099	0.60922990	0.60854475	0.34420579	0.34429659	0.60931815	0.60852298	0.34417580	0.34426882	59901	43183	0
59901	43188	0.00089385	0.00774789	0.49863256	0.00780571	0.49372190	0.60936885	0.60858485	0.34417884	0.34417514	0.60929506	0.60868625	0.34411647	0.34426972	59901	43186	0
59901	43191	0.00107470	0.00779122	0.49743130	0.00778424	0.49699725	0.60932678	0.60848543	0.34419544	0.34417054	0.60917123	0.60849463	0.34407366	0.34412338	59901	43190	0
59901	43194	-0.00229526	0.00780261	0.49159735	0.00776351	0.49968528	0.60923302	0.60855215	0.34402000	0.34408591	0.60916852	0.60846373	0.34396594	0.34401376	59901	43193	0
59901	43198	0.00212140	0.00776807	0.50096139	0.00786349	0.49036141	0.60926745	0.60837022	0.34400308	0.34396372	0.60912661	0.60835239	0.34391384	0.34405353	59901	43196	0
59901	43201	0.00198387	0.00781683	0.49430879	0.00783582	0.49463886	0.60916819	0.60849348	0.34388746	0.34407243	0.60916745	0.60837096	0.34394991	0.34402058	59901	43199	0
59901	43204	-0.00113926	0.00775111	0.49340373	0.00773297	0.50089924	0.60905414	0.60832601	0.34382600	0.34396437	0.60909949	0.60832355	0.34388787	0.34395944	59901	43203	0
59901	43208	0.00134771	0.00771791	0.49665396	0.00776529	0.49068522	0.60899859	0.60829799	0.34378089	0.34393882	0.60918027	0.60837762	0.34385517	0.34403652	59901	43206	0
59901	43211	-0.00018909	0.00767823	0.49333749	0.00776395	0.49702581	0.60928150	0.60856645	0.34397563	0.34404770	0.60915775	0.60840317	0.34389165	0.34392805	59901	43209	0
59901	43214	0.00022186	0.00782437	0.49539934	0.00777946	0.49441306	0.60920928	0.60838074	0.34384769	0.34385722	0.60918742	0.60853415	0.34388450	0.34399806	59901	43212	0
59901	43217	0.00229186	0.00783447	0.49860194	0.00776059	0.49363394	0.60910508	0.60831245	0.34382953	0.34393208	0.60922094	0.60835453	0.34383849	0.34396741	59901	43216	0
59901	43221	0.00045957	0.00770920	0.49434359	0.00777357	0.49874109	0.60916876	0.60830794	0.34391055	0.34407851	0.60932875	0.60847417	0.34397358	0.34404359	59901	43219	0
59901	43224	-0.00014134	0.00774113	0.49254774	0.00779996	0.49398991	0.60930344	0.60852257	0.34404252	0.34420308	0.60928989	0.60856201	0.34395534	0.34411886	59901	43222	0
59901	43227	0.00061047	0.00775649	0.49585783	0.00783333	0.49405349	0.60923393	0.60848863	0.34394638	0.34407021	0.60935077	0.60856259	0.34398163	0.34402617	59901	43226	0
59901	43230	-0.00016820	0.00794299	0.49370916	0.00785131	0.49557797	0.60909267	0.60848000	0.34388549	0.34401705	0.60919909	0.60831180	0.34391548	0.34401885	59901	43229	0
59901	43234	0.00055537	0.00778765	0.49487835	0.00778262	0.49314178	0.60918314	0.60851271	0.34396117	0.34406602	0.60936474	0.60847967	0.34402855	0.34408730	59901	43232	0
59901	43237	0.00074015	0.00777706	0.49448234	0.00783839	0.49403888	0.60933261	0.60847811	0.34407670	0.34418024	0.60922168	0.60842363	0.34393307	0.34405805	59901	43235	0
59901	43240	-0.00140327	0.00778955	0.49204552	0.00779924	0.49718972	0.60935012	0.60844253	0.34398040	0.34412329	0.60944264	0.60849981	0.34410990	0.34409683	59901	43239	0
