% File initiated 06/04/2023 15:57:55 UTC
% Raw fountain data
%
% File notes: Normal operation
%
%% fountain_code = ALPHA-CsF1
%% microwave_ref = ALPHA HM1
%% MJD_start = 60040.665231
%% clock_data = True
%% sequence = 2
%% density = LD
%
% Units: V.s, Hz
%
% Shot B MJD days	Shot B MJD seconds	freq error	shot A sum	shot A ratio	shot B sum	shot B ratio	shot A F=3 bg 1	shot A F=3 bg 2	shot A F=4 bg 1	shot A F=4 bg 2	shot B F=3 bg 1	shot B F=3 bg 2	shot B F=4 bg 1	shot B F=4 bg 2	Shot A MJD days	Shot A MJD seconds	Shot order (0=LF->HF)
60040	57495	0.00103305	0.01215956	0.47631394	0.01217329	0.47321479	0.64129636	0.64019074	0.32689389	0.32677786	0.64128214	0.64004340	0.32687828	0.32671509	60040	57493	0
60040	57498	0.00045196	0.01214530	0.47535218	0.01221734	0.47709545	0.64148034	0.64026256	0.32700063	0.32690457	0.64124960	0.64012327	0.32687836	0.32680613	60040	57496	0
60040	57501	0.00055629	0.01211887	0.47811354	0.01209769	0.47780055	0.64120252	0.63997208	0.32677072	0.32668427	0.64108895	0.63987010	0.32673472	0.32668994	60040	57500	0
60040	57504	0.00186496	0.01218134	0.47777693	0.01217989	0.47385093	0.64124631	0.63993412	0.32682552	0.32671492	0.64104236	0.63985614	0.32674952	0.32666455	60040	57503	0
60040	57508	0.00149258	0.01215443	0.47692469	0.01217575	0.47804181	0.64111320	0.64011843	0.32685897	0.32689734	0.64089799	0.63988835	0.32664614	0.32663012	60040	57506	0
60040	57511	0.00098575	0.01205031	0.47510335	0.01212371	0.47662385	0.64102568	0.63967503	0.32681295	0.32662355	0.64100292	0.63982557	0.32663941	0.32660194	60040	57509	0
60040	57514	0.00011143	0.01204815	0.47507174	0.01221432	0.47769471	0.64079914	0.63974496	0.32666554	0.32657605	0.64083463	0.63980667	0.32659528	0.32647482	60040	57513	0
60040	57517	0.00132606	0.01216562	0.47822940	0.01215280	0.47458551	0.64080563	0.63981908	0.32658271	0.32655008	0.64095263	0.63965523	0.32672002	0.32655871	60040	57516	0
60040	57521	0.00130438	0.01208794	0.47632750	0.01219134	0.47639254	0.64066988	0.63958152	0.32648591	0.32647539	0.64091204	0.63991439	0.32668682	0.32667449	60040	57519	0
60040	57524	0.00189664	0.01206370	0.47561296	0.01216443	0.47383620	0.64101977	0.63975137	0.32674335	0.32671278	0.64100095	0.63975621	0.32675371	0.32661837	60040	57522	0
60040	57527	0.00095576	0.01216601	0.47368669	0.01209230	0.47650932	0.64089487	0.63971587	0.32667038	0.32669413	0.64124229	0.64019098	0.32698042	0.32699291	60040	57526	0
60040	57531	0.00080025	0.01216925	0.47664165	0.01207511	0.47710819	0.64072839	0.63973822	0.32673062	0.32671870	0.64084721	0.63972721	0.32673859	0.32659199	60040	57529	0
60040	57534	0.00072636	0.01216119	0.47660035	0.01217126	0.47682199	0.64061606	0.63959762	0.32663513	0.32654893	0.64068878	0.63958398	0.32674146	0.32657137	60040	57532	0
60040	57537	-0.00062800	0.01207858	0.47495058	0.01207875	0.47901368	0.64094828	0.63956862	0.32680095	0.32656898	0.64075558	0.63981119	0.32670958	0.32677721	60040	57535	0
60040	57540	0.00092909	0.01215507	0.48018882	0.01211771	0.47551754	0.64132142	0.64030619	0.32712036	0.32712192	0.64109290	0.63953657	0.32680876	0.32659281	60040	57539	0
60040	57544	0.00119424	0.01202993	0.47691593	0.01218458	0.47612047	0.64080694	0.63963041	0.32680013	0.32659816	0.64074761	0.63955982	0.32669208	0.32663448	60040	57542	0
60040	57547	0.00147069	0.01210256	0.47775746	0.01208244	0.47692813	0.64104713	0.63970782	0.32688658	0.32673481	0.64065755	0.63921125	0.32672141	0.32648098	60040	57545	0
60040	57550	0.00056317	0.01210369	0.47623528	0.01209263	0.47895784	0.64063553	0.63951315	0.32666800	0.32653110	0.64054679	0.63927674	0.32650358	0.32644022	60040	57548	0
60040	57553	0.00121326	0.01214996	0.47913545	0.01227368	0.47718518	0.64096019	0.63965120	0.32687606	0.32663965	0.64103620	0.63984208	0.32695511	0.32691115	60040	57552	0
60040	57557	0.00140019	0.01217447	0.47780313	0.01222565	0.47724234	0.64122569	0.63991735	0.32697360	0.32678838	0.64124985	0.63994759	0.32690285	0.32680087	60040	57555	0
60040	57560	0.00092113	0.01210451	0.47472782	0.01205040	0.47616498	0.64150951	0.63982507	0.32702175	0.32663061	0.64105748	0.63962630	0.32686382	0.32663045	60040	57558	0
60040	57563	0.00109336	0.01216030	0.47611536	0.01215484	0.47559867	0.64113834	0.63989188	0.32689956	0.32677154	0.64100456	0.63983592	0.32691509	0.32672182	60040	57562	0
60040	57566	-0.00000344	0.01204164	0.47421987	0.01211897	0.47751028	0.64076027	0.63968719	0.32653521	0.32667531	0.64094926	0.63991209	0.32675387	0.32669808	60040	57565	0
60040	57570	0.00046097	0.01212873	0.47807119	0.01210355	0.47667794	0.64077958	0.63978571	0.32662182	0.32660744	0.64073200	0.63939778	0.32651327	0.32628097	60040	57568	0
60040	57573	0.00026350	0.01218085	0.47516885	0.01216207	0.47576128	0.64120958	0.63946861	0.32686875	0.32640201	0.64042386	0.63928019	0.32634079	0.32623956	60040	57571	0
60040	57576	0.00119731	0.01213591	0.47825843	0.01210972	0.47545701	0.64043175	0.63928036	0.32631729	0.32628368	0.64045508	0.63907468	0.32619864	0.32612559	60040	57575	0
60040	57579	0.00036040	0.01223897	0.47473543	0.01209031	0.47724614	0.64028384	0.63921380	0.32621770	0.32613914	0.64076265	0.63979286	0.32651672	0.32657170	60040	57578	0
60040	57583	0.00151147	0.01214141	0.47933572	0.01210021	0.47588251	0.64063003	0.63967117	0.32642831	0.32645271	0.64062584	0.63948505	0.32650571	0.32642034	60040	57581	0
60040	57586	0.00029276	0.01212440	0.47431438	0.01210979	0.47797052	0.64086241	0.63977101	0.32656504	0.32656660	0.64080793	0.63982236	0.32651713	0.32655658	60040	57584	0
60040	57589	0.00144014	0.01213771	0.47901298	0.01223874	0.47557085	0.64058245	0.63964964	0.32643521	0.32640423	0.64049034	0.63952260	0.32630283	0.32630217	60040	57588	0
60040	57610	0.00201105	0.01222552	0.47768249	0.01227454	0.47596973	0.64065164	0.63938800	0.32639749	0.32627341	0.64068722	0.63918504	0.32638155	0.32601581	60040	57608	0
60040	57613	0.00110966	0.01216200	0.47590804	0.01212673	0.47861221	0.64005606	0.63875126	0.32606404	0.32592706	0.63980511	0.63867098	0.32584974	0.32580454	60040	57611	0
60040	57616	0.00045723	0.01220807	0.47551378	0.01223649	0.47747108	0.64049600	0.63896918	0.32625147	0.32590192	0.64053627	0.63914272	0.32622501	0.32593413	60040	57614	0
60040	57619	0.00096649	0.01216590	0.47555103	0.01219401	0.47402325	0.64026305	0.63920953	0.32611704	0.32607078	0.64045426	0.63891527	0.32620743	0.32588910	60040	57618	0
60040	57623	0.00115776	0.01221688	0.47647403	0.01221001	0.47590021	0.64066216	0.63919893	0.32624802	0.32599329	0.64026477	0.63921388	0.32600890	0.32600800	60040	57621	0
60040	57626	0.00119746	0.01223038	0.47626526	0.01216133	0.47614616	0.64050414	0.63928093	0.32617818	0.32610710	0.64036963	0.63916507	0.32616125	0.32599272	60040	57624	0
