% File initiated 03/05/2023 04:42:29 UTC
% Raw fountain data
%
% File notes: Collional shift map 250 ms MOT RF 250 350 380 410 510 mV RF
%
%% fountain_code = ALPHA-CsF1
%% microwave_ref = ALPHA HM1
%% MJD_start = 60067.196171
%% clock_data = True
%% sequence = 5
%% density = HD
%
% Units: V.s, Hz
%
% Shot B MJD days	Shot B MJD seconds	freq error	shot A sum	shot A ratio	shot B sum	shot B ratio	shot A F=3 bg 1	shot A F=3 bg 2	shot A F=4 bg 1	shot A F=4 bg 2	shot B F=3 bg 1	shot B F=3 bg 2	shot B F=4 bg 1	shot B F=4 bg 2	Shot A MJD days	Shot A MJD seconds	Shot order (0=LF->HF)
60067	17246	0.00054628	0.05099651	0.47937739	0.05092048	0.48159212	0.68167421	0.68171735	0.35085775	0.35082233	0.68163379	0.68170002	0.35077368	0.35082200	60067	17245	0
60067	17249	0.00234517	0.05088905	0.48444045	0.05114645	0.47904378	0.68160979	0.68195212	0.35075133	0.35095652	0.68166854	0.68151924	0.35097878	0.35064928	60067	17248	0
60067	17253	0.00071680	0.05090830	0.48005564	0.05103512	0.48494077	0.68156123	0.68172795	0.35071510	0.35078174	0.68160149	0.68149607	0.35072701	0.35056875	60067	17251	0
60067	17256	-0.00020051	0.05082192	0.47979173	0.05099200	0.48254363	0.68133090	0.68157544	0.35062791	0.35084287	0.68159977	0.68161653	0.35077977	0.35081099	60067	17254	0
60067	17259	0.00165191	0.05075826	0.48212752	0.05091139	0.47657026	0.68137174	0.68158292	0.35064862	0.35066497	0.68128332	0.68153304	0.35064591	0.35062553	60067	17258	0
60067	17820	0.00125346	0.05107712	0.48016062	0.05086720	0.48135599	0.68095382	0.68097970	0.35001483	0.34979017	0.68086482	0.68104889	0.34990604	0.34989765	60067	17818	0
60067	17823	0.00108342	0.05092922	0.48144914	0.05077016	0.48195924	0.68100575	0.68098397	0.35007654	0.35002272	0.68084420	0.68103788	0.34996347	0.35000620	60067	17822	0
60067	17827	0.00184390	0.05106806	0.48065504	0.05091765	0.47837361	0.68081150	0.68122079	0.34995131	0.34999149	0.68088693	0.68116993	0.35004367	0.35008500	60067	17825	0
60067	17830	0.00040983	0.05081575	0.47936108	0.05063516	0.48366330	0.68088266	0.68106442	0.35006611	0.35011935	0.68097765	0.68112580	0.35007810	0.35021196	60067	17828	0
60067	17833	0.00087965	0.05064497	0.48184404	0.05077314	0.48043456	0.68109458	0.68097756	0.34989724	0.35008599	0.68115308	0.68119507	0.35008829	0.35014392	60067	17831	0
60067	18393	0.00117326	0.05013179	0.48270685	0.05086670	0.48182603	0.68065644	0.68111611	0.35010514	0.35021253	0.68080804	0.68102662	0.35009158	0.35016570	60067	18391	0
60067	18396	0.00116947	0.05090951	0.48060829	0.05082068	0.48061966	0.68099433	0.68108389	0.35014474	0.35013398	0.68079416	0.68098414	0.35007227	0.35009560	60067	18395	0
60067	18399	0.00070037	0.05080824	0.47873285	0.05076896	0.48014013	0.68101939	0.68112753	0.35018238	0.35012165	0.68096121	0.68126278	0.35017441	0.35017901	60067	18398	0
60067	18403	0.00143922	0.05090136	0.48259523	0.05079580	0.48037868	0.68081782	0.68116804	0.35009330	0.35013932	0.68089038	0.68101914	0.35014803	0.35010103	60067	18401	0
60067	18406	0.00056094	0.05098922	0.47957775	0.05046126	0.48221259	0.68090895	0.68116902	0.35013012	0.35019643	0.68083623	0.68082727	0.35013192	0.34996503	60067	18404	0
60067	18967	0.00158645	0.05075640	0.48330160	0.05061200	0.48022508	0.68026571	0.68038601	0.34941802	0.34949608	0.67999323	0.68035709	0.34923593	0.34947710	60067	18965	0
60067	18970	0.00141874	0.05029773	0.47919629	0.05076875	0.47969941	0.68017680	0.68027294	0.34947702	0.34939994	0.68032537	0.68045175	0.34941974	0.34943166	60067	18969	0
60067	18973	0.00171426	0.05066953	0.48034321	0.05085591	0.47945665	0.68029735	0.68048281	0.34946083	0.34951473	0.68046062	0.68041132	0.34949994	0.34945146	60067	18972	0
60067	18977	0.00022729	0.05079132	0.47791685	0.05087304	0.48237776	0.68016103	0.68027779	0.34941144	0.34936017	0.68036621	0.68036793	0.34938137	0.34948712	60067	18975	0
60067	18980	0.00013836	0.05083895	0.48097194	0.05083264	0.48123873	0.68032751	0.68061954	0.34949378	0.34952172	0.68054485	0.68032241	0.34966511	0.34928868	60067	18978	0
60067	19540	0.00152883	0.05101703	0.48259136	0.05089964	0.47841998	0.68074757	0.68094248	0.34994860	0.34997736	0.68073409	0.68092530	0.34998582	0.35001154	60067	19539	0
60067	19543	0.00047905	0.05105329	0.47949783	0.05071103	0.48264716	0.68068709	0.68083220	0.34987300	0.34993422	0.68071741	0.68074831	0.34993603	0.34985008	60067	19542	0
60067	19547	0.00056881	0.05107677	0.48060168	0.05103006	0.48033240	0.68078413	0.68090024	0.34999757	0.34999100	0.68088915	0.68078397	0.34987259	0.34986741	60067	19545	0
60067	19550	0.00080299	0.05104386	0.48324235	0.05102440	0.48253980	0.68051338	0.68071215	0.34975722	0.34980118	0.68073245	0.68059251	0.34973914	0.34975139	60067	19548	0
60067	19553	0.00143185	0.05076864	0.48104940	0.05099832	0.47916282	0.68046465	0.68069350	0.34972887	0.34978319	0.68040647	0.68065940	0.34967850	0.34986635	60067	19552	0
60067	20114	0.00081280	0.05059711	0.48106230	0.05064897	0.48291945	0.68001796	0.67997959	0.34927677	0.34921851	0.67990498	0.68008896	0.34927027	0.34927249	60067	20112	0
60067	20117	0.00105218	0.05069296	0.47981618	0.05052110	0.47909803	0.68022816	0.68012421	0.34931481	0.34923190	0.67979043	0.68008346	0.34921440	0.34921908	60067	20115	0
60067	20120	0.00073632	0.05085939	0.48060301	0.05053508	0.48155060	0.67977671	0.67999274	0.34915260	0.34913609	0.68003103	0.67997055	0.34919320	0.34929115	60067	20119	0
60067	20123	0.00105924	0.05059126	0.48135192	0.05069248	0.48038317	0.67986932	0.68003062	0.34929336	0.34930339	0.67999660	0.68003686	0.34933240	0.34927208	60067	20122	0
60067	20127	-0.00041757	0.05046479	0.47990791	0.05073566	0.48433831	0.67996151	0.67993415	0.34928022	0.34938614	0.68000654	0.67997088	0.34927496	0.34928794	60067	20125	0
60067	20686	0.00085637	0.05079076	0.48309186	0.05099930	0.47927005	0.68111923	0.68098742	0.35058017	0.35038255	0.68092382	0.68118718	0.35046513	0.35042791	60067	20684	0
60067	20689	0.00130922	0.05068422	0.48203144	0.05068611	0.48067291	0.68098742	0.68096039	0.35044418	0.35040399	0.68109121	0.68120995	0.35056226	0.35044122	60067	20688	0
60067	20692	0.00077706	0.05063068	0.47981528	0.05061794	0.48141174	0.68111175	0.68100871	0.35034672	0.35049504	0.68112030	0.68107584	0.35031032	0.35036956	60067	20691	0
60067	20696	0.00187274	0.05069782	0.48226029	0.05072204	0.47897325	0.68084831	0.68086713	0.35030884	0.35032700	0.68089654	0.68100156	0.35025001	0.35016118	60067	20694	0
60067	20699	0.00224913	0.05082852	0.48051091	0.05070689	0.47938175	0.68096573	0.68100304	0.35018139	0.35023324	0.68083524	0.68090336	0.35023628	0.35019331	60067	20697	0
60067	21258	0.00034120	0.05057527	0.47793160	0.05064733	0.48365538	0.68006209	0.68034016	0.34953840	0.34958154	0.68012906	0.68023219	0.34934464	0.34948269	60067	21256	0
60067	21261	0.00100724	0.05064780	0.48233820	0.05068443	0.48034008	0.68019693	0.68029801	0.34936847	0.34942624	0.68017919	0.68030655	0.34944185	0.34938885	60067	21260	0
60067	21264	0.00144812	0.05078053	0.47995455	0.05083750	0.47863191	0.68012586	0.68032126	0.34950931	0.34942352	0.68010860	0.68029045	0.34936740	0.34944078	60067	21263	0
60067	21268	0.00068336	0.05082546	0.47837638	0.05078408	0.48067065	0.68014336	0.68010433	0.34938285	0.34937208	0.68003900	0.68043696	0.34941605	0.34943996	60067	21266	0
60067	21271	0.00202412	0.05074023	0.48097016	0.05089556	0.47694788	0.68011509	0.68031419	0.34939098	0.34957538	0.68020417	0.68027229	0.34940298	0.34944094	60067	21269	0
60067	21830	0.00187943	0.05096503	0.48104048	0.05091637	0.48147457	0.68095406	0.68123649	0.35011450	0.35025535	0.68090065	0.68133641	0.35012708	0.35052290	60067	21828	0
60067	21833	0.00008792	0.05105214	0.47758453	0.05093843	0.48295905	0.68094790	0.68129179	0.35034582	0.35026800	0.68101010	0.68109170	0.35024129	0.35025222	60067	21832	0
60067	21836	0.00157837	0.05102367	0.48222851	0.05076397	0.47775717	0.68105908	0.68085406	0.35022535	0.35023628	0.68112136	0.68096220	0.35028830	0.34997802	60067	21835	0
60067	21840	0.00189841	0.05097126	0.47983797	0.05082685	0.47887786	0.68093631	0.68090665	0.35025280	0.35012979	0.68095332	0.68118570	0.35016923	0.35013677	60067	21838	0
60067	21843	0.00138259	0.05083841	0.47893057	0.05092897	0.48047804	0.68103665	0.68099531	0.35011278	0.35024573	0.68078224	0.68090057	0.35015066	0.35015230	60067	21841	0
60067	22402	0.00033186	0.05067254	0.47927963	0.05066096	0.48243180	0.68104067	0.68112391	0.35044220	0.35046299	0.68099605	0.68090164	0.35049956	0.35043119	60067	22400	0
60067	22405	0.00136368	0.05079678	0.48183398	0.05081085	0.47873854	0.68107050	0.68123147	0.35048263	0.35049685	0.68096351	0.68129746	0.35033629	0.35056595	60067	22404	0
60067	22408	0.00214314	0.05075949	0.48143220	0.05066778	0.47909380	0.68099392	0.68119704	0.35046653	0.35037334	0.68125062	0.68115514	0.35069735	0.35038082	60067	22407	0
60067	22412	0.00058688	0.05074237	0.47838136	0.05057676	0.48305015	0.68084198	0.68097929	0.35046406	0.35038181	0.68092251	0.68099153	0.35018262	0.35031336	60067	22410	0
60067	22415	0.00036837	0.05085417	0.47984743	0.05064642	0.48050294	0.68078200	0.68096894	0.35036496	0.35052035	0.68069062	0.68098438	0.35023801	0.35030711	60067	22413	0
60067	22974	0.00206656	0.05106640	0.48220653	0.05098882	0.47711197	0.68109901	0.68126911	0.35026093	0.35034697	0.68110378	0.68136426	0.35028033	0.35042363	60067	22972	0
60067	22977	0.00203450	0.05089775	0.48023885	0.05115514	0.48033503	0.68104347	0.68129532	0.35027005	0.35028583	0.68119992	0.68120008	0.35039545	0.35034861	60067	22976	0
60067	22980	0.00066579	0.05096520	0.47816506	0.05106075	0.48227118	0.68151119	0.68154093	0.35064090	0.35049381	0.68120797	0.68110756	0.35028698	0.35020892	60067	22979	0
60067	22984	0.00204251	0.05103502	0.48207003	0.05102061	0.47793988	0.68100452	0.68153649	0.35021574	0.35055453	0.68096442	0.68130789	0.35022634	0.35036570	60067	22982	0
60067	22987	0.00145300	0.05105579	0.47894396	0.05103222	0.48071250	0.68095324	0.68119565	0.35031336	0.35032675	0.68094050	0.68123460	0.35029043	0.35024294	60067	22985	0
60067	23546	0.00079971	0.05098476	0.47939971	0.05089635	0.48135956	0.68157742	0.68194768	0.35101979	0.35114683	0.68191374	0.68200668	0.35123869	0.35123993	60067	23544	0
60067	23549	0.00093562	0.05083039	0.48056485	0.05088957	0.48015713	0.68166164	0.68186518	0.35110516	0.35103795	0.68160174	0.68174266	0.35096909	0.35104617	60067	23548	0
60067	23552	0.00100782	0.05084161	0.48077992	0.05105821	0.48056331	0.68160100	0.68165162	0.35103491	0.35097246	0.68157536	0.68171924	0.35112998	0.35095389	60067	23551	0
60067	23556	0.00015018	0.05071809	0.47972696	0.05086081	0.48229988	0.68166608	0.68190651	0.35086416	0.35093375	0.68176247	0.68166731	0.35101428	0.35082373	60067	23554	0
60067	23559	0.00089467	0.05089816	0.48034391	0.05087617	0.47811044	0.68159517	0.68171160	0.35094123	0.35102948	0.68150749	0.68176567	0.35097122	0.35103959	60067	23557	0
60067	24118	0.00104530	0.05093515	0.48145962	0.05103705	0.48100773	0.68080895	0.68096746	0.35007465	0.35005222	0.68109852	0.68112153	0.35005345	0.35014573	60067	24116	0
60067	24121	0.00077360	0.05091928	0.48048652	0.05107820	0.48130163	0.68093738	0.68112367	0.35000859	0.34995739	0.68084609	0.68101955	0.35011492	0.35007868	60067	24120	0
60067	24124	0.00100431	0.05113623	0.48140857	0.05085033	0.48071642	0.68091725	0.68097945	0.35003693	0.34998040	0.68111882	0.68113081	0.35022848	0.35014877	60067	24123	0
60067	24128	0.00046409	0.05088248	0.47988131	0.05098398	0.48150197	0.68084560	0.68113591	0.35005912	0.35006602	0.68087058	0.68122605	0.35008385	0.35018221	60067	24126	0
60067	24131	0.00065567	0.05106670	0.48112795	0.05113846	0.48055322	0.68108619	0.68100657	0.35023143	0.35009700	0.68103706	0.68106762	0.35008090	0.35012987	60067	24129	0
60067	24690	0.00075930	0.05079542	0.48044376	0.05099318	0.48013286	0.68060557	0.68080665	0.34979675	0.34992395	0.68054674	0.68048840	0.34981975	0.34970570	60067	24688	0
60067	24693	0.00168888	0.05110761	0.48079426	0.05082402	0.47800553	0.68055939	0.68049883	0.34984326	0.34972033	0.68045997	0.68044024	0.34966149	0.34975106	60067	24692	0
60067	24696	0.00151240	0.05103586	0.48017623	0.05104422	0.48070566	0.68055044	0.68068035	0.34982066	0.34984186	0.68064748	0.68046399	0.34998024	0.34976223	60067	24695	0
60067	24700	0.00195498	0.05088199	0.48161980	0.05114531	0.48029208	0.68058396	0.68072637	0.34977505	0.34980940	0.68047582	0.68081314	0.34976897	0.34988336	60067	24698	0
60067	24703	0.00189643	0.05102679	0.48084468	0.05088585	0.48102032	0.68067032	0.68092580	0.34990324	0.34994071	0.68058881	0.68077361	0.34983512	0.34984638	60067	24701	0
60067	25262	0.00149303	0.05079964	0.48056127	0.05091700	0.48177148	0.68115727	0.68120477	0.35055872	0.35039545	0.68109252	0.68120641	0.35035387	0.35038099	60067	25260	0
60067	25265	0.00180148	0.05114295	0.48056804	0.05109388	0.47964268	0.68104716	0.68118817	0.35039841	0.35042684	0.68111915	0.68116360	0.35046546	0.35037663	60067	25264	0
60067	25268	0.00142012	0.05098627	0.47836513	0.05113836	0.47950921	0.68098940	0.68118414	0.35042988	0.35034154	0.68100353	0.68098447	0.35037408	0.35025600	60067	25267	0
60067	25272	0.00041294	0.05109301	0.47917445	0.05101014	0.48219599	0.68112071	0.68109638	0.35029126	0.35037680	0.68102547	0.68113509	0.35036488	0.35049249	60067	25270	0
60067	25275	0.00040827	0.05109704	0.48278713	0.05109742	0.48280115	0.68107009	0.68132646	0.35045215	0.35061148	0.68085053	0.68089358	0.35028131	0.35023242	60067	25273	0
60067	25834	0.00044378	0.05156830	0.48025583	0.05156708	0.48014930	0.68110189	0.68124889	0.35004006	0.35012864	0.68129655	0.68128546	0.35024409	0.35023365	60067	25833	0
60067	25838	0.00085997	0.05076975	0.48036706	0.05131825	0.47911848	0.68120945	0.68144972	0.35007490	0.35018386	0.68136977	0.68144652	0.35018271	0.35019035	60067	25836	0
60067	25841	-0.00046280	0.05148798	0.47761523	0.05144175	0.48158355	0.68121044	0.68123977	0.35019700	0.35010711	0.68107272	0.68111873	0.35015732	0.35007662	60067	25839	0
60067	25844	0.00095961	0.05157560	0.48148088	0.05157455	0.47721363	0.68122252	0.68140527	0.35008196	0.35017235	0.68116516	0.68123829	0.35002190	0.35002724	60067	25842	0
60067	25847	0.00083916	0.05156519	0.48058402	0.05135671	0.48094537	0.68081125	0.68105604	0.34988944	0.35002888	0.68106516	0.68110698	0.34990595	0.35005666	60067	25846	0
60067	26406	0.00139092	0.05137512	0.48136562	0.05136008	0.47971034	0.68189386	0.68204234	0.35063375	0.35058551	0.68210718	0.68181382	0.35088560	0.35070984	60067	26405	0
60067	26410	0.00054305	0.05139556	0.47920646	0.05153970	0.48175008	0.68167536	0.68186576	0.35065626	0.35068593	0.68168539	0.68196806	0.35066136	0.35070803	60067	26408	0
60067	26413	0.00107955	0.05137804	0.48079018	0.05144297	0.47918067	0.68155334	0.68170371	0.35055182	0.35060860	0.68189600	0.68203823	0.35084526	0.35090393	60067	26411	0
60067	26416	0.00138485	0.05132552	0.48014088	0.05175484	0.47922500	0.68196132	0.68201514	0.35084033	0.35086276	0.68184242	0.68212262	0.35085249	0.35084222	60067	26415	0
60067	26419	0.00089367	0.05138471	0.48037459	0.05129734	0.48184814	0.68185088	0.68192960	0.35088355	0.35080162	0.68199230	0.68249724	0.35087903	0.35115989	60067	26418	0
60067	26979	0.00113349	0.05147784	0.48077500	0.05161231	0.48005554	0.68146747	0.68170955	0.35026274	0.35054336	0.68163765	0.68167364	0.35050753	0.35042750	60067	26977	0
60067	26982	0.00081861	0.05152832	0.48131699	0.05144698	0.48226161	0.68154356	0.68160790	0.35028706	0.35052865	0.68137774	0.68164250	0.35033702	0.35021492	60067	26980	0
60067	26985	0.00182967	0.05173757	0.48272457	0.05144284	0.47969139	0.68134282	0.68149220	0.35022568	0.35031385	0.68131365	0.68135769	0.35034960	0.35014236	60067	26984	0
60067	26988	0.00033525	0.05146716	0.47931483	0.05150867	0.48379811	0.68130411	0.68137330	0.35023037	0.35019585	0.68088348	0.68084083	0.35000168	0.34996528	60067	26987	0
60067	26992	0.00070093	0.05158371	0.48104540	0.05159521	0.47994837	0.68123509	0.68143173	0.34993800	0.35009487	0.68113049	0.68121348	0.35001697	0.35014302	60067	26990	0
60067	27551	0.00089131	0.05130482	0.48134842	0.05106221	0.48077728	0.68131619	0.68155112	0.35031418	0.35042725	0.68157939	0.68177077	0.35054056	0.35043990	60067	27549	0
60067	27554	0.00074185	0.05121429	0.47991892	0.05122869	0.48036727	0.68142951	0.68181949	0.35047031	0.35040473	0.68143904	0.68153830	0.35041090	0.35036858	60067	27552	0
60067	27557	0.00249344	0.05129997	0.48179586	0.05136918	0.47654110	0.68139335	0.68161431	0.35037400	0.35043530	0.68160125	0.68167906	0.35048321	0.35037022	60067	27556	0
60067	27560	0.00135932	0.05119712	0.47778357	0.05134444	0.48118593	0.68135399	0.68139171	0.35041903	0.35038633	0.68160305	0.68140675	0.35036283	0.35032914	60067	27559	0
60067	27564	0.00133433	0.05109481	0.48038846	0.05124512	0.48046343	0.68143822	0.68149656	0.35025822	0.35027137	0.68169681	0.68139368	0.35048436	0.35025995	60067	27562	0
60067	28123	0.00076747	0.05138208	0.47982230	0.05120334	0.48152287	0.68194834	0.68186551	0.35048806	0.35047170	0.68180289	0.68203117	0.35052553	0.35056604	60067	28121	0
60067	28126	0.00155117	0.05146751	0.48174039	0.05145416	0.47938930	0.68197020	0.68185688	0.35056242	0.35051098	0.68167693	0.68178630	0.35050400	0.35053473	60067	28124	0
60067	28129	0.00058252	0.05147566	0.47899221	0.05151939	0.48189818	0.68171185	0.68187315	0.35049586	0.35046883	0.68164463	0.68197784	0.35041040	0.35063942	60067	28128	0
60067	28132	0.00103207	0.05123680	0.48216848	0.05153799	0.48081982	0.68163305	0.68166953	0.35046628	0.35043423	0.68184037	0.68179468	0.35052594	0.35051320	60067	28131	0
60067	28136	0.00071911	0.05132112	0.47925008	0.05147745	0.48018896	0.68150379	0.68176501	0.35045174	0.35042667	0.68156936	0.68151373	0.35049816	0.35042684	60067	28134	0
60067	28695	0.00023548	0.05161685	0.48005506	0.05131558	0.48150596	0.68278033	0.68272560	0.35150748	0.35157256	0.68278517	0.68284943	0.35165267	0.35168135	60067	28693	0
60067	28698	0.00081700	0.05160218	0.48130672	0.05143669	0.47956214	0.68292100	0.68288148	0.35151347	0.35154873	0.68264951	0.68254047	0.35157173	0.35139745	60067	28696	0
60067	28701	0.00113610	0.05173245	0.48228383	0.05154760	0.48132652	0.68293119	0.68289841	0.35161175	0.35158833	0.68264524	0.68280227	0.35139942	0.35147379	60067	28700	0
60067	28704	0.00008413	0.05153409	0.48026868	0.05131893	0.48342459	0.68274680	0.68258172	0.35153747	0.35136064	0.68270982	0.68278920	0.35146836	0.35143533	60067	28703	0
60067	28708	0.00079058	0.05160324	0.48301447	0.05132972	0.48089514	0.68267950	0.68286283	0.35151520	0.35136433	0.68293629	0.68318518	0.35156097	0.35166582	60067	28706	0
60067	29267	0.00174486	0.05108456	0.48298341	0.05126204	0.48012056	0.68252896	0.68259634	0.35137354	0.35134634	0.68247457	0.68235492	0.35133902	0.35119079	60067	29265	0
60067	29270	0.00020926	0.05119183	0.47720768	0.05118314	0.48181451	0.68238574	0.68258311	0.35130854	0.35136631	0.68226363	0.68267194	0.35113294	0.35137041	60067	29269	0
60067	29274	0.00178571	0.05113639	0.48435419	0.05100005	0.47962482	0.68238574	0.68233882	0.35114428	0.35098823	0.68233142	0.68237719	0.35121100	0.35109941	60067	29272	0
60067	29277	0.00209695	0.05127760	0.48152633	0.05124423	0.48059262	0.68226856	0.68247908	0.35119859	0.35120673	0.68227481	0.68219954	0.35107238	0.35106161	60067	29275	0
60067	29280	0.00129733	0.05130834	0.48043253	0.05120118	0.48283138	0.68253529	0.68242271	0.35123023	0.35117164	0.68247046	0.68259601	0.35115669	0.35120402	60067	29278	0
60067	29839	0.00126103	0.05143145	0.48019610	0.05162114	0.48030501	0.68328395	0.68327837	0.35213001	0.35200650	0.68335421	0.68335101	0.35199089	0.35201094	60067	29838	0
60067	29842	0.00099704	0.05142162	0.47896841	0.05147603	0.47976038	0.68328798	0.68327639	0.35199812	0.35197429	0.68346383	0.68337574	0.35215277	0.35204866	60067	29841	0
60067	29846	0.00121388	0.05154837	0.48107379	0.05157038	0.48042326	0.68349530	0.68310507	0.35204365	0.35200067	0.68347928	0.68356967	0.35211900	0.35206838	60067	29844	0
60067	29849	0.00154537	0.05161897	0.47974241	0.05155650	0.47874796	0.68344805	0.68343252	0.35202885	0.35206238	0.68321772	0.68342636	0.35214455	0.35209582	60067	29847	0
60067	29852	0.00084195	0.05148511	0.47893239	0.05158840	0.48104264	0.68330688	0.68338922	0.35191916	0.35190223	0.68325199	0.68325084	0.35196690	0.35187372	60067	29851	0
60067	30411	0.00113593	0.05134435	0.47988881	0.05135021	0.47900688	0.68159952	0.68174998	0.35023275	0.35040169	0.68184209	0.68178654	0.35029512	0.35020711	60067	30410	0
60067	30414	0.00012833	0.05126424	0.47926030	0.05123258	0.48228307	0.68157890	0.68165901	0.35027761	0.35020695	0.68148037	0.68151554	0.35017991	0.35016011	60067	30413	0
60067	30418	0.00134709	0.05104559	0.48114124	0.05130596	0.47748497	0.68151439	0.68161891	0.35008468	0.35016266	0.68180725	0.68180906	0.35020703	0.35021697	60067	30416	0
60067	30421	0.00219382	0.05129122	0.48183569	0.05118534	0.47929550	0.68157503	0.68183059	0.35014277	0.35031829	0.68161144	0.68168284	0.35021303	0.35027605	60067	30419	0
60067	30424	-0.00014847	0.05132753	0.47685327	0.05117928	0.48388014	0.68156706	0.68168038	0.35023267	0.35014787	0.68132934	0.68156723	0.34997703	0.35003200	60067	30423	0
60067	30983	0.00041738	0.05154253	0.48342807	0.05129303	0.48173053	0.68334945	0.68333663	0.35203691	0.35202853	0.68315527	0.68295363	0.35200996	0.35180157	60067	30981	0
60067	30986	0.00107484	0.05143492	0.48151394	0.05159468	0.47954156	0.68340943	0.68357394	0.35196517	0.35203658	0.68343211	0.68335996	0.35204570	0.35195679	60067	30985	0
60067	30990	0.00208541	0.05143028	0.48140018	0.05155534	0.47836846	0.68326275	0.68349111	0.35195564	0.35189697	0.68318781	0.68353984	0.35187051	0.35208276	60067	30988	0
60067	30993	0.00107088	0.05149614	0.47896103	0.05175660	0.48200460	0.68324977	0.68347550	0.35200051	0.35197717	0.68337245	0.68344805	0.35191398	0.35204143	60067	30991	0
60067	30996	0.00071837	0.05161630	0.47996235	0.05184703	0.48101989	0.68329571	0.68361543	0.35196788	0.35200445	0.68366219	0.68363146	0.35199262	0.35213601	60067	30995	0
60067	31556	0.00104842	0.05163619	0.48114417	0.05158084	0.48015402	0.68236610	0.68254975	0.35186969	0.35194011	0.68192237	0.68229313	0.35167346	0.35189886	60067	31554	0
60067	31559	0.00201885	0.05165920	0.48205342	0.05181158	0.47914215	0.68225780	0.68247251	0.35185818	0.35196953	0.68285740	0.68275945	0.35216888	0.35208301	60067	31557	0
60067	31562	0.00061776	0.05185464	0.47744317	0.05153846	0.48164642	0.68228113	0.68252033	0.35179754	0.35198136	0.68214621	0.68244424	0.35182680	0.35192129	60067	31560	0
60067	31565	0.00156401	0.05194584	0.48255019	0.05174948	0.47971146	0.68214900	0.68232353	0.35177190	0.35183460	0.68229814	0.68222706	0.35180979	0.35176640	60067	31564	0
60067	31569	0.00101264	0.05164951	0.47992776	0.05166951	0.48158187	0.68204062	0.68225739	0.35178522	0.35179688	0.68233463	0.68233635	0.35191842	0.35194126	60067	31567	0
60067	32128	0.00104019	0.05184207	0.48097832	0.05161681	0.48089566	0.68101142	0.68115916	0.35112628	0.35130624	0.68089474	0.68091027	0.35122637	0.35109629	60067	32126	0
60067	32131	0.00133357	0.05170719	0.47993951	0.05189284	0.47905938	0.68104716	0.68128743	0.35106383	0.35132563	0.68112145	0.68113648	0.35122760	0.35127740	60067	32129	0
60067	32134	0.00170599	0.05172698	0.48179757	0.05169817	0.48068031	0.68095710	0.68079539	0.35107419	0.35118750	0.68094544	0.68108488	0.35117805	0.35123146	60067	32132	0
60067	32137	0.00116760	0.05196721	0.48087925	0.05151727	0.48249442	0.68104429	0.68126262	0.35123458	0.35116047	0.68111463	0.68127650	0.35119958	0.35128791	60067	32136	0
60067	32141	0.00044657	0.05181606	0.48033044	0.05165249	0.48249353	0.68104897	0.68098751	0.35120410	0.35117419	0.68096918	0.68093886	0.35112341	0.35115348	60067	32139	0
60067	32700	0.00110729	0.05127977	0.48238039	0.05119690	0.48039822	0.68092087	0.68112054	0.35142950	0.35147091	0.68112194	0.68115358	0.35150641	0.35148159	60067	32698	0
60067	32703	0.00069426	0.05112962	0.47790309	0.05133734	0.47914219	0.68103426	0.68097526	0.35151274	0.35146171	0.68086228	0.68093360	0.35146228	0.35141668	60067	32701	0
60067	32706	0.00033533	0.05121977	0.47974960	0.05127835	0.48082639	0.68096483	0.68114569	0.35155029	0.35148578	0.68083795	0.68108028	0.35131996	0.35143829	60067	32705	0
60067	32709	0.00101239	0.05125064	0.48179585	0.05082737	0.47976467	0.68096236	0.68131052	0.35137534	0.35154207	0.68110896	0.68103352	0.35151652	0.35133023	60067	32708	0
60067	32713	-0.00013163	0.05133046	0.47801916	0.05113681	0.48145123	0.68105941	0.68098800	0.35146097	0.35135603	0.68098340	0.68116237	0.35139219	0.35145563	60067	32711	0
60067	33272	0.00095632	0.05152273	0.48347966	0.05157759	0.48021579	0.68028823	0.68016702	0.35051065	0.35034738	0.68009669	0.68042677	0.35030079	0.35042988	60067	33270	0
60067	33275	0.00079695	0.05164495	0.48061102	0.05160484	0.48108912	0.68021345	0.68031863	0.35035921	0.35044779	0.68019841	0.68026012	0.35036381	0.35028148	60067	33273	0
60067	33278	0.00051140	0.05171528	0.48010793	0.05146222	0.48096457	0.68028461	0.68033145	0.35036751	0.35043711	0.68018395	0.68023325	0.35038493	0.35036694	60067	33277	0
60067	33281	0.00102933	0.05143199	0.48110619	0.05151093	0.47955242	0.68005872	0.68036580	0.35038871	0.35048411	0.68051888	0.68025807	0.35073449	0.35045494	60067	33280	0
60067	33285	0.00125099	0.05129561	0.48034992	0.05141088	0.47968493	0.67998756	0.68017951	0.35033522	0.35028534	0.68020942	0.68041872	0.35037540	0.35048756	60067	33283	0
60067	33844	0.00159801	0.05153987	0.48030441	0.05155605	0.47926335	0.68059875	0.68039998	0.35039931	0.35033941	0.68036892	0.68049818	0.35033670	0.35038690	60067	33842	0
60067	33847	0.00155298	0.05147111	0.48028323	0.05150121	0.48041832	0.68020827	0.68054986	0.35027326	0.35045568	0.68032997	0.68060640	0.35031484	0.35042314	60067	33845	0
60067	33850	0.00114097	0.05144746	0.48094400	0.05157159	0.48218004	0.68056424	0.68062940	0.35047433	0.35038592	0.68040820	0.68053581	0.35036776	0.35048600	60067	33849	0
60067	33853	0.00120265	0.05074433	0.48037646	0.05141188	0.48019144	0.68048248	0.68057032	0.35038510	0.35035091	0.68048018	0.68057517	0.35041459	0.35028559	60067	33852	0
60067	33857	0.00059482	0.05142526	0.47945176	0.05153601	0.48127522	0.68051880	0.68039349	0.35043243	0.35027507	0.68045808	0.68056819	0.35040169	0.35029010	60067	33855	0
60067	34416	0.00030390	0.05079826	0.47983987	0.05088209	0.48071266	0.67948360	0.67972609	0.34974424	0.34972312	0.67957457	0.67983604	0.34968138	0.34968245	60067	34414	0
60067	34419	0.00083421	0.05076762	0.48176964	0.05084511	0.48017870	0.67958393	0.67969922	0.34949173	0.34962476	0.67936478	0.67982708	0.34976207	0.34969255	60067	34417	0
60067	34422	0.00138136	0.05083822	0.48175979	0.05090692	0.48011834	0.67943824	0.67971122	0.34959765	0.34964580	0.67972034	0.67976077	0.34961087	0.34957833	60067	34421	0
60067	34425	0.00014547	0.05095682	0.47826413	0.05075019	0.48197180	0.67920537	0.67957260	0.34935351	0.34950150	0.67929124	0.67941704	0.34953536	0.34959198	60067	34424	0
60067	34429	0.00056115	0.05091799	0.48221531	0.05072945	0.48096828	0.67953102	0.67977885	0.34956059	0.34974227	0.67943956	0.67958640	0.34958187	0.34958483	60067	34427	0
60067	34988	0.00100285	0.05092048	0.48087134	0.05104455	0.47954622	0.68076211	0.68076696	0.35073638	0.35087738	0.68070426	0.68082834	0.35075577	0.35076062	60067	34986	0
60067	34991	0.00062243	0.05081432	0.47965378	0.05102322	0.48079506	0.68060590	0.68074321	0.35081962	0.35075725	0.68066630	0.68085776	0.35073268	0.35069307	60067	34989	0
60067	34994	0.00049383	0.05078260	0.47889509	0.05082846	0.47928088	0.68039070	0.68071724	0.35056776	0.35061279	0.68036884	0.68041033	0.35053194	0.35057245	60067	34993	0
60067	34998	0.00100050	0.05087203	0.48042996	0.05086770	0.47890994	0.68042989	0.68052217	0.35044631	0.35049710	0.68066186	0.68069079	0.35066242	0.35064139	60067	34996	0
60067	35001	0.00016685	0.05058732	0.47967248	0.05096126	0.48217343	0.68066285	0.68077986	0.35090894	0.35078921	0.68065972	0.68078964	0.35075602	0.35075552	60067	34999	0
60067	35560	0.00160477	0.05058875	0.48328817	0.05099695	0.47897442	0.68095045	0.68102489	0.35090573	0.35086038	0.68162590	0.68125908	0.35121807	0.35081682	60067	35558	0
60067	35563	0.00150594	0.05060570	0.48079769	0.05080342	0.48109417	0.68128850	0.68124898	0.35107057	0.35099358	0.68089416	0.68104199	0.35094090	0.35102431	60067	35561	0
60067	35566	0.00117401	0.05082060	0.48025098	0.05086817	0.48124676	0.68070130	0.68105160	0.35064846	0.35097870	0.68084256	0.68111750	0.35089604	0.35094312	60067	35565	0
60067	35570	0.00124249	0.05103911	0.48073764	0.05083357	0.48053221	0.68096606	0.68109975	0.35089439	0.35082693	0.68121750	0.68113500	0.35101584	0.35092020	60067	35568	0
60067	35573	0.00125400	0.05092550	0.48129023	0.05085785	0.48125568	0.68117847	0.68132918	0.35093047	0.35098462	0.68099457	0.68109302	0.35094978	0.35096087	60067	35571	0
60067	36132	0.00068925	0.05098939	0.47979596	0.05055547	0.48149023	0.68120058	0.68171826	0.35101239	0.35115447	0.68145523	0.68142285	0.35110590	0.35114674	60067	36130	0
60067	36135	0.00110538	0.05111802	0.48133980	0.05119802	0.48009140	0.68170380	0.68172409	0.35126680	0.35124880	0.68164389	0.68185540	0.35112949	0.35132958	60067	36133	0
60067	36138	0.00098241	0.05114910	0.47911973	0.05119721	0.47948863	0.68168038	0.68160856	0.35121963	0.35115176	0.68159977	0.68184546	0.35121478	0.35137132	60067	36137	0
60067	36142	0.00064479	0.05118539	0.47962176	0.05110431	0.48063464	0.68160305	0.68155244	0.35113565	0.35125858	0.68151078	0.68166214	0.35117624	0.35118988	60067	36140	0
60067	36145	0.00081085	0.05130971	0.48196577	0.05106015	0.48146758	0.68149089	0.68177570	0.35111535	0.35129736	0.68162524	0.68177578	0.35141134	0.35125751	60067	36143	0
60067	36704	0.00088045	0.05100879	0.48020141	0.05096141	0.47999261	0.68179238	0.68185392	0.35141454	0.35148340	0.68187397	0.68171201	0.35159310	0.35131363	60067	36702	0
60067	36707	0.00156325	0.05106397	0.48086555	0.05131691	0.47881716	0.68168572	0.68177537	0.35128512	0.35121864	0.68174472	0.68187011	0.35148398	0.35136146	60067	36706	0
60067	36710	0.00048458	0.05095288	0.48055674	0.05080701	0.48379276	0.68187940	0.68236174	0.35128101	0.35162531	0.68177594	0.68185351	0.35133985	0.35134461	60067	36709	0
60067	36714	0.00174608	0.05101852	0.48200261	0.05072766	0.47821810	0.68198310	0.68193240	0.35134083	0.35136540	0.68162943	0.68169747	0.35124617	0.35132103	60067	36712	0
60067	36717	0.00124109	0.05086227	0.47876500	0.05100259	0.48027998	0.68161078	0.68192969	0.35133245	0.35154051	0.68203963	0.68178235	0.35145678	0.35140271	60067	36715	0
60067	37276	0.00137758	0.05115092	0.47974461	0.05110736	0.47933513	0.68109334	0.68130362	0.35076859	0.35077426	0.68105193	0.68133871	0.35077138	0.35093285	60067	37274	0
60067	37279	0.00125806	0.05114522	0.48035142	0.05113793	0.48070998	0.68137569	0.68134775	0.35075972	0.35074131	0.68127355	0.68144783	0.35081354	0.35083170	60067	37278	0
60067	37282	0.00041587	0.05113224	0.47917475	0.05113219	0.48170132	0.68112547	0.68150880	0.35083983	0.35084517	0.68143255	0.68141940	0.35091329	0.35083638	60067	37281	0
60067	37286	0.00136142	0.05093870	0.48330696	0.05123302	0.48047033	0.68137133	0.68147117	0.35092874	0.35088108	0.68150749	0.68152778	0.35097279	0.35099826	60067	37284	0
60067	37289	0.00106969	0.05119628	0.47930506	0.05118121	0.48018023	0.68153855	0.68178523	0.35102242	0.35105742	0.68122884	0.68134208	0.35086268	0.35070146	60067	37287	0
60067	37848	0.00077685	0.05108202	0.48021528	0.05118228	0.48109383	0.68294557	0.68311805	0.35223346	0.35225096	0.68281369	0.68294508	0.35205770	0.35222434	60067	37846	0
60067	37851	0.00041732	0.05120734	0.48084489	0.05116158	0.48192345	0.68309061	0.68314139	0.35237250	0.35221588	0.68286085	0.68312520	0.35230766	0.35223954	60067	37849	0
60067	37854	0.00115842	0.05123852	0.48096685	0.05126069	0.47874356	0.68270875	0.68268065	0.35202195	0.35191275	0.68310745	0.68284261	0.35231144	0.35207701	60067	37853	0
60067	37858	0.00103170	0.05126532	0.47996513	0.05120798	0.48034531	0.68269109	0.68289627	0.35204603	0.35216723	0.68276274	0.68277153	0.35205614	0.35208457	60067	37856	0
60067	37861	0.00112025	0.05097150	0.48096029	0.05134466	0.48069463	0.68271944	0.68269618	0.35226304	0.35191792	0.68234917	0.68263348	0.35190593	0.35191677	60067	37859	0
60067	38420	0.00123309	0.05154055	0.48125656	0.05134997	0.48091803	0.68213857	0.68255222	0.35130690	0.35130221	0.68215993	0.68236996	0.35109571	0.35137280	60067	38418	0
60067	38423	0.00100820	0.05121000	0.47999403	0.05166250	0.48066872	0.68178260	0.68214678	0.35099694	0.35102546	0.68194883	0.68199123	0.35096104	0.35111790	60067	38422	0
60067	38426	0.00068506	0.05161058	0.47930207	0.05176082	0.48027148	0.68197702	0.68207061	0.35101510	0.35098404	0.68195565	0.68202936	0.35095627	0.35107829	60067	38425	0
60067	38430	0.00045149	0.05138940	0.47945590	0.05166834	0.48015661	0.68169747	0.68207932	0.35087508	0.35097722	0.68182903	0.68210134	0.35088536	0.35092792	60067	38428	0
60067	38433	0.00094438	0.05155288	0.48043906	0.05155285	0.47896039	0.68167446	0.68174874	0.35085101	0.35078675	0.68191144	0.68191177	0.35083737	0.35086268	60067	38431	0
60067	38992	0.00081950	0.05152104	0.48052123	0.05123022	0.48089585	0.68163518	0.68165112	0.35085142	0.35079521	0.68172196	0.68183141	0.35078576	0.35092504	60067	38990	0
60067	38995	0.00129350	0.05118291	0.48079799	0.05131910	0.47937601	0.68149541	0.68171793	0.35062898	0.35077056	0.68154562	0.68169788	0.35062093	0.35069636	60067	38994	0
60067	38998	0.00022285	0.05146973	0.47756590	0.05144295	0.48077784	0.68163987	0.68169706	0.35078552	0.35079390	0.68158128	0.68148867	0.35071682	0.35064098	60067	38997	0
60067	39002	0.00090102	0.05137130	0.48159096	0.05116668	0.47955646	0.68145169	0.68141209	0.35066530	0.35045437	0.68120617	0.68154677	0.35042667	0.35059595	60067	39000	0
60067	39005	0.00142950	0.05151804	0.48229540	0.05144739	0.48070995	0.68143419	0.68151513	0.35046168	0.35057820	0.68149787	0.68143156	0.35053982	0.35041944	60067	39003	0
60067	39564	0.00023654	0.05158479	0.47819173	0.05160882	0.48177061	0.68214982	0.68229149	0.35123869	0.35133672	0.68218705	0.68222312	0.35133229	0.35132169	60067	39562	0
60067	39567	0.00146438	0.05160316	0.48057544	0.05166345	0.47689192	0.68222353	0.68232740	0.35136162	0.35132432	0.68186321	0.68213651	0.35122308	0.35111905	60067	39566	0
60067	39570	0.00136002	0.05157931	0.47899540	0.05165035	0.47930846	0.68228442	0.68204489	0.35136778	0.35123631	0.68229716	0.68250620	0.35141380	0.35144314	60067	39569	0
60067	39574	0.00002796	0.05165166	0.47757833	0.05138561	0.48157453	0.68229420	0.68242337	0.35151676	0.35145932	0.68258862	0.68255082	0.35159606	0.35164446	60067	39572	0
60067	39577	0.00080361	0.05170236	0.48259469	0.05158915	0.48026772	0.68243792	0.68244301	0.35144494	0.35148702	0.68230291	0.68240546	0.35149622	0.35149926	60067	39575	0
60067	40136	0.00154010	0.05134265	0.48256250	0.05147208	0.48035305	0.68304138	0.68317853	0.35200042	0.35198013	0.68303949	0.68312314	0.35192441	0.35213305	60067	40134	0
60067	40139	0.00128170	0.05149640	0.48077519	0.05128101	0.48155037	0.68294746	0.68305363	0.35192778	0.35204849	0.68281434	0.68306291	0.35192170	0.35208210	60067	40138	0
60067	40142	0.00034522	0.05153770	0.47982140	0.05107083	0.48263084	0.68287137	0.68303136	0.35188193	0.35178826	0.68276857	0.68289175	0.35184800	0.35189319	60067	40141	0
60067	40146	0.00085061	0.05151289	0.48141498	0.05144053	0.47989881	0.68288172	0.68276956	0.35187610	0.35172975	0.68309554	0.68285338	0.35172770	0.35169179	60067	40144	0
60067	40149	-0.00042511	0.05145014	0.47841099	0.05144534	0.48223815	0.68293218	0.68285149	0.35182408	0.35180091	0.68271023	0.68285124	0.35159893	0.35173789	60067	40147	0
60067	40708	0.00091343	0.05177526	0.48227419	0.05171363	0.47825859	0.68251960	0.68271204	0.35102636	0.35118849	0.68258673	0.68252140	0.35099990	0.35113894	60067	40706	0
60067	40711	0.00117761	0.05187123	0.48127289	0.05175868	0.48048035	0.68258385	0.68242625	0.35092652	0.35095865	0.68246520	0.68253118	0.35105463	0.35102036	60067	40709	0
60067	40714	0.00112940	0.05155252	0.47898314	0.05095370	0.47912777	0.68246840	0.68258147	0.35107558	0.35103376	0.68244515	0.68253660	0.35105553	0.35101083	60067	40713	0
60067	40718	0.00032149	0.05164126	0.47806569	0.05167182	0.48048943	0.68271475	0.68271886	0.35126466	0.35125291	0.68256939	0.68253480	0.35116753	0.35108429	60067	40716	0
60067	40721	0.00118329	0.05182045	0.48126669	0.05163264	0.47868126	0.68254145	0.68251590	0.35100738	0.35112628	0.68277597	0.68272050	0.35115858	0.35120270	60067	40719	0
60067	41280	-0.00047223	0.05177130	0.47695047	0.05170512	0.48191705	0.68350196	0.68355685	0.35238942	0.35228260	0.68369909	0.68376844	0.35244127	0.35231629	60067	41278	0
60067	41283	0.00166526	0.05149760	0.48305565	0.05143219	0.47664318	0.68382193	0.68372694	0.35220487	0.35216797	0.68355027	0.68369950	0.35220372	0.35221045	60067	41281	0
60067	41286	0.00008908	0.05154922	0.47766436	0.05151889	0.48239292	0.68316160	0.68367616	0.35217455	0.35207487	0.68285050	0.68327549	0.35184405	0.35198095	60067	41285	0
60067	41290	0.00136793	0.05151007	0.48349851	0.05154163	0.47966195	0.68331156	0.68341411	0.35200782	0.35198341	0.68338199	0.68336522	0.35202162	0.35209229	60067	41288	0
60067	41293	0.00116504	0.05169358	0.48060433	0.05165881	0.48121300	0.68328683	0.68354132	0.35193206	0.35210684	0.68344920	0.68338609	0.35196616	0.35200889	60067	41291	0
60067	41852	0.00087460	0.05200721	0.48143470	0.05170141	0.48230603	0.68411594	0.68436755	0.35245754	0.35266955	0.68443855	0.68433189	0.35266568	0.35252994	60067	41850	0
60067	41855	0.00044447	0.05168416	0.48044305	0.05189093	0.48173343	0.68432499	0.68436656	0.35262131	0.35260800	0.68436550	0.68428308	0.35274482	0.35264153	60067	41853	0
60067	41858	0.00103024	0.05178802	0.48202374	0.05188558	0.48026643	0.68409252	0.68441932	0.35244021	0.35253248	0.68386187	0.68384445	0.35234308	0.35235614	60067	41857	0
60067	41862	0.00049907	0.05190141	0.47929959	0.05186752	0.48089311	0.68456772	0.68451152	0.35270726	0.35265311	0.68433008	0.68429688	0.35253174	0.35254925	60067	41860	0
60067	41865	0.00140557	0.05190821	0.48290879	0.05176661	0.48018927	0.68412901	0.68428012	0.35243889	0.35262723	0.68420337	0.68437766	0.35255952	0.35259198	60067	41863	0
60067	42424	0.00081420	0.05172487	0.48045085	0.05148540	0.48222496	0.68425785	0.68454759	0.35258713	0.35267292	0.68420962	0.68397551	0.35220076	0.35234817	60067	42422	0
60067	42427	0.00061156	0.05168219	0.47900980	0.05161541	0.47961772	0.68442606	0.68445219	0.35244168	0.35242804	0.68415284	0.68430798	0.35234398	0.35245409	60067	42425	0
60067	42430	0.00092687	0.05175842	0.48075751	0.05185225	0.47981158	0.68450182	0.68460946	0.35251630	0.35269937	0.68441390	0.68432219	0.35259140	0.35246855	60067	42429	0
60067	42434	0.00222702	0.05167747	0.48319617	0.05179738	0.47929571	0.68440280	0.68458169	0.35246699	0.35258902	0.68464513	0.68479410	0.35276355	0.35265911	60067	42432	0
60067	42437	0.00138411	0.05118203	0.47895733	0.05155157	0.48148608	0.68454800	0.68452047	0.35276848	0.35266108	0.68484998	0.68489246	0.35267366	0.35272501	60067	42435	0
60067	42996	0.00225049	0.05171977	0.48164264	0.05186429	0.47904348	0.68494933	0.68501835	0.35278179	0.35284572	0.68481933	0.68501769	0.35274293	0.35281113	60067	42994	0
60067	42999	0.00074150	0.05181658	0.47778950	0.05190249	0.48231648	0.68489690	0.68514522	0.35274490	0.35283159	0.68496264	0.68503470	0.35280833	0.35282641	60067	42997	0
60067	43002	0.00137052	0.05187290	0.48188812	0.05182184	0.48000108	0.68511276	0.68523610	0.35302050	0.35292181	0.68479583	0.68496338	0.35272419	0.35269757	60067	43001	0
60067	43006	0.00152877	0.05168012	0.48033502	0.05163528	0.47986026	0.68482081	0.68496979	0.35266897	0.35267809	0.68489402	0.68503183	0.35274054	0.35276363	60067	43004	0
60067	43009	0.00130138	0.05158920	0.48065534	0.05181091	0.48133753	0.68478548	0.68480758	0.35270274	0.35265484	0.68489148	0.68499912	0.35279839	0.35284482	60067	43007	0
60067	43568	0.00149166	0.05183787	0.47925456	0.05158977	0.47868371	0.68404010	0.68410887	0.35141281	0.35136064	0.68396376	0.68404659	0.35135193	0.35136409	60067	43566	0
60067	43571	0.00096377	0.05173966	0.47902025	0.05139156	0.48060390	0.68410649	0.68429705	0.35143475	0.35137009	0.68412260	0.68424898	0.35150041	0.35155160	60067	43569	0
60067	43574	0.00130919	0.05182113	0.48217236	0.05163483	0.48113610	0.68397362	0.68405702	0.35140731	0.35130837	0.68401660	0.68398200	0.35137847	0.35150197	60067	43573	0
60067	43578	0.00062380	0.05155958	0.48034282	0.05173550	0.48239898	0.68394330	0.68403747	0.35136014	0.35138586	0.68391898	0.68432219	0.35143254	0.35146516	60067	43576	0
60067	43581	0.00081939	0.05169066	0.48095004	0.05176202	0.48036328	0.68389646	0.68399745	0.35149737	0.35129876	0.68398997	0.68398660	0.35140172	0.35145226	60067	43579	0
60067	44140	0.00082996	0.05195859	0.48094851	0.05177661	0.48091682	0.68455203	0.68484866	0.35165103	0.35170937	0.68461678	0.68475433	0.35159178	0.35161520	60067	44138	0
60067	44143	0.00045383	0.05183665	0.48026717	0.05170218	0.48139555	0.68455926	0.68452327	0.35159121	0.35150386	0.68419244	0.68436903	0.35141758	0.35154051	60067	44141	0
60067	44146	0.00145350	0.05182201	0.48117284	0.05177818	0.47817384	0.68428826	0.68430551	0.35141725	0.35142859	0.68430461	0.68432022	0.35142029	0.35132547	60067	44145	0
60067	44150	0.00093539	0.05168870	0.48026071	0.05192834	0.48181505	0.68429984	0.68448653	0.35151200	0.35143771	0.68412021	0.68430017	0.35135045	0.35132128	60067	44148	0
60067	44153	0.00033099	0.05181029	0.47821623	0.05191116	0.48002941	0.68404338	0.68444142	0.35132103	0.35136754	0.68392892	0.68419622	0.35133253	0.35121429	60067	44151	0
60067	44712	0.00104785	0.05205336	0.48219036	0.05193629	0.48003980	0.68615248	0.68613416	0.35287555	0.35277103	0.68632299	0.68623013	0.35274983	0.35270242	60067	44710	0
60067	44715	0.00128196	0.05209856	0.47860568	0.05223136	0.47790336	0.68615092	0.68639349	0.35284712	0.35280891	0.68620729	0.68622077	0.35282707	0.35268121	60067	44713	0
60067	44718	0.00175159	0.05205783	0.47993045	0.05227717	0.47852153	0.68591205	0.68624566	0.35255985	0.35274547	0.68637040	0.68643934	0.35275837	0.35283759	60067	44717	0
60067	44722	0.00120944	0.05191595	0.48031137	0.05239581	0.48193783	0.68625347	0.68623391	0.35263413	0.35275591	0.68607623	0.68624928	0.35263528	0.35251761	60067	44720	0
60067	44725	0.00160343	0.05204763	0.48083750	0.05215894	0.47965553	0.68613670	0.68623745	0.35272419	0.35254046	0.68594344	0.68601838	0.35249616	0.35240997	60067	44723	0
60067	45284	0.00157224	0.05177175	0.47869940	0.05171015	0.47879299	0.68600087	0.68618995	0.35245754	0.35255352	0.68566151	0.68574672	0.35236157	0.35222557	60067	45282	0
60067	45287	0.00049832	0.05187773	0.47973992	0.05191502	0.48296165	0.68589216	0.68595379	0.35230495	0.35230544	0.68587597	0.68608724	0.35228079	0.35225088	60067	45286	0
60067	45290	-0.00002722	0.05171747	0.48038672	0.05180349	0.48196334	0.68597943	0.68606423	0.35231843	0.35205877	0.68538730	0.68558270	0.35206074	0.35204628	60067	45289	0
60067	45294	0.00072362	0.05198903	0.48217493	0.05187539	0.47992243	0.68588255	0.68587343	0.35211916	0.35205688	0.68577548	0.68580259	0.35212089	0.35205342	60067	45292	0
60067	45297	0.00068527	0.05187252	0.47961812	0.05190229	0.47973317	0.68556520	0.68617976	0.35200486	0.35229986	0.68566471	0.68563611	0.35194792	0.35201546	60067	45295	0
60067	45856	-0.00012744	0.05199476	0.47839039	0.05180998	0.48082852	0.68560481	0.68581517	0.35171800	0.35177766	0.68559643	0.68631313	0.35180609	0.35214242	60067	45854	0
60067	45859	0.00126091	0.05178987	0.48207357	0.05172303	0.47790851	0.68592445	0.68601451	0.35196361	0.35208728	0.68608206	0.68603251	0.35223231	0.35198350	60067	45858	0
60067	45862	0.00138910	0.05169889	0.48052542	0.05173268	0.48014086	0.68609529	0.68603859	0.35222426	0.35208054	0.68590235	0.68574581	0.35223124	0.35193649	60067	45861	0
60067	45866	0.00187573	0.05176151	0.48254863	0.05162489	0.48108873	0.68581944	0.68579569	0.35216493	0.35207824	0.68561335	0.68599981	0.35218350	0.35214250	60067	45864	0
60067	45869	0.00085564	0.05077462	0.47940942	0.05166508	0.48246968	0.68583530	0.68607376	0.35210486	0.35224201	0.68597614	0.68616136	0.35223609	0.35229279	60067	45867	0
60067	46428	0.00087217	0.05172680	0.48152929	0.05178935	0.48147969	0.68683475	0.68682316	0.35268171	0.35265434	0.68643655	0.68681076	0.35257037	0.35253109	60067	46426	0
60067	46431	0.00120502	0.05163730	0.48046690	0.05182831	0.47946836	0.68659070	0.68692793	0.35250635	0.35263019	0.68654321	0.68665463	0.35258910	0.35244037	60067	46429	0
60067	46434	0.00095883	0.05192991	0.47889337	0.05180243	0.47963195	0.68684264	0.68688036	0.35251983	0.35256034	0.68660278	0.68679925	0.35223757	0.35241408	60067	46433	0
60067	46438	0.00129202	0.05175892	0.48058849	0.05185555	0.47958892	0.68640918	0.68669317	0.35233445	0.35244004	0.68646966	0.68670599	0.35237554	0.35228761	60067	46436	0
60067	46441	0.00162581	0.05190041	0.48098808	0.05183038	0.47998671	0.68672267	0.68686877	0.35226510	0.35247044	0.68671338	0.68676844	0.35243421	0.35230076	60067	46439	0
60067	47000	0.00184099	0.05176997	0.48069054	0.05173997	0.48004500	0.68731422	0.68737330	0.35305772	0.35288138	0.68733969	0.68747372	0.35292231	0.35303554	60067	46998	0
60067	47003	0.00121557	0.05139027	0.48122072	0.05152610	0.48309698	0.68721808	0.68737355	0.35296175	0.35296939	0.68753132	0.68724487	0.35309339	0.35291812	60067	47002	0
60067	47006	0.00017672	0.05178664	0.48110813	0.05164867	0.48422468	0.68726286	0.68735588	0.35288558	0.35285279	0.68719384	0.68736985	0.35287169	0.35276380	60067	47005	0
60067	47010	0.00156578	0.05142712	0.48221623	0.05175805	0.47804904	0.68713690	0.68770182	0.35265993	0.35285772	0.68730370	0.68728932	0.35263775	0.35266158	60067	47008	0
60067	47013	0.00193529	0.05154848	0.48028321	0.05165955	0.47917468	0.68717741	0.68721414	0.35266421	0.35269592	0.68715966	0.68704996	0.35245606	0.35257037	60067	47011	0
60067	47572	0.00147783	0.05201340	0.48043961	0.05204008	0.48181196	0.68669884	0.68664000	0.35199443	0.35199944	0.68680509	0.68673393	0.35211300	0.35199097	60067	47570	0
60067	47575	0.00146255	0.05196218	0.47953143	0.05189217	0.47957729	0.68677362	0.68679876	0.35208933	0.35202688	0.68665406	0.68672760	0.35200478	0.35209714	60067	47573	0
60067	47578	0.00026749	0.05196947	0.47910578	0.05178405	0.48269095	0.68679687	0.68680500	0.35212532	0.35201439	0.68681421	0.68675266	0.35217216	0.35220092	60067	47577	0
60067	47582	0.00105458	0.05209510	0.48162489	0.05192073	0.47926361	0.68679490	0.68680344	0.35218457	0.35231982	0.68681988	0.68726590	0.35218893	0.35243708	60067	47580	0
60067	47585	0.00088987	0.05161104	0.48146940	0.05174026	0.48196353	0.68671289	0.68705661	0.35231522	0.35242352	0.68682555	0.68705629	0.35231530	0.35219229	60067	47583	0
60067	48144	0.00106950	0.05184569	0.48052531	0.05180601	0.47998643	0.68707929	0.68721356	0.35242147	0.35250216	0.68723304	0.68730296	0.35273561	0.35265673	60067	48142	0
60067	48147	0.00100383	0.05167315	0.48063597	0.05163020	0.48083297	0.68725777	0.68740338	0.35257735	0.35263208	0.68704856	0.68724799	0.35257037	0.35262731	60067	48146	0
60067	48150	0.00119789	0.05138196	0.48111702	0.05181158	0.48053485	0.68723172	0.68745736	0.35276626	0.35267407	0.68704273	0.68700230	0.35253914	0.35247332	60067	48149	0
60067	48154	0.00082537	0.05159702	0.47982450	0.05174717	0.48094207	0.68702087	0.68724298	0.35261819	0.35257324	0.68713813	0.68722564	0.35258943	0.35267407	60067	48152	0
60067	48157	0.00099076	0.05148280	0.48168794	0.05185940	0.48119174	0.68727955	0.68743764	0.35273002	0.35277826	0.68713903	0.68717280	0.35250183	0.35259806	60067	48155	0
60067	48716	0.00165161	0.05200596	0.48187856	0.05194516	0.47989603	0.68777003	0.68789049	0.35303184	0.35308016	0.68769172	0.68793462	0.35297596	0.35301269	60067	48714	0
60067	48719	0.00172629	0.05220939	0.48220729	0.05178993	0.48198325	0.68776855	0.68792344	0.35303841	0.35308649	0.68797414	0.68804382	0.35310867	0.35314590	60067	48718	0
60067	48722	0.00070801	0.05152004	0.47869515	0.05176703	0.48174997	0.68786748	0.68805574	0.35304926	0.35315099	0.68798671	0.68796954	0.35323661	0.35309577	60067	48721	0
60067	48726	0.00157494	0.05183370	0.48189906	0.05165980	0.47929828	0.68805179	0.68814522	0.35328994	0.35309709	0.68808672	0.68805911	0.35322116	0.35326513	60067	48724	0
60067	48729	0.00105920	0.05150040	0.47987405	0.05163321	0.48142127	0.68806576	0.68815475	0.35321484	0.35339948	0.68793848	0.68823043	0.35317663	0.35325765	60067	48727	0
60067	49288	0.00041146	0.05215704	0.48007815	0.05193345	0.48202136	0.68787504	0.68832206	0.35284342	0.35299807	0.68801909	0.68827555	0.35288894	0.35294318	60067	49286	0
60067	49291	0.00096407	0.05213224	0.48243346	0.05199011	0.48077565	0.68805130	0.68797340	0.35297974	0.35282526	0.68784004	0.68770413	0.35275155	0.35258105	60067	49290	0
60067	49294	0.00200597	0.05215232	0.48237021	0.05210315	0.47924452	0.68770125	0.68804990	0.35285616	0.35288944	0.68807151	0.68807004	0.35298698	0.35284153	60067	49293	0
60067	49298	0.00111686	0.05198780	0.48003154	0.05197739	0.48269886	0.68802221	0.68796995	0.35293291	0.35282354	0.68794711	0.68796321	0.35294860	0.35287087	60067	49296	0
60067	49301	0.00029194	0.05195772	0.48037838	0.05199209	0.48285314	0.68794423	0.68852666	0.35291187	0.35314302	0.68807940	0.68815073	0.35290078	0.35296150	60067	49299	0
60067	49860	0.00065068	0.05182586	0.48099368	0.05197990	0.47991747	0.68853422	0.68868287	0.35311188	0.35317244	0.68862740	0.68883587	0.35316964	0.35340728	60067	49858	0
60067	49863	0.00100189	0.05214336	0.48146007	0.05217205	0.48040644	0.68851384	0.68853915	0.35326899	0.35319906	0.68847366	0.68851730	0.35317416	0.35318542	60067	49862	0
60067	49866	0.00131618	0.05214973	0.48229805	0.05209464	0.48135516	0.68788942	0.68825016	0.35282066	0.35287358	0.68841647	0.68885510	0.35306224	0.35316200	60067	49865	0
60067	49870	0.00171088	0.05207111	0.48073953	0.05200948	0.47955542	0.68886833	0.68853751	0.35321040	0.35305871	0.68852831	0.68873801	0.35316011	0.35308550	60067	49868	0
60067	49873	0.00052346	0.05213059	0.48006183	0.05194763	0.48362409	0.68850538	0.68861902	0.35313291	0.35315009	0.68850374	0.68852124	0.35318493	0.35319758	60067	49871	0
60067	50432	0.00118520	0.05183453	0.48126321	0.05168553	0.47927800	0.68766485	0.68788030	0.35224053	0.35248367	0.68759081	0.68769673	0.35237496	0.35249378	60067	50430	0
60067	50435	0.00106198	0.05160789	0.47939611	0.05165321	0.47976579	0.68760831	0.68769098	0.35241120	0.35244275	0.68780881	0.68779328	0.35244645	0.35251285	60067	50433	0
60067	50438	0.00062408	0.05148505	0.48044048	0.05152343	0.48175418	0.68757931	0.68767857	0.35242114	0.35235458	0.68766896	0.68758342	0.35235598	0.35227890	60067	50437	0
60067	50442	0.00176070	0.05172840	0.48150410	0.05174161	0.47809425	0.68756213	0.68774020	0.35220010	0.35236559	0.68765737	0.68769139	0.35230569	0.35243059	60067	50440	0
60067	50445	0.00137500	0.05181619	0.47866043	0.05173781	0.47981752	0.68744520	0.68752343	0.35239748	0.35229230	0.68753411	0.68749073	0.35222179	0.35223979	60067	50443	0
60067	51004	0.00058724	0.05178331	0.47902626	0.05190539	0.48138951	0.68839650	0.68849708	0.35298311	0.35293513	0.68856315	0.68850875	0.35295386	0.35294318	60067	51002	0
60067	51007	0.00185277	0.05186411	0.48130869	0.05185437	0.47751211	0.68832247	0.68827218	0.35276873	0.35283586	0.68849864	0.68845945	0.35293808	0.35274293	60067	51005	0
60067	51010	0.00098814	0.05194329	0.47898439	0.05134251	0.48157830	0.68823249	0.68822534	0.35276626	0.35271441	0.68797488	0.68820373	0.35270266	0.35269436	60067	51009	0
60067	51014	0.00101850	0.05189791	0.47944389	0.05182653	0.47935279	0.68819116	0.68826749	0.35261531	0.35275591	0.68838434	0.68829387	0.35264013	0.35259658	60067	51012	0
60067	51017	0.00201659	0.05193719	0.48315280	0.05189670	0.48015853	0.68815311	0.68841491	0.35263709	0.35264407	0.68816001	0.68818680	0.35262345	0.35260159	60067	51015	0
60067	51576	0.00035688	0.05191472	0.47808755	0.05177978	0.48306671	0.68900507	0.68921871	0.35349734	0.35358617	0.68912068	0.68932907	0.35344623	0.35362430	60067	51574	0
60067	51579	0.00147013	0.05180250	0.48265838	0.05192315	0.47931861	0.68900720	0.68921855	0.35357902	0.35366703	0.68895042	0.68894533	0.35342372	0.35346513	60067	51577	0
60067	51582	0.00119506	0.05182956	0.48120320	0.05191580	0.48202842	0.68898797	0.68878542	0.35358814	0.35336464	0.68855879	0.68891459	0.35329306	0.35338567	60067	51581	0
60067	51586	0.00019174	0.05178530	0.47920595	0.05184456	0.48221592	0.68890556	0.68880325	0.35343933	0.35341953	0.68866734	0.68915552	0.35324154	0.35347269	60067	51584	0
60067	51589	0.00162442	0.05184535	0.48216965	0.05176402	0.47787162	0.68872880	0.68879808	0.35308484	0.35323949	0.68887992	0.68887770	0.35316833	0.35325453	60067	51587	0
60067	52148	0.00138707	0.05211788	0.47952334	0.05194312	0.48023539	0.68897565	0.68899529	0.35305600	0.35320629	0.68903169	0.68916785	0.35319216	0.35312749	60067	52146	0
60067	52151	0.00108377	0.05169172	0.48226863	0.05206439	0.48317853	0.68897039	0.68895732	0.35332519	0.35324384	0.68904755	0.68894952	0.35340704	0.35339907	60067	52149	0
60067	52154	0.00062881	0.05193300	0.47944481	0.05207628	0.48080970	0.68935134	0.68940121	0.35334648	0.35349496	0.68951050	0.68919012	0.35383696	0.35341813	60067	52153	0
60067	52158	0.00166912	0.05208429	0.48135587	0.05193255	0.47823492	0.68929439	0.68931058	0.35347631	0.35348099	0.68925109	0.68920285	0.35345552	0.35344681	60067	52156	0
60067	52161	0.00103602	0.05207775	0.47991430	0.05212404	0.48181361	0.68927648	0.68947155	0.35347401	0.35354533	0.68944772	0.68940245	0.35367409	0.35365544	60067	52159	0
60067	52720	0.00136419	0.05176047	0.48238658	0.05208824	0.48140206	0.68953507	0.68964272	0.35353621	0.35364410	0.68966170	0.68942710	0.35360885	0.35361855	60067	52718	0
60067	52723	0.00153035	0.05186786	0.48041888	0.05199187	0.47992041	0.68940294	0.68940483	0.35346965	0.35342281	0.68930663	0.68942365	0.35349858	0.35343341	60067	52721	0
60067	52726	0.00104083	0.05212897	0.48040986	0.05155516	0.48187841	0.68931822	0.68938470	0.35334081	0.35333834	0.68938338	0.68938914	0.35327844	0.35332413	60067	52725	0
60067	52730	0.00114117	0.05206374	0.48065290	0.05210668	0.48035187	0.68934600	0.68947755	0.35332002	0.35338000	0.68926925	0.68910178	0.35344196	0.35318821	60067	52728	0
60067	52733	0.00170084	0.05176774	0.48106917	0.05194632	0.47939016	0.68945791	0.68954427	0.35318320	0.35327433	0.68924566	0.68927845	0.35328337	0.35317441	60067	52731	0
60067	53292	0.00103216	0.05208462	0.48012037	0.05212206	0.48212643	0.68870136	0.68878690	0.35248450	0.35240964	0.68897261	0.68904549	0.35243191	0.35250849	60067	53290	0
60067	53295	0.00113607	0.05227114	0.48046308	0.05195748	0.48015134	0.68840373	0.68853800	0.35227611	0.35244004	0.68892856	0.68890720	0.35244883	0.35253569	60067	53293	0
60067	53298	0.00082201	0.05214490	0.47937819	0.05221860	0.48032037	0.68890868	0.68917837	0.35251243	0.35258664	0.68891829	0.68890490	0.35245089	0.35244538	60067	53297	0
60067	53302	0.00091209	0.05232762	0.48210817	0.05231057	0.48183793	0.68850669	0.68870547	0.35230824	0.35233404	0.68880087	0.68888789	0.35236633	0.35255311	60067	53300	0
60067	53305	0.00104280	0.05225040	0.47950129	0.05217162	0.47910916	0.68895798	0.68907869	0.35256256	0.35254875	0.68872667	0.68864466	0.35229238	0.35229788	60067	53303	0
60067	53864	0.00183065	0.05201823	0.48215406	0.05191888	0.47979051	0.69149437	0.69152995	0.35475539	0.35469623	0.69112813	0.69160604	0.35452054	0.35484216	60067	53862	0
60067	53867	0.00170088	0.05196534	0.47960418	0.05214793	0.47999352	0.69097702	0.69139930	0.35454577	0.35455054	0.69148319	0.69137358	0.35461282	0.35457864	60067	53866	0
60067	53870	0.00187087	0.05216632	0.48109202	0.05222838	0.48058204	0.69126347	0.69118467	0.35452802	0.35444462	0.69134169	0.69144088	0.35451915	0.35468316	60067	53869	0
60067	53874	0.00066555	0.05234861	0.47906363	0.05195318	0.48267957	0.69141179	0.69141877	0.35460633	0.35458981	0.69117653	0.69131228	0.35457962	0.35461931	60067	53872	0
60067	53877	0.00051569	0.05240737	0.47878832	0.05205607	0.47923791	0.69133315	0.69123652	0.35460978	0.35453369	0.69107349	0.69142017	0.35460082	0.35457437	60067	53875	0
60067	54436	-0.00017701	0.05176139	0.47970311	0.05177031	0.48178122	0.69103552	0.69118302	0.35406161	0.35423401	0.69080388	0.69093347	0.35405825	0.35411881	60067	54434	0
60067	54439	0.00080286	0.05180646	0.48164116	0.05169935	0.47870152	0.69092229	0.69078934	0.35404929	0.35395118	0.69078309	0.69098992	0.35393548	0.35402957	60067	54438	0
60067	54442	0.00197527	0.05197319	0.48166163	0.05186219	0.47814442	0.69073732	0.69079451	0.35399333	0.35387081	0.69067463	0.69054784	0.35378494	0.35374945	60067	54441	0
60067	54446	0.00110931	0.05192930	0.47960051	0.05175590	0.48219837	0.69053485	0.69071777	0.35368921	0.35383211	0.69071201	0.69065918	0.35363112	0.35381477	60067	54444	0
60067	54449	0.00069995	0.05207061	0.48051485	0.05174538	0.48174294	0.69060256	0.69055835	0.35380935	0.35374945	0.69049952	0.69047750	0.35378996	0.35359874	60067	54447	0
60067	55008	0.00148257	0.05183999	0.48045318	0.05162169	0.47810532	0.68936777	0.68961404	0.35255319	0.35263955	0.68958035	0.68983656	0.35259888	0.35264448	60067	55006	0
60067	55011	0.00186291	0.05178679	0.48128244	0.05188043	0.48014141	0.68952932	0.68968512	0.35261646	0.35253092	0.68955463	0.68978364	0.35271548	0.35264720	60067	55010	0
60067	55014	0.00147044	0.05179398	0.48082812	0.05195055	0.48200554	0.68960985	0.68970582	0.35266264	0.35262337	0.68945865	0.68957164	0.35271721	0.35259042	60067	55013	0
60067	55018	0.00166569	0.05175042	0.48058604	0.05185718	0.48000029	0.68967402	0.68979613	0.35268804	0.35278220	0.68992415	0.69011841	0.35299182	0.35284318	60067	55016	0
60067	55021	0.00044571	0.05181508	0.47752548	0.05196676	0.48118540	0.69001479	0.68995135	0.35307358	0.35284087	0.68988627	0.69001512	0.35283414	0.35291088	60067	55019	0
60067	55580	0.00119516	0.05160788	0.48195332	0.05144222	0.47970497	0.69087192	0.69072812	0.35373548	0.35355486	0.69112945	0.69087701	0.35392784	0.35362323	60067	55578	0
60067	55583	0.00149330	0.05177452	0.48016747	0.05128862	0.47927304	0.69097891	0.69111416	0.35369957	0.35357080	0.69077118	0.69094242	0.35347811	0.35364065	60067	55582	0
60067	55587	0.00095081	0.05142236	0.48062389	0.05148968	0.48225137	0.69055646	0.69068679	0.35330802	0.35338953	0.69063477	0.69049155	0.35337507	0.35329578	60067	55585	0
60067	55590	0.00137873	0.05069011	0.48201748	0.05149044	0.48073371	0.69044282	0.69063477	0.35312913	0.35314499	0.69045687	0.69050379	0.35322634	0.35326989	60067	55588	0
60067	55593	0.00080531	0.05167835	0.47786117	0.05166774	0.47958143	0.69066394	0.69049426	0.35327852	0.35317088	0.69049623	0.69069731	0.35320087	0.35327293	60067	55591	0
60067	56152	0.00079353	0.05143174	0.47941115	0.05131632	0.47944650	0.69180375	0.69201673	0.35457042	0.35460436	0.69178739	0.69204467	0.35455744	0.35452325	60067	56150	0
60067	56155	0.00161515	0.05145096	0.48344473	0.05158055	0.48097988	0.69191476	0.69184902	0.35463525	0.35455842	0.69184319	0.69201312	0.35453065	0.35465456	60067	56154	0
60067	56159	0.00175124	0.05142924	0.48005951	0.05151141	0.47965123	0.69171336	0.69178181	0.35430254	0.35439786	0.69167967	0.69240828	0.35458718	0.35482819	60067	56157	0
60067	56162	0.00070884	0.05144850	0.48237682	0.05125241	0.48550401	0.69178509	0.69215100	0.35452802	0.35469319	0.69189561	0.69199800	0.35453977	0.35454823	60067	56160	0
60067	56165	0.00121332	0.05141382	0.48305102	0.05147594	0.48153758	0.69175296	0.69164277	0.35451619	0.35433377	0.69153784	0.69167737	0.35442728	0.35448176	60067	56163	0
60067	56724	0.00160122	0.05062841	0.48221006	0.05123312	0.48104635	0.69151327	0.69157227	0.35412538	0.35408158	0.69127662	0.69155813	0.35410804	0.35408397	60067	56722	0
60067	56727	0.00115411	0.05104965	0.48103959	0.05128265	0.48238093	0.69153168	0.69181163	0.35422883	0.35422949	0.69159224	0.69172913	0.35408388	0.35422998	60067	56726	0
60067	56731	0.00189924	0.05097301	0.48304570	0.05116139	0.48081031	0.69162519	0.69173908	0.35416006	0.35409021	0.69165543	0.69159339	0.35405997	0.35398593	60067	56729	0
60067	56734	0.00050910	0.05101766	0.47701171	0.05116366	0.48118213	0.69150226	0.69183234	0.35396284	0.35407024	0.69143463	0.69163431	0.35403433	0.35394230	60067	56732	0
60067	56737	0.00175063	0.05113080	0.48345164	0.05123784	0.47972704	0.69157934	0.69148336	0.35398889	0.35410270	0.69157556	0.69178074	0.35410656	0.35414831	60067	56736	0
60067	57296	0.00111191	0.05081789	0.47927974	0.05088746	0.48119593	0.69189339	0.69202397	0.35356998	0.35361263	0.69172922	0.69186274	0.35356004	0.35371674	60067	57295	0
60067	57299	0.00214671	0.05105884	0.48285095	0.05110632	0.47974655	0.69142584	0.69178353	0.35343177	0.35373030	0.69195765	0.69183481	0.35386835	0.35374147	60067	57298	0
60067	57303	0.00017671	0.05112144	0.47752619	0.05108310	0.48343619	0.69179545	0.69202701	0.35379924	0.35389218	0.69189496	0.69193317	0.35379521	0.35363309	60067	57301	0
60067	57306	0.00128226	0.05082765	0.48393113	0.05115213	0.48061448	0.69187211	0.69217467	0.35372233	0.35396671	0.69196414	0.69206316	0.35392340	0.35386547	60067	57304	0
60067	57309	0.00126415	0.05092528	0.48157972	0.05105155	0.48163404	0.69183168	0.69196694	0.35371477	0.35387944	0.69167071	0.69163973	0.35380113	0.35360417	60067	57308	0
60067	57868	-0.00047832	0.05070444	0.47964994	0.05084888	0.48487735	0.69202618	0.69219603	0.35397591	0.35400467	0.69181928	0.69214509	0.35389719	0.35418742	60067	57867	0
60067	57871	0.00081160	0.05063058	0.48346109	0.05079230	0.47959134	0.69212923	0.69207557	0.35415817	0.35402283	0.69218486	0.69226284	0.35407180	0.35398988	60067	57870	0
60067	57875	0.00076224	0.05094193	0.48055353	0.05082126	0.48070160	0.69210458	0.69225388	0.35398643	0.35397188	0.69216924	0.69224312	0.35406244	0.35416006	60067	57873	0
60067	57878	0.00109246	0.05097682	0.48116886	0.05087741	0.48017820	0.69227541	0.69231929	0.35406523	0.35413623	0.69215314	0.69228445	0.35405907	0.35419219	60067	57876	0
60067	57881	0.00035476	0.05088261	0.48013846	0.05086915	0.48235157	0.69216933	0.69238831	0.35408577	0.35428545	0.69221658	0.69225972	0.35418734	0.35415455	60067	57880	0
60067	58440	0.00074820	0.05034520	0.48138306	0.05050490	0.48020273	0.69257336	0.69288282	0.35454717	0.35496312	0.69273450	0.69269933	0.35450896	0.35465530	60067	58439	0
60067	58443	0.00042303	0.05054087	0.48261214	0.05019514	0.48358766	0.69258742	0.69286869	0.35460107	0.35467461	0.69189520	0.69243014	0.35437222	0.35455744	60067	58442	0
60067	58447	0.00030151	0.05065326	0.48107034	0.05060391	0.48143488	0.69249316	0.69282415	0.35451118	0.35448882	0.69285891	0.69276195	0.35472170	0.35447272	60067	58445	0
60067	58450	0.00036450	0.05059419	0.48072676	0.05049886	0.48053781	0.69251149	0.69266219	0.35446327	0.35433804	0.69260977	0.69252480	0.35442046	0.35445990	60067	58448	0
60067	58453	0.00112522	0.05038749	0.48227719	0.05028054	0.47999503	0.69239193	0.69255652	0.35428561	0.35438981	0.69206127	0.69237262	0.35429556	0.35444125	60067	58452	0
60067	59012	0.00144892	0.05062091	0.48181242	0.05067701	0.48084131	0.69218708	0.69240746	0.35430164	0.35422144	0.69225199	0.69255241	0.35409317	0.35433451	60067	59011	0
60067	59016	0.00140564	0.05077750	0.48091846	0.05068996	0.48104829	0.69237747	0.69252242	0.35423746	0.35429786	0.69231304	0.69250130	0.35423919	0.35420279	60067	59014	0
60067	59019	0.00146903	0.05053176	0.48219080	0.05054871	0.48200063	0.69238568	0.69240680	0.35432424	0.35416540	0.69224024	0.69249612	0.35415570	0.35418561	60067	59017	0
60067	59022	0.00076601	0.05017465	0.48085037	0.05077914	0.48295945	0.69215511	0.69244715	0.35418553	0.35416030	0.69244748	0.69277370	0.35421306	0.35441873	60067	59020	0
60067	59025	0.00131544	0.05058599	0.48150959	0.05079864	0.47986131	0.69225355	0.69240861	0.35409079	0.35413771	0.69218888	0.69234616	0.35414420	0.35417411	60067	59024	0
60067	59584	0.00222487	0.05027283	0.48197982	0.05039800	0.47925151	0.69231699	0.69265496	0.35425349	0.35451800	0.69216201	0.69243244	0.35413130	0.35423574	60067	59583	0
60067	59588	0.00098054	0.05057849	0.47759612	0.05052252	0.48132911	0.69243195	0.69249407	0.35431725	0.35431010	0.69242940	0.69258931	0.35441668	0.35436466	60067	59586	0
60067	59591	0.00043024	0.05051834	0.47960728	0.05034415	0.48125820	0.69232110	0.69246638	0.35433894	0.35434305	0.69250114	0.69270739	0.35444831	0.35448053	60067	59589	0
60067	59594	0.00242510	0.05048927	0.48458283	0.05029839	0.47859824	0.69226465	0.69246958	0.35432966	0.35428307	0.69246753	0.69248232	0.35431183	0.35440904	60067	59592	0
60067	59597	0.00107369	0.05053342	0.47865075	0.05051640	0.48270500	0.69232118	0.69299433	0.35436664	0.35469812	0.69208806	0.69244551	0.35418553	0.35439162	60067	59596	0
60067	60156	0.00104063	0.05039045	0.48106861	0.05065374	0.48116779	0.69164976	0.69167055	0.35348107	0.35343917	0.69200835	0.69177326	0.35384353	0.35355223	60067	60155	0
60067	60160	0.00127814	0.05069195	0.48301271	0.05079517	0.48230017	0.69183653	0.69200014	0.35375109	0.35372882	0.69177597	0.69205831	0.35366349	0.35386186	60067	60158	0
60067	60163	0.00079194	0.05068369	0.48059306	0.05079025	0.48205167	0.69174803	0.69205149	0.35369644	0.35367911	0.69184746	0.69205889	0.35355757	0.35370631	60067	60161	0
60067	60166	0.00189406	0.05072081	0.48290178	0.04954109	0.47959539	0.69206842	0.69227689	0.35377286	0.35391395	0.69223260	0.69236416	0.35387098	0.35386432	60067	60164	0
60067	60169	0.00157071	0.05073158	0.48022576	0.05082007	0.48119583	0.69221929	0.69220113	0.35391198	0.35384230	0.69205322	0.69228979	0.35391650	0.35385495	60067	60168	0
60067	60728	0.00087967	0.05062374	0.47939857	0.05056787	0.48147166	0.69218412	0.69267682	0.35430410	0.35437518	0.69228576	0.69257994	0.35420657	0.35435784	60067	60727	0
60067	60732	0.00092892	0.05059975	0.48035047	0.05062561	0.48020274	0.69221797	0.69240352	0.35431092	0.35423368	0.69224723	0.69252283	0.35413688	0.35422998	60067	60730	0
60067	60735	0.00098603	0.05063890	0.48140918	0.05061045	0.48123783	0.69240869	0.69269720	0.35405923	0.35430090	0.69229086	0.69254025	0.35417345	0.35433319	60067	60733	0
60067	60738	0.00114514	0.05058785	0.48190095	0.05064664	0.48142364	0.69229908	0.69263483	0.35413721	0.35424938	0.69236802	0.69233704	0.35426491	0.35415693	60067	60737	0
60067	60741	0.00098663	0.05074144	0.48103425	0.05065860	0.48150978	0.69203876	0.69224205	0.35406145	0.35415381	0.69235758	0.69218971	0.35406597	0.35406449	60067	60740	0
60067	61300	0.00138464	0.05037952	0.48162363	0.05036793	0.48042960	0.69212594	0.69238388	0.35390730	0.35383318	0.69210605	0.69229193	0.35390187	0.35391461	60067	61299	0
60067	61304	0.00213423	0.05044205	0.48226293	0.05036342	0.48001415	0.69193711	0.69230392	0.35387706	0.35394329	0.69191985	0.69214139	0.35370072	0.35385134	60067	61302	0
60067	61307	0.00065529	0.05064652	0.47846788	0.05066823	0.48290469	0.69188386	0.69235758	0.35375290	0.35402809	0.69186151	0.69218149	0.35363588	0.35394962	60067	61305	0
60067	61310	0.00203910	0.05042856	0.48249439	0.05050620	0.47834298	0.69194015	0.69217475	0.35379571	0.35389431	0.69187014	0.69203243	0.35395307	0.35372866	60067	61309	0
60067	61313	0.00015728	0.05077396	0.47872370	0.05023119	0.48436915	0.69183620	0.69207121	0.35388873	0.35396728	0.69200293	0.69186233	0.35391921	0.35382159	60067	61312	0
60067	61872	0.00033019	0.05037566	0.48110390	0.05035399	0.48058518	0.69206472	0.69260401	0.35468949	0.35487281	0.69271914	0.69265406	0.35481201	0.35478867	60067	61871	0
60067	61876	0.00144703	0.05030818	0.48313443	0.05036304	0.47978391	0.69261609	0.69257566	0.35465448	0.35475818	0.69232471	0.69243671	0.35469006	0.35459631	60067	61874	0
60067	61879	0.00081034	0.05032459	0.47961442	0.05032623	0.48152449	0.69218362	0.69242710	0.35438126	0.35458792	0.69222956	0.69250894	0.35445464	0.35447362	60067	61877	0
60067	61882	0.00141588	0.05061820	0.48045247	0.05059517	0.47863585	0.69229842	0.69243458	0.35444182	0.35449770	0.69222898	0.69246629	0.35440534	0.35449589	60067	61881	0
60067	61885	-0.00038212	0.05049958	0.47784899	0.05049103	0.48324300	0.69225405	0.69246219	0.35433944	0.35440665	0.69212816	0.69241601	0.35425833	0.35446894	60067	61884	0
60067	62444	0.00096455	0.05051060	0.48256252	0.05043796	0.47852251	0.69035112	0.69051801	0.35433804	0.35450296	0.69061505	0.69062286	0.35451224	0.35447190	60067	62443	0
60067	62448	0.00145270	0.05058832	0.48184807	0.05061055	0.48038362	0.69046369	0.69070676	0.35454404	0.35451339	0.69071522	0.69078276	0.35449540	0.35454183	60067	62446	0
60067	62451	0.00032609	0.05067187	0.47923155	0.05075108	0.48261137	0.69060010	0.69093043	0.35456040	0.35471406	0.69055392	0.69073075	0.35453435	0.35454865	60067	62449	0
60067	62454	0.00090430	0.05084397	0.48143335	0.05082201	0.47969873	0.69064315	0.69069517	0.35462753	0.35455768	0.69053083	0.69065063	0.35442079	0.35438693	60067	62453	0
60067	62457	0.00078034	0.05039571	0.48107946	0.05059919	0.48145133	0.69067726	0.69055803	0.35459935	0.35444347	0.69060872	0.69096740	0.35462613	0.35472786	60067	62456	0
60067	63017	0.00060872	0.05078038	0.48085517	0.05106489	0.48137001	0.68907943	0.68927771	0.35317326	0.35324212	0.68925717	0.68929184	0.35335773	0.35334902	60067	63015	0
60067	63020	0.00037801	0.05096271	0.47995778	0.05044325	0.48064991	0.68939686	0.68959325	0.35333111	0.35342437	0.68933120	0.68942052	0.35343448	0.35345938	60067	63018	0
60067	63023	0.00083084	0.05089775	0.48146944	0.05103519	0.48011096	0.68926744	0.68910901	0.35342914	0.35335921	0.68921230	0.68968372	0.35333522	0.35369308	60067	63021	0
60067	63026	0.00179025	0.05077055	0.48247166	0.05095670	0.47959342	0.68916530	0.68942628	0.35338493	0.35339430	0.68914336	0.68933227	0.35348313	0.35345363	60067	63025	0
60067	63030	0.00119215	0.05086679	0.47930202	0.05043613	0.48109632	0.68919332	0.68919159	0.35344032	0.35353506	0.68904730	0.68928059	0.35346102	0.35355240	60067	63028	0
60067	63588	0.00202690	0.05141255	0.48178697	0.05129472	0.47928275	0.68950434	0.68965480	0.35410007	0.35403894	0.68943408	0.68945676	0.35396975	0.35395463	60067	63587	0
60067	63592	0.00112948	0.05138522	0.47938486	0.05132389	0.48207709	0.68938585	0.68941592	0.35392069	0.35375914	0.68918017	0.68918905	0.35385011	0.35387040	60067	63590	0
60067	63595	0.00123331	0.05132755	0.48159313	0.05142922	0.48128166	0.68937352	0.68955052	0.35410328	0.35411642	0.68942094	0.68951757	0.35421043	0.35394288	60067	63593	0
60067	63598	0.00208108	0.05138325	0.48112725	0.05115649	0.47858394	0.68938453	0.68946260	0.35403195	0.35407106	0.68940278	0.68950631	0.35399933	0.35411700	60067	63597	0
60067	63602	0.00065917	0.05157251	0.47677578	0.05125427	0.48104151	0.68960566	0.68945775	0.35419457	0.35406178	0.68954797	0.68964132	0.35415619	0.35429391	60067	63600	0
60067	64160	0.00109391	0.05137496	0.48245738	0.05111448	0.48115315	0.68807998	0.68809625	0.35285073	0.35282099	0.68807053	0.68794316	0.35282904	0.35274219	60067	64159	0
60067	64164	0.00115575	0.05138581	0.48264904	0.05139381	0.48246352	0.68796387	0.68798795	0.35267998	0.35272912	0.68755235	0.68734578	0.35237118	0.35242303	60067	64162	0
60067	64167	0.00047889	0.05152212	0.47960353	0.05151589	0.48163411	0.68771777	0.68781382	0.35262945	0.35257111	0.68790487	0.68788071	0.35260110	0.35261309	60067	64165	0
60067	64170	0.00156979	0.05132646	0.48377517	0.05150213	0.48050249	0.68765540	0.68781078	0.35243043	0.35256256	0.68747257	0.68761242	0.35219706	0.35229369	60067	64169	0
60067	64174	0.00130607	0.05143178	0.48180455	0.05120642	0.48259570	0.68751037	0.68761842	0.35229074	0.35239698	0.68771842	0.68695004	0.35232788	0.35184619	60067	64172	0
60067	64732	0.00094536	0.05149948	0.48111464	0.05170804	0.48219677	0.68853406	0.68866134	0.35345075	0.35355560	0.68867079	0.68859799	0.35360252	0.35333267	60067	64731	0
60067	64736	0.00121491	0.05163501	0.48130686	0.05175177	0.48049820	0.68883456	0.68896036	0.35341443	0.35341698	0.68867975	0.68892733	0.35357072	0.35354903	60067	64734	0
60067	64739	0.00048510	0.05146732	0.47774779	0.05174456	0.47993722	0.68866923	0.68886250	0.35348699	0.35371107	0.68904155	0.68893990	0.35366793	0.35357738	60067	64737	0
60067	64742	0.00055001	0.05185634	0.48053188	0.05146055	0.48033715	0.68856060	0.68874458	0.35346431	0.35345387	0.68877918	0.68886316	0.35355946	0.35341049	60067	64741	0
60067	64745	0.00101428	0.05136945	0.47981901	0.05155135	0.47842621	0.68870711	0.68862502	0.35360055	0.35343374	0.68855066	0.68858813	0.35339052	0.35337860	60067	64744	0
60067	65304	0.00146835	0.05208577	0.48197852	0.05200891	0.48061629	0.68791942	0.68801588	0.35263545	0.35260463	0.68784636	0.68786658	0.35270833	0.35262279	60067	65303	0
60067	65308	0.00157265	0.05209664	0.48028218	0.05211300	0.47996929	0.68789361	0.68807053	0.35271869	0.35275887	0.68786198	0.68795204	0.35277160	0.35291655	60067	65306	0
60067	65311	0.00087867	0.05197851	0.48042828	0.05188441	0.48251021	0.68808261	0.68822345	0.35290521	0.35283677	0.68784382	0.68791169	0.35263232	0.35274827	60067	65309	0
60067	65314	0.00078259	0.05205643	0.48012931	0.05193440	0.48041754	0.68798573	0.68800085	0.35258746	0.35283397	0.68760371	0.68784620	0.35272131	0.35260734	60067	65313	0
60067	65318	0.00145556	0.05214839	0.48166349	0.05213538	0.47964457	0.68736451	0.68787118	0.35251334	0.35251350	0.68795598	0.68791046	0.35275427	0.35266462	60067	65316	0
60067	65877	0.00092162	0.05179535	0.48013147	0.05176456	0.48173332	0.68788581	0.68846750	0.35304400	0.35331295	0.68761867	0.68779690	0.35295263	0.35282715	60067	65875	0
60067	65880	0.00078243	0.05190157	0.48254437	0.05188389	0.48296192	0.68798597	0.68809222	0.35291984	0.35306356	0.68786107	0.68804579	0.35285073	0.35292576	60067	65878	0
60067	65883	0.00100399	0.05171209	0.47975546	0.05174368	0.47909077	0.68784267	0.68791432	0.35285304	0.35295107	0.68807398	0.68806190	0.35301721	0.35290324	60067	65881	0
60067	65886	0.00153651	0.05165509	0.48264780	0.05184094	0.48105025	0.68780651	0.68757068	0.35278196	0.35261063	0.68795368	0.68804719	0.35293669	0.35304869	60067	65885	0
60067	65890	0.00170995	0.05190617	0.48069742	0.05211617	0.48017709	0.68776074	0.68787586	0.35275492	0.35288040	0.68776370	0.68769361	0.35270595	0.35263002	60067	65888	0
60067	66448	0.00124884	0.05205074	0.48061599	0.05217141	0.48199932	0.68814859	0.68819477	0.35280160	0.35290604	0.68807825	0.68818483	0.35277473	0.35275320	60067	66447	0
60067	66452	0.00007671	0.05198500	0.47925495	0.05231985	0.48277134	0.68810529	0.68805746	0.35285205	0.35269075	0.68790002	0.68782278	0.35263306	0.35242344	60067	66450	0
60067	66455	0.00194832	0.05224195	0.48288372	0.05222821	0.47726889	0.68779271	0.68785351	0.35260126	0.35242574	0.68772853	0.68778104	0.35242599	0.35236757	60067	66453	0
60067	66458	0.00119052	0.05204411	0.48011838	0.05216325	0.48239180	0.68793577	0.68783527	0.35256207	0.35249354	0.68775745	0.68797546	0.35244053	0.35244629	60067	66457	0
60067	66462	0.00081447	0.05227057	0.48133981	0.05220376	0.48246795	0.68774677	0.68780470	0.35239214	0.35241432	0.68756789	0.68770618	0.35235434	0.35224727	60067	66460	0
60067	67020	0.00041351	0.05232883	0.47822101	0.05226884	0.47942388	0.68927804	0.68896529	0.35390286	0.35372709	0.68905034	0.68899718	0.35379012	0.35372866	60067	67019	0
60067	67024	0.00129246	0.05224377	0.48166444	0.05220566	0.47902761	0.68898912	0.68903761	0.35386564	0.35393400	0.68909907	0.68884500	0.35385027	0.35369718	60067	67022	0
60067	67027	0.00113716	0.05216495	0.48130925	0.05239953	0.48177515	0.68884311	0.68911287	0.35361945	0.35381584	0.68874639	0.68901591	0.35368815	0.35348954	60067	67025	0
60067	67030	0.00144817	0.05222055	0.48085000	0.05229982	0.47991697	0.68859322	0.68871911	0.35359340	0.35358444	0.68879158	0.68873053	0.35378371	0.35343235	60067	67029	0
60067	67034	0.00032313	0.05222455	0.47970690	0.05221980	0.48308203	0.68880391	0.68863447	0.35362159	0.35358247	0.68875888	0.68881936	0.35355264	0.35358477	60067	67032	0
60067	67592	0.00156237	0.05234269	0.48071820	0.05239643	0.47700046	0.68837062	0.68849486	0.35285780	0.35300538	0.68834202	0.68859947	0.35310842	0.35319462	60067	67591	0
60067	67596	0.00148223	0.05257041	0.48056257	0.05243416	0.48080302	0.68828319	0.68837128	0.35312313	0.35307646	0.68851360	0.68835024	0.35325009	0.35309922	60067	67594	0
60067	67599	0.00149567	0.05254999	0.47914752	0.05219775	0.47910718	0.68811055	0.68845994	0.35302067	0.35319249	0.68869881	0.68855879	0.35333596	0.35321204	60067	67597	0
60067	67602	0.00073682	0.05242591	0.47840288	0.05264199	0.48067945	0.68862593	0.68910679	0.35334056	0.35363736	0.68888222	0.68890079	0.35360499	0.35365256	60067	67601	0
60067	67606	0.00085342	0.05237824	0.47979239	0.05235359	0.47944256	0.68879553	0.68893177	0.35350794	0.35376358	0.68885962	0.68918247	0.35360638	0.35350433	60067	67604	0
60067	68165	0.00098350	0.05272964	0.48060550	0.05255373	0.48021527	0.68820964	0.68819535	0.35242558	0.35237776	0.68809280	0.68840168	0.35240241	0.35240832	60067	68163	0
60067	68168	0.00095649	0.05262221	0.48037406	0.05255108	0.48045510	0.68832345	0.68856775	0.35252238	0.35260545	0.68854137	0.68842115	0.35269650	0.35253700	60067	68166	0
60067	68171	0.00135924	0.05258804	0.48250725	0.05282186	0.48129898	0.68819140	0.68835944	0.35253939	0.35245253	0.68825500	0.68827793	0.35271006	0.35248359	60067	68169	0
60067	68174	0.00059844	0.05255152	0.47914503	0.05251040	0.48142745	0.68820529	0.68853718	0.35250175	0.35246289	0.68847531	0.68845049	0.35260964	0.35249427	60067	68173	0
60067	68178	0.00125208	0.05261007	0.48229772	0.05244449	0.48033679	0.68827826	0.68832091	0.35249929	0.35255262	0.68819239	0.68840784	0.35244744	0.35263397	60067	68176	0
60067	68737	0.00082392	0.05287817	0.48019487	0.05273076	0.48147935	0.68941584	0.68964009	0.35341640	0.35333407	0.68949012	0.68951699	0.35335198	0.35337992	60067	68735	0
60067	68740	0.00137409	0.05275167	0.48097561	0.05263211	0.47932510	0.68940877	0.68952135	0.35337877	0.35337244	0.68945717	0.68939497	0.35326767	0.35325272	60067	68738	0
60067	68743	0.00041457	0.05279980	0.48023215	0.05262275	0.48311070	0.68920211	0.68943269	0.35331829	0.35332692	0.68889315	0.68867654	0.35289083	0.35292469	60067	68741	0
60067	68746	0.00167021	0.05270643	0.48245375	0.05290325	0.47868684	0.68896480	0.68908962	0.35307145	0.35309191	0.68905905	0.68926095	0.35304573	0.35309774	60067	68745	0
60067	68750	0.00104701	0.05265943	0.48012440	0.05299078	0.48199400	0.68909258	0.68927385	0.35310432	0.35307293	0.68894196	0.68903744	0.35299174	0.35305690	60067	68748	0
60067	69309	0.00158058	0.05270051	0.48202455	0.05273476	0.48042383	0.69045761	0.69063757	0.35454881	0.35454273	0.69037914	0.69038809	0.35445464	0.35449795	60067	69307	0
60067	69312	0.00104663	0.05236655	0.47890155	0.05258059	0.48050342	0.69037478	0.69057101	0.35450608	0.35446877	0.69023197	0.69050527	0.35441298	0.35442983	60067	69310	0
60067	69315	0.00141135	0.05245676	0.48096581	0.05276108	0.47987164	0.69017708	0.69022392	0.35441799	0.35430254	0.69019162	0.69016138	0.35437058	0.35424790	60067	69313	0
60067	69318	0.00130503	0.05265137	0.48099159	0.05250549	0.48131056	0.69023649	0.69040979	0.35435620	0.35436853	0.69001808	0.69055679	0.35438751	0.35464076	60067	69317	0
60067	69322	0.00202700	0.05260262	0.48225919	0.05253729	0.48009327	0.69020230	0.69028061	0.35442309	0.35428783	0.69019622	0.69021693	0.35436787	0.35434256	60067	69320	0
60067	69881	0.00163133	0.05262620	0.48014299	0.05270687	0.48132999	0.68928075	0.68932537	0.35312141	0.35330038	0.68927598	0.68923013	0.35314154	0.35308657	60067	69879	0
60067	69884	0.00084473	0.05249766	0.47990582	0.05275618	0.48226563	0.68894993	0.68907162	0.35300168	0.35302798	0.68901484	0.68916579	0.35322199	0.35312116	60067	69882	0
60067	69887	0.00079977	0.05273293	0.48239487	0.05250196	0.48252975	0.68909866	0.68916941	0.35320917	0.35315567	0.68929086	0.68924591	0.35322158	0.35307630	60067	69885	0
60067	69890	0.00131778	0.05222964	0.48249130	0.05259256	0.48093727	0.68902462	0.68922906	0.35306923	0.35316192	0.68897055	0.68905486	0.35312346	0.35309306	60067	69889	0
60067	69894	0.00136720	0.05251516	0.48055383	0.05282278	0.48040558	0.68929842	0.68947846	0.35315230	0.35327055	0.68925257	0.68930639	0.35320506	0.35319717	60067	69892	0
60067	70453	0.00081274	0.05269602	0.47985715	0.05280292	0.48152050	0.68936851	0.68953589	0.35316332	0.35322692	0.68939538	0.68946720	0.35325798	0.35323135	60067	70451	0
60067	70456	0.00048741	0.05266806	0.48149581	0.05288095	0.48247181	0.68928839	0.68939957	0.35319175	0.35320021	0.68921000	0.68945857	0.35321048	0.35309955	60067	70454	0
60067	70459	0.00167761	0.05253933	0.48245547	0.05278385	0.47888487	0.68940401	0.68949374	0.35308361	0.35323078	0.68926629	0.68931124	0.35315732	0.35313710	60067	70458	0
60067	70462	0.00152896	0.05182896	0.48108085	0.05285806	0.48152679	0.68924722	0.68933359	0.35305025	0.35308558	0.68929258	0.68932052	0.35310859	0.35307827	60067	70461	0
60067	70466	0.00066597	0.05275521	0.47895039	0.05292207	0.48153935	0.68915536	0.68943449	0.35315658	0.35312272	0.68919406	0.68930302	0.35310769	0.35320744	60067	70464	0
60067	71025	0.00096397	0.05265122	0.48077398	0.05246445	0.47987997	0.69008915	0.69039237	0.35427140	0.35430419	0.69028168	0.69034076	0.35420739	0.35429490	60067	71023	0
60067	71028	0.00165369	0.05257454	0.48105434	0.05254833	0.47898520	0.69043937	0.69050839	0.35429539	0.35424510	0.69014914	0.69029598	0.35420731	0.35426581	60067	71026	0
60067	71031	0.00121227	0.05269103	0.47942715	0.05276000	0.48075141	0.69025366	0.69029762	0.35413532	0.35421404	0.69046065	0.69020518	0.35436918	0.35423204	60067	71030	0
60067	71034	0.00083047	0.05261407	0.47957629	0.05277549	0.48072169	0.69016549	0.69036730	0.35429630	0.35419884	0.69016475	0.69031866	0.35420188	0.35429391	60067	71033	0
60067	71038	0.00091357	0.05262336	0.48075930	0.05259558	0.48051001	0.69058974	0.69053970	0.35432111	0.35423081	0.69017420	0.69042195	0.35410171	0.35433714	60067	71036	0
60067	71597	0.00103717	0.05249904	0.48083511	0.05249457	0.48046431	0.68894615	0.68885494	0.35269346	0.35262090	0.68895165	0.68893185	0.35268984	0.35269214	60067	71595	0
60067	71600	0.00038160	0.05250112	0.48003232	0.05253428	0.48199902	0.68901246	0.68884417	0.35276980	0.35262394	0.68873727	0.68889865	0.35271885	0.35268573	60067	71599	0
60067	71604	0.00130371	0.05269649	0.48173542	0.05273863	0.47896910	0.68910663	0.68900679	0.35298057	0.35279371	0.68912775	0.68897672	0.35282633	0.35283866	60067	71602	0
60067	71607	0.00092304	0.05244092	0.48135474	0.05248984	0.48249672	0.68902084	0.68910441	0.35285295	0.35284597	0.68922824	0.68934887	0.35272288	0.35285928	60067	71605	0
60067	71610	0.00031489	0.05265786	0.47895361	0.05264647	0.48077808	0.68932825	0.68925840	0.35300366	0.35303685	0.68948864	0.68949875	0.35314105	0.35300620	60067	71609	0
60067	72172	0.00167061	0.05249872	0.48346313	0.05268877	0.47939596	0.69003188	0.69019064	0.35379743	0.35366662	0.69001191	0.69031866	0.35384591	0.35385594	60067	72170	0
60067	72175	0.00160699	0.05266128	0.48121384	0.05268837	0.48140472	0.69024725	0.69031011	0.35375150	0.35386243	0.69015374	0.69024175	0.35401108	0.35399695	60067	72173	0
60067	72178	0.00247190	0.05258992	0.48265450	0.05265567	0.48005975	0.68972407	0.68999277	0.35366514	0.35377722	0.68996023	0.69001840	0.35384074	0.35381674	60067	72176	0
60067	72181	0.00112175	0.05265383	0.47965560	0.05272225	0.48370606	0.69009236	0.69017486	0.35396893	0.35376013	0.69006508	0.69017864	0.35378453	0.35378519	60067	72180	0
60067	72185	0.00157225	0.05261714	0.48199388	0.05265480	0.48064238	0.68994388	0.68994223	0.35384164	0.35364542	0.68990895	0.69006081	0.35371567	0.35378223	60067	72183	0
