% File initiated 31/01/2023 10:31:45 UTC
% Raw fountain data
%
% File notes: maser 5 MHz RF amplitudes 200 220 180
%
%% fountain_code = ALPHA-CsF1
%% microwave_ref = ALPHA HM1
%% MJD_start = 59975.438721
%% clock_data = False
%% sequence = 1
%% density = HD
%
% Units: V.s, Hz
%
% Shot B MJD days	Shot B MJD seconds	freq error	shot A sum	shot A ratio	shot B sum	shot B ratio	shot A F=3 bg 1	shot A F=3 bg 2	shot A F=4 bg 1	shot A F=4 bg 2	shot B F=3 bg 1	shot B F=3 bg 2	shot B F=4 bg 1	shot B F=4 bg 2	Shot A MJD days	Shot A MJD seconds	Shot order (0=LF->HF)
59975	37908	0.00010173	0.03567030	0.47685233	0.03562466	0.47654712	0.52659212	0.52664356	0.27840807	0.27814216	0.52691588	0.52680388	0.27863199	0.27822014	59975	37906	0
59975	37911	0.00144002	0.03568611	0.47828597	0.03582973	0.47427110	0.52683872	0.52692311	0.27837142	0.27838588	0.52670889	0.52669927	0.27821423	0.27818202	59975	37909	0
59975	37914	-0.00064466	0.03594167	0.47474830	0.03594804	0.48100236	0.52656402	0.52657716	0.27842031	0.27808563	0.52664438	0.52654586	0.27826452	0.27810642	59975	37913	0
59975	37918	0.00025815	0.03617798	0.47932913	0.03612003	0.47662071	0.52667914	0.52653912	0.27832154	0.27798078	0.52656106	0.52654528	0.27809984	0.27801036	59975	37916	0
59975	37921	0.00025762	0.03616887	0.47728364	0.03613009	0.47728523	0.52648563	0.52655900	0.27828498	0.27798784	0.52672146	0.52669492	0.27832360	0.27808300	59975	37919	0
59975	38251	0.00091387	0.03657951	0.47583104	0.03657631	0.47386227	0.52640617	0.52654997	0.27781972	0.27781816	0.52658440	0.52652934	0.27794018	0.27784906	59975	38250	0
59975	38255	-0.00024479	0.03650823	0.47449803	0.03657464	0.47797403	0.52670601	0.52651176	0.27795284	0.27784289	0.52641553	0.52655235	0.27796081	0.27775817	59975	38253	0
59975	38258	0.00082770	0.03651767	0.47926098	0.03661156	0.47604351	0.52640239	0.52636697	0.27773319	0.27767033	0.52655112	0.52628332	0.27805457	0.27764626	59975	38256	0
59975	38261	0.00109331	0.03658041	0.47721277	0.03655960	0.47641592	0.52642096	0.52627864	0.27772917	0.27765226	0.52634265	0.52627535	0.27774026	0.27756236	59975	38259	0
59975	38264	0.00110686	0.03646463	0.47763054	0.03664636	0.47758990	0.52629688	0.52652038	0.27783049	0.27783911	0.52632498	0.52633131	0.27772999	0.27771651	59975	38263	0
59975	38595	0.00049144	0.03664700	0.47559343	0.03650212	0.47743970	0.52671562	0.52669845	0.27816295	0.27780846	0.52680149	0.52675145	0.27821924	0.27792087	59975	38593	0
59975	38598	0.00031253	0.03667495	0.47615025	0.03674712	0.47668698	0.52683954	0.52675277	0.27802071	0.27790403	0.52684258	0.52694012	0.27817051	0.27806591	59975	38596	0
59975	38601	0.00186872	0.03660016	0.48028519	0.03657905	0.47561661	0.52686025	0.52684767	0.27803016	0.27791734	0.52666714	0.52669557	0.27821907	0.27786483	59975	38600	0
59975	38605	0.00008210	0.03676177	0.47360945	0.03679238	0.47896933	0.52671981	0.52659204	0.27811989	0.27787543	0.52672433	0.52658744	0.27797314	0.27778973	59975	38603	0
59975	38608	0.00064444	0.03670975	0.47852655	0.03663656	0.47683953	0.52691809	0.52681612	0.27803698	0.27786598	0.52666969	0.52662392	0.27809491	0.27783205	59975	38606	0
59975	38938	0.00035314	0.03658171	0.47731421	0.03667349	0.47818809	0.52727250	0.52722583	0.27870044	0.27839476	0.52732287	0.52728442	0.27848276	0.27840799	59975	38937	0
59975	38941	0.00092500	0.03651075	0.47790172	0.03651909	0.47618617	0.52730364	0.52733659	0.27861999	0.27845228	0.52738302	0.52731556	0.27876346	0.27850857	59975	38940	0
59975	38945	0.00121184	0.03657639	0.47722271	0.03651215	0.47636218	0.52722418	0.52733035	0.27874062	0.27851070	0.52747144	0.52744161	0.27858441	0.27851555	59975	38943	0
59975	38948	0.00088861	0.03659961	0.47640762	0.03661427	0.47737729	0.52747834	0.52756511	0.27875294	0.27851350	0.52737653	0.52734506	0.27845614	0.27835762	59975	38946	0
59975	38951	0.00104156	0.03660413	0.47701867	0.03653631	0.47655985	0.52728302	0.52729132	0.27864735	0.27834677	0.52730578	0.52723955	0.27852845	0.27828711	59975	38950	0
59975	39282	0.00162286	0.03661473	0.47674493	0.03664514	0.47500101	0.52775690	0.52775567	0.27879723	0.27869099	0.52785699	0.52801607	0.27885492	0.27896470	59975	39280	0
59975	39285	0.00031687	0.03656440	0.47578505	0.03659971	0.47970301	0.52775633	0.52777901	0.27902920	0.27881383	0.52776635	0.52782132	0.27881087	0.27875155	59975	39283	0
59975	39288	0.00192754	0.03668223	0.47878441	0.03668378	0.47395242	0.52782058	0.52781837	0.27901211	0.27880455	0.52791475	0.52774047	0.27902518	0.27882410	59975	39287	0
59975	39292	0.00067622	0.03648407	0.47637849	0.03643867	0.48013243	0.52777366	0.52781648	0.27913742	0.27885163	0.52786414	0.52776947	0.27889691	0.27881580	59975	39290	0
59975	39295	0.00114131	0.03652899	0.47902599	0.03671589	0.47763072	0.52786997	0.52777933	0.27889847	0.27878228	0.52777120	0.52775312	0.27886429	0.27877924	59975	39293	0
59975	39625	0.00030036	0.03678304	0.47392607	0.03686262	0.47644893	0.52746084	0.52732262	0.27823099	0.27808160	0.52754531	0.52746281	0.27846641	0.27818990	59975	39624	0
59975	39628	0.00133757	0.03685758	0.47789623	0.03679311	0.47478460	0.52750414	0.52752871	0.27834833	0.27819746	0.52747883	0.52761951	0.27849813	0.27831735	59975	39627	0
59975	39632	0.00145592	0.03684873	0.47602702	0.03680743	0.47567195	0.52750357	0.52758623	0.27840347	0.27829936	0.52761598	0.52759445	0.27843091	0.27828391	59975	39630	0
59975	39635	0.00098578	0.03674155	0.47628236	0.03684185	0.47769279	0.52749888	0.52753956	0.27852927	0.27827602	0.52753931	0.52753348	0.27858983	0.27829065	59975	39633	0
59975	39638	-0.00023916	0.03686863	0.47533255	0.03679695	0.47900735	0.52764819	0.52763101	0.27837569	0.27832845	0.52748598	0.52751187	0.27853815	0.27825170	59975	39637	0
59975	39969	0.00024167	0.03715065	0.47627126	0.03712576	0.47482877	0.52754515	0.52763299	0.27831809	0.27820642	0.52768385	0.52769133	0.27845532	0.27826435	59975	39967	0
59975	39972	0.00059608	0.03699945	0.47831225	0.03704786	0.47724903	0.52773603	0.52779281	0.27856370	0.27829944	0.52775970	0.52764589	0.27856888	0.27824529	59975	39970	0
59975	39975	0.00097760	0.03692496	0.47783615	0.03689348	0.47669158	0.52776627	0.52774712	0.27849862	0.27834784	0.52772157	0.52767876	0.27840191	0.27834545	59975	39974	0
59975	39979	0.00011740	0.03683620	0.47605763	0.03682430	0.47863825	0.52766183	0.52789939	0.27865713	0.27846354	0.52794631	0.52772329	0.27868540	0.27833674	59975	39977	0
59975	39982	0.00077756	0.03693436	0.47807224	0.03686961	0.47609177	0.52767547	0.52777440	0.27855244	0.27827134	0.52778895	0.52779930	0.27846510	0.27837479	59975	39980	0
59975	40312	0.00110095	0.03716180	0.47806974	0.03703074	0.47709955	0.52764153	0.52756709	0.27842713	0.27818366	0.52761721	0.52759165	0.27847759	0.27828473	59975	40311	0
59975	40315	0.00212463	0.03707895	0.47937444	0.03694945	0.47630342	0.52775772	0.52780924	0.27843305	0.27835852	0.52781155	0.52779593	0.27854119	0.27837594	59975	40314	0
59975	40319	0.00037692	0.03698740	0.47447753	0.03698586	0.47972066	0.52787268	0.52781713	0.27841645	0.27836707	0.52794047	0.52775255	0.27851128	0.27827084	59975	40317	0
59975	40322	0.00093964	0.03708496	0.47622684	0.03696851	0.47453869	0.52770349	0.52774638	0.27843847	0.27829393	0.52774885	0.52779108	0.27845548	0.27827733	59975	40320	0
59975	40325	0.00067519	0.03685630	0.47781136	0.03695790	0.47860470	0.52777531	0.52780579	0.27842919	0.27834011	0.52772379	0.52776027	0.27840339	0.27836320	59975	40324	0
59975	40656	0.00054934	0.03678676	0.47459417	0.03671909	0.47497174	0.52807269	0.52812232	0.27884210	0.27866338	0.52825839	0.52825708	0.27886420	0.27883158	59975	40654	0
59975	40659	0.00013363	0.03665286	0.47503014	0.03665701	0.47627725	0.52833416	0.52833424	0.27897941	0.27890455	0.52821484	0.52828329	0.27916438	0.27882369	59975	40657	0
59975	40662	0.00018373	0.03674998	0.47675758	0.03675546	0.47660728	0.52828181	0.52826784	0.27915517	0.27883487	0.52825190	0.52824705	0.27886568	0.27880471	59975	40661	0
59975	40665	0.00053776	0.03666072	0.47750153	0.03664118	0.47643946	0.52833662	0.52823136	0.27887743	0.27884547	0.52818633	0.52819857	0.27901351	0.27884161	59975	40664	0
59975	40669	0.00047460	0.03682552	0.47582385	0.03679349	0.47601332	0.52805765	0.52810202	0.27900488	0.27871531	0.52839628	0.52821221	0.27909667	0.27883405	59975	40667	0
59975	40999	-0.00002909	0.03699519	0.47595903	0.03710642	0.47747011	0.52834320	0.52829184	0.27877234	0.27866699	0.52826899	0.52833284	0.27896437	0.27871892	59975	40997	0
59975	41002	0.00105266	0.03692587	0.47925146	0.03703648	0.47600620	0.52843572	0.52840975	0.27892780	0.27881433	0.52835158	0.52852833	0.27906906	0.27891671	59975	41001	0
59975	41006	0.00119273	0.03685446	0.47663868	0.03686052	0.47621847	0.52844155	0.52848239	0.27894900	0.27882254	0.52841025	0.52839529	0.27897793	0.27878318	59975	41004	0
59975	41009	0.00067599	0.03697226	0.47594532	0.03708419	0.47749556	0.52841436	0.52837919	0.27889863	0.27883635	0.52836785	0.52834862	0.27879773	0.27873593	59975	41007	0
59975	41012	0.00145879	0.03697282	0.47934231	0.03693995	0.47699389	0.52848100	0.52847968	0.27919552	0.27884933	0.52838708	0.52844279	0.27895369	0.27873585	59975	41011	0
59975	41343	0.00130114	0.03719744	0.47713503	0.03712874	0.47760799	0.52828913	0.52826234	0.27887604	0.27865787	0.52840647	0.52837713	0.27887070	0.27876075	59975	41341	0
59975	41346	0.00095506	0.03714212	0.47651793	0.03709292	0.47755619	0.52842463	0.52840959	0.27886733	0.27867077	0.52846662	0.52854747	0.27908705	0.27885541	59975	41344	0
59975	41349	0.00044862	0.03700636	0.47788459	0.03704698	0.47940389	0.52843917	0.52848478	0.27899420	0.27879428	0.52842602	0.52844271	0.27892846	0.27884054	59975	41347	0
59975	41352	0.00037636	0.03708020	0.47778100	0.03715303	0.47799778	0.52851502	0.52853696	0.27889946	0.27891433	0.52844114	0.52844533	0.27907727	0.27879929	59975	41351	0
59975	41356	0.00164966	0.03713833	0.47971231	0.03710969	0.47589242	0.52858815	0.52857771	0.27894564	0.27890077	0.52848765	0.52855931	0.27916832	0.27888894	59975	41354	0
59975	41686	0.00164013	0.03666456	0.47849515	0.03666044	0.47852376	0.52963830	0.52983428	0.28051996	0.28033014	0.52990035	0.53001687	0.28040065	0.28053500	59975	41684	0
59975	41689	-0.00012598	0.03660742	0.47459896	0.03675416	0.47989728	0.52982886	0.53002401	0.28060977	0.28047222	0.53000585	0.52995466	0.28054133	0.28048627	59975	41688	0
59975	41693	0.00063591	0.03684791	0.47935550	0.03675878	0.47706984	0.53006452	0.53003897	0.28070665	0.28057247	0.53004546	0.52990840	0.28059507	0.28050755	59975	41691	0
59975	41696	0.00124052	0.03674852	0.47867111	0.03675135	0.47685727	0.53005754	0.52997110	0.28074988	0.28049506	0.52995113	0.52994817	0.28071561	0.28049819	59975	41694	0
59975	41699	0.00044396	0.03682721	0.47690985	0.03674009	0.47929953	0.53004752	0.53002714	0.28061232	0.28057493	0.52997282	0.52991637	0.28077642	0.28054453	59975	41698	0
59975	42030	0.00028558	0.03713762	0.47690234	0.03711619	0.47737748	0.53005121	0.53005540	0.28054543	0.28041445	0.53013856	0.53016025	0.28083813	0.28062876	59975	42028	0
59975	42033	0.00163831	0.03713742	0.47936373	0.03709832	0.47530556	0.53041901	0.53030290	0.28073311	0.28064913	0.53027546	0.53026059	0.28090099	0.28061018	59975	42031	0
59975	42036	0.00041424	0.03707614	0.47551831	0.03717753	0.47919051	0.53035130	0.53034407	0.28096500	0.28060994	0.53045525	0.53033964	0.28066310	0.28063007	59975	42035	0
59975	42039	0.00113387	0.03712669	0.47775637	0.03709568	0.47559748	0.53038204	0.53029181	0.28075752	0.28064675	0.53009871	0.53022377	0.28082046	0.28055858	59975	42038	0
59975	42043	0.00001282	0.03718697	0.47480675	0.03713683	0.47816988	0.53039600	0.53023963	0.28070789	0.28067165	0.53041778	0.53039107	0.28072490	0.28061470	59975	42041	0
59975	42373	0.00143264	0.03651157	0.47862745	0.03653082	0.47436800	0.52986189	0.52985507	0.28046474	0.28022332	0.52987241	0.52997981	0.28041511	0.28031856	59975	42372	0
59975	42376	-0.00001681	0.03653089	0.47386302	0.03658580	0.47821137	0.52997759	0.53011202	0.28044880	0.28036926	0.53007923	0.53007874	0.28040845	0.28040960	59975	42375	0
59975	42380	0.00038571	0.03648448	0.47799014	0.03658892	0.47678256	0.52992943	0.53002369	0.28054634	0.28034740	0.53008951	0.53004505	0.28040755	0.28039070	59975	42378	0
59975	42383	0.00096673	0.03664278	0.47927725	0.03661578	0.47753419	0.53009082	0.53020742	0.28046901	0.28039563	0.53005746	0.53014949	0.28072909	0.28038783	59975	42381	0
59975	42386	0.00060724	0.03671484	0.47842237	0.03670213	0.47950084	0.53021301	0.53011629	0.28050985	0.28033261	0.53005080	0.53006937	0.28058274	0.28041536	59975	42385	0
59975	42717	0.00106130	0.03703100	0.47817477	0.03707314	0.47681260	0.52903500	0.52917058	0.27952199	0.27934326	0.52923509	0.52923911	0.27955001	0.27936816	59975	42715	0
59975	42720	0.00107836	0.03712038	0.47653291	0.03708139	0.47648173	0.52932753	0.52920953	0.27969200	0.27940333	0.52930986	0.52939516	0.27973876	0.27952552	59975	42718	0
59975	42723	0.00110595	0.03714519	0.47700739	0.03713138	0.47692462	0.52920550	0.52907559	0.27939248	0.27926676	0.52926475	0.52935300	0.27964779	0.27955198	59975	42722	0
59975	42726	0.00091792	0.03714256	0.47566027	0.03711785	0.47622434	0.52934100	0.52935941	0.27961147	0.27950038	0.52935916	0.52931800	0.27970030	0.27948485	59975	42725	0
59975	42730	0.00067352	0.03713742	0.47837030	0.03719861	0.47910352	0.52948480	0.52952581	0.27973177	0.27963703	0.52954208	0.52951521	0.27980416	0.27972142	59975	42728	0
59975	43060	-0.00002211	0.03676403	0.47706082	0.03661839	0.47914770	0.52997364	0.52983781	0.28016892	0.28006407	0.52991407	0.52998318	0.28030196	0.28015816	59975	43058	0
59975	43063	0.00104756	0.03673466	0.47933221	0.03667264	0.47612320	0.53003897	0.52991037	0.28034551	0.28018478	0.52990265	0.52991538	0.28043483	0.28013507	59975	43062	0
59975	43067	-0.00008657	0.03673993	0.47745525	0.03668675	0.48085764	0.52989221	0.52995663	0.28035529	0.28013581	0.52997364	0.52994184	0.28043516	0.28014214	59975	43065	0
59975	43070	0.00112625	0.03669005	0.47880017	0.03668378	0.47516170	0.52988769	0.52990487	0.28022677	0.28016950	0.52998564	0.52985252	0.28026022	0.28018799	59975	43068	0
59975	43073	0.00106261	0.03671890	0.47695363	0.03676612	0.47714456	0.52999550	0.53009501	0.28033047	0.28027230	0.52991095	0.53001933	0.28025422	0.28018725	59975	43071	0
59975	43403	0.00048637	0.03682452	0.47496998	0.03682440	0.47669869	0.52979821	0.52989969	0.27965083	0.27968181	0.52976082	0.52987496	0.27989127	0.27971345	59975	43402	0
59975	43407	0.00041034	0.03689549	0.47691401	0.03685002	0.47714209	0.52995918	0.52993190	0.27981830	0.27983054	0.52981957	0.52992442	0.27998174	0.27978954	59975	43405	0
59975	43410	-0.00056510	0.03682980	0.47409889	0.03686953	0.47702524	0.52993798	0.52994266	0.27993827	0.27976111	0.52988958	0.52981891	0.28003392	0.27970860	59975	43408	0
59975	43413	0.00116564	0.03679267	0.48032220	0.03682543	0.47512997	0.53003568	0.52990199	0.27980655	0.27973013	0.53001555	0.52996592	0.27975264	0.27975798	59975	43412	0
59975	43417	0.00069668	0.03680389	0.47625265	0.03695692	0.47765952	0.52988646	0.52994151	0.28000318	0.27978198	0.52992196	0.52992097	0.27989258	0.27976111	59975	43415	0
59975	43747	-0.00035805	0.03669673	0.47537975	0.03675498	0.47854394	0.52987841	0.52991021	0.27968255	0.27936824	0.52985252	0.52977117	0.27972561	0.27938221	59975	43745	0
59975	43750	0.00179719	0.03678345	0.48044370	0.03662931	0.47397798	0.52986855	0.52980996	0.27948649	0.27937704	0.52982384	0.52994431	0.27940875	0.27939462	59975	43749	0
59975	43753	0.00107414	0.03676179	0.47654657	0.03681774	0.47871572	0.52961061	0.52969673	0.27952314	0.27924918	0.52968021	0.52969270	0.27948986	0.27926898	59975	43752	0
59975	43757	0.00022502	0.03675485	0.47658798	0.03692816	0.47913535	0.52959459	0.52971078	0.27946176	0.27920226	0.52975244	0.52974997	0.27947153	0.27934680	59975	43755	0
59975	43760	0.00046514	0.03691175	0.47764162	0.03684792	0.47692127	0.52984521	0.52969599	0.27945485	0.27931713	0.52970757	0.52964726	0.27934335	0.27919215	59975	43758	0
59975	44090	0.00079135	0.03675356	0.47716259	0.03670999	0.47618394	0.53021523	0.53003618	0.27981394	0.27972281	0.53013495	0.53019625	0.28010368	0.27983950	59975	44089	0
59975	44094	0.00159036	0.03674005	0.47853437	0.03680999	0.47613734	0.53014029	0.53018597	0.27989496	0.27978658	0.53034506	0.53014916	0.28025003	0.27977943	59975	44092	0
59975	44097	0.00123809	0.03683464	0.47673466	0.03677788	0.47779149	0.53032312	0.53016338	0.27998971	0.27982693	0.53016231	0.53025147	0.28002093	0.27997771	59975	44095	0
59975	44100	0.00062218	0.03685469	0.47686214	0.03691040	0.47870985	0.53045213	0.53032575	0.27999291	0.27993079	0.53038508	0.53026165	0.27999792	0.27991805	59975	44099	0
59975	44103	0.00066996	0.03688700	0.47727176	0.03682303	0.47712842	0.53034835	0.53017258	0.28007270	0.27987557	0.53026880	0.53008375	0.28006785	0.27980482	59975	44102	0
59975	44434	0.00028769	0.03691526	0.47610121	0.03691665	0.47724803	0.53037522	0.53037727	0.27996234	0.27973037	0.53042600	0.53047456	0.28010393	0.27985774	59975	44432	0
59975	44437	0.00041792	0.03687768	0.47825405	0.03689091	0.47786336	0.53051729	0.53058590	0.27985749	0.27985454	0.53052625	0.53044276	0.27997147	0.27985815	59975	44435	0
59975	44440	0.00089931	0.03695506	0.47673207	0.03693569	0.47528790	0.53055188	0.53048606	0.27994361	0.27983580	0.53058311	0.53051507	0.27986892	0.27976957	59975	44439	0
59975	44444	0.00095486	0.03694873	0.47640672	0.03704093	0.47624006	0.53050784	0.53041794	0.28015233	0.27981526	0.53041696	0.53047735	0.28009916	0.27975026	59975	44442	0
59975	44447	0.00049691	0.03685262	0.47625373	0.03691400	0.47762758	0.53044021	0.53043085	0.27990984	0.27982454	0.53041647	0.53079791	0.28004591	0.27998856	59975	44445	0
59975	44777	0.00086317	0.03680688	0.47689920	0.03691255	0.47580040	0.53034958	0.53028795	0.27965667	0.27961558	0.53041063	0.53052986	0.27983366	0.27975100	59975	44776	0
59975	44780	0.00115567	0.03687176	0.47788427	0.03684883	0.47700680	0.53043117	0.53045336	0.27977195	0.27974648	0.53045377	0.53050759	0.27996103	0.27977023	59975	44779	0
59975	44784	0.00004113	0.03692800	0.47559651	0.03686081	0.47894011	0.53051655	0.53046528	0.27978806	0.27967318	0.53055254	0.53056043	0.27986629	0.27979340	59975	44782	0
59975	44787	0.00116470	0.03683508	0.47949291	0.03684188	0.47612222	0.53055616	0.53048229	0.27985914	0.27971049	0.53033931	0.53042156	0.27986661	0.27963423	59975	44785	0
59975	44790	0.00047370	0.03677047	0.47499992	0.03692934	0.47707290	0.53038319	0.53047793	0.27976908	0.27964639	0.53036979	0.53054038	0.27992676	0.27974089	59975	44789	0
59975	45121	0.00030916	0.03657832	0.47653209	0.03671292	0.47702571	0.53087663	0.53083316	0.28019522	0.27992126	0.53105436	0.53102667	0.28024140	0.28013178	59975	45119	0
59975	45124	0.00124453	0.03648295	0.47895357	0.03660092	0.47614745	0.53092034	0.53091097	0.28030812	0.28003531	0.53088049	0.53096069	0.28028602	0.28008305	59975	45122	0
59975	45127	-0.00040514	0.03655980	0.47583959	0.03662928	0.48078861	0.53089668	0.53097909	0.28024041	0.28012217	0.53110112	0.53101459	0.28027394	0.28011740	59975	45126	0
59975	45130	0.00055693	0.03664600	0.47862445	0.03667341	0.47573823	0.53109512	0.53099076	0.28015372	0.28012874	0.53087876	0.53094146	0.28036663	0.28006005	59975	45129	0
59975	45134	0.00076944	0.03661892	0.47704658	0.03666885	0.47640905	0.53093242	0.53094187	0.28026038	0.28007763	0.53122150	0.53091738	0.28035208	0.28009078	59975	45132	0
59975	45464	0.00107395	0.03684628	0.47694228	0.03687115	0.47602876	0.53017431	0.53013199	0.27944672	0.27916273	0.53036922	0.53032599	0.27953037	0.27939290	59975	45462	0
59975	45467	-0.00097830	0.03681578	0.47378802	0.03693248	0.47994476	0.53020594	0.53016913	0.27935485	0.27922732	0.53029814	0.53020479	0.27955617	0.27925345	59975	45466	0
59975	45471	0.00033535	0.03698271	0.47998565	0.03695125	0.47604470	0.53013519	0.53031145	0.27957499	0.27931615	0.53022509	0.53019764	0.27928024	0.27930949	59975	45469	0
59975	45474	-0.00040988	0.03696038	0.47516782	0.03693353	0.47740349	0.53014604	0.53009641	0.27931072	0.27918960	0.53014053	0.53007200	0.27921836	0.27910710	59975	45472	0
59975	45477	0.00103671	0.03698832	0.47817430	0.03689269	0.47383455	0.53014300	0.53010273	0.27949446	0.27913274	0.53009107	0.53029050	0.27947170	0.27930226	59975	45475	0
59975	45807	0.00070390	0.03686790	0.47593139	0.03683989	0.47692980	0.53054046	0.53066027	0.27953144	0.27954877	0.53066471	0.53071179	0.27989595	0.27963349	59975	45806	0
59975	45811	0.00042210	0.03685862	0.47710056	0.03686248	0.47794597	0.53085871	0.53071146	0.27993975	0.27968469	0.53085691	0.53073907	0.27978896	0.27971813	59975	45809	0
59975	45814	0.00088372	0.03697071	0.47829921	0.03691637	0.47691433	0.53089668	0.53072444	0.27985758	0.27968082	0.53077786	0.53073151	0.27969134	0.27969323	59975	45812	0
59975	45817	-0.00035030	0.03695620	0.47703842	0.03685221	0.48074049	0.53083702	0.53073398	0.27981000	0.27966735	0.53071253	0.53089783	0.27989603	0.27983785	59975	45816	0
59975	45821	0.00040650	0.03687786	0.47819074	0.03683954	0.47592035	0.53083472	0.53086677	0.27990926	0.27974344	0.53093226	0.53092223	0.27997089	0.27972692	59975	45819	0
59975	46151	0.00130324	0.03681264	0.47790831	0.03672876	0.47521807	0.53221816	0.53223648	0.28134398	0.28112803	0.53220000	0.53219022	0.28140257	0.28115753	59975	46149	0
59975	46154	-0.00076933	0.03678347	0.47378014	0.03666219	0.47999786	0.53213024	0.53222662	0.28139525	0.28119426	0.53211668	0.53216688	0.28138860	0.28112515	59975	46153	0
59975	46157	0.00089321	0.03661994	0.47961568	0.03666857	0.47462806	0.53219145	0.53218562	0.28126780	0.28119056	0.53236952	0.53228242	0.28122409	0.28113222	59975	46156	0
59975	46161	0.00036520	0.03663533	0.47725949	0.03664855	0.47884351	0.53232432	0.53227510	0.28131727	0.28118514	0.53219252	0.53220879	0.28144193	0.28120560	59975	46159	0
59975	46164	0.00048597	0.03662867	0.47824239	0.03656032	0.47788008	0.53222054	0.53215924	0.28137274	0.28118366	0.53225801	0.53222769	0.28121028	0.28114545	59975	46162	0
59975	46494	0.00127976	0.03649507	0.47949662	0.03646456	0.47711522	0.53102651	0.53106694	0.28025068	0.28004928	0.53110087	0.53106299	0.28019169	0.28007319	59975	46493	0
59975	46498	0.00025694	0.03646827	0.47560509	0.03643123	0.47867356	0.53123785	0.53113727	0.28022373	0.28011979	0.53137853	0.53126045	0.28032489	0.28020508	59975	46496	0
59975	46501	0.00094351	0.03641799	0.47998324	0.03631178	0.47792352	0.53123465	0.53122709	0.28024345	0.28007812	0.53107203	0.53105814	0.28030344	0.28011239	59975	46499	0
59975	46504	0.00108862	0.03630399	0.47902406	0.03626709	0.47858873	0.53108493	0.53117877	0.28011979	0.28005692	0.53118518	0.53121517	0.28029826	0.28016013	59975	46502	0
59975	46507	0.00038697	0.03629998	0.47501132	0.03623177	0.47711628	0.53114771	0.53120334	0.28036383	0.28018232	0.53134772	0.53124878	0.28033631	0.28013975	59975	46506	0
59975	46838	0.00134930	0.03663598	0.48015770	0.03660345	0.47727071	0.53219893	0.53223032	0.28113781	0.28087519	0.53231356	0.53228883	0.28107914	0.28094388	59975	46836	0
59975	46841	0.00030876	0.03657704	0.47603101	0.03675926	0.47915264	0.53244602	0.53236204	0.28143979	0.28107585	0.53240880	0.53228989	0.28120231	0.28105827	59975	46839	0
59975	46844	0.00043629	0.03661284	0.47900436	0.03665016	0.47862176	0.53235046	0.53233427	0.28114093	0.28110083	0.53233386	0.53242227	0.28127454	0.28112359	59975	46843	0
59975	46848	0.00065385	0.03667945	0.47863171	0.03663342	0.47797905	0.53246295	0.53235366	0.28120749	0.28113411	0.53233640	0.53239228	0.28141464	0.28112409	59975	46846	0
59975	46851	0.00023170	0.03667280	0.47683405	0.03653907	0.47810047	0.53236763	0.53242449	0.28140659	0.28109056	0.53226664	0.53239532	0.28128317	0.28108201	59975	46849	0
59975	47181	0.00161452	0.03683297	0.47967700	0.03685996	0.47552854	0.53090851	0.53088254	0.27978222	0.27956578	0.53100892	0.53104269	0.27960005	0.27957269	59975	47180	0
59975	47184	0.00041076	0.03683766	0.47525292	0.03683630	0.47886422	0.53103900	0.53104434	0.27982545	0.27958600	0.53103990	0.53100333	0.27964204	0.27957104	59975	47183	0
59975	47188	0.00036502	0.03693081	0.47684757	0.03695332	0.47698478	0.53104426	0.53105601	0.27963916	0.27954861	0.53105625	0.53100736	0.27982060	0.27945806	59975	47186	0
59975	47191	0.00103143	0.03698701	0.47805365	0.03699795	0.47605441	0.53107597	0.53105165	0.27964245	0.27956751	0.53105461	0.53101147	0.27967606	0.27952306	59975	47189	0
59975	47194	0.00061632	0.03691661	0.47674928	0.03692536	0.47799461	0.53103867	0.53100029	0.27965215	0.27954688	0.53097006	0.53107211	0.27987302	0.27955683	59975	47193	0
59975	47525	0.00058258	0.03670867	0.47743659	0.03675953	0.47753782	0.53153096	0.53162291	0.28048750	0.28031749	0.53185192	0.53175405	0.28049851	0.28039670	59975	47523	0
59975	47528	0.00089868	0.03673476	0.47928762	0.03663445	0.47833931	0.53194584	0.53180459	0.28058751	0.28049169	0.53166884	0.53169966	0.28073270	0.28035915	59975	47526	0
59975	47531	-0.00003758	0.03668724	0.47715338	0.03670222	0.47996214	0.53185184	0.53183590	0.28059022	0.28044954	0.53186712	0.53189498	0.28073566	0.28051298	59975	47530	0
59975	47534	0.00107249	0.03672832	0.47892074	0.03671194	0.47559054	0.53195085	0.53198627	0.28079606	0.28052867	0.53179284	0.53181692	0.28076968	0.28044527	59975	47533	0
59975	47538	0.00058750	0.03672748	0.47649634	0.03672298	0.47795130	0.53166556	0.53175677	0.28064667	0.28044190	0.53173080	0.53186186	0.28069260	0.28052021	59975	47536	0
59975	47868	0.00116422	0.03658740	0.47810223	0.03652137	0.47637207	0.53242359	0.53235087	0.28117922	0.28106615	0.53242153	0.53240354	0.28135597	0.28110223	59975	47866	0
59975	47871	0.00120239	0.03650328	0.47817152	0.03645326	0.47805704	0.53248513	0.53235966	0.28116197	0.28115186	0.53244462	0.53253008	0.28123485	0.28116755	59975	47870	0
59975	47875	0.00020970	0.03645130	0.47772673	0.03660777	0.48070478	0.53237774	0.53239433	0.28126928	0.28109114	0.53226187	0.53224979	0.28135819	0.28105440	59975	47873	0
59975	47878	-0.00051663	0.03643107	0.47840943	0.03663725	0.48058843	0.53233328	0.53230140	0.28107445	0.28098423	0.53230477	0.53232120	0.28117700	0.28103230	59975	47876	0
59975	47881	0.00090849	0.03664180	0.48078715	0.03667712	0.47651178	0.53236253	0.53235432	0.28127323	0.28113247	0.53223459	0.53234290	0.28117980	0.28108095	59975	47879	0
59975	48211	0.00050990	0.03688627	0.47908595	0.03680318	0.48028173	0.53152931	0.53136719	0.28002208	0.27984944	0.53150762	0.53154312	0.27990441	0.27986694	59975	48210	0
59975	48215	-0.00012700	0.03686830	0.47564708	0.03698282	0.47755777	0.53156210	0.53148708	0.28001576	0.27992520	0.53146925	0.53149028	0.28007969	0.27990729	59975	48213	0
59975	48218	0.00070661	0.03679351	0.47808285	0.03696918	0.47558204	0.53145824	0.53149275	0.27995659	0.27980671	0.53126752	0.53141912	0.27998880	0.27974541	59975	48216	0
59975	48221	0.00053522	0.03696024	0.47844998	0.03690137	0.47896415	0.53152537	0.53152973	0.27983128	0.27984772	0.53137146	0.53132479	0.27997327	0.27970934	59975	48220	0
59975	48225	0.00186441	0.03678984	0.48192445	0.03711320	0.47793688	0.53135897	0.53147894	0.27993646	0.27972684	0.53135092	0.53138009	0.27972207	0.27960145	59975	48223	0
59975	48555	0.00105037	0.03707077	0.47496198	0.03701340	0.47740412	0.53152849	0.53158190	0.28023080	0.28003227	0.53159702	0.53159431	0.28031585	0.28004912	59975	48553	0
59975	48558	0.00112690	0.03706630	0.47813739	0.03708761	0.47790779	0.53176424	0.53176276	0.28051840	0.28019596	0.53182546	0.53170179	0.28028240	0.28014855	59975	48557	0
59975	48561	0.00107920	0.03703669	0.47789964	0.03708095	0.47804276	0.53176391	0.53176975	0.28023556	0.28012759	0.53180443	0.53183877	0.28026523	0.28020615	59975	48560	0
59975	48565	0.00069773	0.03701187	0.47678523	0.03688156	0.47792962	0.53171272	0.53175159	0.28040180	0.28017303	0.53184280	0.53178520	0.28047205	0.28024904	59975	48563	0
59975	48568	0.00048522	0.03692902	0.47696550	0.03692456	0.47760305	0.53176285	0.53179810	0.28037008	0.28020360	0.53176194	0.53183795	0.28043894	0.28019530	59975	48566	0
59975	48898	0.00021097	0.03690644	0.47813442	0.03689576	0.47895716	0.53214075	0.53211659	0.28096911	0.28063829	0.53241586	0.53223895	0.28086188	0.28078086	59975	48897	0
59975	48902	0.00119285	0.03695655	0.47976630	0.03699049	0.47682064	0.53231857	0.53248727	0.28097125	0.28093090	0.53239984	0.53248834	0.28096706	0.28090485	59975	48900	0
59975	48905	0.00195744	0.03699571	0.47905346	0.03703120	0.47675971	0.53236196	0.53230017	0.28086779	0.28075982	0.53227272	0.53223254	0.28092178	0.28071939	59975	48903	0
59975	48908	0.00040292	0.03707206	0.47383073	0.03697318	0.47849428	0.53224470	0.53228644	0.28083377	0.28077905	0.53235711	0.53229146	0.28109927	0.28087946	59975	48907	0
59975	48911	0.00013358	0.03686831	0.47793983	0.03698453	0.47874785	0.53241775	0.53225546	0.28091586	0.28075308	0.53232605	0.53242219	0.28101241	0.28087519	59975	48910	0
59975	49253	0.00051487	0.03662249	0.47782008	0.03657202	0.47667620	0.53161757	0.53173754	0.28064905	0.28042711	0.53171502	0.53178635	0.28045373	0.28045513	59975	49251	0
59975	49256	0.00019631	0.03658314	0.47765462	0.03655091	0.47861029	0.53169867	0.53166046	0.28047214	0.28035784	0.53177073	0.53177041	0.28060829	0.28044880	59975	49254	0
59975	49259	0.00065172	0.03655599	0.47735660	0.03650677	0.47599037	0.53162192	0.53176531	0.28068882	0.28035907	0.53151830	0.53175997	0.28047460	0.28049350	59975	49258	0
59975	49262	0.00074726	0.03649654	0.47857231	0.03650894	0.47828569	0.53146875	0.53152603	0.28054880	0.28035488	0.53155125	0.53159744	0.28064798	0.28038536	59975	49261	0
59975	49266	0.00069084	0.03643012	0.47600066	0.03669176	0.47616991	0.53165676	0.53148470	0.28044091	0.28038816	0.53186696	0.53177156	0.28059654	0.28049966	59975	49264	0
59975	49596	-0.00016026	0.03660713	0.47646584	0.03660598	0.47901915	0.53222416	0.53233887	0.28085801	0.28083632	0.53241570	0.53223106	0.28099220	0.28079129	59975	49595	0
59975	49599	0.00073790	0.03665017	0.47880392	0.03663646	0.47610945	0.53244060	0.53231364	0.28083805	0.28079244	0.53237379	0.53250247	0.28102334	0.28093476	59975	49598	0
59975	49603	0.00132392	0.03669105	0.47845953	0.03652978	0.47670147	0.53221586	0.53231890	0.28092244	0.28083369	0.53233106	0.53234922	0.28110174	0.28097075	59975	49601	0
59975	49606	0.00105585	0.03670263	0.47702097	0.03671746	0.47782517	0.53245588	0.53230699	0.28100239	0.28086253	0.53251126	0.53237305	0.28101997	0.28091529	59975	49604	0
59975	49609	0.00146983	0.03662105	0.47935210	0.03671000	0.47811017	0.53248177	0.53245991	0.28103386	0.28085054	0.53232687	0.53239458	0.28108234	0.28085514	59975	49608	0
59975	49940	0.00048020	0.03710972	0.47506576	0.03709155	0.47803463	0.53184157	0.53181429	0.28030171	0.28019127	0.53188988	0.53197452	0.28054823	0.28030303	59975	49938	0
59975	49943	0.00022818	0.03692995	0.47793901	0.03695918	0.47869508	0.53185759	0.53188840	0.28046310	0.28037402	0.53192144	0.53198570	0.28047468	0.28034945	59975	49941	0
59975	49946	0.00021375	0.03696369	0.47960063	0.03696980	0.47964393	0.53193902	0.53192620	0.28056902	0.28034354	0.53193228	0.53195833	0.28053311	0.28035438	59975	49945	0
59975	49949	0.00074074	0.03704800	0.47900300	0.03708263	0.47742202	0.53189564	0.53182546	0.28050640	0.28034050	0.53194617	0.53189613	0.28044165	0.28039243	59975	49948	0
59975	49953	0.00096721	0.03708849	0.47821521	0.03711214	0.47753580	0.53182316	0.53189588	0.28051380	0.28026457	0.53195546	0.53192678	0.28046137	0.28026597	59975	49951	0
59975	50283	0.00128174	0.03685236	0.47811393	0.03690850	0.47717034	0.53211988	0.53217485	0.28082030	0.28059622	0.53222120	0.53217740	0.28085152	0.28062514	59975	50281	0
59975	50286	0.00063840	0.03685158	0.47615936	0.03684940	0.47808938	0.53219030	0.53213122	0.28088431	0.28069482	0.53222859	0.53210509	0.28074396	0.28066187	59975	50285	0
59975	50290	0.00085291	0.03686450	0.47911096	0.03680204	0.47846742	0.53210871	0.53213903	0.28071504	0.28062087	0.53211051	0.53214059	0.28083517	0.28074897	59975	50288	0
59975	50293	0.00081235	0.03677924	0.47888781	0.03678338	0.47900948	0.53218340	0.53213566	0.28075497	0.28066195	0.53209942	0.53198791	0.28091545	0.28057814	59975	50291	0
59975	50296	0.00061284	0.03683977	0.47767966	0.03680560	0.47827822	0.53210221	0.53199728	0.28065801	0.28053434	0.53204757	0.53217198	0.28078874	0.28063377	59975	50294	0
59975	50626	0.00031221	0.03627997	0.47763351	0.03628905	0.47853538	0.53187633	0.53180319	0.28049194	0.28032497	0.53195447	0.53194864	0.28049613	0.28053023	59975	50625	0
59975	50630	0.00114222	0.03631989	0.47973243	0.03638662	0.47724240	0.53186063	0.53185562	0.28048068	0.28047518	0.53170804	0.53176654	0.28065809	0.28041815	59975	50628	0
59975	50633	0.00114328	0.03649360	0.47784626	0.03645769	0.47784311	0.53179859	0.53177756	0.28059474	0.28044017	0.53179645	0.53169169	0.28064881	0.28042283	59975	50631	0
59975	50636	0.00114143	0.03653568	0.47712081	0.03648189	0.47712636	0.53166112	0.53161732	0.28056384	0.28041741	0.53168051	0.53164945	0.28054946	0.28039473	59975	50635	0
59975	50639	-0.00016207	0.03648517	0.47696320	0.03651982	0.48087369	0.53167837	0.53172973	0.28063040	0.28043228	0.53166408	0.53174148	0.28059868	0.28043721	59975	50638	0
59975	50970	0.00087175	0.03650797	0.47988690	0.03653908	0.47678543	0.53163778	0.53169629	0.28050755	0.28022414	0.53176441	0.53175956	0.28069474	0.28033549	59975	50968	0
59975	50973	-0.00007051	0.03648795	0.47461727	0.03646539	0.47744406	0.53194297	0.53180738	0.28073155	0.28039186	0.53187493	0.53186153	0.28055423	0.28041174	59975	50972	0
59975	50976	0.00113835	0.03651585	0.47949838	0.03645151	0.47587178	0.53189161	0.53185948	0.28057156	0.28048619	0.53183976	0.53194025	0.28077428	0.28052004	59975	50975	0
59975	50980	0.00126582	0.03652285	0.47729236	0.03647980	0.47690998	0.53194806	0.53185685	0.28068233	0.28048537	0.53190969	0.53197206	0.28081874	0.28052045	59975	50978	0
59975	50983	0.00033063	0.03661029	0.47590007	0.03644960	0.47870563	0.53199794	0.53204732	0.28058825	0.28050879	0.53186112	0.53185447	0.28068759	0.28047288	59975	50981	0
59975	51313	0.00080572	0.03662265	0.47695656	0.03660073	0.47553128	0.53189416	0.53184748	0.28032316	0.28022349	0.53194231	0.53188454	0.28044461	0.28028298	59975	51312	0
59975	51317	0.00022106	0.03655547	0.47717901	0.03670845	0.47893301	0.53191355	0.53186720	0.28049588	0.28028380	0.53191158	0.53188290	0.28047419	0.28023754	59975	51315	0
59975	51320	0.00063608	0.03661685	0.47679040	0.03658329	0.47554531	0.53202292	0.53191708	0.28050813	0.28032267	0.53205160	0.53190525	0.28067206	0.28022250	59975	51318	0
59975	51323	0.00029376	0.03663852	0.47632919	0.03660959	0.47735617	0.53191782	0.53174378	0.28031774	0.28024214	0.53193130	0.53185932	0.28027829	0.28023466	59975	51321	0
59975	51326	0.00155802	0.03666048	0.47904065	0.03667057	0.47524785	0.53184387	0.53197649	0.28050336	0.28035126	0.53182834	0.53186408	0.28034707	0.28023400	59975	51325	0
59975	51657	0.00074260	0.03673733	0.47613796	0.03662681	0.47858422	0.53172661	0.53165676	0.28021593	0.28016547	0.53163491	0.53163129	0.28041199	0.28009250	59975	51655	0
59975	51660	0.00124868	0.03665187	0.47796457	0.03668574	0.47644635	0.53169136	0.53167837	0.28037443	0.28021149	0.53176367	0.53174460	0.28031979	0.28025011	59975	51658	0
59975	51663	0.00047617	0.03654624	0.47609220	0.03662993	0.47840972	0.53166605	0.53173203	0.28042390	0.28026852	0.53168454	0.53178314	0.28037254	0.28021601	59975	51662	0
59975	51667	0.00067853	0.03674865	0.47819339	0.03676525	0.47758633	0.53182004	0.53181363	0.28043006	0.28022266	0.53174140	0.53172727	0.28056778	0.28027509	59975	51665	0
59975	51670	0.00106888	0.03679804	0.47798739	0.03672070	0.47681634	0.53175118	0.53165002	0.28060797	0.28021888	0.53174247	0.53182094	0.28029424	0.28030812	59975	51668	0
59975	52000	0.00075287	0.03639205	0.47800319	0.03650137	0.47895123	0.53186112	0.53186523	0.28070213	0.28039958	0.53198422	0.53187509	0.28058266	0.28048307	59975	51999	0
59975	52003	-0.00012196	0.03646148	0.47658863	0.03649494	0.47921312	0.53181765	0.53184814	0.28070057	0.28044165	0.53190615	0.53203911	0.28069827	0.28047205	59975	52002	0
59975	52007	0.00061504	0.03648086	0.47782664	0.03651848	0.47561563	0.53190878	0.53178027	0.28047978	0.28040098	0.53184880	0.53188068	0.28070501	0.28046992	59975	52005	0
59975	52010	0.00002289	0.03651723	0.47798067	0.03653680	0.47975713	0.53188742	0.53192283	0.28061881	0.28050435	0.53184346	0.53183606	0.28072646	0.28056573	59975	52008	0
59975	52013	0.00109507	0.03656276	0.47871706	0.03660138	0.47550051	0.53187583	0.53184937	0.28079614	0.28051265	0.53172455	0.53179506	0.28069293	0.28037049	59975	52012	0
59975	52344	0.00111556	0.03677277	0.47852679	0.03681236	0.47846533	0.53150984	0.53154057	0.28030812	0.28001247	0.53175471	0.53164945	0.28025709	0.28015175	59975	52342	0
59975	52347	0.00032764	0.03674551	0.47472488	0.03686319	0.47708865	0.53161412	0.53171650	0.28044486	0.28024058	0.53201709	0.53179621	0.28050854	0.28025323	59975	52345	0
59975	52350	0.00078603	0.03681400	0.47741749	0.03674212	0.47604231	0.53169941	0.53179259	0.28030303	0.28025479	0.53179185	0.53176720	0.28032719	0.28022932	59975	52349	0
59975	52353	0.00130643	0.03683258	0.47869088	0.03688720	0.47712967	0.53182431	0.53182086	0.28028717	0.28030631	0.53175759	0.53180541	0.28034231	0.28014986	59975	52352	0
59975	52357	0.00061630	0.03692729	0.47815420	0.03681263	0.48022461	0.53170081	0.53178331	0.28030525	0.28019998	0.53177336	0.53177912	0.28031798	0.28017993	59975	52355	0
59975	52687	0.00094755	0.03692711	0.47928501	0.03686219	0.47829123	0.53209737	0.53211717	0.28072243	0.28062210	0.53223196	0.53236130	0.28076606	0.28072827	59975	52685	0
59975	52690	0.00080166	0.03686061	0.47678966	0.03690886	0.47722733	0.53219901	0.53227691	0.28092959	0.28069441	0.53227108	0.53229754	0.28097347	0.28068932	59975	52689	0
59975	52694	0.00096996	0.03693065	0.47790209	0.03704375	0.47739721	0.53233041	0.53223410	0.28087502	0.28072440	0.53226804	0.53217600	0.28083049	0.28073155	59975	52692	0
59975	52697	0.00030688	0.03692537	0.47638601	0.03701933	0.47837526	0.53236746	0.53226738	0.28077058	0.28064486	0.53217781	0.53221545	0.28092285	0.28072366	59975	52695	0
59975	52700	0.00148977	0.03698494	0.48008252	0.03697520	0.47653384	0.53229458	0.53227502	0.28078800	0.28071183	0.53214971	0.53241274	0.28089639	0.28088751	59975	52698	0
59975	53031	0.00067808	0.03651721	0.47538693	0.03656374	0.47782201	0.53252080	0.53252622	0.28135729	0.28127019	0.53255309	0.53251126	0.28150487	0.28129435	59975	53029	0
59975	53034	0.00088614	0.03652818	0.47890891	0.03642112	0.47828472	0.53258127	0.53264126	0.28145959	0.28140717	0.53268580	0.53267700	0.28147882	0.28143083	59975	53032	0
59975	53037	0.00063971	0.03642149	0.47705382	0.03645744	0.47779310	0.53264315	0.53264866	0.28157217	0.28137652	0.53256049	0.53267963	0.28156132	0.28137068	59975	53035	0
59975	53040	0.00124622	0.03651257	0.47928594	0.03645626	0.47746641	0.53275720	0.53266049	0.28159879	0.28135934	0.53250001	0.53264060	0.28156650	0.28139813	59975	53039	0
59975	53044	0.00120050	0.03664465	0.47811186	0.03664909	0.47824904	0.53269886	0.53272902	0.28147603	0.28139952	0.53285450	0.53259418	0.28169452	0.28140141	59975	53042	0
59975	53374	0.00148353	0.03635918	0.47969576	0.03630645	0.47884664	0.53194247	0.53183877	0.28058405	0.28051717	0.53189802	0.53183343	0.28075152	0.28051914	59975	53372	0
59975	53377	0.00067543	0.03625759	0.47677024	0.03630849	0.47919454	0.53185578	0.53175373	0.28077970	0.28056688	0.53204502	0.53198430	0.28069573	0.28054921	59975	53376	0
59975	53380	0.00080157	0.03631998	0.47774425	0.03618594	0.47736584	0.53199531	0.53188849	0.28070748	0.28056704	0.53184625	0.53189522	0.28084750	0.28063656	59975	53379	0
59975	53384	0.00045644	0.03615075	0.47826879	0.03621044	0.47930418	0.53191281	0.53179785	0.28064626	0.28055036	0.53194617	0.53186753	0.28055932	0.28053360	59975	53382	0
59975	53387	0.00049382	0.03622604	0.47703944	0.03627946	0.47692729	0.53190393	0.53187961	0.28083123	0.28057436	0.53185455	0.53181757	0.28059359	0.28049966	59975	53385	0
59975	53717	0.00026270	0.03671213	0.47819668	0.03667802	0.47889004	0.53108953	0.53111961	0.27971690	0.27968239	0.53106710	0.53116069	0.27982651	0.27964574	59975	53716	0
59975	53721	0.00092358	0.03672737	0.47841094	0.03675477	0.47642830	0.53114385	0.53120416	0.27991978	0.27975075	0.53113382	0.53124821	0.27994402	0.27968280	59975	53719	0
59975	53724	0.00100765	0.03676898	0.47767960	0.03678783	0.47742738	0.53124393	0.53116546	0.27994640	0.27972405	0.53126965	0.53131608	0.27994681	0.27980178	59975	53722	0
59975	53727	0.00039564	0.03677903	0.47855283	0.03686930	0.48038886	0.53128075	0.53124229	0.27994739	0.27975733	0.53127614	0.53130154	0.27988445	0.27972972	59975	53726	0
59975	53730	0.00012558	0.03682682	0.47783755	0.03680429	0.47864775	0.53134352	0.53138428	0.27983646	0.27980260	0.53133498	0.53131427	0.28001296	0.27974295	59975	53729	0
59975	54061	0.00103422	0.03672948	0.47871693	0.03665845	0.47599100	0.53151214	0.53147303	0.28020541	0.28018717	0.53149784	0.53152964	0.28033639	0.28018306	59975	54059	0
59975	54064	-0.00038259	0.03655356	0.47584607	0.03645852	0.48009650	0.53156711	0.53158371	0.28033951	0.28029013	0.53150171	0.53156079	0.28055275	0.28035093	59975	54063	0
59975	54067	0.00108704	0.03646860	0.48072988	0.03641658	0.47632100	0.53172184	0.53162595	0.28050821	0.28032579	0.53163466	0.53155265	0.28033417	0.28025052	59975	54066	0
59975	54071	0.00076189	0.03646503	0.47896225	0.03657688	0.47993769	0.53165413	0.53168363	0.28058290	0.28027928	0.53165191	0.53179341	0.28061224	0.28028339	59975	54069	0
59975	54074	0.00093770	0.03662069	0.47853797	0.03672415	0.47801054	0.53170377	0.53164468	0.28064774	0.28038199	0.53181544	0.53173195	0.28048183	0.28041297	59975	54072	0
59975	54404	0.00143134	0.03641554	0.47945409	0.03635352	0.47797319	0.53170886	0.53160138	0.28054856	0.28051963	0.53170664	0.53178158	0.28084002	0.28055792	59975	54403	0
59975	54408	0.00123368	0.03642132	0.47729670	0.03644854	0.47788967	0.53191577	0.53177747	0.28084413	0.28065423	0.53197871	0.53196104	0.28089976	0.28062843	59975	54406	0
59975	54411	0.00090532	0.03639970	0.47611723	0.03653966	0.47710230	0.53203656	0.53197493	0.28084248	0.28069129	0.53199835	0.53211224	0.28084963	0.28084166	59975	54409	0
59975	54414	0.00020600	0.03642013	0.47605942	0.03637032	0.47815738	0.53196540	0.53199284	0.28099442	0.28074782	0.53196704	0.53191002	0.28081109	0.28072112	59975	54412	0
59975	54417	0.00050725	0.03648140	0.47657948	0.03639663	0.47567573	0.53190944	0.53195866	0.28097651	0.28069770	0.53188849	0.53194962	0.28080189	0.28071224	59975	54416	0
59975	54748	0.00007979	0.03662841	0.47752157	0.03650930	0.47880396	0.53259779	0.53255375	0.28122738	0.28109985	0.53264340	0.53253633	0.28139238	0.28114586	59975	54746	0
59975	54751	0.00112623	0.03666948	0.47929507	0.03659520	0.47615576	0.53266320	0.53253082	0.28129591	0.28107133	0.53258177	0.53248144	0.28125170	0.28108053	59975	54749	0
59975	54754	-0.00018283	0.03659509	0.47507708	0.03664333	0.47900425	0.53266920	0.53262441	0.28120289	0.28112499	0.53254528	0.53258694	0.28126723	0.28116657	59975	54753	0
59975	54757	0.00012120	0.03662126	0.47792309	0.03660222	0.47701100	0.53257856	0.53259155	0.28123773	0.28112565	0.53259434	0.53263296	0.28138860	0.28121398	59975	54756	0
59975	54761	0.00100366	0.03674584	0.47884926	0.03663256	0.47620188	0.53257437	0.53244955	0.28127643	0.28113173	0.53256632	0.53247741	0.28121546	0.28117659	59975	54759	0
59975	55091	0.00085497	0.03667061	0.47904936	0.03656595	0.47949542	0.53234955	0.53270116	0.28108316	0.28107109	0.53249795	0.53249368	0.28104742	0.28096623	59975	55089	0
59975	55094	0.00053194	0.03659329	0.47779524	0.03688953	0.47876432	0.53248579	0.53247996	0.28118596	0.28102022	0.53260182	0.53243665	0.28108571	0.28100896	59975	55093	0
59975	55098	0.00010298	0.03667700	0.47579944	0.03678378	0.47708632	0.53257454	0.53245917	0.28110519	0.28099582	0.53275186	0.53262696	0.28140446	0.28104890	59975	55096	0
59975	55101	0.00046485	0.03680321	0.47881172	0.03678492	0.47772613	0.53246081	0.53254923	0.28118292	0.28103164	0.53244717	0.53253427	0.28118440	0.28101052	59975	55099	0
59975	55104	0.00032924	0.03687953	0.47751162	0.03663054	0.47791845	0.53250970	0.53258316	0.28123526	0.28102819	0.53253838	0.53254282	0.28112220	0.28107002	59975	55103	0
59975	55435	0.00199054	0.03645288	0.48048853	0.03659224	0.47550463	0.53237749	0.53257873	0.28151424	0.28138309	0.53252548	0.53260215	0.28151596	0.28137717	59975	55433	0
59975	55438	0.00100284	0.03641010	0.47593393	0.03635629	0.47889702	0.53261727	0.53251250	0.28141004	0.28138884	0.53255802	0.53248670	0.28157718	0.28141621	59975	55436	0
59975	55441	0.00017277	0.03616673	0.47685347	0.03638029	0.47934370	0.53259064	0.53259212	0.28152968	0.28131571	0.53252885	0.53258711	0.28143519	0.28136263	59975	55439	0
59975	55444	0.00086629	0.03652645	0.47813736	0.03639765	0.47605678	0.53265819	0.53263871	0.28150281	0.28132590	0.53266854	0.53258949	0.28162040	0.28129673	59975	55443	0
59975	55448	0.00033588	0.03646720	0.47758849	0.03638778	0.47917972	0.53290076	0.53261036	0.28173068	0.28133650	0.53262540	0.53257848	0.28144554	0.28126476	59975	55446	0
59975	55778	0.00102620	0.03684543	0.47815352	0.03680062	0.47608258	0.53173507	0.53172973	0.28028068	0.28020705	0.53173302	0.53181429	0.28041215	0.28025866	59975	55776	0
59975	55781	0.00158106	0.03673384	0.47839850	0.03677630	0.47673391	0.53194658	0.53177180	0.28053837	0.28026211	0.53177953	0.53175249	0.28031938	0.28023902	59975	55780	0
59975	55785	0.00003561	0.03663742	0.47613201	0.03670430	0.48076837	0.53176498	0.53172620	0.28056565	0.28026326	0.53180623	0.53181387	0.28047707	0.28030525	59975	55783	0
59975	55788	0.00222590	0.03668963	0.48110684	0.03683198	0.47453595	0.53179046	0.53179309	0.28042234	0.28031133	0.53188167	0.53187559	0.28043204	0.28037517	59975	55786	0
59975	55791	0.00095470	0.03693836	0.47471531	0.03692319	0.47852890	0.53176219	0.53175274	0.28037600	0.28026999	0.53172324	0.53181190	0.28034863	0.28019842	59975	55789	0
59975	56121	0.00022820	0.03635461	0.47624669	0.03637130	0.47842619	0.53212498	0.53200755	0.28096944	0.28085062	0.53220994	0.53222975	0.28109680	0.28099614	59975	56120	0
59975	56125	0.00123071	0.03637026	0.48080353	0.03651306	0.47779600	0.53238291	0.53227888	0.28114257	0.28105646	0.53219318	0.53219080	0.28124537	0.28103353	59975	56123	0
59975	56128	0.00096076	0.03658157	0.47724031	0.03657552	0.47805018	0.53229803	0.53230115	0.28109565	0.28105613	0.53227256	0.53226376	0.28132228	0.28104348	59975	56126	0
59975	56131	0.00095679	0.03662882	0.47880363	0.03661582	0.47881554	0.53232876	0.53240485	0.28133272	0.28103082	0.53219195	0.53220279	0.28114068	0.28100831	59975	56130	0
59975	56134	0.00110020	0.03646433	0.47772122	0.03643668	0.47729098	0.53208956	0.53214618	0.28119771	0.28092498	0.53222588	0.53230534	0.28107741	0.28100822	59975	56133	0
59975	56465	0.00073622	0.03662228	0.47685523	0.03664733	0.47794718	0.53097507	0.53083973	0.27958189	0.27953209	0.53085789	0.53095568	0.27981764	0.27966176	59975	56463	0
59975	56468	0.00082187	0.03654185	0.47731806	0.03648587	0.47706111	0.53100161	0.53097079	0.27972281	0.27960449	0.53101098	0.53099586	0.27974245	0.27966061	59975	56466	0
59975	56471	0.00041680	0.03667866	0.47631321	0.03653916	0.47752842	0.53081804	0.53083759	0.27962125	0.27952963	0.53081730	0.53083833	0.27961106	0.27951147	59975	56470	0
59975	56475	0.00101368	0.03655107	0.47782255	0.03673547	0.47603189	0.53095584	0.53083644	0.27969520	0.27944779	0.53083119	0.53077358	0.27978757	0.27951714	59975	56473	0
59975	56478	0.00000601	0.03664616	0.47604855	0.03668197	0.47907157	0.53086274	0.53081845	0.27954606	0.27951476	0.53075534	0.53092823	0.27973834	0.27955568	59975	56476	0
59975	56808	0.00110248	0.03675253	0.47900434	0.03677282	0.47571493	0.53127861	0.53122479	0.27996769	0.27982725	0.53123991	0.53139250	0.28010467	0.28005791	59975	56807	0
59975	56812	0.00033462	0.03668374	0.47651616	0.03670922	0.47881974	0.53121550	0.53128617	0.28010828	0.27999217	0.53120531	0.53126472	0.28002775	0.27995552	59975	56810	0
59975	56815	0.00009791	0.03658018	0.47613995	0.03672141	0.47685008	0.53117047	0.53131764	0.28022209	0.28000294	0.53134599	0.53127705	0.28003687	0.27999883	59975	56813	0
59975	56818	0.00049780	0.03672650	0.47979358	0.03672085	0.47859391	0.53134246	0.53129907	0.28000023	0.27996013	0.53127089	0.53123498	0.28020023	0.28000836	59975	56816	0
59975	56821	0.00132440	0.03677042	0.47940795	0.03687761	0.47692817	0.53145051	0.53135199	0.28011485	0.28001970	0.53130474	0.53126628	0.28022077	0.27999784	59975	56820	0
59975	57152	-0.00015563	0.03666071	0.47385812	0.03665592	0.47829820	0.53073061	0.53067802	0.27949750	0.27941697	0.53093456	0.53086151	0.27963842	0.27954417	59975	57150	0
59975	57155	0.00011950	0.03662517	0.47855123	0.03659488	0.47772583	0.53086685	0.53078418	0.27949725	0.27949446	0.53082593	0.53078788	0.27975067	0.27943521	59975	57153	0
59975	57158	0.00029683	0.03669016	0.47905756	0.03666294	0.47852558	0.53076471	0.53087030	0.27953357	0.27944828	0.53085345	0.53086857	0.27972840	0.27947392	59975	57157	0
59975	57161	0.00057360	0.03665539	0.47844839	0.03660381	0.47761808	0.53070522	0.53080210	0.27967203	0.27941163	0.53067909	0.53070653	0.27953152	0.27937120	59975	57160	0
59975	57165	0.00075254	0.03657924	0.47904177	0.03667365	0.47850497	0.53065246	0.53071820	0.27958279	0.27946931	0.53082535	0.53069610	0.27969241	0.27948427	59975	57163	0
59975	57495	0.00084154	0.03675199	0.47787060	0.03672705	0.47760360	0.53103168	0.53111254	0.27993950	0.27980006	0.53099857	0.53109956	0.28006235	0.27986111	59975	57494	0
59975	57498	0.00090935	0.03677392	0.47641018	0.03664254	0.47620675	0.53119849	0.53122816	0.27995963	0.27986037	0.53123021	0.53115264	0.28004616	0.27987311	59975	57497	0
59975	57502	0.00021556	0.03652949	0.47656838	0.03665108	0.47864974	0.53127746	0.53118970	0.28013778	0.28000598	0.53117409	0.53118641	0.28009678	0.27990170	59975	57500	0
59975	57505	0.00118452	0.03663879	0.48129620	0.03677734	0.47838933	0.53116686	0.53121542	0.28001510	0.27994082	0.53112569	0.53119874	0.28024214	0.28000401	59975	57503	0
59975	57508	0.00110989	0.03675622	0.47745997	0.03679160	0.47768385	0.53118543	0.53116020	0.28013334	0.28001748	0.53122043	0.53111747	0.28011296	0.28001461	59975	57507	0
59975	57839	0.00149097	0.03639124	0.47787648	0.03622988	0.47673324	0.53152808	0.53147763	0.28049654	0.28039884	0.53176063	0.53164214	0.28091381	0.28046951	59975	57837	0
59975	57842	0.00058325	0.03633140	0.47733659	0.03635127	0.48005975	0.53156292	0.53157040	0.28082432	0.28050336	0.53167550	0.53167739	0.28065324	0.28048397	59975	57840	0
59975	57845	0.00058059	0.03648427	0.47703731	0.03630007	0.47704529	0.53160590	0.53163992	0.28066623	0.28046565	0.53165800	0.53174222	0.28070181	0.28058110	59975	57844	0
59975	57848	0.00049374	0.03638392	0.47861881	0.03624699	0.47887936	0.53156925	0.53166268	0.28070082	0.28046022	0.53165413	0.53171437	0.28069285	0.28047288	59975	57847	0
59975	57852	0.00116644	0.03635015	0.47889707	0.03649756	0.47687898	0.53176375	0.53164304	0.28057863	0.28047756	0.53169966	0.53167410	0.28075875	0.28046269	59975	57850	0
59975	58182	0.00017914	0.03668534	0.47520563	0.03671993	0.47816752	0.53050398	0.53059839	0.27956578	0.27934474	0.53061318	0.53057267	0.27954056	0.27928155	59975	58180	0
59975	58185	0.00080946	0.03667983	0.47851907	0.03687916	0.47662812	0.53077892	0.53064137	0.27958682	0.27930177	0.53063841	0.53064449	0.27962684	0.27931779	59975	58184	0
59975	58189	0.00104891	0.03677222	0.47828290	0.03662709	0.47756455	0.53056643	0.53063406	0.27951015	0.27928829	0.53073373	0.53092034	0.27962840	0.27955436	59975	58187	0
59975	58192	0.00015564	0.03658883	0.47506940	0.03651500	0.47774920	0.53066216	0.53063989	0.27959800	0.27941484	0.53060193	0.53058377	0.27960629	0.27932017	59975	58190	0
59975	58195	0.00065560	0.03651512	0.47603357	0.03670728	0.47453371	0.53059872	0.53062535	0.27962454	0.27936529	0.53065756	0.53066052	0.27945214	0.27933817	59975	58194	0
59975	58525	0.00020896	0.03635234	0.47800765	0.03649976	0.47934756	0.53129414	0.53119619	0.28022316	0.28014855	0.53130852	0.53130515	0.28051856	0.28027509	59975	58524	0
59975	58529	-0.00013256	0.03649900	0.47592992	0.03650489	0.47695449	0.53132306	0.53130285	0.28047140	0.28033286	0.53133366	0.53131616	0.28050566	0.28030615	59975	58527	0
59975	58532	0.00100187	0.03656039	0.47924885	0.03656626	0.47584556	0.53120679	0.53134985	0.28060542	0.28031215	0.53120852	0.53128584	0.28047058	0.28023869	59975	58530	0
59975	58535	0.00163809	0.03657232	0.47812097	0.03651394	0.47621229	0.53144985	0.53135938	0.28044198	0.28034535	0.53129472	0.53135314	0.28050517	0.28032061	59975	58534	0
59975	58539	0.00024878	0.03654207	0.47466543	0.03651342	0.47883336	0.53149012	0.53137097	0.28034609	0.28023795	0.53144566	0.53140417	0.28036285	0.28023187	59975	58537	0
59975	58869	0.00093978	0.03672191	0.47772689	0.03658578	0.47565388	0.53053496	0.53051696	0.27919716	0.27921943	0.53047053	0.53054630	0.27943349	0.27913693	59975	58867	0
59975	58872	0.00102253	0.03652070	0.47888510	0.03662673	0.47863685	0.53062600	0.53064178	0.27935773	0.27924663	0.53056216	0.53061606	0.27944549	0.27929256	59975	58871	0
59975	58875	0.00168923	0.03660805	0.47944654	0.03661147	0.47744644	0.53062115	0.53049453	0.27941122	0.27925074	0.53055303	0.53062346	0.27940292	0.27918418	59975	58874	0
59975	58879	0.00106321	0.03663774	0.47627558	0.03668700	0.47815366	0.53054194	0.53059700	0.27932141	0.27925444	0.53061097	0.53062247	0.27932609	0.27931993	59975	58877	0
59975	58882	0.00159696	0.03667607	0.47931250	0.03659908	0.47771124	0.53052469	0.53053405	0.27955132	0.27923250	0.53051121	0.53057161	0.27950144	0.27923850	59975	58880	0
59975	59212	0.00088550	0.03656410	0.47400348	0.03654922	0.47613786	0.53090005	0.53106398	0.28004756	0.27983342	0.53102996	0.53109578	0.28013112	0.27988371	59975	59211	0
59975	59216	0.00122365	0.03645853	0.47811471	0.03663300	0.47710026	0.53105658	0.53117622	0.28006646	0.27995273	0.53109446	0.53110654	0.28006884	0.27994517	59975	59214	0
59975	59219	0.00014709	0.03659338	0.47552233	0.03662352	0.47875201	0.53107277	0.53106077	0.27998724	0.27992381	0.53094935	0.53095839	0.28014764	0.27987302	59975	59217	0
59975	59222	0.00146572	0.03658819	0.48024838	0.03664597	0.47629248	0.53102330	0.53113152	0.28020031	0.28001074	0.53107573	0.53105034	0.28011518	0.27994279	59975	59221	0
59975	59225	0.00147845	0.03665000	0.47887000	0.03665019	0.47883182	0.53112240	0.53119364	0.28025488	0.28004698	0.53108025	0.53118329	0.28016802	0.27997952	59975	59224	0
59975	59556	0.00099832	0.03664494	0.47713876	0.03682523	0.47857916	0.53066964	0.53074811	0.27997303	0.27977655	0.53069215	0.53081746	0.28001863	0.27978798	59975	59554	0
59975	59559	0.00103895	0.03662710	0.47792504	0.03658115	0.47780314	0.53089051	0.53090654	0.27982824	0.27981131	0.53096636	0.53087654	0.28021971	0.27991518	59975	59557	0
59975	59562	0.00079801	0.03670925	0.47724802	0.03662687	0.47797084	0.53094064	0.53074836	0.28009037	0.27978551	0.53071163	0.53081771	0.28004641	0.27978724	59975	59561	0
59975	59566	0.00123269	0.03668334	0.47981564	0.03662184	0.47851158	0.53090152	0.53107376	0.27990811	0.27993704	0.53078320	0.53076611	0.28002003	0.27974278	59975	59564	0
59975	59569	0.00089380	0.03665078	0.47882992	0.03650753	0.47984660	0.53080596	0.53084926	0.27990902	0.27975585	0.53090309	0.53080653	0.27986464	0.27982750	59975	59567	0
59975	59899	0.00091852	0.03669318	0.47629803	0.03671137	0.47622387	0.53052444	0.53045911	0.27952519	0.27934754	0.53055131	0.53064589	0.27967688	0.27943258	59975	59898	0
59975	59903	0.00122899	0.03668826	0.47807064	0.03676706	0.47713924	0.53067079	0.53062017	0.27957187	0.27944696	0.53067769	0.53061729	0.27962832	0.27943497	59975	59901	0
59975	59906	0.00070270	0.03681200	0.47628512	0.03677405	0.47786398	0.53064162	0.53073225	0.27965864	0.27950235	0.53049379	0.53067358	0.27975692	0.27949545	59975	59904	0
59975	59909	0.00080621	0.03680026	0.47731670	0.03675070	0.47700618	0.53085855	0.53065978	0.27972906	0.27941410	0.53072855	0.53075148	0.27982849	0.27954894	59975	59907	0
59975	59912	0.00035915	0.03673036	0.47745098	0.03681111	0.47879216	0.53075583	0.53072009	0.27961385	0.27953481	0.53069971	0.53074901	0.27975519	0.27957877	59975	59911	0
59975	60243	0.00066698	0.03644180	0.47802466	0.03646924	0.47710117	0.53082691	0.53070127	0.27984550	0.27976061	0.53076816	0.53067366	0.28004452	0.27974180	59975	60241	0
59975	60246	0.00113818	0.03661187	0.47746069	0.03663406	0.47604710	0.53077293	0.53078550	0.27983490	0.27979932	0.53069536	0.53077268	0.28011338	0.27979636	59975	60244	0
59975	60249	0.00052442	0.03666997	0.47666196	0.03668130	0.47850322	0.53077753	0.53086898	0.28013515	0.27993013	0.53080571	0.53072453	0.28016038	0.27985322	59975	60248	0
59975	60253	0.00112930	0.03667805	0.47839163	0.03656379	0.47657702	0.53086323	0.53079503	0.27997648	0.27980252	0.53094992	0.53090580	0.27993145	0.27983942	59975	60251	0
59975	60256	-0.00001002	0.03659492	0.47454856	0.03669253	0.47796651	0.53072247	0.53091689	0.28005577	0.27985840	0.53090383	0.53084951	0.28010754	0.27985659	59975	60254	0
59975	60586	0.00056826	0.03676360	0.47860687	0.03678163	0.47687203	0.53079906	0.53081804	0.27978157	0.27965930	0.53088197	0.53073874	0.27995470	0.27973670	59975	60585	0
59975	60589	-0.00031299	0.03679070	0.47572110	0.03678255	0.47836486	0.53091188	0.53087474	0.27977532	0.27968271	0.53097219	0.53085156	0.27997031	0.27965535	59975	60588	0
59975	60593	0.00042427	0.03675534	0.47701999	0.03666195	0.47480820	0.53082626	0.53094508	0.27986251	0.27980293	0.53097285	0.53092872	0.27979554	0.27970318	59975	60591	0
59975	60596	0.00041935	0.03669009	0.47592852	0.03673220	0.47594327	0.53093982	0.53090111	0.27979603	0.27972487	0.53079215	0.53075477	0.27993260	0.27963662	59975	60594	0
59975	60599	0.00048345	0.03668192	0.47803070	0.03669236	0.47783839	0.53101237	0.53087318	0.27989422	0.27970622	0.53105699	0.53111879	0.27982701	0.27984122	59975	60598	0
59975	60930	0.00060778	0.03659957	0.47822720	0.03658090	0.47785421	0.53126530	0.53120622	0.28042637	0.28023655	0.53127532	0.53110695	0.28039917	0.28018314	59975	60928	0
59975	60933	0.00073522	0.03648164	0.47695966	0.03661154	0.47657736	0.53129636	0.53118576	0.28032291	0.28020993	0.53117976	0.53123383	0.28044822	0.28028676	59975	60931	0
59975	60936	-0.00018034	0.03664395	0.47559360	0.03662224	0.47834025	0.53125585	0.53122355	0.28045981	0.28032193	0.53130737	0.53127688	0.28044987	0.28025389	59975	60934	0
59975	60939	0.00133052	0.03661655	0.47824802	0.03671990	0.47371546	0.53125478	0.53124517	0.28026884	0.28021601	0.53133342	0.53128116	0.28034625	0.28028462	59975	60938	0
59975	60943	0.00114039	0.03672934	0.47671091	0.03682238	0.47728128	0.53115897	0.53125199	0.28049901	0.28024132	0.53123087	0.53119447	0.28028109	0.28018404	59975	60941	0
