% File initiated 06/12/2022 16:32:14 UTC
% Raw fountain data
%
% File notes: maser 5 MHz RF amplitudes 260 710 1140 11560 1960 2370 1140 microwave leakage pio2 3pio2 5pio2 7pio2 9pio2 11pio2 no water cooling
%
%% fountain_code = ALPHA-CsF1
%% microwave_ref = ALPHA HM1
%% MJD_start = 59919.689054
%% clock_data = False
%% sequence = 3
%% density = HD
%
% Units: V.s, Hz
%
% Shot B MJD days	Shot B MJD seconds	freq error	shot A sum	shot A ratio	shot B sum	shot B ratio	shot A F=3 bg 1	shot A F=3 bg 2	shot A F=4 bg 1	shot A F=4 bg 2	shot B F=3 bg 1	shot B F=3 bg 2	shot B F=4 bg 1	shot B F=4 bg 2	Shot A MJD days	Shot A MJD seconds	Shot order (0=LF->HF)
59919	59651	-0.00031425	0.04366832	0.50326684	0.04367192	0.50402104	0.58701458	0.58678335	0.32149974	0.32139103	0.58702017	0.58678787	0.32166975	0.32140951	59919	59649	0
59919	59654	0.00184288	0.04362434	0.50559293	0.04351581	0.50041583	0.58697620	0.58679017	0.32150303	0.32142759	0.58673840	0.58665154	0.32152020	0.32126366	59919	59652	0
59919	59657	-0.00139031	0.04350666	0.50167422	0.04343949	0.50943386	0.58686519	0.58674678	0.32135988	0.32146687	0.58684925	0.58669855	0.32146005	0.32139094	59919	59656	0
59919	59661	-0.00167786	0.04350603	0.50411638	0.04356121	0.50480651	0.58681934	0.58663289	0.32138256	0.32128346	0.58685697	0.58668565	0.32150919	0.32150081	59919	59659	0
59919	59664	0.00060362	0.04354652	0.50672757	0.04341878	0.50125201	0.58687431	0.58675590	0.32145545	0.32133737	0.58699330	0.58681498	0.32153795	0.32148552	59919	59662	0
59919	60451	0.00007947	0.04364566	0.50333036	0.04369135	0.50458832	0.58605424	0.58594421	0.32022896	0.31995171	0.58612622	0.58596426	0.32013906	0.31995319	59919	60450	0
59919	60455	-0.00078150	0.04370790	0.50532017	0.04376355	0.50738649	0.58616714	0.58597108	0.32006897	0.31999625	0.58607626	0.58592646	0.32020792	0.32003988	59919	60453	0
59919	60458	0.00072000	0.04380815	0.50472705	0.04379245	0.50112345	0.58608555	0.58581175	0.32019313	0.31995524	0.58621875	0.58593928	0.32007488	0.32001342	59919	60456	0
59919	60461	-0.00040353	0.04374759	0.50196447	0.04362968	0.50466095	0.58617018	0.58595670	0.32007119	0.31996247	0.58611160	0.58587248	0.32024095	0.32003585	59919	60459	0
59919	60464	-0.00072991	0.04365523	0.50239218	0.04362067	0.50317550	0.58600461	0.58590124	0.32035271	0.32009691	0.58604479	0.58589286	0.32023569	0.32003840	59919	60463	0
59919	61252	0.00055265	0.04361911	0.50424146	0.04361777	0.50116330	0.58600724	0.58583796	0.32019888	0.32013848	0.58603214	0.58587543	0.32019888	0.32013520	59919	61250	0
59919	61255	0.00097848	0.04356375	0.50538564	0.04362123	0.50436366	0.58602186	0.58587190	0.32014194	0.32017990	0.58609212	0.58584059	0.32028615	0.32019551	59919	61253	0
59919	61258	-0.00240598	0.04355935	0.49896600	0.04368936	0.50708870	0.58614348	0.58592728	0.32042871	0.32015944	0.58615161	0.58599499	0.32047826	0.32022148	59919	61257	0
59919	61262	0.00096403	0.04366246	0.50801730	0.04370535	0.49992929	0.58635277	0.58616854	0.32041154	0.32042428	0.58625277	0.58606706	0.32048270	0.32028352	59919	61260	0
59919	61265	0.00036138	0.04353066	0.50289862	0.04359861	0.50434496	0.58607043	0.58593460	0.32050670	0.32026996	0.58611932	0.58595580	0.32043537	0.32026791	59919	61263	0
59919	62052	0.00040970	0.04356876	0.50362850	0.04357961	0.50351254	0.58472134	0.58455132	0.31931307	0.31917248	0.58475412	0.58460169	0.31941957	0.31916508	59919	62051	0
59919	62056	0.00200275	0.04356817	0.50433219	0.04346326	0.50050886	0.58451936	0.58446537	0.31937938	0.31909614	0.58477228	0.58445559	0.31951530	0.31915884	59919	62054	0
59919	62059	-0.00057965	0.04333593	0.50130242	0.04352194	0.50750018	0.58481140	0.58460161	0.31923098	0.31925251	0.58492282	0.58459224	0.31929212	0.31927116	59919	62057	0
59919	62062	-0.00042079	0.04369617	0.50252737	0.04366044	0.50214610	0.58475749	0.58462528	0.31951004	0.31922252	0.58481756	0.58469636	0.31939376	0.31918899	59919	62060	0
59919	62065	0.00105773	0.04362959	0.50502374	0.04352805	0.50147529	0.58477664	0.58463530	0.31921512	0.31917749	0.58476045	0.58456891	0.31928686	0.31920765	59919	62064	0
59919	62853	0.00044696	0.04354766	0.50289088	0.04345447	0.50435673	0.58526285	0.58520327	0.31991720	0.31978917	0.58543713	0.58507476	0.31979690	0.31969920	59919	62851	0
59919	62856	-0.00091120	0.04338499	0.50210109	0.04336627	0.50536068	0.58528840	0.58514789	0.31988186	0.31970659	0.58526334	0.58507582	0.31973428	0.31966271	59919	62854	0
59919	62859	0.00038723	0.04353765	0.50461554	0.04352002	0.50149931	0.58543368	0.58523606	0.31991095	0.31972656	0.58533047	0.58512340	0.31989698	0.31962836	59919	62858	0
59919	62863	0.00224056	0.04350538	0.50513384	0.04348279	0.50068585	0.58533951	0.58515027	0.31985959	0.31970758	0.58538126	0.58521913	0.31980553	0.31972212	59919	62861	0
59919	62866	-0.00121603	0.04353864	0.50076194	0.04357089	0.50905776	0.58531872	0.58499792	0.31970462	0.31958227	0.58537082	0.58507788	0.31984768	0.31962212	59919	62864	0
59919	63653	-0.00138132	0.04337873	0.50325209	0.04355977	0.50364879	0.58484772	0.58472766	0.31955014	0.31945646	0.58495848	0.58480548	0.31948440	0.31947207	59919	63652	0
59919	63657	-0.00062116	0.04347271	0.50435913	0.04362271	0.50253475	0.58503038	0.58487615	0.31954069	0.31945704	0.58491830	0.58479184	0.31945967	0.31948103	59919	63655	0
59919	63660	0.00080366	0.04340842	0.50313155	0.04345152	0.49971197	0.58485495	0.58464467	0.31948941	0.31932063	0.58468510	0.58454984	0.31949820	0.31928168	59919	63658	0
59919	63663	0.00073251	0.04353223	0.50379448	0.04345076	0.50396526	0.58466562	0.58445732	0.31933394	0.31925506	0.58463440	0.58438213	0.31947158	0.31916878	59919	63662	0
59919	63666	-0.00052848	0.04359811	0.50157255	0.04356631	0.50459893	0.58472019	0.58439470	0.31930066	0.31919261	0.58457951	0.58438041	0.31932721	0.31911430	59919	63665	0
59919	64454	0.00091103	0.04356402	0.50462093	0.04345490	0.50116610	0.58537452	0.58524280	0.31998154	0.31972549	0.58537115	0.58517739	0.32005640	0.31972237	59919	64452	0
59919	64457	0.00043428	0.04350642	0.50271846	0.04346879	0.50386267	0.58536334	0.58525068	0.32002936	0.31973395	0.58538446	0.58516564	0.31987118	0.31972656	59919	64455	0
59919	64460	-0.00090068	0.04348131	0.50032318	0.04342744	0.50352708	0.58544699	0.58515890	0.31989205	0.31979903	0.58533162	0.58511149	0.31987077	0.31981161	59919	64459	0
59919	64464	0.00147008	0.04356212	0.50695525	0.04362108	0.50126542	0.58532086	0.58525208	0.31999321	0.31980766	0.58546712	0.58520450	0.31980807	0.31978786	59919	64462	0
59919	64467	0.00073487	0.04359318	0.50333573	0.04352682	0.50510024	0.58534485	0.58518856	0.31982229	0.31977701	0.58538249	0.58517969	0.32004851	0.31969755	59919	64465	0
59919	65254	0.00080514	0.04341146	0.50257741	0.04329323	0.50240877	0.58478346	0.58447934	0.31915999	0.31896113	0.58471912	0.58454335	0.31923123	0.31906952	59919	65253	0
59919	65258	0.00075277	0.04332807	0.50300923	0.04341023	0.50313491	0.58473284	0.58449191	0.31907946	0.31905604	0.58458904	0.58458731	0.31917453	0.31901734	59919	65256	0
59919	65261	-0.00140233	0.04323010	0.50056756	0.04334585	0.50573980	0.58446611	0.58426397	0.31911767	0.31890575	0.58447186	0.58431820	0.31925440	0.31902350	59919	65259	0
59919	65264	-0.00096372	0.04338201	0.50367962	0.04335765	0.50262696	0.58455453	0.58436824	0.31906072	0.31896499	0.58444696	0.58432510	0.31920666	0.31896327	59919	65263	0
59919	65267	0.00152093	0.04340855	0.50659914	0.04337876	0.50063597	0.58455592	0.58441344	0.31903410	0.31891002	0.58450794	0.58430662	0.31908192	0.31895012	59919	65266	0
59919	66055	-0.00094078	0.04333653	0.50056537	0.04349178	0.50647349	0.58493909	0.58481353	0.31963609	0.31939812	0.58490104	0.58471871	0.31949410	0.31929680	59919	66053	0
59919	66058	-0.00019440	0.04335742	0.50155653	0.04333675	0.49976521	0.58485725	0.58465708	0.31928012	0.31923213	0.58479685	0.58464516	0.31956772	0.31921258	59919	66056	0
59919	66061	0.00007580	0.04337630	0.50321946	0.04345888	0.50257097	0.58482364	0.58455995	0.31944397	0.31925218	0.58485043	0.58463185	0.31941784	0.31920526	59919	66060	0
59919	66065	-0.00181827	0.04338917	0.49958774	0.04342027	0.50413352	0.58499488	0.58470129	0.31938464	0.31921660	0.58491025	0.58473867	0.31941053	0.31930691	59919	66063	0
59919	66068	0.00023598	0.04348294	0.50409029	0.04333913	0.49916009	0.58484911	0.58477047	0.31950231	0.31932244	0.58484443	0.58474262	0.31961555	0.31932762	59919	66066	0
59919	66855	-0.00057681	0.04312925	0.50064891	0.04308945	0.50259961	0.58416158	0.58396840	0.31907601	0.31879375	0.58413192	0.58404358	0.31904043	0.31877978	59919	66854	0
59919	66859	-0.00019218	0.04308687	0.50382138	0.04318781	0.50289826	0.58415484	0.58397029	0.31903763	0.31874896	0.58418944	0.58419347	0.31885127	0.31884880	59919	66857	0
59919	66862	0.00040143	0.04330902	0.50556968	0.04331642	0.50414502	0.58426684	0.58409741	0.31885792	0.31874798	0.58411680	0.58398467	0.31908932	0.31873960	59919	66860	0
59919	66865	0.00003140	0.04318064	0.50094725	0.04306691	0.50183533	0.58424803	0.58413767	0.31899753	0.31893311	0.58438616	0.58404104	0.31930518	0.31885612	59919	66864	0
59919	66868	0.00125165	0.04305035	0.50504793	0.04317126	0.50211933	0.58434392	0.58409921	0.31893023	0.31882629	0.58429092	0.58412567	0.31886540	0.31880114	59919	66867	0
59919	67656	0.00045704	0.04317730	0.50110688	0.04334129	0.50301393	0.58441434	0.58420743	0.31906878	0.31881815	0.58455346	0.58427884	0.31904979	0.31894987	59919	67654	0
59919	67659	0.00002642	0.04319617	0.50194782	0.04321077	0.50298131	0.58420628	0.58402337	0.31908373	0.31875135	0.58431475	0.58405394	0.31910148	0.31878495	59919	67658	0
59919	67662	-0.00031502	0.04312950	0.50263038	0.04309646	0.50344983	0.58430990	0.58420103	0.31915497	0.31885020	0.58438566	0.58417794	0.31901890	0.31886515	59919	67661	0
59919	67666	-0.00025297	0.04306367	0.50190603	0.04300658	0.50175712	0.58443702	0.58422707	0.31894338	0.31890361	0.58435123	0.58435699	0.31914840	0.31897148	59919	67664	0
59919	67669	0.00040946	0.04313316	0.50298900	0.04312915	0.50139916	0.58437654	0.58427662	0.31899646	0.31887271	0.58439421	0.58415205	0.31912087	0.31883286	59919	67667	0
59919	68456	0.00044048	0.04361600	0.50215085	0.04361845	0.50207639	0.58540739	0.58524074	0.32007094	0.31989854	0.58547189	0.58508141	0.31996420	0.31984226	59919	68455	0
59919	68460	0.00083839	0.04356462	0.50298674	0.04348680	0.50203177	0.58530171	0.58506810	0.32001005	0.31976428	0.58519974	0.58500154	0.31971407	0.31976197	59919	68458	0
59919	68463	-0.00028908	0.04355675	0.50164490	0.04365699	0.50435082	0.58514986	0.58497483	0.32006946	0.31970922	0.58512225	0.58493515	0.31976033	0.31971448	59919	68461	0
59919	68466	-0.00040441	0.04362320	0.50108777	0.04349268	0.50136457	0.58514707	0.58494451	0.32003199	0.31973453	0.58521428	0.58499899	0.32004399	0.31969739	59919	68465	0
59919	68469	0.00073131	0.04350871	0.50468694	0.04362609	0.50196121	0.58509505	0.58499365	0.31991531	0.31968399	0.58518355	0.58506062	0.31990734	0.31982681	59919	68468	0
59919	69257	0.00123312	0.04352679	0.50378835	0.04350487	0.50258400	0.58586483	0.58574832	0.32040949	0.32018508	0.58596697	0.58576228	0.32023463	0.32020356	59919	69255	0
59919	69260	-0.00087281	0.04369086	0.49991415	0.04358370	0.50496840	0.58627816	0.58598637	0.32045452	0.32044983	0.58605021	0.58578735	0.32057490	0.32030020	59919	69259	0
59919	69263	0.00026988	0.04350615	0.50345512	0.04353724	0.50071266	0.58610814	0.58585522	0.32045517	0.32030685	0.58603329	0.58579943	0.32052444	0.32023726	59919	69262	0
59919	69267	0.00185562	0.04347546	0.50352908	0.04353308	0.49972331	0.58608883	0.58587420	0.32047259	0.32036224	0.58629993	0.58602260	0.32051713	0.32040423	59919	69265	0
59919	69270	-0.00054794	0.04367442	0.49855883	0.04361529	0.50432736	0.58609064	0.58593148	0.32063842	0.32037391	0.58601447	0.58578653	0.32062330	0.32027168	59919	69268	0
59919	70058	-0.00024523	0.04369725	0.50226479	0.04348783	0.50153829	0.58595933	0.58572802	0.31964151	0.31942893	0.58594865	0.58577288	0.31980668	0.31950609	59919	70056	0
59919	70061	0.00113032	0.04347951	0.50319156	0.04360788	0.49989024	0.58600239	0.58576968	0.31956033	0.31949196	0.58579458	0.58566918	0.31973206	0.31944824	59919	70059	0
59919	70064	0.00010648	0.04355107	0.50207288	0.04367386	0.50453010	0.58585793	0.58578891	0.31976995	0.31945260	0.58587157	0.58569967	0.31982319	0.31946813	59919	70062	0
59919	70067	-0.00096151	0.04369184	0.50051767	0.04366995	0.50308085	0.58584314	0.58573911	0.31982270	0.31953551	0.58587157	0.58574626	0.31976271	0.31949516	59919	70066	0
59919	70071	-0.00122283	0.04366558	0.50187998	0.04353022	0.50250714	0.58590847	0.58575768	0.31970166	0.31954134	0.58587387	0.58572670	0.31981580	0.31952614	59919	70069	0
59919	70858	-0.00036830	0.04409799	0.50328282	0.04407672	0.50123194	0.58675960	0.58672114	0.32049117	0.32042880	0.58677530	0.58659904	0.32030743	0.32040423	59919	70856	0
59919	70861	0.00120882	0.04411633	0.50420613	0.04406883	0.50042106	0.58685476	0.58666173	0.32039979	0.32017505	0.58650232	0.58637241	0.32014079	0.32005746	59919	70860	0
59919	70865	0.00142307	0.04404316	0.50239566	0.04417191	0.50188146	0.58649739	0.58638046	0.32022115	0.32004432	0.58648096	0.58630486	0.32022994	0.32002632	59919	70863	0
59919	70868	-0.00033642	0.04406607	0.50005735	0.04406869	0.50428012	0.58639221	0.58634381	0.32029321	0.31995475	0.58653026	0.58620313	0.32036725	0.31992624	59919	70866	0
59919	70871	-0.00049135	0.04407176	0.50149934	0.04396929	0.50187118	0.58642648	0.58611817	0.31985088	0.31979156	0.58639303	0.58625589	0.32008696	0.31990471	59919	70869	0
59919	71658	-0.00026688	0.04394166	0.50262713	0.04406417	0.50208839	0.58579030	0.58553944	0.31955802	0.31934750	0.58568471	0.58551495	0.31951291	0.31938727	59919	71657	0
59919	71662	-0.00040622	0.04393680	0.50165955	0.04396498	0.50199397	0.58574823	0.58553081	0.31965934	0.31942187	0.58572473	0.58560419	0.31955170	0.31944298	59919	71660	0
59919	71665	-0.00020443	0.04401233	0.50227024	0.04383401	0.50178593	0.58586640	0.58563377	0.31944767	0.31939820	0.58576228	0.58568504	0.31934454	0.31936977	59919	71663	0
59919	71668	-0.00123907	0.04381049	0.50064771	0.04385784	0.50313087	0.58586903	0.58548832	0.31937856	0.31931209	0.58565316	0.58554165	0.31960462	0.31932425	59919	71667	0
59919	71672	0.00067546	0.04372842	0.50268722	0.04378479	0.49809235	0.58565842	0.58558216	0.31937224	0.31936615	0.58571923	0.58549104	0.31940215	0.31931356	59919	71670	0
59919	72459	0.00080768	0.04322652	0.50153272	0.04329264	0.50121538	0.58561873	0.58524855	0.31982492	0.31976370	0.58541149	0.58524386	0.32007431	0.31976756	59919	72457	0
59919	72462	-0.00097564	0.04318840	0.50057804	0.04325417	0.50485803	0.58549342	0.58540599	0.31978843	0.31976526	0.58538430	0.58534239	0.32003898	0.31976625	59919	72461	0
59919	72466	0.00013691	0.04328528	0.50308932	0.04329261	0.50041919	0.58554576	0.58536137	0.32006437	0.31970150	0.58573262	0.58543237	0.31990627	0.31992172	59919	72464	0
59919	72469	0.00227270	0.04327796	0.50522583	0.04334213	0.50009994	0.58558940	0.58541281	0.31978917	0.31972738	0.58548422	0.58524707	0.31979928	0.31969049	59919	72467	0
59919	72472	-0.00025673	0.04330151	0.49937998	0.04313797	0.50545061	0.58569540	0.58540969	0.31986395	0.31973190	0.58556606	0.58537419	0.31987258	0.31975187	59919	72470	0
59919	73259	0.00076114	0.04317845	0.50195767	0.04323319	0.49951479	0.58570304	0.58557608	0.32017489	0.32000118	0.58565973	0.58542661	0.32026404	0.31995623	59919	73258	0
59919	73263	0.00167589	0.04319143	0.50384626	0.04312255	0.50165087	0.58567190	0.58556672	0.32003758	0.32002492	0.58574125	0.58548224	0.32007398	0.31999164	59919	73261	0
59919	73266	-0.00012130	0.04313776	0.49892953	0.04328626	0.50324279	0.58555792	0.58532719	0.32020619	0.31989476	0.58567444	0.58549021	0.32015558	0.31997414	59919	73264	0
59919	73269	-0.00028106	0.04322832	0.50081793	0.04322877	0.50120136	0.58547074	0.58536909	0.32019124	0.31990816	0.58552054	0.58534839	0.32002821	0.31991440	59919	73268	0
59919	73273	0.00072300	0.04319446	0.50276081	0.04311785	0.50035106	0.58549712	0.58533392	0.32007012	0.31990257	0.58544757	0.58528355	0.32010101	0.31982599	59919	73271	0
59919	74060	-0.00068780	0.04320355	0.49988051	0.04324816	0.50326643	0.58513047	0.58491912	0.31965129	0.31945013	0.58508544	0.58490811	0.31976904	0.31952475	59919	74058	0
59919	74063	-0.00104831	0.04309159	0.50098601	0.04305149	0.50185122	0.58506194	0.58499513	0.31974521	0.31952080	0.58500795	0.58489020	0.31992040	0.31960314	59919	74062	0
59919	74067	-0.00014754	0.04314381	0.50109281	0.04298691	0.49893097	0.58512529	0.58497714	0.31992402	0.31959172	0.58509300	0.58491584	0.31990479	0.31947043	59919	74065	0
59919	74070	0.00179296	0.04307330	0.50450120	0.04302323	0.49984398	0.58499349	0.58492487	0.31992057	0.31956649	0.58534863	0.58506991	0.31986584	0.31968687	59919	74068	0
59919	74073	-0.00144623	0.04313124	0.49766039	0.04312722	0.50543444	0.58516473	0.58498264	0.31978531	0.31963576	0.58508790	0.58483670	0.31974439	0.31961941	59919	74071	0
59919	74861	0.00092206	0.04313820	0.50340905	0.04298816	0.49772516	0.58530352	0.58506218	0.32035221	0.31997044	0.58509439	0.58489521	0.32001925	0.31992624	59919	74859	0
59919	74864	-0.00066319	0.04294509	0.50063455	0.04298629	0.50443916	0.58526909	0.58498387	0.32023873	0.31990331	0.58527632	0.58502685	0.32014457	0.32006576	59919	74862	0
59919	74867	-0.00027788	0.04298149	0.50086278	0.04296915	0.49993803	0.58527838	0.58496317	0.31997159	0.31996970	0.58528610	0.58512414	0.32008055	0.31996198	59919	74865	0
59919	74870	0.00117941	0.04301056	0.50165008	0.04296159	0.49815257	0.58533401	0.58500820	0.32005229	0.32002714	0.58526893	0.58498913	0.32015221	0.32004916	59919	74869	0
59919	74874	0.00157268	0.04310622	0.50196450	0.04303597	0.50102066	0.58555340	0.58524436	0.32019379	0.32006346	0.58518256	0.58508281	0.32020940	0.32001120	59919	74872	0
59919	75661	0.00048317	0.04291842	0.50019589	0.04297956	0.50281071	0.58481920	0.58450687	0.31970536	0.31964989	0.58473925	0.58455888	0.31972056	0.31962450	59919	75659	0
59919	75664	0.00021591	0.04285482	0.50056617	0.04285829	0.50120761	0.58467844	0.58453834	0.31984431	0.31960248	0.58472158	0.58450900	0.31976189	0.31959574	59919	75663	0
59919	75668	0.00160542	0.04289902	0.50187649	0.04282558	0.49854166	0.58481994	0.58450407	0.31979468	0.31972828	0.58468888	0.58460490	0.31979846	0.31967989	59919	75666	0
59919	75671	-0.00007770	0.04288574	0.50030357	0.04290706	0.50434306	0.58478748	0.58449405	0.31974275	0.31959837	0.58473687	0.58455009	0.31979213	0.31963420	59919	75669	0
59919	75674	-0.00040467	0.04293337	0.49949509	0.04291461	0.50027981	0.58474089	0.58459109	0.31971325	0.31971259	0.58488946	0.58461763	0.31975836	0.31972335	59919	75672	0
59919	76462	-0.00016931	0.04322964	0.50195608	0.04318266	0.50139122	0.58548734	0.58525044	0.32030118	0.32022978	0.58542456	0.58531954	0.32037974	0.32027448	59919	76460	0
59919	76465	-0.00125618	0.04308379	0.49897476	0.04312893	0.50158325	0.58554272	0.58516851	0.32032797	0.32025788	0.58541092	0.58525578	0.32021408	0.32019034	59919	76463	0
59919	76468	0.00139678	0.04303591	0.50433277	0.04319403	0.49796566	0.58553516	0.58529218	0.32041598	0.32036774	0.58551659	0.58524953	0.32034663	0.32027284	59919	76467	0
59919	76471	-0.00073968	0.04320392	0.49761491	0.04310600	0.50274242	0.58547805	0.58523606	0.32045468	0.32025936	0.58548520	0.58533902	0.32053685	0.32028730	59919	76470	0
59919	76475	0.00021481	0.04303226	0.50096915	0.04308347	0.49867837	0.58551462	0.58531256	0.32060596	0.32026273	0.58538249	0.58514945	0.32038434	0.32028894	59919	76473	0
59919	77262	0.00184533	0.04308842	0.50535588	0.04294956	0.50144262	0.58583509	0.58563114	0.32057350	0.32055427	0.58592285	0.58567329	0.32063119	0.32056167	59919	77261	0
59919	77265	-0.00104869	0.04287071	0.49794211	0.04298727	0.50488777	0.58586089	0.58559728	0.32078345	0.32054795	0.58575185	0.58558923	0.32068041	0.32055657	59919	77264	0
59919	77269	-0.00124482	0.04306217	0.50058516	0.04299911	0.50105586	0.58574552	0.58558011	0.32077457	0.32049338	0.58571520	0.58562588	0.32053061	0.32047826	59919	77267	0
59919	77272	0.00099797	0.04299412	0.50405569	0.04290906	0.49867300	0.58578110	0.58561807	0.32051902	0.32047383	0.58572942	0.58554815	0.32060645	0.32050990	59919	77270	0
59919	77275	0.00091644	0.04308739	0.49969615	0.04306322	0.49989183	0.58573829	0.58555595	0.32058229	0.32041425	0.58567888	0.58553894	0.32064935	0.32056101	59919	77274	0
59919	78063	-0.00090282	0.04290840	0.49771653	0.04283364	0.50208274	0.58500926	0.58476801	0.31976929	0.31977972	0.58489242	0.58475083	0.32000307	0.31976460	59919	78061	0
59919	78066	0.00136298	0.04277511	0.50395232	0.04276207	0.49851440	0.58494911	0.58472922	0.31980191	0.31969796	0.58484796	0.58476990	0.31999197	0.31970823	59919	78064	0
59919	78069	0.00066419	0.04290234	0.50035172	0.04305124	0.50202881	0.58501313	0.58487434	0.31985902	0.31981621	0.58519925	0.58489685	0.31987077	0.31974735	59919	78068	0
59919	78072	-0.00114109	0.04277409	0.49895947	0.04279161	0.50329214	0.58488132	0.58470860	0.31988351	0.31969854	0.58501091	0.58474895	0.31998491	0.31980873	59919	78071	0
59919	78076	0.00046743	0.04288115	0.50319489	0.04296369	0.49933445	0.58487689	0.58471542	0.32000035	0.31976469	0.58518996	0.58494953	0.31992911	0.31983576	59919	78074	0
59919	78863	0.00021041	0.04297706	0.50154261	0.04300451	0.50215946	0.58587445	0.58580649	0.32075970	0.32057679	0.58608982	0.58589721	0.32074417	0.32062823	59919	78862	0
59919	78866	0.00029438	0.04300748	0.50066496	0.04296143	0.50046343	0.58618226	0.58592244	0.32082495	0.32067383	0.58585144	0.58569852	0.32082133	0.32050965	59919	78865	0
59919	78870	-0.00001983	0.04301217	0.49984685	0.04300551	0.50060095	0.58601751	0.58582383	0.32080983	0.32057128	0.58625408	0.58579770	0.32070761	0.32066258	59919	78868	0
59919	78873	0.00033047	0.04294477	0.50065005	0.04290575	0.49980935	0.58589762	0.58579466	0.32077367	0.32060201	0.58596763	0.58586845	0.32072692	0.32066274	59919	78871	0
59919	78876	0.00064665	0.04297597	0.50207512	0.04298833	0.50131627	0.58605498	0.58587396	0.32070744	0.32060538	0.58598053	0.58584454	0.32090893	0.32056734	59919	78875	0
59919	79664	0.00199990	0.04291298	0.50149720	0.04301259	0.49824941	0.58515504	0.58489398	0.31969451	0.31963420	0.58508971	0.58478280	0.31969139	0.31960273	59919	79662	0
59919	79667	-0.00085992	0.04299157	0.49723569	0.04299360	0.50409927	0.58500606	0.58483120	0.31982574	0.31961226	0.58509834	0.58481863	0.31983059	0.31965252	59919	79665	0
59919	79670	-0.00028925	0.04302081	0.49983878	0.04295014	0.49846917	0.58501855	0.58485832	0.31994505	0.31968991	0.58494616	0.58470359	0.31988540	0.31962278	59919	79669	0
59919	79673	0.00177000	0.04289295	0.50375663	0.04272810	0.49881442	0.58500286	0.58485297	0.31990931	0.31964028	0.58493400	0.58471641	0.31969451	0.31959821	59919	79672	0
59919	79677	-0.00006383	0.04271179	0.49806289	0.04276295	0.50246408	0.58483005	0.58475190	0.31985697	0.31961513	0.58491962	0.58477565	0.31979591	0.31962121	59919	79675	0
59919	80464	0.00173864	0.04300915	0.50161334	0.04301630	0.49728741	0.58608415	0.58601693	0.32073045	0.32068164	0.58610371	0.58610782	0.32090909	0.32074770	59919	80463	0
59919	80467	-0.00018059	0.04299943	0.50036372	0.04304027	0.50496988	0.58621439	0.58596591	0.32069791	0.32064507	0.58599516	0.58598152	0.32089865	0.32059643	59919	80466	0
59919	80471	-0.00157396	0.04305175	0.50019921	0.04306572	0.50354331	0.58601324	0.58598250	0.32086694	0.32064483	0.58605876	0.58587921	0.32092898	0.32058780	59919	80469	0
59919	80474	0.00076933	0.04301048	0.50244535	0.04300460	0.49682144	0.58611620	0.58599450	0.32096562	0.32070120	0.58602655	0.58587305	0.32084582	0.32063234	59919	80472	0
59919	80477	0.00119664	0.04306145	0.50177465	0.04307260	0.50074912	0.58610560	0.58595161	0.32093267	0.32071788	0.58613921	0.58600716	0.32098600	0.32065296	59919	80476	0
59919	81265	-0.00100224	0.04286400	0.49883593	0.04289092	0.50411323	0.58521346	0.58504871	0.32000816	0.31984390	0.58523031	0.58510163	0.32001876	0.31977833	59919	81263	0
59919	81268	-0.00135212	0.04297696	0.49977950	0.04285383	0.50061922	0.58535249	0.58505939	0.31995286	0.31982327	0.58516843	0.58513606	0.32006691	0.31978687	59919	81266	0
59919	81271	0.00010302	0.04303531	0.50282105	0.04292747	0.49932872	0.58520023	0.58506333	0.31989230	0.31970791	0.58528561	0.58498026	0.32000750	0.31969385	59919	81270	0
59919	81274	0.00061360	0.04297171	0.50129299	0.04294821	0.50006760	0.58535866	0.58505183	0.31989822	0.31971883	0.58515882	0.58514016	0.32005944	0.31976912	59919	81273	0
59919	81278	0.00022798	0.04311260	0.50043222	0.04303247	0.50135770	0.58528257	0.58515857	0.31982993	0.31974110	0.58522965	0.58510656	0.31990364	0.31972426	59919	81276	0
59919	82065	-0.00061776	0.04334245	0.49873787	0.04328070	0.50076766	0.58530820	0.58527534	0.31990898	0.31974423	0.58531963	0.58518914	0.31974866	0.31966296	59919	82064	0
59919	82069	-0.00128968	0.04343817	0.49850567	0.04320807	0.50011828	0.58538167	0.58526424	0.31978884	0.31969468	0.58532324	0.58514156	0.31988170	0.31964661	59919	82067	0
59919	82072	0.00000261	0.04327683	0.50062813	0.04325526	0.49752663	0.58548512	0.58522562	0.31983930	0.31969722	0.58540246	0.58530993	0.31973617	0.31971810	59919	82070	0
59919	82075	0.00075178	0.04329178	0.50083059	0.04317180	0.49903258	0.58532973	0.58518273	0.31994768	0.31965302	0.58550944	0.58513918	0.31981120	0.31971300	59919	82073	0
59919	82078	0.00051324	0.04326152	0.49917864	0.04312329	0.49975113	0.58533491	0.58514197	0.31970643	0.31967372	0.58530648	0.58512168	0.31993642	0.31968038	59919	82077	0
59919	82866	-0.00030086	0.04298721	0.49903959	0.04311690	0.50099343	0.58470268	0.58452149	0.31919540	0.31915514	0.58474196	0.58458551	0.31925037	0.31911528	59919	82864	0
59919	82869	0.00002965	0.04309110	0.50072473	0.04296656	0.49993152	0.58484944	0.58467368	0.31919277	0.31923263	0.58468773	0.58461961	0.31935342	0.31915662	59919	82867	0
59919	82872	0.00066845	0.04291893	0.50045156	0.04293789	0.49891842	0.58470063	0.58443415	0.31914092	0.31910370	0.58448624	0.58443267	0.31938456	0.31914832	59919	82871	0
59919	82876	0.00035015	0.04284614	0.49932671	0.04296312	0.50009064	0.58473950	0.58461714	0.31925687	0.31927741	0.58476858	0.58459224	0.31942072	0.31922342	59919	82874	0
59919	82879	0.00083722	0.04285337	0.50121894	0.04290600	0.50004997	0.58473621	0.58454623	0.31921759	0.31924216	0.58494550	0.58461566	0.31933033	0.31930214	59919	82877	0
59919	83666	0.00122260	0.04288003	0.50024581	0.04289826	0.49932090	0.58508897	0.58485339	0.31959829	0.31961497	0.58514961	0.58491436	0.31981966	0.31956682	59919	83665	0
59919	83670	-0.00117961	0.04290010	0.49849573	0.04293535	0.50426104	0.58510582	0.58488330	0.31964981	0.31959755	0.58507122	0.58504148	0.31977940	0.31967808	59919	83668	0
59919	83673	0.00139072	0.04287367	0.50331328	0.04291958	0.49714448	0.58523828	0.58495413	0.31972894	0.31966633	0.58512176	0.58491805	0.31997274	0.31968506	59919	83671	0
59919	83676	0.00019047	0.04297651	0.49816040	0.04311852	0.50104100	0.58513910	0.58495224	0.31999362	0.31971062	0.58523598	0.58509768	0.31980092	0.31965869	59919	83675	0
59919	83679	0.00058287	0.04305239	0.50081272	0.04293059	0.49987098	0.58518856	0.58506038	0.31994546	0.31966370	0.58500598	0.58491362	0.31980314	0.31963009	59919	83678	0
59919	84467	0.00064577	0.04304090	0.49993813	0.04301679	0.49978715	0.58540599	0.58522160	0.31997069	0.31986699	0.58528265	0.58509702	0.32007201	0.31981834	59919	84465	0
59919	84470	0.00176545	0.04304880	0.50091178	0.04307160	0.49822456	0.58544436	0.58518980	0.31987940	0.31979690	0.58541979	0.58514320	0.31992887	0.31979147	59919	84468	0
59919	84473	0.00122867	0.04307940	0.49860011	0.04305568	0.49988838	0.58535973	0.58516892	0.32008811	0.31970076	0.58527443	0.58516432	0.31981424	0.31983042	59919	84472	0
59919	84477	-0.00089388	0.04295506	0.49777387	0.04291999	0.50286799	0.58517542	0.58515265	0.32006839	0.31978671	0.58522316	0.58514345	0.32011589	0.31985968	59919	84475	0
59919	84480	-0.00030152	0.04300392	0.50080034	0.04300721	0.49937868	0.58542686	0.58523359	0.32015591	0.31994661	0.58533573	0.58519662	0.32010940	0.31977381	59919	84478	0
59919	85267	0.00207491	0.04336195	0.50325903	0.04337128	0.49755560	0.58579614	0.58557337	0.32026495	0.31992755	0.58573763	0.58552349	0.32020126	0.31991785	59919	85266	0
59919	85271	0.00179595	0.04339833	0.49939636	0.04350705	0.50006586	0.58561158	0.58547551	0.32008598	0.31991095	0.58572876	0.58557765	0.31996379	0.31986740	59919	85269	0
59919	85274	-0.00044013	0.04341390	0.49560711	0.04337399	0.50097372	0.58581282	0.58559030	0.31994752	0.31990799	0.58569688	0.58557477	0.32008031	0.31987529	59919	85272	0
59919	85277	-0.00050663	0.04336724	0.49983075	0.04322381	0.49999033	0.58568052	0.58567469	0.31989904	0.31989139	0.58575670	0.58559441	0.31992928	0.31990134	59919	85276	0
59919	85280	-0.00039806	0.04334278	0.49978674	0.04316740	0.49952619	0.58573714	0.58565801	0.32011490	0.31989920	0.58579129	0.58551495	0.32003520	0.31986107	59919	85279	0
59919	86068	0.00110976	0.04303729	0.50202153	0.04295089	0.49840274	0.58623436	0.58601357	0.32080292	0.32053315	0.58617832	0.58593435	0.32080128	0.32051861	59919	86066	0
59919	86071	0.00064938	0.04305338	0.49919109	0.04314833	0.50029601	0.58630166	0.58613994	0.32073563	0.32060563	0.58636633	0.58617700	0.32082108	0.32065206	59919	86070	0
59919	86074	-0.00155698	0.04319540	0.49809017	0.04311190	0.50338543	0.58627043	0.58605925	0.32064819	0.32061163	0.58622976	0.58608029	0.32089233	0.32058763	59919	86073	0
59919	86078	-0.00054955	0.04312763	0.49969609	0.04309753	0.49727826	0.58630642	0.58614603	0.32069487	0.32071032	0.58627816	0.58620683	0.32063488	0.32068262	59919	86076	0
59919	86081	0.00030216	0.04304081	0.50136709	0.04317823	0.49932299	0.58620387	0.58600592	0.32080900	0.32056389	0.58624323	0.58599138	0.32080218	0.32057802	59919	86079	0
59920	468	-0.00075365	0.04297993	0.49858227	0.04310768	0.50111621	0.58623748	0.58599179	0.32047917	0.32040086	0.58605777	0.58583624	0.32040439	0.32042699	59920	467	0
59920	472	0.00074495	0.04306141	0.50279094	0.04293614	0.49919431	0.58609220	0.58583616	0.32060842	0.32038204	0.58601455	0.58591874	0.32075987	0.32046824	59920	470	0
59920	475	-0.00151467	0.04305192	0.49872706	0.04309743	0.50415014	0.58607421	0.58591726	0.32051319	0.32039765	0.58613386	0.58584437	0.32047391	0.32038410	59920	473	0
59920	478	-0.00082469	0.04293829	0.49904340	0.04291957	0.49738744	0.58603879	0.58576730	0.32052124	0.32034654	0.58614578	0.58595728	0.32045608	0.32044704	59920	477	0
59920	481	0.00038014	0.04303261	0.50204772	0.04292722	0.49915613	0.58605597	0.58595654	0.32069018	0.32043069	0.58589598	0.58591249	0.32072790	0.32040825	59920	480	0
59920	1269	-0.00085858	0.04295804	0.49820732	0.04295086	0.50118025	0.58533442	0.58517837	0.31985475	0.31975935	0.58528553	0.58514205	0.32007850	0.31976559	59920	1267	0
59920	1272	0.00089209	0.04293226	0.50121594	0.04280682	0.49701433	0.58545053	0.58514657	0.31987603	0.31980199	0.58546014	0.58516293	0.31985984	0.31975992	59920	1271	0
59920	1275	0.00016228	0.04296546	0.50039744	0.04302000	0.50214898	0.58544642	0.58524239	0.31984382	0.31981399	0.58539785	0.58529941	0.32010011	0.31972886	59920	1274	0
59920	1279	-0.00122213	0.04312074	0.49771759	0.04302079	0.50104020	0.58543664	0.58515947	0.31976855	0.31968260	0.58542020	0.58517739	0.31986247	0.31964833	59920	1277	0
59920	1282	0.00052069	0.04288845	0.50031087	0.04301805	0.49612809	0.58528380	0.58503556	0.31995894	0.31962121	0.58516966	0.58509234	0.31994020	0.31970306	59920	1280	0
59920	2069	0.00102439	0.04293234	0.50081722	0.04290608	0.49960834	0.58532743	0.58515389	0.31995311	0.31968860	0.58540352	0.58509218	0.31996280	0.31979764	59920	2068	0
59920	2073	-0.00062588	0.04287376	0.49882596	0.04296723	0.50278662	0.58526120	0.58510253	0.31988047	0.31969920	0.58530763	0.58506678	0.31975746	0.31973749	59920	2071	0
59920	2076	-0.00086777	0.04296783	0.49906662	0.04294134	0.49964716	0.58538890	0.58519645	0.31982771	0.31979682	0.58547304	0.58527139	0.31985138	0.31982360	59920	2074	0
59920	2079	0.00161471	0.04284883	0.50286213	0.04296164	0.49690417	0.58551429	0.58524847	0.32004349	0.31979328	0.58538676	0.58523285	0.31996929	0.31972779	59920	2078	0
59920	2083	0.00025229	0.04297914	0.49789541	0.04293222	0.50116522	0.58553212	0.58523105	0.31995294	0.31982385	0.58547205	0.58527049	0.32001843	0.31978523	59920	2081	0
59920	2870	0.00062357	0.04289707	0.49951551	0.04294833	0.49862443	0.58548019	0.58530993	0.32003667	0.32001490	0.58551528	0.58527879	0.32021901	0.31993708	59920	2868	0
59920	2873	0.00058261	0.04296662	0.50009982	0.04289659	0.50019813	0.58559589	0.58558923	0.32030768	0.32008121	0.58552349	0.58528963	0.32020266	0.31990504	59920	2872	0
59920	2877	-0.00091835	0.04287366	0.49764740	0.04297743	0.50124969	0.58574273	0.58542135	0.32010085	0.32002460	0.58544198	0.58531379	0.32021022	0.31993248	59920	2875	0
59920	2880	-0.00143256	0.04300541	0.49835860	0.04299150	0.49959272	0.58561602	0.58545365	0.32011646	0.31994440	0.58561684	0.58546910	0.32029042	0.31989230	59920	2878	0
59920	2883	0.00050342	0.04287627	0.50164954	0.04286845	0.49700318	0.58565653	0.58532875	0.31994053	0.31994793	0.58547460	0.58528848	0.32007012	0.31997028	59920	2881	0
59920	3670	-0.00076373	0.04308485	0.49812410	0.04298424	0.50116526	0.58513655	0.58488198	0.31963814	0.31938546	0.58519119	0.58501830	0.31938711	0.31946887	59920	3669	0
59920	3674	0.00140570	0.04299765	0.50156764	0.04308904	0.49636102	0.58516054	0.58491962	0.31964242	0.31939533	0.58506621	0.58488864	0.31959508	0.31936410	59920	3672	0
59920	3677	-0.00104091	0.04301028	0.49721894	0.04305078	0.50309080	0.58504254	0.58487869	0.31949599	0.31932860	0.58512693	0.58495955	0.31956279	0.31940666	59920	3675	0
59920	3680	0.00073727	0.04303881	0.50190167	0.04321319	0.49763402	0.58512028	0.58496374	0.31967438	0.31935539	0.58527115	0.58508593	0.31957594	0.31944142	59920	3679	0
59920	3684	0.00024409	0.04319222	0.50026957	0.04327213	0.50145321	0.58524107	0.58503186	0.31951825	0.31938251	0.58525915	0.58504493	0.31958070	0.31939656	59920	3682	0
59920	4471	0.00142379	0.04306727	0.50062432	0.04288957	0.49779304	0.58531667	0.58505282	0.31963576	0.31960716	0.58513466	0.58500187	0.31977397	0.31948497	59920	4469	0
59920	4474	0.00143535	0.04298600	0.49909852	0.04306404	0.49907077	0.58513704	0.58510828	0.31954496	0.31955729	0.58508445	0.58495462	0.31972607	0.31951719	59920	4473	0
59920	4477	-0.00129019	0.04288332	0.49615482	0.04299768	0.50269612	0.58514838	0.58501929	0.31979788	0.31953148	0.58513499	0.58501091	0.31972089	0.31949886	59920	4476	0
59920	4481	-0.00079103	0.04301838	0.49917572	0.04307490	0.49797773	0.58502857	0.58505873	0.31979172	0.31956690	0.58528963	0.58512513	0.31978548	0.31958974	59920	4479	0
59920	4484	0.00030719	0.04286615	0.50099606	0.04301691	0.49836034	0.58505027	0.58497467	0.31975967	0.31948013	0.58530434	0.58508256	0.31971440	0.31955556	59920	4482	0
59920	5271	0.00068129	0.04291473	0.50054845	0.04278094	0.49965060	0.58531544	0.58510968	0.31977586	0.31975877	0.58509563	0.58502808	0.31991317	0.31971086	59920	5270	0
59920	5275	0.00024596	0.04279344	0.50062005	0.04285728	0.50166484	0.58521954	0.58502052	0.31973215	0.31971571	0.58521634	0.58501419	0.31994168	0.31971177	59920	5273	0
59920	5278	-0.00048174	0.04280335	0.49786051	0.04284690	0.49960699	0.58518035	0.58501658	0.31988375	0.31965006	0.58545110	0.58506029	0.31998745	0.31976937	59920	5276	0
59920	5281	0.00079757	0.04286634	0.50172284	0.04304665	0.49865250	0.58540172	0.58534354	0.31995442	0.31989205	0.58550303	0.58523713	0.32004259	0.31978843	59920	5280	0
59920	5285	0.00028216	0.04295576	0.49901758	0.04281722	0.50025458	0.58548660	0.58546359	0.32006543	0.32000200	0.58543072	0.58530303	0.32014662	0.31977241	59920	5283	0
59920	6072	-0.00046179	0.04296800	0.49920179	0.04288015	0.50098727	0.58577445	0.58550492	0.31997989	0.32004136	0.58569573	0.58544749	0.31999329	0.32001186	59920	6070	0
59920	6075	0.00017799	0.04286358	0.49847927	0.04286727	0.49694379	0.58569901	0.58545956	0.32038968	0.32013134	0.58556548	0.58547000	0.32029962	0.32010003	59920	6074	0
59920	6079	0.00129735	0.04291052	0.50040688	0.04298021	0.49772042	0.58550385	0.58533918	0.32028582	0.31994974	0.58563944	0.58551519	0.32015927	0.32002928	59920	6077	0
59920	6082	-0.00049657	0.04302927	0.49833331	0.04292792	0.50263871	0.58563640	0.58546556	0.32031277	0.32009461	0.58572292	0.58553853	0.32016675	0.32004785	59920	6080	0
59920	6085	0.00006477	0.04285974	0.49986789	0.04293489	0.49852069	0.58568578	0.58553253	0.32020882	0.32013742	0.58577436	0.58552999	0.32023808	0.32019798	59920	6083	0
59920	6873	-0.00012680	0.04320037	0.50009871	0.04320177	0.50055846	0.58605227	0.58594791	0.32053447	0.32025353	0.58599006	0.58581529	0.32051187	0.32026339	59920	6871	0
59920	6876	0.00223017	0.04317801	0.50313879	0.04324296	0.49748207	0.58596360	0.58582309	0.32046898	0.32025788	0.58606517	0.58574799	0.32029149	0.32011055	59920	6874	0
59920	6879	-0.00085408	0.04325599	0.49762606	0.04319234	0.50502825	0.58595111	0.58574725	0.32031105	0.32021219	0.58599310	0.58573969	0.32041466	0.32022682	59920	6877	0
59920	6882	-0.00222371	0.04313685	0.49760514	0.04317699	0.50089225	0.58601439	0.58593936	0.32053348	0.32038155	0.58603633	0.58575234	0.32036561	0.32027012	59920	6881	0
59920	6886	0.00016933	0.04331825	0.50191645	0.04313133	0.49617316	0.58617043	0.58576179	0.32040858	0.32032649	0.58599179	0.58575916	0.32028812	0.32025024	59920	6884	0
59920	7673	0.00065373	0.04330649	0.50048444	0.04313729	0.49932189	0.58581611	0.58556450	0.32015385	0.31987718	0.58577231	0.58554839	0.32013010	0.31987586	59920	7671	0
59920	7676	-0.00089902	0.04320713	0.49756465	0.04324739	0.50129125	0.58579022	0.58574634	0.32022896	0.32007727	0.58595514	0.58572728	0.32002188	0.32002476	59920	7675	0
59920	7680	0.00045860	0.04324749	0.50086697	0.04314655	0.49760869	0.58589483	0.58564494	0.31995360	0.31993470	0.58576935	0.58560484	0.32004136	0.31997587	59920	7678	0
59920	7683	0.00116910	0.04321699	0.50036805	0.04338063	0.49866283	0.58587831	0.58557156	0.32004152	0.31989715	0.58571364	0.58561725	0.32020882	0.31996330	59920	7681	0
59920	7686	-0.00110479	0.04321147	0.49712946	0.04311123	0.50258682	0.58570961	0.58554847	0.32015796	0.31988597	0.58573106	0.58564889	0.32024227	0.31996403	59920	7684	0
59920	8473	-0.00046021	0.04306127	0.50102021	0.04290588	0.49947320	0.58551593	0.58531815	0.32027407	0.31994587	0.58562062	0.58537780	0.32004530	0.31996099	59920	8472	0
59920	8477	-0.00053727	0.04291534	0.50040220	0.04298999	0.50058713	0.58553639	0.58532160	0.32025492	0.31999321	0.58553755	0.58544042	0.32024597	0.32006700	59920	8475	0
59920	8480	-0.00071532	0.04283755	0.49869154	0.04299764	0.49911887	0.58553056	0.58531075	0.32021416	0.32003298	0.58554691	0.58545036	0.31998367	0.32003577	59920	8478	0
59920	8483	-0.00033341	0.04293186	0.50002606	0.04306794	0.49910947	0.58571956	0.58537953	0.32030118	0.32006420	0.58564486	0.58541716	0.32009239	0.32002418	59920	8482	0
59920	8487	0.00216711	0.04309006	0.50277879	0.04309139	0.49677753	0.58582572	0.58548635	0.32017250	0.32013816	0.58573574	0.58561347	0.32015862	0.32014202	59920	8485	0
59920	9274	0.00046105	0.04292817	0.49758791	0.04284899	0.50168246	0.58601628	0.58581241	0.32069700	0.32044038	0.58615794	0.58577206	0.32053809	0.32050637	59920	9272	0
59920	9277	0.00138814	0.04285323	0.50128434	0.04296485	0.49905933	0.58610198	0.58582893	0.32067334	0.32053011	0.58606385	0.58588332	0.32052781	0.32047128	59920	9276	0
59920	9281	-0.00057396	0.04290394	0.49696019	0.04287118	0.50166921	0.58600551	0.58577149	0.32045575	0.32039428	0.58596755	0.58578036	0.32048878	0.32044351	59920	9279	0
59920	9284	0.00089139	0.04292538	0.50086429	0.04302977	0.49734745	0.58595169	0.58590921	0.32062584	0.32042461	0.58599902	0.58586171	0.32057358	0.32037267	59920	9282	0
59920	9287	-0.00086649	0.04303564	0.49877229	0.04291572	0.50299120	0.58593821	0.58577116	0.32056331	0.32042255	0.58596443	0.58591578	0.32054893	0.32042995	59920	9285	0
59920	10075	0.00003265	0.04330720	0.50191334	0.04341422	0.49975541	0.58592170	0.58571109	0.32013914	0.32006683	0.58597544	0.58572210	0.32013413	0.32007760	59920	10073	0
59920	10078	-0.00088148	0.04324695	0.49816723	0.04311632	0.50036114	0.58595489	0.58577149	0.32015155	0.32013117	0.58582104	0.58576294	0.32030357	0.32003224	59920	10076	0
59920	10081	0.00016210	0.04309333	0.49974245	0.04312169	0.49723786	0.58592523	0.58567148	0.32021926	0.32010594	0.58599984	0.58573262	0.32020644	0.32011112	59920	10079	0
59920	10084	0.00002963	0.04323773	0.50172404	0.04313016	0.50204198	0.58596237	0.58576385	0.32010126	0.32018080	0.58597174	0.58581364	0.32037185	0.32017407	59920	10083	0
59920	10088	-0.00082059	0.04305237	0.49712248	0.04304686	0.49916302	0.58595440	0.58581109	0.32020743	0.32024925	0.58593148	0.58578768	0.32031113	0.32024925	59920	10086	0
59920	10875	-0.00166811	0.04341434	0.49842929	0.04332962	0.50046332	0.58507098	0.58498585	0.31940913	0.31909639	0.58512751	0.58490524	0.31933723	0.31908406	59920	10873	0
59920	10878	0.00011004	0.04334094	0.50147999	0.04343173	0.49721244	0.58506703	0.58498626	0.31931841	0.31916377	0.58515101	0.58491288	0.31911767	0.31908800	59920	10877	0
59920	10882	0.00070216	0.04337872	0.49925925	0.04331255	0.49783816	0.58499472	0.58492718	0.31926155	0.31917658	0.58515767	0.58483909	0.31921208	0.31915686	59920	10880	0
59920	10885	0.00004778	0.04331485	0.50036362	0.04343193	0.50193414	0.58512759	0.58487500	0.31929968	0.31921233	0.58525027	0.58494575	0.31912005	0.31910518	59920	10883	0
59920	10888	0.00146376	0.04344532	0.49997937	0.04347846	0.49658102	0.58519801	0.58501715	0.31938571	0.31908718	0.58522801	0.58489233	0.31917461	0.31911167	59920	10887	0
59920	11676	0.00096777	0.04294343	0.49932024	0.04299741	0.50051063	0.58447835	0.58427424	0.31875554	0.31872530	0.58451607	0.58444664	0.31903295	0.31883582	59920	11674	0
59920	11679	-0.00144438	0.04281685	0.49757289	0.04289080	0.50336204	0.58452470	0.58433538	0.31907165	0.31876762	0.58453768	0.58436389	0.31901627	0.31877961	59920	11677	0
59920	11682	-0.00095578	0.04292232	0.49852427	0.04303673	0.49735163	0.58458181	0.58436718	0.31899909	0.31880969	0.58476653	0.58462832	0.31900345	0.31900411	59920	11680	0
59920	11685	-0.00078770	0.04304017	0.49979254	0.04305338	0.49938916	0.58478099	0.58459857	0.31909482	0.31890435	0.58459652	0.58445222	0.31912728	0.31888504	59920	11684	0
59920	11689	0.00152670	0.04297490	0.50177623	0.04309997	0.49622166	0.58454171	0.58432535	0.31899236	0.31883023	0.58468962	0.58450054	0.31907313	0.31897814	59920	11687	0
59920	12476	-0.00057019	0.04303705	0.49658815	0.04296025	0.50162068	0.58554502	0.58532842	0.31994267	0.31994004	0.58548076	0.58522406	0.32025615	0.31986946	59920	12474	0
59920	12479	-0.00161014	0.04303727	0.49630475	0.04312884	0.49880063	0.58558455	0.58538364	0.32002386	0.32001030	0.58568077	0.58542604	0.32011597	0.31999090	59920	12478	0
59920	12483	0.00068367	0.04329709	0.50208030	0.04317038	0.49657516	0.58569704	0.58538988	0.31997841	0.31990734	0.58567395	0.58540928	0.32007456	0.31996182	59920	12481	0
59920	12486	-0.00027780	0.04301477	0.49914008	0.04294260	0.50144760	0.58562440	0.58555825	0.32028795	0.31991276	0.58565259	0.58535266	0.32020521	0.31996050	59920	12484	0
59920	12489	-0.00058556	0.04289692	0.49757485	0.04297241	0.49831347	0.58557460	0.58536219	0.32003520	0.31989739	0.58564338	0.58549309	0.32026306	0.31993979	59920	12487	0
59920	13277	0.00064001	0.04295015	0.50171248	0.04298831	0.49877113	0.58551043	0.58540196	0.32018828	0.32001137	0.58575620	0.58547682	0.32009255	0.32002164	59920	13275	0
59920	13280	-0.00018268	0.04307028	0.49833047	0.04301501	0.50030491	0.58578948	0.58560862	0.32011170	0.32008532	0.58579392	0.58565489	0.32020307	0.32010603	59920	13278	0
59920	13283	-0.00077318	0.04313172	0.49869318	0.04301621	0.50011040	0.58577231	0.58556343	0.32028837	0.32004752	0.58592934	0.58554445	0.32024695	0.32010866	59920	13281	0
59920	13286	0.00016677	0.04302306	0.49990862	0.04300323	0.49765273	0.58593295	0.58572021	0.32027826	0.32021104	0.58565661	0.58550098	0.32037596	0.32005878	59920	13285	0
59920	13290	0.00157825	0.04299047	0.50190117	0.04295834	0.49851361	0.58582794	0.58563007	0.32018639	0.32021753	0.58586985	0.58571495	0.32021753	0.32013651	59920	13288	0
59920	14077	0.00170378	0.04285730	0.50058366	0.04299376	0.50028239	0.58541248	0.58529867	0.32003043	0.31985409	0.58563763	0.58542801	0.32007916	0.31995113	59920	14075	0
59920	14080	-0.00027208	0.04292435	0.49626160	0.04282338	0.50100366	0.58534822	0.58533499	0.32010948	0.31980232	0.58541388	0.58531576	0.32013742	0.31988688	59920	14079	0
59920	14084	-0.00073801	0.04291226	0.49983267	0.04305491	0.50095089	0.58543689	0.58533614	0.32013323	0.31982278	0.58567600	0.58539950	0.31996601	0.31990158	59920	14082	0
59920	14087	0.00044086	0.04294345	0.50183896	0.04297435	0.49900967	0.58558159	0.58544140	0.32000405	0.31992402	0.58568521	0.58538167	0.31996642	0.31982344	59920	14085	0
59920	14090	-0.00018971	0.04296477	0.50097454	0.04295181	0.50248791	0.58549745	0.58525948	0.32005656	0.31984037	0.58561207	0.58540854	0.31997028	0.31991588	59920	14088	0
59920	14878	0.00099635	0.04304837	0.50113906	0.04300513	0.49829251	0.58526424	0.58515627	0.31973067	0.31979320	0.58541766	0.58531346	0.31995565	0.31992287	59920	14876	0
59920	14881	-0.00101035	0.04294986	0.49794525	0.04305134	0.50276132	0.58543910	0.58536778	0.32011704	0.31982607	0.58551421	0.58535134	0.31994267	0.31988285	59920	14879	0
59920	14884	-0.00082596	0.04305022	0.49942656	0.04302525	0.49898403	0.58557707	0.58542538	0.32001597	0.31993133	0.58524493	0.58533401	0.31960158	0.31987019	59920	14883	0
59920	14887	0.00058725	0.04296706	0.50176049	0.04291960	0.49836879	0.58545874	0.58527090	0.31987389	0.31976518	0.58536540	0.58520779	0.31993265	0.31979690	59920	14886	0
59920	14891	0.00045543	0.04291471	0.50037716	0.04294466	0.50069353	0.58554691	0.58544675	0.32011416	0.31987085	0.58538462	0.58532735	0.31991095	0.31982204	59920	14889	0
59920	15678	0.00067179	0.04303511	0.50068882	0.04318777	0.50016955	0.58529769	0.58505364	0.31951710	0.31937971	0.58530253	0.58521067	0.31956485	0.31946369	59920	15676	0
59920	15681	-0.00068186	0.04327690	0.49814663	0.04315933	0.50139540	0.58545932	0.58524428	0.31955655	0.31944077	0.58525455	0.58517878	0.31951168	0.31945605	59920	15680	0
59920	15685	-0.00044184	0.04305029	0.49886330	0.04304190	0.49828725	0.58528372	0.58510779	0.31945728	0.31943017	0.58527747	0.58511239	0.31959500	0.31936213	59920	15683	0
59920	15688	0.00139302	0.04315699	0.50248278	0.04314957	0.49807912	0.58539301	0.58522973	0.31942721	0.31948604	0.58522406	0.58523967	0.31961702	0.31937741	59920	15686	0
59920	15691	-0.00020861	0.04319300	0.49717846	0.04318126	0.50102236	0.58536885	0.58519818	0.31972902	0.31947700	0.58534255	0.58533401	0.31967002	0.31952532	59920	15690	0
59920	16479	0.00008249	0.04309688	0.50003675	0.04296354	0.49933812	0.58478420	0.58453555	0.31892654	0.31887674	0.58462215	0.58457178	0.31905702	0.31889728	59920	16477	0
59920	16482	0.00068195	0.04297634	0.50263563	0.04313232	0.50119693	0.58484122	0.58465338	0.31909400	0.31887518	0.58477606	0.58463243	0.31889991	0.31890000	59920	16480	0
59920	16485	0.00022821	0.04316785	0.49936204	0.04312713	0.50045102	0.58488141	0.58470318	0.31897822	0.31893927	0.58475314	0.58457696	0.31903435	0.31885324	59920	16483	0
59920	16488	-0.00097448	0.04309772	0.49729756	0.04314393	0.50018401	0.58470318	0.58449545	0.31907880	0.31882694	0.58479143	0.58456398	0.31886885	0.31891142	59920	16487	0
59920	16492	0.00140912	0.04306341	0.50255699	0.04319693	0.49683635	0.58478329	0.58454434	0.31905160	0.31890402	0.58466825	0.58455601	0.31902366	0.31889942	59920	16490	0
59920	17279	0.00046564	0.04299802	0.49788774	0.04305555	0.50015209	0.58502011	0.58489521	0.31941981	0.31916763	0.58507188	0.58483638	0.31935761	0.31923082	59920	17277	0
59920	17282	0.00061975	0.04306029	0.50042359	0.04325412	0.50005371	0.58493646	0.58477639	0.31928653	0.31921430	0.58504517	0.58482487	0.31923246	0.31912005	59920	17281	0
59920	17286	-0.00021667	0.04304526	0.49899370	0.04304644	0.50100113	0.58490474	0.58469775	0.31923386	0.31917379	0.58485651	0.58472635	0.31922416	0.31905086	59920	17284	0
59920	17289	-0.00084668	0.04319735	0.49964393	0.04310350	0.50115594	0.58495594	0.58485914	0.31927379	0.31911693	0.58485963	0.58478173	0.31927774	0.31910740	59920	17287	0
59920	17292	0.00055474	0.04297042	0.50139901	0.04308490	0.49803561	0.58493137	0.58469923	0.31906319	0.31907477	0.58495281	0.58470046	0.31904051	0.31900090	59920	17290	0
59920	18080	0.00127041	0.04317857	0.50099791	0.04291738	0.49928031	0.58548192	0.58528166	0.31976855	0.31978695	0.58547345	0.58527698	0.32002599	0.31980076	59920	18078	0
59920	18083	0.00085104	0.04306973	0.50049531	0.04309271	0.50150179	0.58535217	0.58529333	0.32000044	0.31969484	0.58550542	0.58526498	0.31986740	0.31971185	59920	18081	0
59920	18086	-0.00026435	0.04301870	0.49953174	0.04305506	0.50220868	0.58565982	0.58537805	0.32000997	0.31984382	0.58567453	0.58552136	0.32010931	0.31990988	59920	18084	0
59920	18089	-0.00100377	0.04309805	0.49823133	0.04309897	0.50000594	0.58558142	0.58528898	0.31986255	0.31967627	0.58554124	0.58527468	0.32001219	0.31987389	59920	18088	0
59920	18093	0.00076731	0.04304857	0.50305546	0.04303849	0.49880487	0.58558356	0.58529284	0.31987118	0.31983856	0.58534124	0.58524871	0.31982278	0.31976847	59920	18091	0
59920	18880	-0.00057816	0.04277545	0.49866724	0.04278069	0.50189636	0.58533261	0.58508568	0.32007365	0.31975688	0.58529070	0.58510220	0.31999912	0.31977093	59920	18878	0
59920	18883	-0.00091555	0.04278125	0.49889345	0.04288392	0.49970318	0.58532554	0.58504583	0.31996946	0.31981613	0.58519645	0.58513006	0.31995163	0.31969952	59920	18882	0
59920	18887	0.00085715	0.04276932	0.50180114	0.04264217	0.49754668	0.58544913	0.58510171	0.31982894	0.31975014	0.58527312	0.58516153	0.31981341	0.31977972	59920	18885	0
59920	18890	-0.00155319	0.04270657	0.49745460	0.04274605	0.50323940	0.58522784	0.58505873	0.31985639	0.31980101	0.58514608	0.58513088	0.32003470	0.31974973	59920	18888	0
59920	18893	-0.00089070	0.04270430	0.50067119	0.04287256	0.49908122	0.58525085	0.58510261	0.31999723	0.31973946	0.58520434	0.58507311	0.31996929	0.31971218	59920	18892	0
59920	19681	0.00099653	0.04292493	0.50285969	0.04275962	0.49833033	0.58544042	0.58517895	0.31994333	0.31985779	0.58548290	0.58529054	0.31997841	0.31988556	59920	19679	0
59920	19684	0.00215321	0.04273152	0.50224633	0.04283439	0.49947029	0.58543097	0.58531322	0.32009699	0.31988655	0.58544790	0.58532612	0.31991753	0.31978901	59920	19682	0
59920	19687	-0.00029977	0.04280583	0.49780032	0.04269462	0.50368747	0.58547896	0.58519670	0.31983289	0.31980963	0.58527476	0.58518109	0.32007875	0.31988301	59920	19686	0
59920	19690	0.00023839	0.04272439	0.50108876	0.04273052	0.49979719	0.58552243	0.58519892	0.31991794	0.31985031	0.58550303	0.58516243	0.31988597	0.31986650	59920	19689	0
59920	19694	0.00120032	0.04275553	0.50012241	0.04285050	0.49781377	0.58540648	0.58532300	0.31997159	0.31998121	0.58532497	0.58523474	0.32005007	0.31988482	59920	19692	0
59920	20481	0.00042899	0.04296647	0.49974161	0.04288342	0.50159281	0.58521034	0.58503096	0.31973626	0.31968293	0.58521461	0.58493260	0.31967002	0.31959213	59920	20480	0
59920	20484	0.00119381	0.04270902	0.50047798	0.04278357	0.49864241	0.58509908	0.58489159	0.31988885	0.31958720	0.58512578	0.58492487	0.31980355	0.31967652	59920	20483	0
59920	20488	0.00071199	0.04280680	0.50037788	0.04279240	0.50153426	0.58523384	0.58495889	0.31990454	0.31965836	0.58522505	0.58500614	0.31979616	0.31974119	59920	20486	0
59920	20491	0.00004394	0.04274224	0.49847065	0.04271482	0.50007397	0.58508248	0.58509308	0.31990512	0.31959739	0.58520155	0.58495100	0.31979468	0.31959319	59920	20489	0
59920	20494	0.00147885	0.04266128	0.50310958	0.04283799	0.49966580	0.58517936	0.58502200	0.31990232	0.31965869	0.58511814	0.58496686	0.31977685	0.31966624	59920	20493	0
59920	21282	-0.00067766	0.04312630	0.49779445	0.04308877	0.50297007	0.58533351	0.58528133	0.31978112	0.31967849	0.58531880	0.58520878	0.31994472	0.31965795	59920	21280	0
59920	21285	0.00054079	0.04304725	0.50252588	0.04300697	0.49960158	0.58544995	0.58518487	0.31993059	0.31969747	0.58535044	0.58525225	0.31997809	0.31969698	59920	21283	0
59920	21288	-0.00064358	0.04302285	0.49940019	0.04309109	0.50224268	0.58549161	0.58519464	0.31994670	0.31970823	0.58540804	0.58524378	0.31992895	0.31969180	59920	21287	0
59920	21291	-0.00039112	0.04319173	0.50070139	0.04308950	0.50009549	0.58556343	0.58537460	0.31982549	0.31983272	0.58552201	0.58530410	0.31990832	0.31977011	59920	21290	0
59920	21295	0.00043622	0.04303505	0.50170058	0.04301451	0.49971497	0.58546827	0.58535784	0.31992796	0.31970035	0.58566327	0.58535718	0.31989107	0.31993905	59920	21293	0
59920	22082	-0.00020562	0.04325216	0.49998502	0.04320976	0.50152545	0.58585432	0.58569835	0.32025977	0.32004990	0.58590346	0.58584010	0.32014777	0.32009592	59920	22081	0
59920	22085	-0.00073732	0.04318806	0.49932386	0.04310082	0.50059992	0.58591479	0.58563911	0.32011416	0.32007480	0.58573114	0.58558438	0.32030349	0.32001054	59920	22084	0
59920	22089	-0.00000758	0.04308738	0.50017841	0.04313428	0.49842705	0.58568447	0.58560402	0.32020414	0.32004719	0.58573040	0.58558866	0.32034835	0.32002920	59920	22087	0
59920	22092	0.00083424	0.04313368	0.50120855	0.04316403	0.49918817	0.58578127	0.58569556	0.32024818	0.32005549	0.58582835	0.58562900	0.32011104	0.32005459	59920	22090	0
59920	22095	-0.00007421	0.04306765	0.49998812	0.04316445	0.50216840	0.58595563	0.58574832	0.32026437	0.32020455	0.58589614	0.58572794	0.32034391	0.32016330	59920	22094	0
59920	22883	-0.00004515	0.04301973	0.50036768	0.04309310	0.50029795	0.58611020	0.58576590	0.32047703	0.32023890	0.58594569	0.58586368	0.32027563	0.32035788	59920	22881	0
59920	22886	0.00076951	0.04298754	0.50035893	0.04310007	0.49840373	0.58607166	0.58589228	0.32051426	0.32030661	0.58602433	0.58571586	0.32046512	0.32027111	59920	22884	0
59920	22889	0.00077446	0.04314680	0.50115028	0.04308441	0.50113841	0.58609713	0.58594840	0.32062962	0.32037843	0.58623650	0.58594947	0.32034893	0.32035640	59920	22888	0
59920	22893	-0.00148358	0.04302544	0.49622967	0.04306825	0.50164898	0.58608497	0.58597018	0.32047596	0.32033693	0.58614249	0.58583854	0.32045230	0.32028417	59920	22891	0
59920	22896	0.00014954	0.04308130	0.50218384	0.04313955	0.49826435	0.58610929	0.58588143	0.32039593	0.32032362	0.58608078	0.58591808	0.32035460	0.32027316	59920	22894	0
59920	23683	0.00054953	0.04316878	0.50163052	0.04313075	0.50067053	0.58584626	0.58559786	0.32024572	0.31999625	0.58572917	0.58550073	0.32019017	0.32002394	59920	23682	0
59920	23687	-0.00113657	0.04307946	0.49822611	0.04328155	0.50227276	0.58567798	0.58556992	0.32029165	0.32001383	0.58585013	0.58562777	0.32019707	0.32007472	59920	23685	0
59920	23690	0.00016611	0.04323347	0.50131793	0.04323520	0.49819148	0.58590411	0.58571997	0.32011449	0.32010463	0.58592318	0.58570419	0.32010816	0.32002829	59920	23688	0
59920	23693	-0.00003291	0.04306637	0.50180673	0.04315828	0.50228439	0.58580904	0.58561306	0.32017628	0.31987167	0.58594783	0.58569605	0.32005081	0.32002887	59920	23691	0
59920	23696	-0.00036609	0.04323232	0.49919291	0.04330405	0.49999255	0.58589631	0.58565563	0.32003413	0.31996642	0.58579565	0.58555480	0.32019132	0.31993938	59920	23695	0
59920	24484	0.00017052	0.04290785	0.50052920	0.04288913	0.49924133	0.58593649	0.58571676	0.32028089	0.32019206	0.58585916	0.58573320	0.32026733	0.32014720	59920	24482	0
59920	24487	0.00095195	0.04292361	0.50273313	0.04297247	0.50085768	0.58580025	0.58570000	0.32046840	0.32016642	0.58586549	0.58566688	0.32033767	0.32019946	59920	24485	0
59920	24490	-0.00003757	0.04298024	0.50091022	0.04292258	0.50328508	0.58588842	0.58573665	0.32024021	0.32018680	0.58582441	0.58571183	0.32040530	0.32013084	59920	24489	0
59920	24494	-0.00063805	0.04293595	0.49792086	0.04295504	0.49936201	0.58576007	0.58567370	0.32042231	0.32019107	0.58581126	0.58576007	0.32043554	0.32016503	59920	24492	0
59920	24497	0.00014721	0.04300195	0.50121699	0.04291038	0.49933236	0.58582498	0.58566820	0.32025188	0.32019888	0.58585169	0.58574273	0.32039026	0.32015073	59920	24495	0
59920	25284	-0.00067392	0.04288906	0.50012548	0.04306011	0.50209618	0.58563286	0.58532201	0.31996954	0.31995713	0.58554395	0.58530171	0.32012263	0.31989772	59920	25283	0
59920	25288	-0.00006664	0.04302198	0.50109533	0.04300897	0.49963786	0.58541108	0.58528931	0.32005664	0.31977940	0.58557797	0.58533187	0.32002879	0.31999715	59920	25286	0
59920	25291	-0.00093757	0.04295016	0.50014286	0.04284470	0.50223310	0.58549473	0.58536622	0.32020233	0.31985959	0.58560624	0.58536844	0.32001202	0.31995064	59920	25289	0
59920	25294	0.00056660	0.04295032	0.50228206	0.04299762	0.49867206	0.58567313	0.58548060	0.32002246	0.31997472	0.58561503	0.58546491	0.32009239	0.31998022	59920	25293	0
59920	25297	0.00072124	0.04296291	0.49967683	0.04294815	0.49930570	0.58565546	0.58543647	0.32017242	0.31992303	0.58567313	0.58542711	0.32013791	0.31979583	59920	25296	0
59920	26085	-0.00030081	0.04309727	0.49843013	0.04298761	0.50088303	0.58540311	0.58525594	0.31987997	0.31975704	0.58555340	0.58535767	0.31990257	0.31984456	59920	26083	0
59920	26088	0.00078428	0.04297144	0.49991428	0.04298216	0.49731007	0.58539128	0.58526309	0.32002895	0.31980117	0.58554724	0.58538692	0.31987660	0.31985590	59920	26087	0
59920	26091	-0.00024946	0.04297138	0.49917356	0.04316975	0.50165454	0.58547953	0.58535816	0.32000726	0.31992903	0.58540673	0.58538413	0.32004037	0.31983601	59920	26090	0
59920	26095	-0.00073043	0.04310931	0.50049405	0.04314386	0.50164837	0.58553385	0.58531889	0.32001243	0.31979386	0.58547567	0.58540558	0.32012468	0.31988737	59920	26093	0
59920	26098	0.00159445	0.04308909	0.50162373	0.04307266	0.49604402	0.58563755	0.58539514	0.31991498	0.31989222	0.58560057	0.58534083	0.32000537	0.31987693	59920	26096	0
59920	26885	-0.00075083	0.04303897	0.49797811	0.04307553	0.50360679	0.58561553	0.58536499	0.31981629	0.31979936	0.58545899	0.58533064	0.31983798	0.31978605	59920	26884	0
59920	26889	0.00000718	0.04300221	0.49970678	0.04298575	0.49788756	0.58543828	0.58532587	0.31980306	0.31974160	0.58548570	0.58521535	0.31974694	0.31974644	59920	26887	0
59920	26892	0.00070409	0.04296733	0.50100623	0.04292607	0.49933363	0.58558389	0.58528799	0.31992985	0.31978983	0.58541034	0.58528224	0.32001334	0.31965186	59920	26890	0
59920	26895	-0.00017972	0.04298676	0.50110578	0.04286037	0.50322693	0.58558101	0.58548800	0.32008598	0.31979501	0.58561832	0.58559055	0.32011293	0.31985236	59920	26894	0
59920	26898	-0.00021937	0.04295908	0.50025730	0.04287650	0.50035246	0.58561183	0.58542472	0.31991950	0.31977709	0.58558693	0.58540533	0.32005344	0.31984957	59920	26897	0
59920	27686	0.00049472	0.04356993	0.50155633	0.04344333	0.49984250	0.58621127	0.58581816	0.32046561	0.32016231	0.58602260	0.58587995	0.32020274	0.32006749	59920	27684	0
59920	27689	-0.00208325	0.04368665	0.49694246	0.04366143	0.50312959	0.58606977	0.58589162	0.32018812	0.32013339	0.58600633	0.58581340	0.32015385	0.32006231	59920	27688	0
59920	27692	-0.00035996	0.04371741	0.50202699	0.04349915	0.49789110	0.58577831	0.58566590	0.32007086	0.31999904	0.58578842	0.58556433	0.32008688	0.31989928	59920	27691	0
59920	27696	0.00015847	0.04354976	0.50227386	0.04375036	0.50102961	0.58578636	0.58564486	0.31992722	0.31986132	0.58581890	0.58568513	0.32017793	0.32000266	59920	27694	0
59920	27699	-0.00118449	0.04389831	0.50012162	0.04376518	0.50334474	0.58590288	0.58576097	0.32003076	0.31996929	0.58577297	0.58554971	0.32002361	0.31976337	59920	27697	0
59920	28486	-0.00115046	0.04343037	0.50156697	0.04338216	0.50148529	0.58548257	0.58518930	0.31932770	0.31934808	0.58542308	0.58522587	0.31928004	0.31927363	59920	28485	0
59920	28490	0.00184595	0.04341954	0.50511557	0.04350916	0.49792419	0.58551026	0.58521593	0.31925300	0.31922457	0.58545439	0.58521116	0.31947585	0.31924906	59920	28488	0
59920	28493	0.00079249	0.04346218	0.50076396	0.04351542	0.50329225	0.58541108	0.58520179	0.31925802	0.31921989	0.58548298	0.58513523	0.31929828	0.31923936	59920	28491	0
59920	28496	-0.00073012	0.04354561	0.49971863	0.04342662	0.50337290	0.58538323	0.58522217	0.31929269	0.31926747	0.58547855	0.58516030	0.31927593	0.31925506	59920	28495	0
59920	28499	0.00019533	0.04340021	0.50152621	0.04348826	0.49930514	0.58549252	0.58521272	0.31941743	0.31914470	0.58543458	0.58522891	0.31924191	0.31923994	59920	28498	0
59920	29287	-0.00027102	0.04293937	0.49943186	0.04299592	0.50055109	0.58502175	0.58480096	0.31919663	0.31929680	0.58512496	0.58490639	0.31937002	0.31934553	59920	29285	0
59920	29290	0.00060081	0.04292468	0.50166357	0.04299132	0.49957119	0.58512866	0.58482865	0.31949344	0.31921701	0.58508823	0.58486686	0.31957586	0.31923665	59920	29289	0
59920	29293	0.00038041	0.04298038	0.50158066	0.04315040	0.50210961	0.58521067	0.58500129	0.31940872	0.31935095	0.58514797	0.58494961	0.31938325	0.31936821	59920	29292	0
59920	29297	-0.00018971	0.04306438	0.50047747	0.04304783	0.50184576	0.58509070	0.58483868	0.31950749	0.31924676	0.58525372	0.58503063	0.31933838	0.31924109	59920	29295	0
59920	29300	0.00083040	0.04294709	0.50187776	0.04296582	0.49942949	0.58529029	0.58490951	0.31941587	0.31921479	0.58512759	0.58488132	0.31922671	0.31917297	59920	29298	0
59920	30087	0.00044666	0.04302922	0.49996764	0.04310653	0.50088860	0.58574569	0.58555587	0.32005475	0.31983412	0.58565300	0.58550657	0.31993626	0.31984752	59920	30086	0
59920	30091	0.00072555	0.04314346	0.50150238	0.04318167	0.50083305	0.58553303	0.58543212	0.31997751	0.31985220	0.58563434	0.58547805	0.32001975	0.31994398	59920	30089	0
59920	30094	-0.00126564	0.04305372	0.49814962	0.04296497	0.50292848	0.58568833	0.58579795	0.32006387	0.32017530	0.58566228	0.58543508	0.32015648	0.31994251	59920	30092	0
59920	30097	0.00026998	0.04299552	0.50343913	0.04303510	0.49975364	0.58566771	0.58555077	0.32002616	0.31988474	0.58562711	0.58539736	0.31988860	0.31991325	59920	30096	0
59920	30101	0.00011263	0.04313315	0.50149127	0.04316011	0.50186891	0.58559769	0.58538808	0.31987619	0.31980175	0.58549021	0.58543590	0.32014111	0.31989016	59920	30099	0
59920	30888	-0.00037670	0.04302710	0.49998780	0.04300026	0.50116219	0.58490704	0.58481131	0.31947322	0.31925744	0.58506810	0.58490400	0.31960256	0.31923550	59920	30886	0
59920	30891	-0.00061498	0.04309825	0.50075581	0.04313281	0.50132768	0.58518560	0.58489455	0.31930946	0.31920641	0.58499234	0.58479389	0.31947848	0.31912966	59920	30890	0
59920	30895	0.00076283	0.04305966	0.50242260	0.04310566	0.49911585	0.58495635	0.58488042	0.31948021	0.31918349	0.58509448	0.58484574	0.31931767	0.31929278	59920	30893	0
59920	30898	0.00053167	0.04311887	0.50035959	0.04307024	0.50091438	0.58502406	0.58483588	0.31934002	0.31918143	0.58499686	0.58480909	0.31955153	0.31916656	59920	30896	0
59920	30901	-0.00093552	0.04309912	0.49892461	0.04303758	0.50244587	0.58512981	0.58478551	0.31930379	0.31926632	0.58504197	0.58481822	0.31916557	0.31921496	59920	30899	0
59920	31689	-0.00146110	0.04338664	0.50119464	0.04332133	0.50245603	0.58505339	0.58500573	0.31943008	0.31911693	0.58508733	0.58499488	0.31944898	0.31919368	59920	31687	0
59920	31692	0.00049628	0.04336514	0.50204486	0.04323867	0.49734716	0.58506054	0.58483720	0.31934783	0.31905415	0.58498659	0.58470769	0.31930995	0.31899416	59920	31690	0
59920	31695	0.00108046	0.04331184	0.50213803	0.04324021	0.50073599	0.58509546	0.58486489	0.31926040	0.31904897	0.58502307	0.58490096	0.31921751	0.31901808	59920	31694	0
59920	31698	0.00015877	0.04313955	0.50081554	0.04303758	0.50302760	0.58513770	0.58488765	0.31932942	0.31904642	0.58502217	0.58476957	0.31908578	0.31897978	59920	31697	0
59920	31702	-0.00101979	0.04304858	0.50122689	0.04316838	0.50405542	0.58493293	0.58465469	0.31914593	0.31887567	0.58500779	0.58489825	0.31937273	0.31899589	59920	31700	0
59920	32489	-0.00106955	0.04369341	0.50117181	0.04380767	0.50129124	0.58556269	0.58528914	0.31947840	0.31916245	0.58555842	0.58550131	0.31942170	0.31933485	59920	32488	0
59920	32492	0.00025176	0.04365372	0.50422680	0.04364039	0.50105567	0.58579737	0.58553368	0.31926960	0.31931463	0.58568447	0.58566360	0.31943378	0.31930831	59920	32491	0
59920	32496	-0.00013968	0.04363439	0.50123867	0.04354818	0.50217812	0.58567485	0.58543015	0.31927371	0.31927503	0.58552990	0.58529111	0.31935884	0.31915464	59920	32494	0
59920	32499	0.00027727	0.04362281	0.50334665	0.04358272	0.50234597	0.58554535	0.58533212	0.31917905	0.31912515	0.58534641	0.58525266	0.31939113	0.31907527	59920	32497	0
59920	32502	-0.00108037	0.04366781	0.49851142	0.04377865	0.50176975	0.58546055	0.58535315	0.31941324	0.31914495	0.58570197	0.58544576	0.31931414	0.31919211	59920	32501	0
59920	33290	0.00118574	0.04315884	0.50533336	0.04299800	0.49989469	0.58661202	0.58630560	0.32068583	0.32045928	0.58638630	0.58625655	0.32050308	0.32042798	59920	33288	0
59920	33293	0.00025291	0.04309458	0.50174381	0.04323469	0.50398260	0.58636608	0.58609705	0.32034170	0.32032189	0.58639196	0.58626435	0.32058492	0.32043858	59920	33291	0
59920	33296	-0.00172415	0.04314549	0.49991802	0.04314153	0.50466295	0.58638268	0.58629024	0.32039716	0.32045402	0.58637142	0.58623116	0.32052025	0.32036626	59920	33295	0
59920	33299	-0.00087526	0.04311316	0.50303121	0.04316736	0.50099387	0.58640610	0.58635129	0.32058878	0.32036988	0.58649279	0.58631472	0.32063743	0.32039387	59920	33298	0
59920	33303	0.00066186	0.04325120	0.50448591	0.04319379	0.50079682	0.58658556	0.58623518	0.32045468	0.32034293	0.58626797	0.58616476	0.32055830	0.32026955	59920	33301	0
59920	34096	0.00048230	0.04317534	0.50151471	0.04336312	0.50194566	0.58604750	0.58589820	0.32000142	0.31974661	0.58620026	0.58592811	0.31991514	0.31989287	59920	34095	0
59920	34100	0.00084999	0.04314759	0.50220273	0.04293790	0.50132027	0.58613953	0.58592063	0.32011917	0.31979106	0.58614833	0.58600288	0.31997850	0.31992336	59920	34098	0
59920	34103	0.00129740	0.04296712	0.50282120	0.04315481	0.50174743	0.58629262	0.58613477	0.32014153	0.32000052	0.58633280	0.58608883	0.32013873	0.31998770	59920	34101	0
59920	34106	0.00025374	0.04314753	0.50175987	0.04320819	0.50426464	0.58616575	0.58597971	0.31998195	0.31983897	0.58616739	0.58601373	0.32007308	0.31978728	59920	34104	0
59920	34109	-0.00122479	0.04320166	0.49996959	0.04323514	0.50351806	0.58632976	0.58616410	0.32018228	0.31998450	0.58621834	0.58610773	0.32023446	0.31999920	59920	34108	0
59920	34898	0.00002438	0.04315125	0.50380742	0.04310401	0.50080943	0.58621464	0.58619763	0.32028631	0.32006963	0.58643017	0.58618974	0.32017538	0.32008713	59920	34896	0
59920	34901	-0.00159169	0.04314022	0.49998292	0.04321514	0.50386149	0.58634595	0.58618144	0.32019444	0.32005483	0.58644833	0.58612121	0.32008212	0.32005114	59920	34899	0
59920	34904	0.00030110	0.04310256	0.50246148	0.04308627	0.49791876	0.58638843	0.58624430	0.32021836	0.32004645	0.58645548	0.58611423	0.32011770	0.32006667	59920	34903	0
59920	34907	0.00088468	0.04313899	0.50374225	0.04315698	0.50234166	0.58654653	0.58620930	0.32010603	0.32008499	0.58635589	0.58619623	0.32008918	0.32007308	59920	34906	0
59920	34911	0.00081757	0.04317391	0.50305138	0.04330621	0.50321245	0.58640832	0.58622803	0.32003478	0.32011441	0.58629977	0.58623559	0.32022731	0.32004834	59920	34909	0
59920	35698	0.00117618	0.04315371	0.50333261	0.04310753	0.50247195	0.58525915	0.58498815	0.31854764	0.31841757	0.58513096	0.58480499	0.31846301	0.31830121	59920	35696	0
59920	35701	0.00094049	0.04306256	0.50222955	0.04311085	0.50279521	0.58494156	0.58479751	0.31857953	0.31828404	0.58506054	0.58483457	0.31835996	0.31831781	59920	35700	0
59920	35705	-0.00040992	0.04299819	0.50049529	0.04290304	0.50373629	0.58514000	0.58476891	0.31829439	0.31833663	0.58491477	0.58472002	0.31839439	0.31832290	59920	35703	0
59920	35708	-0.00115419	0.04299079	0.49972429	0.04323087	0.50151052	0.58488568	0.58480564	0.31851486	0.31831198	0.58516219	0.58485486	0.31844723	0.31839982	59920	35706	0
59920	35711	0.00062165	0.04313238	0.50455089	0.04316485	0.50028889	0.58499119	0.58482734	0.31849472	0.31828617	0.58492233	0.58468847	0.31851699	0.31827171	59920	35710	0
59920	36499	-0.00079228	0.04302928	0.50061498	0.04299906	0.50400840	0.58499554	0.58469003	0.31858265	0.31845964	0.58489275	0.58477220	0.31878471	0.31853318	59920	36497	0
59920	36502	-0.00113067	0.04310218	0.50080874	0.04308922	0.50162087	0.58493490	0.58481863	0.31875997	0.31860352	0.58482397	0.58473161	0.31861018	0.31846991	59920	36500	0
59920	36505	0.00076909	0.04315104	0.50377822	0.04321949	0.49921880	0.58495635	0.58472717	0.31863754	0.31844033	0.58498667	0.58481066	0.31859333	0.31851855	59920	36504	0
59920	36508	0.00007839	0.04328444	0.50255870	0.04307508	0.50421639	0.58512488	0.58484147	0.31860623	0.31861281	0.58505446	0.58465971	0.31865570	0.31854008	59920	36507	0
59920	36512	-0.00062327	0.04297557	0.50456884	0.04309916	0.50625281	0.58495142	0.58484139	0.31862842	0.31864576	0.58501452	0.58472462	0.31865167	0.31859892	59920	36510	0
59920	37299	-0.00133505	0.04309694	0.50145050	0.04304174	0.50315877	0.58454064	0.58436479	0.31840606	0.31832759	0.58450539	0.58430530	0.31855340	0.31838839	59920	37298	0
59920	37302	-0.00120703	0.04319276	0.50201870	0.04327725	0.50171146	0.58456998	0.58423817	0.31845750	0.31840015	0.58442231	0.58418352	0.31845011	0.31833901	59920	37301	0
59920	37306	-0.00079654	0.04311407	0.50230343	0.04304314	0.50131826	0.58450933	0.58435806	0.31846473	0.31845734	0.58438731	0.58411368	0.31837508	0.31830359	59920	37304	0
59920	37309	0.00139073	0.04306486	0.50475376	0.04321402	0.49950430	0.58448887	0.58431598	0.31845775	0.31834706	0.58436750	0.58429396	0.31858552	0.31833959	59920	37307	0
59920	37312	0.00124715	0.04310909	0.50166068	0.04312440	0.50200529	0.58442576	0.58432839	0.31860903	0.31838305	0.58457425	0.58434343	0.31847188	0.31844000	59920	37311	0
59920	38100	0.00006300	0.04320030	0.50176058	0.04307326	0.50460254	0.58486242	0.58459405	0.31891388	0.31879276	0.58480162	0.58472249	0.31900238	0.31878980	59920	38098	0
59920	38103	-0.00111992	0.04289027	0.50193059	0.04310493	0.50476958	0.58482701	0.58467491	0.31900674	0.31894166	0.58486275	0.58478296	0.31907050	0.31887986	59920	38101	0
59920	38106	0.00085648	0.04304114	0.50374980	0.04313425	0.49900644	0.58489258	0.58464188	0.31901840	0.31890361	0.58498724	0.58484122	0.31926500	0.31901660	59920	38105	0
59920	38109	0.00097382	0.04311871	0.50333752	0.04302768	0.50305591	0.58496949	0.58479192	0.31919918	0.31884198	0.58503827	0.58480737	0.31892128	0.31885612	59920	38108	0
59920	38113	-0.00032272	0.04315090	0.50358213	0.04297767	0.50669383	0.58485725	0.58471657	0.31898200	0.31883754	0.58504394	0.58468280	0.31888381	0.31884568	59920	38111	0
59920	38900	0.00031754	0.04329600	0.50222869	0.04324914	0.50069207	0.58450835	0.58440752	0.31893977	0.31876170	0.58454220	0.58441286	0.31901487	0.31879145	59920	38899	0
59920	38903	0.00057665	0.04314142	0.50320065	0.04329515	0.50257879	0.58469603	0.58444688	0.31916697	0.31881503	0.58460950	0.58442774	0.31885497	0.31883828	59920	38902	0
59920	38907	-0.00030605	0.04337189	0.50117379	0.04310891	0.50329227	0.58473752	0.58445337	0.31890312	0.31886105	0.58445756	0.58442338	0.31908718	0.31879556	59920	38905	0
59920	38910	0.00004032	0.04310739	0.50346223	0.04315328	0.50263095	0.58462248	0.58447572	0.31894108	0.31879523	0.58468189	0.58441138	0.31917100	0.31873606	59920	38908	0
59920	38913	0.00143383	0.04320330	0.50424279	0.04317798	0.50089836	0.58465601	0.58454697	0.31911323	0.31893007	0.58476349	0.58454582	0.31905218	0.31891857	59920	38912	0
59920	39701	0.00075308	0.04308746	0.50292130	0.04291792	0.50455510	0.58399247	0.58387620	0.31855011	0.31842093	0.58407588	0.58392033	0.31846613	0.31845175	59920	39699	0
59920	39704	-0.00157201	0.04285710	0.50058316	0.04304754	0.50616337	0.58392863	0.58370619	0.31842282	0.31833819	0.58402411	0.58389132	0.31856753	0.31840384	59920	39702	0
59920	39707	0.00044130	0.04310042	0.50586396	0.04302510	0.50103203	0.58415920	0.58393430	0.31845816	0.31841338	0.58387226	0.58370331	0.31851798	0.31830277	59920	39706	0
59920	39710	-0.00069780	0.04295625	0.50047156	0.04292202	0.50320541	0.58403479	0.58369772	0.31843770	0.31840360	0.58418960	0.58383692	0.31848758	0.31845274	59920	39709	0
59920	39714	-0.00010832	0.04304128	0.50237735	0.04304845	0.50096260	0.58394670	0.58368614	0.31859021	0.31843384	0.58392624	0.58382419	0.31843803	0.31839045	59920	39712	0
59920	40501	-0.00004030	0.04314387	0.50266600	0.04320347	0.50250275	0.58477935	0.58462791	0.31936131	0.31926615	0.58479578	0.58460465	0.31931430	0.31917297	59920	40500	0
59920	40504	-0.00092952	0.04330393	0.50192604	0.04312610	0.50406016	0.58499908	0.58468156	0.31946632	0.31928291	0.58480647	0.58468198	0.31943542	0.31930469	59920	40503	0
59920	40508	-0.00102625	0.04309329	0.50204830	0.04314047	0.50228046	0.58487007	0.58472610	0.31928012	0.31933789	0.58492430	0.58474648	0.31938185	0.31924257	59920	40506	0
59920	40511	0.00024466	0.04316242	0.50339796	0.04309061	0.50034778	0.58477417	0.58461443	0.31953288	0.31918973	0.58486160	0.58468091	0.31951653	0.31913270	59920	40509	0
59920	40514	0.00083481	0.04319101	0.50370917	0.04315977	0.50229281	0.58481312	0.58466414	0.31944948	0.31924002	0.58494386	0.58465979	0.31933403	0.31933460	59920	40513	0
59920	41302	-0.00063376	0.04306014	0.50097120	0.04312253	0.50449576	0.58471032	0.58437071	0.31896614	0.31891224	0.58457359	0.58435830	0.31900920	0.31884494	59920	41300	0
59920	41305	0.00142011	0.04316692	0.50584008	0.04313079	0.50091081	0.58459652	0.58436488	0.31915218	0.31885316	0.58464853	0.58434918	0.31920107	0.31890698	59920	41303	0
59920	41308	0.00090509	0.04305356	0.50267472	0.04308167	0.50391077	0.58461065	0.58446323	0.31926229	0.31899047	0.58459101	0.58444047	0.31913024	0.31893451	59920	41307	0
59920	41312	-0.00234098	0.04309993	0.49944187	0.04307122	0.50723244	0.58460572	0.58446767	0.31899367	0.31903640	0.58460284	0.58445674	0.31904601	0.31904725	59920	41310	0
59920	41315	0.00008947	0.04308418	0.50518216	0.04304784	0.49934907	0.58462380	0.58437654	0.31931061	0.31895817	0.58457260	0.58441960	0.31915645	0.31894749	59920	41313	0
59920	42102	0.00045981	0.04284172	0.50226099	0.04281775	0.50137218	0.58388393	0.58357463	0.31855808	0.31838757	0.58386881	0.58359780	0.31854041	0.31851157	59920	42101	0
59920	42106	0.00092633	0.04294099	0.50379292	0.04306474	0.50267326	0.58386930	0.58360249	0.31851108	0.31843482	0.58378105	0.58349049	0.31856778	0.31836087	59920	42104	0
59920	42109	0.00065333	0.04304510	0.50272160	0.04284733	0.50337680	0.58373322	0.58353313	0.31862768	0.31831198	0.58384300	0.58361481	0.31875414	0.31845175	59920	42107	0
59920	42112	-0.00171797	0.04290102	0.49906708	0.04300223	0.50475820	0.58384136	0.58361859	0.31851173	0.31849629	0.58390069	0.58353979	0.31865480	0.31844616	59920	42110	0
59920	42115	-0.00063037	0.04288490	0.50367973	0.04297020	0.50106949	0.58374128	0.58357578	0.31866129	0.31845463	0.58373856	0.58354324	0.31855381	0.31836268	59920	42114	0
59920	42903	0.00084255	0.04275799	0.50359699	0.04267459	0.50006199	0.58351078	0.58341037	0.31850623	0.31828215	0.58370791	0.58346386	0.31837467	0.31833581	59920	42901	0
59920	42906	-0.00025975	0.04277971	0.50107817	0.04280114	0.50372368	0.58364094	0.58322754	0.31849374	0.31814057	0.58367694	0.58343001	0.31841518	0.31833737	59920	42904	0
59920	42909	-0.00081347	0.04286321	0.50196709	0.04286654	0.50329601	0.58367266	0.58348564	0.31866342	0.31834673	0.58353831	0.58342344	0.31855274	0.31834797	59920	42908	0
59920	42913	0.00102600	0.04271545	0.50492422	0.04268230	0.50050951	0.58349903	0.58334652	0.31844205	0.31828626	0.58354431	0.58346140	0.31864699	0.31836596	59920	42911	0
59920	42916	0.00139955	0.04286952	0.50500386	0.04285270	0.50410735	0.58352180	0.58339098	0.31841839	0.31831781	0.58362722	0.58346715	0.31860894	0.31831074	59920	42914	0
59920	43703	0.00124392	0.04307094	0.50370081	0.04297415	0.50407432	0.58416084	0.58389970	0.31867312	0.31864773	0.58400036	0.58387456	0.31882809	0.31853762	59920	43702	0
59920	43707	-0.00006444	0.04315845	0.50257965	0.04300966	0.50571971	0.58462741	0.58410480	0.31929795	0.31882818	0.58402329	0.58389255	0.31868010	0.31866400	59920	43705	0
59920	43710	-0.00085593	0.04293204	0.50189507	0.04304786	0.50379465	0.58407152	0.58395426	0.31882029	0.31857221	0.58422642	0.58400464	0.31873697	0.31869851	59920	43708	0
59920	43713	-0.00045477	0.04297400	0.50375861	0.04286753	0.50279582	0.58418738	0.58396092	0.31886573	0.31871010	0.58427375	0.58386133	0.31913854	0.31863770	59920	43711	0
59920	43716	0.00023934	0.04287391	0.50331553	0.04290501	0.50164966	0.58408935	0.58373585	0.31874362	0.31864066	0.58407522	0.58390652	0.31891783	0.31860861	59920	43715	0
