% File initiated 31/01/2023 17:34:50 UTC
% Raw fountain data
%
% File notes: maser 5 MHz RF amplitudes 200 220 180
%
%% fountain_code = ALPHA-CsF1
%% microwave_ref = ALPHA HM1
%% MJD_start = 59975.732534
%% clock_data = True
%% sequence = 3
%% density = HD
%
% Units: V.s, Hz
%
% Shot B MJD days	Shot B MJD seconds	freq error	shot A sum	shot A ratio	shot B sum	shot B ratio	shot A F=3 bg 1	shot A F=3 bg 2	shot A F=4 bg 1	shot A F=4 bg 2	shot B F=3 bg 1	shot B F=3 bg 2	shot B F=4 bg 1	shot B F=4 bg 2	Shot A MJD days	Shot A MJD seconds	Shot order (0=LF->HF)
59976	19	0.00107033	0.03714692	0.48648757	0.03731072	0.48539140	0.53162628	0.53162702	0.28128991	0.28128153	0.53143761	0.53152118	0.28142475	0.28122261	59976	17	0
59976	22	0.00113185	0.03724569	0.48652848	0.03733573	0.48634392	0.53161518	0.53156506	0.28151062	0.28132007	0.53161584	0.53173926	0.28156954	0.28138293	59976	20	0
59976	25	0.00099916	0.03736291	0.48610722	0.03718692	0.48650529	0.53158445	0.53153983	0.28128933	0.28116221	0.53149078	0.53166745	0.28133683	0.28125926	59976	24	0
59976	28	0.00091437	0.03723085	0.48780675	0.03725685	0.48806113	0.53159464	0.53171749	0.28137265	0.28129969	0.53165611	0.53163680	0.28128268	0.28127339	59976	27	0
59976	32	0.00021726	0.03725351	0.48473583	0.03740237	0.48682714	0.53147303	0.53157960	0.28141612	0.28125211	0.53173359	0.53156933	0.28133461	0.28123189	59976	30	0
59976	362	0.00039274	0.03686346	0.48702470	0.03685915	0.48649827	0.53201832	0.53189391	0.28203520	0.28174407	0.53199884	0.53199901	0.28191877	0.28176190	59976	360	0
59976	365	0.00069310	0.03690229	0.48681007	0.03687311	0.48590899	0.53196384	0.53194214	0.28180677	0.28177398	0.53192029	0.53186268	0.28195509	0.28185262	59976	364	0
59976	369	0.00135373	0.03697931	0.48896191	0.03682822	0.48698002	0.53195513	0.53185767	0.28203553	0.28184391	0.53208792	0.53200197	0.28188450	0.28179387	59976	367	0
59976	372	-0.00003491	0.03691740	0.48281923	0.03692671	0.48698516	0.53199030	0.53192251	0.28178885	0.28184087	0.53193927	0.53195702	0.28202863	0.28179296	59976	370	0
59976	375	0.00073956	0.03684491	0.48797488	0.03688112	0.48565146	0.53202637	0.53200271	0.28179403	0.28185747	0.53187402	0.53193689	0.28196815	0.28176823	59976	373	0
59976	706	-0.00011526	0.03713104	0.48705337	0.03714240	0.48961784	0.53225349	0.53225777	0.28210119	0.28190447	0.53223122	0.53224306	0.28210571	0.28202460	59976	704	0
59976	709	0.00075055	0.03717148	0.49006556	0.03706541	0.48746811	0.53227362	0.53223796	0.28207637	0.28198853	0.53210263	0.53223172	0.28219404	0.28191548	59976	707	0
59976	712	0.00094724	0.03712472	0.48715364	0.03718071	0.48656359	0.53208603	0.53220928	0.28208311	0.28195796	0.53214305	0.53224470	0.28214490	0.28200291	59976	710	0
59976	715	-0.00015797	0.03725167	0.48576808	0.03721213	0.48908370	0.53223525	0.53234487	0.28222379	0.28207473	0.53237379	0.53235760	0.28210489	0.28204375	59976	714	0
59976	719	0.00066675	0.03713934	0.48820465	0.03715806	0.48573050	0.53230805	0.53230280	0.28215164	0.28208492	0.53239212	0.53229532	0.28219889	0.28198894	59976	717	0
59976	1049	0.00050232	0.03704942	0.48716032	0.03696952	0.48765361	0.53269196	0.53276904	0.28250177	0.28235222	0.53269574	0.53265687	0.28237835	0.28225641	59976	1047	0
59976	1052	0.00056872	0.03715064	0.48849467	0.03707828	0.48829545	0.53265638	0.53265334	0.28254943	0.28236866	0.53258144	0.53266936	0.28234442	0.28233924	59976	1051	0
59976	1056	0.00053371	0.03717725	0.48781021	0.03701553	0.48791523	0.53256780	0.53263567	0.28246061	0.28237161	0.53252022	0.53264331	0.28249446	0.28229059	59976	1054	0
59976	1059	0.00011082	0.03721563	0.48555646	0.03708457	0.48682514	0.53269147	0.53267528	0.28234918	0.28223915	0.53252737	0.53252145	0.28236956	0.28223003	59976	1057	0
59976	1062	0.00171492	0.03698429	0.49007492	0.03705859	0.48526261	0.53257470	0.53249549	0.28229454	0.28216701	0.53258736	0.53265572	0.28228427	0.28226635	59976	1060	0
59976	1392	-0.00032827	0.03687067	0.48220312	0.03683511	0.48833272	0.53260995	0.53249886	0.28240489	0.28223373	0.53239417	0.53237248	0.28247400	0.28220998	59976	1391	0
59976	1396	0.00089565	0.03674105	0.48963021	0.03680458	0.48595844	0.53239581	0.53232161	0.28226783	0.28214490	0.53241373	0.53239524	0.28248871	0.28220571	59976	1394	0
59976	1399	0.00107730	0.03691213	0.48733878	0.03685070	0.48679384	0.53270404	0.53245095	0.28238369	0.28221171	0.53255827	0.53251965	0.28250974	0.28222067	59976	1397	0
59976	1402	0.00178253	0.03683575	0.48804149	0.03683374	0.48592579	0.53257002	0.53250995	0.28231031	0.28215189	0.53244873	0.53253953	0.28235124	0.28223587	59976	1401	0
59976	1405	-0.00006652	0.03680764	0.48506886	0.03684369	0.49061602	0.53236788	0.53245416	0.28235526	0.28220415	0.53250264	0.53249253	0.28228985	0.28220522	59976	1404	0
59976	1736	0.00078120	0.03734668	0.48788100	0.03735440	0.48533783	0.53227100	0.53218102	0.28206027	0.28175385	0.53220246	0.53221043	0.28201154	0.28177645	59976	1734	0
59976	1739	0.00044515	0.03736191	0.48601065	0.03729498	0.48701880	0.53224897	0.53240107	0.28197456	0.28188960	0.53228932	0.53222350	0.28178540	0.28172542	59976	1738	0
59976	1742	0.00076783	0.03725008	0.48603276	0.03720372	0.48506473	0.53224421	0.53226631	0.28181170	0.28178877	0.53235136	0.53224519	0.28189831	0.28177258	59976	1741	0
59976	1746	0.00156142	0.03728199	0.48751459	0.03731529	0.48513383	0.53224938	0.53220386	0.28180422	0.28177341	0.53229047	0.53228735	0.28205616	0.28178869	59976	1744	0
59976	1749	0.00119284	0.03730214	0.48427771	0.03735558	0.48538343	0.53245498	0.53236755	0.28197169	0.28186166	0.53242047	0.53241816	0.28194284	0.28186872	59976	1747	0
59976	2079	0.00013977	0.03735333	0.48604972	0.03735353	0.48920893	0.53193878	0.53211290	0.28172591	0.28156839	0.53213204	0.53217132	0.28167209	0.28159994	59976	2078	0
59976	2083	0.00016025	0.03733638	0.48640661	0.03738940	0.48634519	0.53195833	0.53201996	0.28151415	0.28151300	0.53189933	0.53197970	0.28158630	0.28149443	59976	2081	0
59976	2086	0.00129627	0.03742917	0.49021958	0.03726434	0.48681152	0.53211199	0.53207904	0.28164275	0.28154300	0.53191223	0.53212325	0.28166913	0.28168548	59976	2084	0
59976	2089	0.00075871	0.03733864	0.48600726	0.03737795	0.48761994	0.53193007	0.53203615	0.28175155	0.28163675	0.53197427	0.53204297	0.28164333	0.28151958	59976	2087	0
59976	2092	0.00071053	0.03724829	0.48533241	0.03719859	0.48547695	0.53196967	0.53193154	0.28187817	0.28157751	0.53188955	0.53191191	0.28170865	0.28149534	59976	2091	0
59976	2423	-0.00006078	0.03685912	0.48398164	0.03679904	0.48629556	0.53234125	0.53233690	0.28218106	0.28208722	0.53240231	0.53252704	0.28239002	0.28214819	59976	2421	0
59976	2426	0.00016656	0.03692177	0.48685113	0.03689843	0.48616911	0.53273633	0.53245917	0.28234598	0.28210858	0.53244914	0.53238834	0.28222412	0.28212181	59976	2424	0
59976	2429	0.00132726	0.03687424	0.48832887	0.03690642	0.48484677	0.53248834	0.53241718	0.28218328	0.28210185	0.53232663	0.53233262	0.28215641	0.28209429	59976	2428	0
59976	2433	0.00024011	0.03687608	0.48508597	0.03686455	0.48834743	0.53236344	0.53238373	0.28216791	0.28208525	0.53232498	0.53230986	0.28234992	0.28208960	59976	2431	0
59976	2436	0.00131092	0.03690384	0.48790266	0.03688050	0.48469023	0.53229220	0.53239179	0.28216808	0.28206010	0.53222810	0.53223574	0.28223956	0.28207802	59976	2434	0
59976	2766	0.00029325	0.03725613	0.48594654	0.03733115	0.48899956	0.53179933	0.53196326	0.28166379	0.28145220	0.53200188	0.53188479	0.28150725	0.28136994	59976	2765	0
59976	2769	0.00055369	0.03730432	0.48798830	0.03740867	0.48720696	0.53189465	0.53177640	0.28164095	0.28142993	0.53184370	0.53193064	0.28165787	0.28144472	59976	2768	0
59976	2773	0.00087992	0.03712603	0.48778272	0.03718282	0.48680404	0.53194683	0.53185102	0.28142352	0.28141415	0.53211758	0.53184107	0.28166987	0.28138777	59976	2771	0
59976	2776	0.00144504	0.03724601	0.48763539	0.03730810	0.48594004	0.53187090	0.53181125	0.28168367	0.28140289	0.53188758	0.53184633	0.28153001	0.28142401	59976	2774	0
59976	2779	0.00045620	0.03731979	0.48505376	0.03738379	0.48802030	0.53184748	0.53202777	0.28162862	0.28159263	0.53197616	0.53203015	0.28174251	0.28159452	59976	2778	0
59976	3110	0.00090468	0.03739996	0.48681865	0.03722647	0.48547321	0.53188117	0.53199728	0.28171449	0.28156880	0.53178988	0.53198964	0.28156411	0.28147496	59976	3108	0
59976	3113	0.00034213	0.03718449	0.48773581	0.03719767	0.48942345	0.53182193	0.53176079	0.28159435	0.28135491	0.53188734	0.53184600	0.28144423	0.28133806	59976	3111	0
59976	3116	0.00065165	0.03733795	0.48667391	0.03730610	0.48574536	0.53176013	0.53198003	0.28138556	0.28129081	0.53188364	0.53182176	0.28144842	0.28136444	59976	3114	0
59976	3119	0.00035395	0.03704743	0.48573646	0.03708169	0.48662955	0.53183894	0.53172973	0.28139410	0.28135655	0.53176096	0.53179974	0.28133009	0.28130421	59976	3118	0
59976	3123	0.00079282	0.03713837	0.48857499	0.03729467	0.48725837	0.53174904	0.53176244	0.28134003	0.28128448	0.53191429	0.53172012	0.28142985	0.28128128	59976	3121	0
59976	3453	0.00008561	0.03691628	0.48608672	0.03684921	0.48820838	0.53221430	0.53220041	0.28211614	0.28192485	0.53201511	0.53208151	0.28208968	0.28184974	59976	3451	0
59976	3456	0.00084246	0.03681488	0.48846460	0.03692803	0.48619404	0.53207592	0.53221676	0.28212609	0.28195525	0.53216672	0.53224782	0.28211623	0.28191885	59976	3455	0
59976	3460	0.00072707	0.03700573	0.48654571	0.03716065	0.48689187	0.53225160	0.53219186	0.28198705	0.28192789	0.53230345	0.53243887	0.28202600	0.28209922	59976	3458	0
59976	3463	0.00098012	0.03690272	0.48553223	0.03691001	0.48477308	0.53213681	0.53217116	0.28216035	0.28193085	0.53203590	0.53206655	0.28179009	0.28187292	59976	3461	0
59976	3466	0.00133492	0.03701804	0.48736879	0.03697757	0.48630440	0.53199137	0.53202325	0.28180381	0.28171728	0.53204404	0.53199523	0.28184621	0.28172977	59976	3464	0
59976	3796	-0.00046621	0.03727012	0.48319556	0.03719570	0.48859896	0.53204371	0.53188191	0.28157430	0.28152615	0.53185455	0.53196047	0.28149558	0.28150503	59976	3795	0
59976	3800	0.00055182	0.03708674	0.48714988	0.03714494	0.48409578	0.53194075	0.53195957	0.28183158	0.28153864	0.53172184	0.53198931	0.28166067	0.28147093	59976	3798	0
59976	3803	0.00091688	0.03723707	0.48633218	0.03721939	0.48523700	0.53189276	0.53179703	0.28151613	0.28143198	0.53192620	0.53185389	0.28174834	0.28148811	59976	3801	0
59976	3806	0.00062576	0.03722156	0.48535685	0.03719010	0.48623021	0.53184888	0.53196236	0.28177571	0.28159320	0.53196573	0.53187287	0.28162435	0.28151128	59976	3805	0
59976	3809	0.00050121	0.03720671	0.48679524	0.03734354	0.48716889	0.53188397	0.53195809	0.28163692	0.28160315	0.53192998	0.53201002	0.28152377	0.28156411	59976	3808	0
59976	4140	0.00112610	0.03717919	0.48926512	0.03713181	0.48739045	0.53167492	0.53171535	0.28134061	0.28124841	0.53163318	0.53164682	0.28131275	0.28117832	59976	4138	0
59976	4143	0.00133749	0.03718572	0.48632184	0.03720944	0.48568766	0.53159883	0.53181527	0.28127306	0.28121990	0.53167755	0.53159300	0.28121332	0.28115433	59976	4141	0
59976	4146	0.00012356	0.03719395	0.48483595	0.03721659	0.48847774	0.53170746	0.53174124	0.28136707	0.28124315	0.53167221	0.53159333	0.28122770	0.28119681	59976	4145	0
59976	4150	0.00176722	0.03728968	0.48913078	0.03723281	0.48419979	0.53159670	0.53167665	0.28145721	0.28123666	0.53168026	0.53172439	0.28132458	0.28131382	59976	4148	0
59976	4153	-0.00024137	0.03720257	0.48387949	0.03721039	0.48990525	0.53163154	0.53170828	0.28130010	0.28135975	0.53158626	0.53159768	0.28145064	0.28118120	59976	4151	0
59976	4483	0.00118208	0.03682365	0.48830275	0.03676407	0.48403240	0.53175833	0.53174575	0.28175327	0.28152607	0.53167887	0.53180212	0.28170019	0.28155228	59976	4482	0
59976	4487	0.00050017	0.03678401	0.48716963	0.03684367	0.48921536	0.53176211	0.53170344	0.28156346	0.28151646	0.53181240	0.53188372	0.28163199	0.28154308	59976	4485	0
59976	4490	-0.00014221	0.03695784	0.48501255	0.03689404	0.48693969	0.53171190	0.53179999	0.28165615	0.28150060	0.53176613	0.53185734	0.28169953	0.28153577	59976	4488	0
59976	4493	0.00033953	0.03681988	0.48660099	0.03676340	0.48515576	0.53176876	0.53169637	0.28173002	0.28152607	0.53180968	0.53172119	0.28157381	0.28145721	59976	4491	0
59976	4496	0.00122100	0.03675899	0.48895007	0.03688882	0.48630566	0.53172028	0.53170146	0.28154620	0.28139788	0.53164608	0.53174181	0.28156559	0.28141349	59976	4495	0
59976	4827	0.00107159	0.03709516	0.48687112	0.03713025	0.48731937	0.53167213	0.53176572	0.28153782	0.28138860	0.53163195	0.53173746	0.28144160	0.28137076	59976	4825	0
59976	4830	0.00013950	0.03711877	0.48492199	0.03710869	0.48771825	0.53191503	0.53176695	0.28164489	0.28139049	0.53175052	0.53170565	0.28152295	0.28140018	59976	4829	0
59976	4834	0.00053581	0.03721019	0.48625880	0.03726835	0.48506986	0.53172686	0.53171272	0.28143100	0.28136419	0.53165487	0.53175520	0.28162155	0.28140561	59976	4832	0
59976	4837	-0.00028303	0.03718701	0.48572084	0.03708313	0.48817737	0.53169949	0.53187016	0.28163906	0.28140676	0.53181125	0.53177221	0.28153478	0.28142557	59976	4835	0
59976	4840	0.00049876	0.03701393	0.48698239	0.03714763	0.48463703	0.53175857	0.53169711	0.28145400	0.28138358	0.53166695	0.53176482	0.28149673	0.28136090	59976	4839	0
59976	5171	-0.00014962	0.03711137	0.48725220	0.03732806	0.48919734	0.53128001	0.53136390	0.28113230	0.28094758	0.53143268	0.53149587	0.28110354	0.28097938	59976	5169	0
59976	5174	0.00039154	0.03727243	0.48670684	0.03737123	0.48508335	0.53130959	0.53138453	0.28118941	0.28090239	0.53129652	0.53126308	0.28084125	0.28084791	59976	5172	0
59976	5177	0.00005353	0.03724184	0.48652236	0.03725205	0.48753641	0.53117672	0.53131452	0.28103501	0.28081307	0.53141690	0.53125018	0.28091537	0.28078891	59976	5175	0
59976	5180	0.00115886	0.03731189	0.49043210	0.03734834	0.48711611	0.53134213	0.53133120	0.28112811	0.28084947	0.53135150	0.53130729	0.28095835	0.28082202	59976	5179	0
59976	5184	0.00054595	0.03741711	0.48633703	0.03729339	0.48817577	0.53126431	0.53144838	0.28105695	0.28088587	0.53134772	0.53138486	0.28103961	0.28086385	59976	5182	0
59976	5514	-0.00037852	0.03712007	0.48617798	0.03702047	0.48895136	0.53099832	0.53099594	0.28042793	0.28042267	0.53095888	0.53086529	0.28037937	0.28032521	59976	5512	0
59976	5517	0.00095768	0.03710814	0.48876870	0.03708615	0.48476010	0.53093941	0.53087235	0.28047033	0.28027953	0.53087145	0.53092593	0.28047970	0.28030804	59976	5516	0
59976	5520	-0.00001352	0.03687971	0.48496854	0.03694430	0.48788214	0.53081064	0.53093521	0.28053007	0.28028832	0.53091837	0.53101361	0.28042415	0.28032513	59976	5519	0
59976	5524	0.00228173	0.03699434	0.49059102	0.03699323	0.48370528	0.53092305	0.53100736	0.28048487	0.28031461	0.53087465	0.53096126	0.28045283	0.28035085	59976	5522	0
59976	5527	0.00066120	0.03681253	0.48521919	0.03686038	0.49008079	0.53077794	0.53089857	0.28029818	0.28020541	0.53086373	0.53092264	0.28035102	0.28030451	59976	5525	0
59976	5857	-0.00000076	0.03630386	0.48573549	0.03638209	0.48772136	0.53250346	0.53243698	0.28282298	0.28274878	0.53245909	0.53235497	0.28275010	0.28268189	59976	5856	0
59976	5861	0.00121002	0.03636204	0.48609873	0.03655991	0.48246640	0.53252573	0.53252400	0.28281279	0.28272791	0.53247470	0.53250559	0.28275207	0.28270548	59976	5859	0
59976	5864	0.00059775	0.03641714	0.48593338	0.03642900	0.48777019	0.53249656	0.53247914	0.28269241	0.28268083	0.53242014	0.53243674	0.28266283	0.28262232	59976	5862	0
59976	5867	0.00077859	0.03645740	0.48683889	0.03647272	0.48629637	0.53240806	0.53232753	0.28277179	0.28251993	0.53219154	0.53218126	0.28262322	0.28244417	59976	5866	0
59976	5870	0.00003286	0.03649502	0.48360244	0.03649809	0.48583963	0.53217124	0.53225489	0.28249923	0.28236521	0.53229170	0.53221101	0.28241508	0.28236907	59976	5869	0
59976	6201	0.00010094	0.03650924	0.48654645	0.03653162	0.48634222	0.53181289	0.53191437	0.28290179	0.28264286	0.53196630	0.53194486	0.28275889	0.28269282	59976	6199	0
59976	6204	-0.00023370	0.03653269	0.48633636	0.03659813	0.48734026	0.53190221	0.53202333	0.28303096	0.28274237	0.53215316	0.53214544	0.28306498	0.28289570	59976	6203	0
59976	6207	0.00097495	0.03645272	0.48847749	0.03640176	0.48485154	0.53193475	0.53190829	0.28290573	0.28281312	0.53208307	0.53200271	0.28302734	0.28287508	59976	6206	0
59976	6211	0.00004924	0.03647674	0.48388401	0.03642951	0.48666113	0.53200303	0.53203598	0.28303260	0.28282372	0.53183130	0.53193385	0.28305890	0.28285158	59976	6209	0
59976	6214	0.00035789	0.03644349	0.48629543	0.03644836	0.48536951	0.53198044	0.53211972	0.28298215	0.28293926	0.53199876	0.53196885	0.28308338	0.28293827	59976	6212	0
59976	6544	0.00046277	0.03684998	0.48482552	0.03690034	0.48451087	0.52981563	0.52984118	0.28094454	0.28076360	0.52987200	0.52985343	0.28102252	0.28081619	59976	6543	0
59976	6548	-0.00075770	0.03673174	0.48441503	0.03682381	0.48807644	0.52990478	0.52988712	0.28088735	0.28083698	0.53008548	0.53006847	0.28098513	0.28087519	59976	6546	0
59976	6551	0.00037103	0.03689121	0.48764615	0.03695383	0.48425996	0.52988013	0.52995425	0.28107051	0.28085415	0.53002278	0.52998638	0.28087716	0.28088061	59976	6549	0
59976	6554	0.00074268	0.03697376	0.48651696	0.03697093	0.48540201	0.52998153	0.53003889	0.28119623	0.28095309	0.53000980	0.53007397	0.28111250	0.28089532	59976	6552	0
59976	6557	-0.00008801	0.03709646	0.48452076	0.03702972	0.48701284	0.53001185	0.53011703	0.28109187	0.28091233	0.53005220	0.53014809	0.28122138	0.28101636	59976	6556	0
59976	6888	0.00074277	0.03664539	0.48838977	0.03660863	0.48589743	0.53142849	0.53154024	0.28236332	0.28227786	0.53150746	0.53154616	0.28252035	0.28238575	59976	6886	0
59976	6891	-0.00004548	0.03675575	0.48499185	0.03662212	0.48735658	0.53150014	0.53152496	0.28266842	0.28237885	0.53148042	0.53163014	0.28226791	0.28237457	59976	6889	0
59976	6894	0.00004608	0.03666033	0.48818846	0.03659916	0.48791381	0.53170861	0.53175989	0.28265264	0.28256496	0.53149135	0.53151978	0.28254204	0.28238312	59976	6893	0
59976	6898	0.00013954	0.03660628	0.48815841	0.03659956	0.48787801	0.53157245	0.53160130	0.28250309	0.28241106	0.53155027	0.53150598	0.28264664	0.28241845	59976	6896	0
59976	6901	0.00019901	0.03663970	0.48639964	0.03668005	0.48622122	0.53169464	0.53167969	0.28254845	0.28248403	0.53152833	0.53152833	0.28259923	0.28243661	59976	6899	0
59976	7231	0.00135814	0.03636980	0.48650386	0.03637029	0.48302648	0.53039527	0.53029419	0.28116238	0.28104545	0.53023758	0.53029691	0.28125507	0.28101907	59976	7230	0
59976	7235	0.00028622	0.03635729	0.48441114	0.03637487	0.48762689	0.53025516	0.53034498	0.28104298	0.28104257	0.53031523	0.53034128	0.28108144	0.28107914	59976	7233	0
59976	7238	0.00006630	0.03634110	0.48557324	0.03631298	0.48623301	0.53043684	0.53034572	0.28116673	0.28108818	0.53029756	0.53037982	0.28126674	0.28110091	59976	7236	0
59976	7241	0.00170008	0.03635736	0.48921358	0.03646340	0.48431223	0.53037694	0.53046207	0.28114800	0.28111883	0.53035492	0.53045599	0.28118021	0.28116353	59976	7239	0
59976	7244	0.00070894	0.03626110	0.48261469	0.03640618	0.48558810	0.53030192	0.53042592	0.28114849	0.28112565	0.53031309	0.53031597	0.28125293	0.28103189	59976	7243	0
59976	7575	0.00017552	0.03629704	0.48545249	0.03610653	0.48705278	0.53029781	0.53033618	0.28129813	0.28109582	0.53030915	0.53030545	0.28126411	0.28110609	59976	7573	0
59976	7578	0.00101182	0.03629560	0.48760874	0.03616615	0.48509984	0.53034966	0.53034777	0.28115046	0.28113978	0.53035517	0.53025434	0.28114290	0.28101808	59976	7576	0
59976	7581	0.00037422	0.03633236	0.48611175	0.03628050	0.48802454	0.53043101	0.53030397	0.28107158	0.28103238	0.53032624	0.53019444	0.28110773	0.28108703	59976	7580	0
59976	7584	0.00101028	0.03615839	0.48568323	0.03610662	0.48377506	0.53026872	0.53017915	0.28113723	0.28104824	0.53025664	0.53020717	0.28118966	0.28101307	59976	7583	0
59976	7588	0.00057105	0.03641478	0.48606082	0.03616688	0.48737851	0.53037439	0.53030077	0.28105293	0.28111094	0.53023314	0.53008638	0.28111784	0.28103805	59976	7586	0
59976	7918	0.00086765	0.03623192	0.48677359	0.03626731	0.48588379	0.53105502	0.53094647	0.28178573	0.28175212	0.53108312	0.53113719	0.28197144	0.28181367	59976	7917	0
59976	7921	0.00091804	0.03638407	0.48778788	0.03620478	0.48763671	0.53111821	0.53124862	0.28184744	0.28188787	0.53106085	0.53100046	0.28196429	0.28173191	59976	7920	0
59976	7925	0.00001079	0.03625084	0.48527991	0.03618894	0.48800164	0.53104105	0.53093053	0.28172944	0.28175927	0.53096356	0.53097704	0.28178064	0.28182838	59976	7923	0
59976	7928	0.00082710	0.03623211	0.48741203	0.03621491	0.48496312	0.53100103	0.53101887	0.28201376	0.28176831	0.53115461	0.53118658	0.28196930	0.28190603	59976	7926	0
59976	7931	0.00044963	0.03626896	0.48690731	0.03625470	0.48803972	0.53106669	0.53103431	0.28190866	0.28181950	0.53109915	0.53113933	0.28193134	0.28180849	59976	7930	0
59976	8262	0.00042450	0.03671499	0.48669502	0.03665427	0.48677041	0.53061507	0.53062633	0.28127134	0.28105868	0.53069256	0.53063677	0.28117577	0.28106640	59976	8260	0
59976	8265	-0.00002814	0.03661367	0.48546591	0.03670967	0.48682382	0.53075698	0.53083817	0.28124603	0.28118284	0.53077112	0.53077860	0.28144036	0.28123567	59976	8263	0
59976	8268	0.00033396	0.03675822	0.48763915	0.03675809	0.48655285	0.53064129	0.53069659	0.28133173	0.28118070	0.53062543	0.53058303	0.28119870	0.28109804	59976	8266	0
59976	8271	0.00133612	0.03675267	0.48838278	0.03677223	0.48537631	0.53057933	0.53063430	0.28138358	0.28117931	0.53067169	0.53075238	0.28144406	0.28124315	59976	8270	0
59976	8275	0.00041847	0.03679296	0.48532291	0.03678839	0.48807586	0.53091738	0.53081393	0.28132680	0.28127257	0.53089520	0.53073135	0.28130223	0.28121086	59976	8273	0
59976	8605	0.00054325	0.03681013	0.48504071	0.03684938	0.48466637	0.53046314	0.53036774	0.28095243	0.28084068	0.53049740	0.53047095	0.28108136	0.28089310	59976	8603	0
59976	8608	0.00070254	0.03677489	0.48629077	0.03666492	0.48581289	0.53044317	0.53042748	0.28098333	0.28081019	0.53030882	0.53026650	0.28094660	0.28076023	59976	8607	0
59976	8612	-0.00091234	0.03655181	0.48531101	0.03668982	0.49015566	0.53038779	0.53043413	0.28106500	0.28083739	0.53045418	0.53038384	0.28114742	0.28081816	59976	8610	0
59976	8615	0.00081709	0.03681250	0.48834881	0.03663422	0.48316051	0.53048409	0.53042764	0.28088842	0.28084158	0.53040997	0.53035114	0.28092926	0.28085538	59976	8613	0
59976	8618	0.00049382	0.03674267	0.48385247	0.03674758	0.48482228	0.53038056	0.53045262	0.28102811	0.28090847	0.53047078	0.53043947	0.28088768	0.28087470	59976	8616	0
59976	8949	0.00027177	0.03636714	0.48625794	0.03637408	0.48692409	0.53060530	0.53058040	0.28125170	0.28108382	0.53056848	0.53052329	0.28115876	0.28116879	59976	8947	0
59976	8952	0.00048868	0.03639368	0.48807144	0.03641879	0.48742069	0.53060045	0.53053192	0.28118966	0.28113690	0.53058582	0.53058870	0.28133749	0.28115975	59976	8950	0
59976	8955	0.00144754	0.03633984	0.48727592	0.03622971	0.48439934	0.53047637	0.53050110	0.28140183	0.28117914	0.53053882	0.53054572	0.28116731	0.28114874	59976	8953	0
59976	8958	0.00117305	0.03624931	0.48490580	0.03626840	0.48572929	0.53044991	0.53047234	0.28130996	0.28112450	0.53046322	0.53040003	0.28134981	0.28113378	59976	8957	0
59976	8962	0.00021155	0.03617880	0.48467674	0.03620510	0.48756124	0.53041211	0.53040817	0.28133412	0.28112713	0.53054794	0.53043791	0.28141374	0.28113362	59976	8960	0
59976	9292	0.00076418	0.03665449	0.48772034	0.03639103	0.48606243	0.53140524	0.53143424	0.28205961	0.28199297	0.53143934	0.53149004	0.28219486	0.28198894	59976	9290	0
59976	9295	0.00083593	0.03658503	0.48609986	0.03653526	0.48588462	0.53149201	0.53137606	0.28214926	0.28198648	0.53150844	0.53144846	0.28229109	0.28198960	59976	9294	0
59976	9298	0.00049771	0.03662115	0.48767227	0.03651728	0.48868692	0.53165956	0.53161518	0.28208451	0.28209585	0.53147459	0.53148371	0.28226397	0.28204375	59976	9297	0
59976	9302	-0.00024230	0.03649941	0.48696980	0.03641979	0.48918983	0.53152291	0.53163162	0.28222905	0.28213143	0.53161362	0.53154057	0.28217013	0.28205230	59976	9300	0
59976	9305	0.00152853	0.03646160	0.48790666	0.03653547	0.48259415	0.53153811	0.53153038	0.28221828	0.28207037	0.53156588	0.53164419	0.28212165	0.28204046	59976	9303	0
59976	9635	0.00003986	0.03666650	0.48391542	0.03663851	0.48838144	0.53177657	0.53177000	0.28241204	0.28220850	0.53190582	0.53185003	0.28240769	0.28229511	59976	9634	0
59976	9639	0.00063231	0.03668206	0.48794166	0.03663674	0.48616429	0.53192563	0.53184395	0.28228476	0.28221434	0.53178224	0.53193524	0.28247638	0.28232026	59976	9637	0
59976	9642	0.00087334	0.03676281	0.48449611	0.03665565	0.48377302	0.53175331	0.53187066	0.28233866	0.28226890	0.53170311	0.53169136	0.28247564	0.28221376	59976	9640	0
59976	9645	0.00081410	0.03679915	0.48454482	0.03666161	0.48472254	0.53187016	0.53174666	0.28240407	0.28219856	0.53176219	0.53174658	0.28227457	0.28219404	59976	9644	0
59976	9648	0.00018640	0.03670160	0.48323719	0.03672717	0.48512031	0.53188142	0.53175931	0.28233168	0.28226824	0.53177082	0.53192456	0.28253555	0.28231360	59976	9647	0
59976	9979	0.00097564	0.03662977	0.48763999	0.03671119	0.48527227	0.53183080	0.53184683	0.28276456	0.28249323	0.53201503	0.53210024	0.28272816	0.28258058	59976	9977	0
59976	9982	0.00104666	0.03666071	0.48515453	0.03662581	0.48494147	0.53208471	0.53206253	0.28260235	0.28258427	0.53184633	0.53198726	0.28267368	0.28247794	59976	9980	0
59976	9985	-0.00028574	0.03660120	0.48472094	0.03667339	0.48871814	0.53194050	0.53202875	0.28276546	0.28255617	0.53200558	0.53200739	0.28270926	0.28257811	59976	9984	0
59976	9989	-0.00014118	0.03675421	0.48669545	0.03674047	0.48626177	0.53205587	0.53204100	0.28275881	0.28251558	0.53205324	0.53204585	0.28279537	0.28262684	59976	9987	0
59976	9992	0.00028460	0.03668348	0.48729611	0.03662092	0.48601875	0.53204133	0.53211939	0.28285536	0.28257918	0.53202243	0.53199235	0.28272684	0.28255527	59976	9990	0
59976	10322	-0.00054486	0.03642858	0.48568498	0.03641496	0.48817337	0.53146506	0.53140384	0.28209314	0.28194876	0.53152882	0.53155405	0.28204071	0.28192986	59976	10321	0
59976	10326	0.00067186	0.03644520	0.48641620	0.03639742	0.48276604	0.53153260	0.53150212	0.28201285	0.28191795	0.53145232	0.53147311	0.28207826	0.28193463	59976	10324	0
59976	10329	0.00010652	0.03636941	0.48611307	0.03635909	0.48780910	0.53143597	0.53142865	0.28215189	0.28204457	0.53143860	0.53149020	0.28215559	0.28193126	59976	10327	0
59976	10332	0.00011756	0.03653044	0.48729188	0.03642997	0.48725877	0.53151535	0.53142364	0.28198697	0.28191795	0.53139809	0.53145881	0.28208451	0.28194350	59976	10330	0
59976	10335	0.00065808	0.03636725	0.48679764	0.03652007	0.48517607	0.53125831	0.53133375	0.28209379	0.28187760	0.53125199	0.53141592	0.28209461	0.28188072	59976	10334	0
59976	10666	-0.00024713	0.03628496	0.48633629	0.03637698	0.48905193	0.53143580	0.53151814	0.28188516	0.28190061	0.53154386	0.53136916	0.28210546	0.28184991	59976	10664	0
59976	10669	-0.00001797	0.03628789	0.48711097	0.03625685	0.48642346	0.53141395	0.53131123	0.28196569	0.28181466	0.53134706	0.53143539	0.28214942	0.28184038	59976	10667	0
59976	10672	0.00084129	0.03636824	0.48554663	0.03633820	0.48296888	0.53134574	0.53136160	0.28205829	0.28179017	0.53132364	0.53132873	0.28186305	0.28182895	59976	10671	0
59976	10676	0.00120711	0.03632022	0.48750696	0.03647650	0.48640948	0.53123062	0.53129702	0.28180948	0.28175689	0.53134887	0.53132578	0.28185771	0.28185098	59976	10674	0
59976	10679	0.00058025	0.03637760	0.48587784	0.03640362	0.48775842	0.53132890	0.53135560	0.28188984	0.28185114	0.53121608	0.53132068	0.28182797	0.28178450	59976	10677	0
59976	11009	0.00045243	0.03649758	0.48499051	0.03646312	0.48537399	0.53107408	0.53104565	0.28160306	0.28143831	0.53117228	0.53115683	0.28175221	0.28155614	59976	11008	0
59976	11012	0.00025515	0.03646146	0.48671983	0.03638074	0.48731168	0.53121690	0.53132947	0.28161876	0.28175155	0.53105338	0.53097367	0.28145055	0.28150709	59976	11011	0
59976	11016	0.00082935	0.03641052	0.48680638	0.03637092	0.48508378	0.53100580	0.53101418	0.28162484	0.28153100	0.53102560	0.53095321	0.28154489	0.28145516	59976	11014	0
59976	11019	0.00048956	0.03654511	0.48659738	0.03648158	0.48761672	0.53105749	0.53102182	0.28152747	0.28149599	0.53107170	0.53092634	0.28174826	0.28145672	59976	11017	0
59976	11022	-0.00000853	0.03641098	0.48602186	0.03647619	0.48751613	0.53091574	0.53099783	0.28167628	0.28143683	0.53105617	0.53112068	0.28181129	0.28159025	59976	11021	0
59976	11353	0.00108411	0.03672096	0.48684416	0.03655047	0.48356626	0.53021046	0.53012254	0.28044214	0.28035595	0.53016699	0.53013223	0.28042308	0.28035578	59976	11351	0
59976	11356	0.00012203	0.03663466	0.48600197	0.03674126	0.48888820	0.53006666	0.53006066	0.28064125	0.28034485	0.53032320	0.53032320	0.28050164	0.28041470	59976	11354	0
59976	11359	0.00020112	0.03660807	0.48628270	0.03663455	0.48604544	0.53029806	0.53036067	0.28063410	0.28054749	0.53023265	0.53034654	0.28059950	0.28054083	59976	11357	0
59976	11362	0.00000804	0.03659903	0.48629130	0.03667444	0.48687054	0.53030956	0.53032295	0.28055143	0.28052703	0.53017841	0.53016995	0.28070057	0.28041938	59976	11361	0
59976	11366	0.00103962	0.03662624	0.48720989	0.03664085	0.48411515	0.53027152	0.53029148	0.28055414	0.28046063	0.53016946	0.53009608	0.28059794	0.28047600	59976	11364	0
59976	11696	0.00022013	0.03660971	0.48405298	0.03659615	0.48651144	0.53085937	0.53105379	0.28112228	0.28104216	0.53085970	0.53083768	0.28120059	0.28101307	59976	11694	0
59976	11699	0.00057053	0.03661524	0.48574095	0.03664066	0.48468976	0.53086709	0.53085214	0.28111275	0.28098900	0.53074375	0.53083521	0.28115597	0.28097289	59976	11698	0
59976	11703	0.00082357	0.03660109	0.48740536	0.03665123	0.48664623	0.53094655	0.53096011	0.28108941	0.28101274	0.53106390	0.53066742	0.28118826	0.28085892	59976	11701	0
59976	11706	0.00162063	0.03675678	0.48778531	0.03676014	0.48539412	0.53082379	0.53073447	0.28094701	0.28089088	0.53073373	0.53070439	0.28106542	0.28090354	59976	11704	0
59976	11709	0.00021272	0.03673562	0.48377005	0.03675247	0.48799378	0.53066134	0.53073504	0.28108366	0.28094060	0.53084672	0.53074088	0.28092424	0.28085958	59976	11707	0
59976	12040	0.00103380	0.03636940	0.48754360	0.03635323	0.48508037	0.53185143	0.53186951	0.28235551	0.28211080	0.53183664	0.53184970	0.28233176	0.28213085	59976	12038	0
59976	12043	-0.00064125	0.03645840	0.48405012	0.03644180	0.48907528	0.53196910	0.53194798	0.28221902	0.28213537	0.53190895	0.53204272	0.28221483	0.28227112	59976	12041	0
59976	12046	-0.00004986	0.03635750	0.48717420	0.03641501	0.48540002	0.53199038	0.53184666	0.28227687	0.28211302	0.53183508	0.53186022	0.28219922	0.28205328	59976	12044	0
59976	12049	-0.00073351	0.03652101	0.48437257	0.03632929	0.48642353	0.53176901	0.53180295	0.28215608	0.28204424	0.53178216	0.53173515	0.28237424	0.28208952	59976	12048	0
59976	12053	0.00153152	0.03629555	0.48898159	0.03644435	0.48218650	0.53181749	0.53170072	0.28239898	0.28204375	0.53185496	0.53186433	0.28234277	0.28212715	59976	12051	0
59976	12383	-0.00003408	0.03653973	0.48411639	0.03640287	0.48881317	0.53175923	0.53176835	0.28231352	0.28207440	0.53182168	0.53182086	0.28212477	0.28202395	59976	12381	0
59976	12386	0.00043288	0.03635904	0.48680442	0.03648622	0.48540356	0.53196622	0.53187197	0.28224006	0.28209355	0.53179884	0.53176934	0.28226356	0.28205780	59976	12385	0
59976	12389	0.00124118	0.03650541	0.48751807	0.03646844	0.48509316	0.53189514	0.53180254	0.28211162	0.28208229	0.53184929	0.53199293	0.28225296	0.28220686	59976	12388	0
59976	12393	-0.00038092	0.03636499	0.48352157	0.03639313	0.48838786	0.53184107	0.53183992	0.28226586	0.28212666	0.53184436	0.53176868	0.28225920	0.28209560	59976	12391	0
59976	12396	0.00001663	0.03631172	0.48755939	0.03630079	0.48636674	0.53177591	0.53176252	0.28213644	0.28197686	0.53168733	0.53178331	0.28209626	0.28199009	59976	12394	0
59976	12726	0.00040272	0.03648587	0.48738954	0.03640162	0.48623127	0.53108616	0.53118584	0.28164464	0.28138917	0.53117992	0.53134172	0.28148893	0.28145442	59976	12725	0
59976	12730	0.00021882	0.03645426	0.48632477	0.03638917	0.48687650	0.53107754	0.53110268	0.28161136	0.28138728	0.53116899	0.53115552	0.28146132	0.28139706	59976	12728	0
59976	12733	0.00031171	0.03641740	0.48555229	0.03655855	0.48527362	0.53102486	0.53104713	0.28163988	0.28141785	0.53106957	0.53105050	0.28159329	0.28134940	59976	12731	0
59976	12736	0.00072389	0.03649625	0.48682841	0.03647380	0.48559184	0.53103316	0.53099931	0.28162772	0.28130117	0.53110095	0.53112963	0.28146477	0.28140026	59976	12735	0
59976	12739	0.00104986	0.03646384	0.48704061	0.03639470	0.48606271	0.53114549	0.53115658	0.28141818	0.28134546	0.53113933	0.53123950	0.28164530	0.28142549	59976	12738	0
59976	13070	0.00061480	0.03682704	0.48670717	0.03681984	0.48801236	0.53013881	0.53017513	0.28021683	0.28008642	0.53038335	0.53020381	0.28020565	0.28003449	59976	13068	0
59976	13073	0.00049759	0.03684596	0.48622220	0.03671230	0.48657381	0.53017554	0.53008515	0.28022086	0.28005733	0.53005647	0.53005590	0.28016868	0.28004189	59976	13072	0
59976	13076	0.00053564	0.03688261	0.48667127	0.03679991	0.48655714	0.53016527	0.53028327	0.28030081	0.28011247	0.53017661	0.53025303	0.28009587	0.28011157	59976	13075	0
59976	13080	0.00064365	0.03676659	0.48745360	0.03680912	0.48712958	0.53011251	0.53013380	0.28015430	0.28009908	0.53023068	0.53015319	0.28002973	0.28000680	59976	13078	0
59976	13083	0.00112543	0.03683187	0.48658005	0.03678606	0.48513471	0.53019049	0.53026215	0.28030081	0.28007615	0.53029337	0.53013955	0.28047008	0.28010861	59976	13081	0
59976	13413	0.00057234	0.03679810	0.48502430	0.03671609	0.48668356	0.53016675	0.53018671	0.28023351	0.28006736	0.53019345	0.53026297	0.28025866	0.28009628	59976	13412	0
59976	13417	0.00006160	0.03666022	0.48646324	0.03665866	0.48799547	0.53014440	0.53012443	0.28020253	0.28005257	0.53004801	0.53011900	0.28026161	0.28001691	59976	13415	0
59976	13420	-0.00004029	0.03673043	0.48697292	0.03677247	0.48727858	0.53020348	0.53012122	0.28024559	0.28007377	0.53010997	0.53017735	0.28033154	0.28014855	59976	13418	0
59976	13423	0.00092817	0.03674218	0.48647644	0.03673204	0.48357107	0.53021630	0.53021153	0.28021494	0.28020689	0.53029880	0.53015705	0.28029136	0.28016810	59976	13422	0
59976	13426	-0.00005644	0.03675133	0.48594051	0.03676664	0.48889435	0.53031959	0.53025894	0.28031618	0.28025726	0.53028088	0.53031770	0.28021256	0.28016391	59976	13425	0
59976	13757	0.00081625	0.03659499	0.48773621	0.03664757	0.48511813	0.53106472	0.53094064	0.28093706	0.28086212	0.53079429	0.53089709	0.28103756	0.28081405	59976	13755	0
59976	13760	0.00028102	0.03672590	0.48631503	0.03675929	0.48792072	0.53091443	0.53090498	0.28102712	0.28089244	0.53091138	0.53085600	0.28092934	0.28081644	59976	13758	0
59976	13763	0.00123247	0.03673927	0.48875658	0.03671634	0.48590223	0.53085124	0.53084400	0.28091808	0.28080649	0.53087482	0.53083858	0.28100732	0.28073550	59976	13762	0
59976	13767	0.00038840	0.03668436	0.48462548	0.03687162	0.48715768	0.53102643	0.53091106	0.28090806	0.28076549	0.53086989	0.53095535	0.28101808	0.28083312	59976	13765	0
59976	13770	0.00124377	0.03671841	0.48786712	0.03678366	0.48530102	0.53081031	0.53090276	0.28101061	0.28079852	0.53090572	0.53084844	0.28089401	0.28084437	59976	13768	0
59976	14100	0.00064491	0.03673822	0.48472662	0.03663948	0.48652322	0.53161839	0.53151050	0.28156592	0.28136436	0.53142504	0.53158897	0.28140832	0.28146132	59976	14099	0
59976	14104	0.00032616	0.03657935	0.48458148	0.03662431	0.48553771	0.53146341	0.53149226	0.28163108	0.28145688	0.53137705	0.53140376	0.28167316	0.28140865	59976	14102	0
59976	14107	0.00098484	0.03649897	0.48830302	0.03658640	0.48632700	0.53133071	0.53142192	0.28162689	0.28133995	0.53147623	0.53138354	0.28142335	0.28136690	59976	14105	0
59976	14110	-0.00039753	0.03656375	0.48482274	0.03656166	0.48896986	0.53137968	0.53148322	0.28159846	0.28141908	0.53141978	0.53143884	0.28139558	0.28140807	59976	14108	0
59976	14113	0.00088273	0.03656432	0.48801254	0.03658448	0.48417176	0.53130597	0.53129455	0.28153560	0.28126287	0.53148461	0.53135856	0.28143913	0.28132467	59976	14112	0
59976	14444	0.00111478	0.03646543	0.48661037	0.03648074	0.48591421	0.53202045	0.53208874	0.28236792	0.28216651	0.53205217	0.53200271	0.28231738	0.28203767	59976	14442	0
59976	14447	0.00134388	0.03642655	0.48661814	0.03649033	0.48593084	0.53197649	0.53192924	0.28207481	0.28201105	0.53190673	0.53200583	0.28227490	0.28208936	59976	14445	0
59976	14450	0.00019952	0.03647176	0.48366520	0.03647614	0.48709828	0.53194543	0.53185701	0.28218007	0.28202288	0.53198249	0.53210328	0.28218320	0.28217112	59976	14449	0
59976	14453	0.00032820	0.03657418	0.48680237	0.03647507	0.48641633	0.53193179	0.53197025	0.28226635	0.28210908	0.53195488	0.53211487	0.28237079	0.28220300	59976	14452	0
59976	14457	0.00113569	0.03660424	0.48814069	0.03648744	0.48571821	0.53204182	0.53210928	0.28219815	0.28213019	0.53205061	0.53191626	0.28219881	0.28210185	59976	14455	0
59976	14787	0.00051887	0.03678198	0.48690951	0.03689875	0.48875997	0.53113062	0.53121148	0.28103978	0.28102532	0.53119562	0.53110868	0.28105383	0.28097593	59976	14785	0
59976	14790	0.00061582	0.03682807	0.48628490	0.03695322	0.48599407	0.53119792	0.53111402	0.28111858	0.28093616	0.53114278	0.53108115	0.28112770	0.28091225	59976	14789	0
59976	14794	0.00065978	0.03686718	0.48582203	0.03682977	0.48569014	0.53125051	0.53113128	0.28106065	0.28090600	0.53123563	0.53118419	0.28117018	0.28101291	59976	14792	0
59976	14797	0.00025820	0.03695113	0.48458361	0.03683636	0.48578835	0.53110391	0.53111607	0.28114455	0.28091595	0.53111640	0.53108707	0.28099557	0.28092498	59976	14795	0
59976	14800	0.00014980	0.03693026	0.48705529	0.03690286	0.48738049	0.53108871	0.53114755	0.28103361	0.28092227	0.53104500	0.53105724	0.28109993	0.28084454	59976	14799	0
59976	15130	0.00141012	0.03676885	0.48836367	0.03683260	0.48458273	0.53064704	0.53059601	0.28079261	0.28047460	0.53060168	0.53061113	0.28070838	0.28050180	59976	15129	0
59976	15134	0.00118871	0.03680798	0.48634439	0.03674918	0.48700859	0.53066569	0.53071820	0.28056326	0.28048298	0.53073882	0.53073513	0.28066787	0.28054634	59976	15132	0
59976	15137	0.00058338	0.03672764	0.48511777	0.03689633	0.48693377	0.53079207	0.53076331	0.28069712	0.28056770	0.53093924	0.53087942	0.28083994	0.28055546	59976	15135	0
59976	15140	0.00106410	0.03699291	0.48720232	0.03692927	0.48576016	0.53075937	0.53079084	0.28086048	0.28058290	0.53084762	0.53083883	0.28067798	0.28060419	59976	15139	0
59976	15144	0.00023275	0.03689033	0.48565518	0.03674154	0.48814922	0.53082683	0.53101106	0.28077675	0.28067724	0.53085082	0.53097794	0.28074527	0.28064018	59976	15142	0
59976	15474	0.00072275	0.03652369	0.48905041	0.03651048	0.48758044	0.53036905	0.53044514	0.28052243	0.28037213	0.53049100	0.53052000	0.28053171	0.28036614	59976	15472	0
59976	15477	0.00088261	0.03652568	0.48729265	0.03665607	0.48681307	0.53052994	0.53048689	0.28043713	0.28040139	0.53038351	0.53046881	0.28048742	0.28034814	59976	15476	0
59976	15480	0.00084397	0.03667539	0.48561655	0.03661202	0.48573247	0.53037464	0.53042657	0.28040632	0.28031650	0.53060242	0.53039272	0.28069351	0.28036096	59976	15479	0
59976	15484	0.00046590	0.03654440	0.48637991	0.03649327	0.48751410	0.53032797	0.53053019	0.28046548	0.28035504	0.53041080	0.53044769	0.28053089	0.28034272	59976	15482	0
59976	15487	0.00066054	0.03648618	0.48549620	0.03660528	0.48491229	0.53033931	0.53039683	0.28056885	0.28032719	0.53031129	0.53028392	0.28047033	0.28027008	59976	15485	0
59976	15817	0.00140225	0.03637855	0.48783346	0.03640380	0.48560833	0.53097983	0.53111164	0.28136542	0.28111053	0.53102412	0.53110695	0.28131316	0.28108530	59976	15816	0
59976	15821	0.00017279	0.03632670	0.48431866	0.03649456	0.48800706	0.53107639	0.53118608	0.28144940	0.28121768	0.53111846	0.53122232	0.28140068	0.28116903	59976	15819	0
59976	15824	0.00110556	0.03643427	0.48824883	0.03655745	0.48545052	0.53105519	0.53115593	0.28144883	0.28123954	0.53103883	0.53103579	0.28141341	0.28118309	59976	15822	0
59976	15827	0.00057424	0.03651201	0.48614426	0.03649426	0.48773820	0.53117121	0.53095510	0.28123099	0.28111381	0.53120696	0.53107203	0.28122910	0.28108522	59976	15826	0
59976	15830	0.00073480	0.03640860	0.48647238	0.03646938	0.48599071	0.53101122	0.53106759	0.28123732	0.28105942	0.53098452	0.53102930	0.28112039	0.28101997	59976	15829	0
59976	16161	-0.00032267	0.03685495	0.48445130	0.03695606	0.48762372	0.53073324	0.53069700	0.28061758	0.28046893	0.53087153	0.53084047	0.28054872	0.28052292	59976	16159	0
59976	16164	0.00067679	0.03692366	0.48774905	0.03689575	0.48475067	0.53083480	0.53078525	0.28057058	0.28057411	0.53067646	0.53079906	0.28075472	0.28052325	59976	16162	0
59976	16167	0.00014304	0.03685096	0.48659467	0.03689619	0.48819591	0.53079396	0.53081335	0.28080025	0.28057551	0.53082757	0.53083102	0.28064256	0.28051766	59976	16166	0
59976	16171	0.00114319	0.03687688	0.48851056	0.03701167	0.48551012	0.53082174	0.53078936	0.28064157	0.28048611	0.53083135	0.53080029	0.28057428	0.28049260	59976	16169	0
59976	16174	0.00091674	0.03691827	0.48704504	0.03691072	0.48772437	0.53082165	0.53088008	0.28069877	0.28054749	0.53079109	0.53080974	0.28055308	0.28056310	59976	16172	0
59976	16504	0.00063823	0.03689134	0.48607330	0.03695347	0.48690884	0.53133802	0.53132043	0.28104643	0.28105342	0.53143852	0.53135380	0.28107281	0.28102729	59976	16503	0
59976	16508	0.00051854	0.03695460	0.48568582	0.03689645	0.48604490	0.53123613	0.53121386	0.28119369	0.28095235	0.53134928	0.53126941	0.28110897	0.28105457	59976	16506	0
59976	16511	-0.00044515	0.03690275	0.48452194	0.03677623	0.48741301	0.53131715	0.53140088	0.28107823	0.28106114	0.53124385	0.53126579	0.28132097	0.28106311	59976	16509	0
59976	16514	0.00000885	0.03685588	0.48696656	0.03672350	0.48560456	0.53128962	0.53139718	0.28134003	0.28113855	0.53135067	0.53139102	0.28114422	0.28113469	59976	16512	0
59976	16517	0.00004079	0.03682576	0.48494755	0.03690855	0.48485174	0.53128658	0.53126554	0.28129229	0.28111266	0.53138609	0.53138206	0.28115999	0.28110724	59976	16516	0
59976	16848	0.00077461	0.03640619	0.48657237	0.03648667	0.48437093	0.53189588	0.53173540	0.28169148	0.28168959	0.53182316	0.53177608	0.28170446	0.28157126	59976	16846	0
59976	16851	0.00106579	0.03657136	0.48702038	0.03635925	0.48614684	0.53155799	0.53167878	0.28166954	0.28152878	0.53172833	0.53164986	0.28173848	0.28155171	59976	16849	0
59976	16854	-0.00003897	0.03624937	0.48461254	0.03641647	0.48792682	0.53170976	0.53191191	0.28171071	0.28175089	0.53152356	0.53156802	0.28176486	0.28148663	59976	16853	0
59976	16858	-0.00005868	0.03650102	0.48558201	0.03634135	0.48564113	0.53156054	0.53163367	0.28178869	0.28160635	0.53156637	0.53169390	0.28177628	0.28160767	59976	16856	0
59976	16861	0.00061883	0.03643512	0.48682011	0.03642353	0.48478759	0.53158519	0.53163236	0.28169115	0.28152262	0.53156991	0.53152110	0.28172838	0.28146329	59976	16859	0
59976	17191	-0.00013311	0.03655723	0.48527295	0.03644581	0.48752877	0.53221216	0.53221142	0.28213512	0.28212617	0.53223344	0.53230592	0.28217128	0.28214129	59976	17190	0
59976	17194	0.00127884	0.03640427	0.48971409	0.03643221	0.48547823	0.53220748	0.53225538	0.28248526	0.28221787	0.53222424	0.53223229	0.28228566	0.28217785	59976	17193	0
59976	17198	0.00030969	0.03634785	0.48422018	0.03640237	0.48712762	0.53232112	0.53220649	0.28233973	0.28221557	0.53237880	0.53226960	0.28227547	0.28222264	59976	17196	0
59976	17201	0.00021485	0.03648120	0.48712232	0.03650704	0.48740685	0.53221545	0.53212555	0.28246077	0.28217785	0.53220764	0.53223361	0.28241163	0.28223513	59976	17199	0
59976	17204	0.00026009	0.03651999	0.48771597	0.03638038	0.48758025	0.53225645	0.53219942	0.28225173	0.28219092	0.53231044	0.53230337	0.28233776	0.28223472	59976	17203	0
59976	17535	0.00141624	0.03655703	0.48752877	0.03644825	0.48406034	0.53151921	0.53148207	0.28172862	0.28151629	0.53151559	0.53149817	0.28152352	0.28151867	59976	17533	0
59976	17538	0.00131245	0.03652565	0.48589396	0.03640286	0.48620533	0.53168791	0.53185365	0.28164267	0.28178770	0.53166473	0.53161822	0.28162689	0.28157422	59976	17536	0
59976	17541	0.00014701	0.03648570	0.48456897	0.03652602	0.48806530	0.53165496	0.53163482	0.28176716	0.28155680	0.53167476	0.53167049	0.28175903	0.28166880	59976	17540	0
59976	17544	0.00060786	0.03644694	0.48755464	0.03630386	0.48617206	0.53165832	0.53164016	0.28171835	0.28164842	0.53176112	0.53177115	0.28198911	0.28171958	59976	17543	0
59976	17548	0.00073849	0.03637204	0.48751202	0.03634343	0.48712013	0.53185767	0.53173466	0.28176297	0.28167554	0.53170565	0.53176391	0.28191638	0.28180233	59976	17546	0
59976	17878	0.00147882	0.03678548	0.48765912	0.03683241	0.48543813	0.53128173	0.53146054	0.28138054	0.28119566	0.53140318	0.53141123	0.28137832	0.28113855	59976	17876	0
59976	17881	0.00124852	0.03682731	0.48607318	0.03680850	0.48676410	0.53134394	0.53149932	0.28131965	0.28123387	0.53146062	0.53130400	0.28124636	0.28108012	59976	17880	0
59976	17885	0.00066791	0.03691090	0.48649061	0.03686384	0.48823245	0.53125724	0.53135815	0.28130059	0.28104241	0.53145930	0.53145577	0.28119648	0.28109845	59976	17883	0
59976	17888	0.00110746	0.03684046	0.48627154	0.03677438	0.48495288	0.53133062	0.53129422	0.28133938	0.28114151	0.53134566	0.53151477	0.28136518	0.28119451	59976	17886	0
59976	17891	0.00013937	0.03673263	0.48416419	0.03679771	0.48706847	0.53146744	0.53160261	0.28133551	0.28123181	0.53156761	0.53140926	0.28128210	0.28118185	59976	17890	0
59976	18222	0.00077683	0.03668802	0.48741383	0.03660048	0.48550144	0.53139866	0.53112971	0.28115071	0.28090986	0.53108238	0.53104113	0.28111176	0.28089425	59976	18220	0
59976	18225	0.00001154	0.03661068	0.48470744	0.03665771	0.48700330	0.53102338	0.53107203	0.28092498	0.28083106	0.53112980	0.53124664	0.28097626	0.28093197	59976	18223	0
59976	18228	0.00052550	0.03668687	0.48730180	0.03673845	0.48575992	0.53121558	0.53111476	0.28091677	0.28088160	0.53121123	0.53124623	0.28100485	0.28094240	59976	18226	0
59976	18231	-0.00000367	0.03656990	0.48475721	0.03663260	0.48634474	0.53110662	0.53121090	0.28113732	0.28088267	0.53124204	0.53115806	0.28104767	0.28087848	59976	18230	0
59976	18235	0.00121558	0.03670666	0.48961253	0.03671305	0.48595477	0.53103325	0.53110145	0.28107421	0.28083369	0.53104532	0.53112593	0.28091734	0.28083944	59976	18233	0
59976	18565	0.00056441	0.03688495	0.48449041	0.03680500	0.48644393	0.53108353	0.53118510	0.28100831	0.28081224	0.53123703	0.53114319	0.28082400	0.28082884	59976	18563	0
59976	18568	0.00129019	0.03673015	0.48867294	0.03672297	0.48649559	0.53114697	0.53124780	0.28104159	0.28076648	0.53113366	0.53120203	0.28095950	0.28081898	59976	18567	0
59976	18571	0.00077011	0.03684377	0.48437147	0.03683309	0.48593170	0.53127467	0.53121361	0.28090115	0.28087724	0.53130038	0.53120843	0.28117758	0.28082276	59976	18570	0
59976	18575	-0.00054083	0.03691035	0.48399889	0.03675218	0.48793171	0.53129636	0.53109060	0.28105120	0.28084544	0.53105708	0.53120309	0.28101135	0.28084454	59976	18573	0
59976	18578	0.00101733	0.03672241	0.48909055	0.03677167	0.48441609	0.53110293	0.53124278	0.28102006	0.28086212	0.53119274	0.53124475	0.28108358	0.28080929	59976	18576	0
59976	18908	0.00123178	0.03663196	0.48712691	0.03663973	0.48648357	0.53122093	0.53130910	0.28132927	0.28125318	0.53120359	0.53112676	0.28134915	0.28119820	59976	18907	0
59976	18912	0.00065547	0.03643778	0.48625666	0.03651963	0.48798559	0.53121139	0.53128083	0.28142179	0.28124997	0.53135536	0.53131674	0.28137726	0.28130577	59976	18910	0
59976	18915	0.00052448	0.03653592	0.48716194	0.03647807	0.48755489	0.53115256	0.53122627	0.28148400	0.28121571	0.53117039	0.53123276	0.28144965	0.28121982	59976	18913	0
59976	18918	0.00129149	0.03644950	0.48802803	0.03662485	0.48572701	0.53121764	0.53114056	0.28125992	0.28110050	0.53131945	0.53124204	0.28124759	0.28113058	59976	18917	0
59976	18921	0.00050712	0.03655909	0.48543423	0.03649605	0.48778735	0.53119241	0.53117877	0.28133896	0.28117840	0.53116850	0.53123736	0.28141169	0.28123650	59976	18920	0
59976	19252	0.00041270	0.03687033	0.48550290	0.03694687	0.48578616	0.53146966	0.53148207	0.28118111	0.28093041	0.53155134	0.53155832	0.28105449	0.28103230	59976	19250	0
59976	19255	0.00100991	0.03690828	0.48677771	0.03712977	0.48498607	0.53153408	0.53163869	0.28111784	0.28106221	0.53159308	0.53173203	0.28115096	0.28101611	59976	19253	0
59976	19258	-0.00026249	0.03705058	0.48591426	0.03689798	0.48973146	0.53152570	0.53161149	0.28123839	0.28101094	0.53164148	0.53155142	0.28105120	0.28097560	59976	19257	0
59976	19262	0.00044151	0.03697363	0.48866410	0.03698183	0.48655208	0.53152102	0.53155964	0.28118070	0.28100223	0.53159719	0.53164419	0.28116879	0.28099425	59976	19260	0
59976	19265	0.00019354	0.03692628	0.48689898	0.03690105	0.48764290	0.53164263	0.53157574	0.28110741	0.28104495	0.53157089	0.53162743	0.28124184	0.28110215	59976	19263	0
59976	19595	0.00075085	0.03658373	0.48723846	0.03650502	0.48556653	0.53246155	0.53259919	0.28204178	0.28189979	0.53238965	0.53245876	0.28201548	0.28181063	59976	19594	0
59976	19599	0.00084729	0.03648348	0.48742750	0.03667442	0.48713819	0.53251850	0.53247963	0.28196026	0.28182772	0.53245424	0.53238793	0.28196560	0.28186018	59976	19597	0
59976	19602	0.00081944	0.03670826	0.48804809	0.03662219	0.48813165	0.53250872	0.53247560	0.28178261	0.28183898	0.53238193	0.53241208	0.28203775	0.28179189	59976	19600	0
59976	19605	0.00076840	0.03651171	0.48590446	0.03647513	0.48605757	0.53220066	0.53228020	0.28183232	0.28170857	0.53225251	0.53217354	0.28170734	0.28163256	59976	19603	0
59976	19608	0.00047003	0.03656711	0.48767944	0.03653394	0.48857454	0.53216483	0.53216557	0.28185336	0.28162484	0.53225694	0.53250962	0.28176330	0.28185591	59976	19607	0
59976	19939	0.00054379	0.03679477	0.48765830	0.03686685	0.48743704	0.53230000	0.53224897	0.28139270	0.28134644	0.53231142	0.53232810	0.28137931	0.28140314	59976	19937	0
59976	19942	-0.00051396	0.03692533	0.48527543	0.03692814	0.48844867	0.53225431	0.53235744	0.28160578	0.28135663	0.53226680	0.53220559	0.28146469	0.28132483	59976	19940	0
59976	19945	0.00072899	0.03689927	0.48745431	0.03668788	0.48372546	0.53240395	0.53226031	0.28149739	0.28131448	0.53225727	0.53227543	0.28133617	0.28130651	59976	19944	0
59976	19949	0.00069360	0.03657124	0.48725626	0.03668735	0.48736244	0.53233747	0.53228431	0.28138942	0.28136444	0.53221956	0.53234881	0.28143297	0.28137167	59976	19947	0
59976	19952	0.00095095	0.03681165	0.48685001	0.03688539	0.48607796	0.53217485	0.53225546	0.28154784	0.28131513	0.53235391	0.53229819	0.28152845	0.28138210	59976	19950	0
59976	20282	0.00072963	0.03651169	0.48772326	0.03661513	0.48838722	0.53260593	0.53262877	0.28180816	0.28159838	0.53259155	0.53254980	0.28160865	0.28159025	59976	20281	0
59976	20285	0.00178448	0.03661587	0.48651260	0.03649794	0.48334804	0.53250568	0.53258316	0.28177751	0.28159772	0.53257413	0.53264331	0.28163314	0.28161490	59976	20284	0
59976	20289	0.00000941	0.03668653	0.48432670	0.03677893	0.48965193	0.53251209	0.53267002	0.28178499	0.28160799	0.53272162	0.53271604	0.28178713	0.28169099	59976	20287	0
59976	20292	-0.00038613	0.03660115	0.48558127	0.03669448	0.48676789	0.53275457	0.53275753	0.28190455	0.28171884	0.53269221	0.53272540	0.28190439	0.28170257	59976	20290	0
59976	20295	0.00044404	0.03670671	0.48862299	0.03664734	0.48613246	0.53268120	0.53271990	0.28191811	0.28167677	0.53265909	0.53272417	0.28188089	0.28168795	59976	20294	0
59976	20626	0.00167760	0.03699084	0.48833216	0.03698498	0.48463149	0.53267643	0.53264537	0.28145039	0.28115383	0.53255531	0.53258966	0.28117626	0.28106270	59976	20624	0
59976	20629	0.00062730	0.03688468	0.48375856	0.03699118	0.48690947	0.53249352	0.53262943	0.28135811	0.28110231	0.53249508	0.53249442	0.28127471	0.28107059	59976	20627	0
59976	20632	0.00125193	0.03693903	0.48743627	0.03695689	0.48556237	0.53266336	0.53252753	0.28116640	0.28099943	0.53258694	0.53248020	0.28117446	0.28097979	59976	20631	0
59976	20635	0.00036465	0.03693390	0.48590998	0.03709114	0.48857183	0.53241233	0.53243148	0.28122639	0.28096829	0.53251874	0.53250880	0.28117520	0.28093271	59976	20634	0
59976	20639	-0.00031362	0.03693936	0.48708589	0.03696441	0.48912067	0.53242597	0.53245169	0.28116254	0.28092811	0.53261423	0.53253641	0.28102318	0.28091340	59976	20637	0
59976	20969	0.00176917	0.03650660	0.49013205	0.03653361	0.48388368	0.53174847	0.53171872	0.28086919	0.28059671	0.53181166	0.53169070	0.28070657	0.28057592	59976	20967	0
59976	20972	-0.00013002	0.03659591	0.48405042	0.03662668	0.48974801	0.53173885	0.53180632	0.28068085	0.28062079	0.53182053	0.53196474	0.28076228	0.28066466	59976	20971	0
59976	20976	0.00071620	0.03659125	0.48962737	0.03651930	0.48708869	0.53183261	0.53167024	0.28083460	0.28057378	0.53198668	0.53191010	0.28087527	0.28071578	59976	20974	0
59976	20979	0.00138137	0.03664959	0.48800577	0.03665526	0.48601028	0.53181897	0.53193565	0.28093501	0.28066056	0.53223090	0.53198150	0.28104652	0.28077790	59976	20977	0
59976	20982	0.00030038	0.03655440	0.48570377	0.03670584	0.48894674	0.53197633	0.53205817	0.28106328	0.28083287	0.53208233	0.53200262	0.28107035	0.28082605	59976	20980	0
59976	21312	0.00015168	0.03660486	0.48709000	0.03672525	0.48753609	0.53235325	0.53238562	0.28138030	0.28125540	0.53215530	0.53244660	0.28144866	0.28129443	59976	21311	0
59976	21316	-0.00002501	0.03659488	0.48759821	0.03677180	0.48812827	0.53234651	0.53255071	0.28144940	0.28138293	0.53248916	0.53250453	0.28137611	0.28128670	59976	21314	0
59976	21319	0.00098889	0.03663442	0.48988269	0.03683281	0.48684101	0.53246960	0.53255482	0.28149246	0.28125079	0.53234092	0.53242014	0.28149287	0.28126641	59976	21317	0
59976	21322	0.00141036	0.03669135	0.48823379	0.03675989	0.48696937	0.53237034	0.53241882	0.28149295	0.28126148	0.53233632	0.53236615	0.28147340	0.28120724	59976	21321	0
59976	21326	0.00059782	0.03665591	0.48598860	0.03672597	0.48842625	0.53244109	0.53233353	0.28138630	0.28122236	0.53245473	0.53242622	0.28139270	0.28129566	59976	21324	0
59976	21656	0.00010226	0.03697975	0.48577480	0.03680044	0.48726145	0.53327094	0.53332953	0.28226627	0.28223496	0.53340767	0.53335048	0.28239290	0.28229815	59976	21654	0
59976	21659	0.00089422	0.03680176	0.48776197	0.03674442	0.48538609	0.53350086	0.53330973	0.28268567	0.28229700	0.53332715	0.53329115	0.28254113	0.28233834	59976	21658	0
59976	21662	0.00068460	0.03686411	0.48737703	0.03684894	0.48800590	0.53345065	0.53323010	0.28254459	0.28221007	0.53318376	0.53355435	0.28248098	0.28239791	59976	21661	0
59976	21666	0.00066071	0.03683662	0.48784427	0.03695149	0.48791595	0.53320422	0.53324317	0.28247622	0.28227728	0.53335295	0.53339173	0.28238723	0.28231229	59976	21664	0
59976	21669	0.00038211	0.03696406	0.48723808	0.03677384	0.48807387	0.53336001	0.53337193	0.28241837	0.28230473	0.53335878	0.53334038	0.28262051	0.28234639	59976	21667	0
59976	21999	0.00075624	0.03707493	0.48743396	0.03727080	0.48631157	0.53327234	0.53338450	0.28214868	0.28213899	0.53320307	0.53309435	0.28213422	0.28195698	59976	21998	0
59976	22003	0.00011903	0.03726638	0.48595459	0.03725380	0.48786622	0.53325138	0.53324719	0.28215739	0.28206536	0.53324711	0.53324974	0.28221820	0.28202132	59976	22001	0
59976	22006	-0.00042557	0.03716570	0.48752797	0.03719161	0.48916177	0.53320726	0.53329691	0.28225238	0.28208475	0.53347473	0.53326601	0.28224992	0.28203652	59976	22004	0
59976	22009	0.00052387	0.03714785	0.48925505	0.03696459	0.48640673	0.53321580	0.53330060	0.28220431	0.28207571	0.53333397	0.53326124	0.28218180	0.28214934	59976	22008	0
59976	22012	0.00108916	0.03701415	0.48818607	0.03709793	0.48649019	0.53320109	0.53345114	0.28239060	0.28232576	0.53322427	0.53313495	0.28228969	0.28204145	59976	22011	0
59976	22343	-0.00004027	0.03721533	0.48588600	0.03720856	0.48927430	0.53304365	0.53300454	0.28193019	0.28192937	0.53312813	0.53323010	0.28189658	0.28203241	59976	22341	0
59976	22346	-0.00032296	0.03722421	0.48812456	0.03712998	0.48897262	0.53311958	0.53307233	0.28205838	0.28195648	0.53306568	0.53316782	0.28194777	0.28192624	59976	22344	0
59976	22349	0.00072162	0.03723152	0.48682889	0.03728010	0.48369516	0.53299657	0.53307825	0.28221335	0.28195936	0.53307472	0.53313100	0.28196552	0.28196199	59976	22348	0
59976	22353	0.00109215	0.03743316	0.48834710	0.03730731	0.48723550	0.53307488	0.53312509	0.28217942	0.28184054	0.53321457	0.53319485	0.28204909	0.28195755	59976	22351	0
59976	22356	0.00046005	0.03721565	0.48551875	0.03730997	0.48741507	0.53321728	0.53316864	0.28227284	0.28197974	0.53317653	0.53321523	0.28204317	0.28202386	59976	22354	0
59976	22686	0.00049778	0.03710786	0.48745300	0.03698142	0.48733979	0.53222440	0.53220682	0.28142155	0.28115876	0.53217058	0.53220559	0.28124603	0.28113838	59976	22685	0
59976	22689	0.00046062	0.03706949	0.48672069	0.03714043	0.48683216	0.53232293	0.53219926	0.28133379	0.28111554	0.53225489	0.53222868	0.28142015	0.28113879	59976	22688	0
59976	22693	0.00090574	0.03702773	0.48795166	0.03705214	0.48661632	0.53220476	0.53210419	0.28115260	0.28107495	0.53228291	0.53225127	0.28124011	0.28114553	59976	22691	0
59976	22696	0.00075867	0.03716975	0.48656608	0.03710510	0.48700729	0.53240329	0.53229211	0.28130790	0.28120880	0.53228513	0.53225735	0.28135088	0.28120486	59976	22694	0
59976	22699	0.00153757	0.03704890	0.48766316	0.03715573	0.48532644	0.53216368	0.53219277	0.28131596	0.28115087	0.53220961	0.53220189	0.28119163	0.28112466	59976	22698	0
59976	23030	-0.00008107	0.03716643	0.48488017	0.03714095	0.48973611	0.53301695	0.53307217	0.28220497	0.28209642	0.53300512	0.53305204	0.28227580	0.28205583	59976	23028	0
59976	23033	0.00071393	0.03710405	0.48862010	0.03704138	0.48623508	0.53314818	0.53302221	0.28213233	0.28205000	0.53334851	0.53302434	0.28226183	0.28205279	59976	23031	0
59976	23036	0.00062262	0.03712479	0.48617261	0.03697555	0.48644655	0.53302500	0.53309452	0.28214745	0.28209856	0.53296699	0.53295179	0.28215485	0.28193380	59976	23035	0
59976	23039	0.00037073	0.03711755	0.48679567	0.03708003	0.48755132	0.53297644	0.53307381	0.28213019	0.28210300	0.53279385	0.53289246	0.28207596	0.28196347	59976	23038	0
59976	23043	-0.00023875	0.03719328	0.48860666	0.03709006	0.49043510	0.53298539	0.53286789	0.28221097	0.28188286	0.53293971	0.53294743	0.28197571	0.28184900	59976	23041	0
59976	23373	0.00129595	0.03716153	0.48950511	0.03700409	0.48490102	0.53287183	0.53292689	0.28231204	0.28210686	0.53297611	0.53295212	0.28211762	0.28213677	59976	23372	0
59976	23376	0.00049684	0.03694662	0.48526928	0.03690042	0.48766661	0.53304858	0.53301613	0.28219790	0.28213052	0.53285326	0.53294480	0.28237605	0.28205747	59976	23375	0
59976	23380	0.00044302	0.03710207	0.48705110	0.03701873	0.48721258	0.53298400	0.53294628	0.28213660	0.28212568	0.53291703	0.53304234	0.28243530	0.28225756	59976	23378	0
59976	23383	0.00060701	0.03698395	0.48769562	0.03696962	0.48720364	0.53298745	0.53302081	0.28234483	0.28219232	0.53286115	0.53300298	0.28240383	0.28224819	59976	23381	0
59976	23386	0.00129920	0.03694629	0.48758700	0.03717080	0.48551044	0.53296025	0.53298071	0.28237983	0.28213981	0.53299690	0.53294677	0.28220711	0.28211450	59976	23385	0
59976	23717	0.00068294	0.03722869	0.48640177	0.03717824	0.48825054	0.53254101	0.53246747	0.28181211	0.28166519	0.53273050	0.53248250	0.28201770	0.28167595	59976	23715	0
59976	23720	0.00069864	0.03709463	0.48718008	0.03700276	0.48713298	0.53249310	0.53256312	0.28185944	0.28173569	0.53255219	0.53251628	0.28192986	0.28173109	59976	23718	0
59976	23723	-0.00001222	0.03689910	0.48678248	0.03710810	0.48891506	0.53236007	0.53253148	0.28189132	0.28173462	0.53242408	0.53248645	0.28176453	0.28171720	59976	23721	0
59976	23726	0.00033785	0.03716008	0.48937003	0.03714280	0.48831981	0.53248982	0.53238390	0.28183512	0.28163897	0.53255934	0.53250921	0.28185426	0.28176585	59976	23725	0
59976	23730	0.00065344	0.03708513	0.48642637	0.03700566	0.48547962	0.53254668	0.53258234	0.28187127	0.28177866	0.53257971	0.53257750	0.28188541	0.28179978	59976	23728	0
59976	24060	-0.00025352	0.03725125	0.48385264	0.03720076	0.48657352	0.53224076	0.53221914	0.28143231	0.28136699	0.53215628	0.53219211	0.28148663	0.28130404	59976	24058	0
59976	24063	0.00105380	0.03731293	0.48929030	0.03725963	0.48536833	0.53217576	0.53215094	0.28143215	0.28128276	0.53213352	0.53206820	0.28149690	0.28130716	59976	24062	0
59976	24067	-0.00024427	0.03726358	0.48426934	0.03732247	0.48816354	0.53224930	0.53213229	0.28161227	0.28132606	0.53215711	0.53214798	0.28145828	0.28120445	59976	24065	0
59976	24070	0.00147522	0.03714116	0.48819642	0.03720104	0.48303796	0.53214404	0.53208972	0.28142870	0.28123609	0.53226837	0.53225407	0.28139065	0.28135597	59976	24068	0
59976	24073	0.00098123	0.03725266	0.48609293	0.03724195	0.48757491	0.53213336	0.53220756	0.28150898	0.28131711	0.53211561	0.53219038	0.28142319	0.28123904	59976	24071	0
59976	24403	0.00068791	0.03716168	0.48679772	0.03720190	0.48767767	0.53158478	0.53158281	0.28090592	0.28071586	0.53149258	0.53157122	0.28097420	0.28074905	59976	24402	0
59976	24407	-0.00033151	0.03717484	0.48505052	0.03716394	0.48810880	0.53172644	0.53167213	0.28091784	0.28080403	0.53175792	0.53174945	0.28085834	0.28090995	59976	24405	0
59976	24410	0.00055310	0.03705614	0.48952214	0.03721205	0.48686829	0.53172990	0.53176630	0.28117955	0.28080542	0.53172143	0.53175701	0.28101299	0.28088530	59976	24408	0
59976	24413	0.00107237	0.03724542	0.48797182	0.03732356	0.48641401	0.53186548	0.53191478	0.28123888	0.28095120	0.53183154	0.53196688	0.28122212	0.28101340	59976	24412	0
59976	24416	0.00105449	0.03730147	0.48683077	0.03722063	0.48688443	0.53184411	0.53186737	0.28111710	0.28097757	0.53197156	0.53185628	0.28118169	0.28103559	59976	24415	0
59976	24747	0.00017195	0.03707815	0.48550516	0.03701790	0.48815277	0.53149004	0.53148568	0.28074084	0.28061840	0.53152956	0.53148963	0.28062662	0.28055209	59976	24745	0
59976	24750	-0.00026369	0.03702819	0.48652977	0.03700544	0.48783671	0.53149554	0.53153079	0.28068660	0.28060328	0.53134139	0.53149390	0.28074478	0.28055497	59976	24749	0
59976	24753	0.00002700	0.03694904	0.48762911	0.03701946	0.48675704	0.53126333	0.53127286	0.28061553	0.28047994	0.53134065	0.53130663	0.28056121	0.28051059	59976	24752	0
59976	24757	0.00045306	0.03690715	0.48625044	0.03702766	0.48497224	0.53141017	0.53141789	0.28052588	0.28048027	0.53138067	0.53136834	0.28065226	0.28049810	59976	24755	0
59976	24760	0.00027534	0.03702063	0.48495295	0.03706322	0.48548611	0.53139053	0.53147401	0.28063582	0.28061117	0.53145700	0.53137302	0.28067559	0.28051470	59976	24758	0
59976	25090	0.00018051	0.03705768	0.48560000	0.03720324	0.48588450	0.53165635	0.53177336	0.28130955	0.28111998	0.53168084	0.53183351	0.28110930	0.28108037	59976	25089	0
59976	25094	0.00059814	0.03710792	0.48653612	0.03702032	0.48528324	0.53198487	0.53172209	0.28144086	0.28099130	0.53193426	0.53193557	0.28150438	0.28115950	59976	25092	0
59976	25097	0.00078587	0.03706777	0.48782834	0.03702863	0.48726513	0.53177846	0.53191034	0.28135154	0.28115589	0.53195570	0.53207132	0.28139870	0.28123937	59976	25095	0
59976	25100	0.00115372	0.03710041	0.48897048	0.03706107	0.48786693	0.53182628	0.53187748	0.28124890	0.28114274	0.53184551	0.53177599	0.28139961	0.28117257	59976	25098	0
59976	25103	0.00061984	0.03693810	0.48446419	0.03697154	0.48606582	0.53190089	0.53185217	0.28133518	0.28115055	0.53173524	0.53179432	0.28138851	0.28112285	59976	25102	0
59976	25434	-0.00023401	0.03693655	0.48429162	0.03713518	0.48685318	0.53107819	0.53104746	0.28038898	0.28032275	0.53104278	0.53111303	0.28053787	0.28033475	59976	25432	0
59976	25437	0.00097208	0.03707060	0.48909425	0.03700412	0.48547599	0.53105445	0.53110268	0.28043812	0.28037772	0.53098312	0.53112174	0.28056359	0.28036926	59976	25435	0
59976	25440	0.00088436	0.03691274	0.48681603	0.03699081	0.48707919	0.53127335	0.53133506	0.28080789	0.28057576	0.53137335	0.53150351	0.28077124	0.28059950	59976	25439	0
59976	25444	0.00152754	0.03707768	0.48833471	0.03710263	0.48640518	0.53123079	0.53114089	0.28062456	0.28041338	0.53114311	0.53110704	0.28050632	0.28049794	59976	25442	0
59976	25447	0.00012890	0.03705506	0.48428912	0.03695040	0.48848503	0.53111492	0.53123177	0.28065267	0.28054626	0.53126300	0.53118986	0.28041733	0.28032373	59976	25445	0
59976	25777	-0.00006964	0.03714611	0.48646529	0.03711863	0.48706091	0.53095107	0.53104894	0.28035595	0.28029004	0.53087580	0.53100991	0.28047830	0.28026359	59976	25776	0
59976	25780	0.00031696	0.03709399	0.48947382	0.03709659	0.48831403	0.53109290	0.53101944	0.28031272	0.28025340	0.53109455	0.53107597	0.28027591	0.28031141	59976	25779	0
59976	25784	0.00007462	0.03706593	0.48614453	0.03717723	0.48687155	0.53104475	0.53104343	0.28049235	0.28027649	0.53105288	0.53103965	0.28035036	0.28027123	59976	25782	0
59976	25787	0.00016769	0.03720505	0.48632051	0.03710840	0.48604130	0.53100071	0.53095280	0.28037887	0.28023647	0.53103020	0.53093924	0.28046869	0.28029530	59976	25785	0
59976	25790	0.00037700	0.03734534	0.48605069	0.03718216	0.48542275	0.53107860	0.53106176	0.28031313	0.28027591	0.53105083	0.53110999	0.28032587	0.28041404	59976	25789	0
59976	26121	0.00024537	0.03712326	0.48649826	0.03707137	0.48689315	0.53099619	0.53094713	0.28041511	0.28021724	0.53100687	0.53092519	0.28033392	0.28029949	59976	26119	0
59976	26124	0.00008040	0.03713322	0.48717066	0.03714437	0.48766558	0.53081056	0.53086027	0.28041905	0.28016629	0.53104105	0.53099093	0.28050681	0.28023285	59976	26122	0
59976	26127	0.00106505	0.03704742	0.48802855	0.03703536	0.48507458	0.53091755	0.53100843	0.28041034	0.28025479	0.53102306	0.53112733	0.28037057	0.28031313	59976	26126	0
59976	26130	0.00099087	0.03705188	0.48664883	0.03718040	0.48687138	0.53110695	0.53126119	0.28045200	0.28043434	0.53113358	0.53122331	0.28058069	0.28047115	59976	26129	0
59976	26134	0.00074906	0.03711709	0.48614822	0.03706971	0.48687363	0.53104828	0.53100827	0.28053713	0.28029095	0.53095370	0.53111484	0.28036819	0.28028725	59976	26132	0
59976	26464	0.00033922	0.03714899	0.48640325	0.03710539	0.48763278	0.53101328	0.53103637	0.28045866	0.28034247	0.53110038	0.53110268	0.28044798	0.28039391	59976	26462	0
59976	26467	0.00109248	0.03695072	0.48784422	0.03694267	0.48558444	0.53090563	0.53103398	0.28067773	0.28031741	0.53122060	0.53103045	0.28065858	0.28040393	59976	26466	0
59976	26471	0.00108346	0.03710667	0.48660414	0.03725520	0.48663121	0.53093579	0.53098222	0.28060254	0.28035989	0.53105297	0.53108912	0.28049703	0.28041831	59976	26469	0
59976	26474	0.00058070	0.03709400	0.48453555	0.03703247	0.48604383	0.53096455	0.53100358	0.28057608	0.28034354	0.53099783	0.53090900	0.28041626	0.28035118	59976	26472	0
59976	26477	0.00086187	0.03706454	0.48735945	0.03701344	0.48651592	0.53087687	0.53090547	0.28057395	0.28032867	0.53092190	0.53094006	0.28059482	0.28043368	59976	26476	0
59976	26808	-0.00002188	0.03678792	0.48527288	0.03678806	0.48792413	0.53137804	0.53138116	0.28093780	0.28076582	0.53137475	0.53149316	0.28106320	0.28089696	59976	26806	0
59976	26811	-0.00004290	0.03673568	0.48646550	0.03671820	0.48652857	0.53131082	0.53132841	0.28105087	0.28080230	0.53126168	0.53136029	0.28091488	0.28081175	59976	26809	0
59976	26814	0.00044797	0.03685180	0.48730498	0.03680276	0.48583236	0.53142734	0.53135429	0.28088628	0.28077617	0.53129997	0.53126973	0.28092556	0.28075456	59976	26812	0
59976	26817	-0.00040036	0.03681813	0.48440250	0.03683431	0.48694751	0.53134624	0.53134813	0.28102984	0.28084906	0.53130803	0.53120178	0.28092490	0.28082063	59976	26816	0
59976	26821	0.00051811	0.03676375	0.48776510	0.03687139	0.48500968	0.53123226	0.53119915	0.28100108	0.28071011	0.53120186	0.53112454	0.28089294	0.28067255	59976	26819	0
59976	27151	-0.00003102	0.03717722	0.48562124	0.03704388	0.48726864	0.53140671	0.53140417	0.28109746	0.28086631	0.53163819	0.53151987	0.28115342	0.28080140	59976	27149	0
59976	27154	0.00102880	0.03714842	0.48836033	0.03716317	0.48518088	0.53153745	0.53149505	0.28103082	0.28088472	0.53129488	0.53137187	0.28113608	0.28078866	59976	27153	0
59976	27158	0.00103198	0.03691172	0.48587236	0.03705066	0.48586279	0.53140244	0.53149571	0.28095259	0.28096204	0.53148297	0.53139036	0.28102482	0.28082958	59976	27156	0
59976	27161	0.00027662	0.03692257	0.48565191	0.03703921	0.48791799	0.53143778	0.53141641	0.28086434	0.28079803	0.53155873	0.53148042	0.28096459	0.28091266	59976	27159	0
59976	27164	0.00041471	0.03706129	0.48600493	0.03703551	0.48559067	0.53150532	0.53153556	0.28102934	0.28095711	0.53160409	0.53150228	0.28114257	0.28090929	59976	27162	0
59976	27494	0.00044464	0.03737225	0.48702809	0.03731375	0.48693830	0.53149226	0.53158914	0.28114175	0.28098250	0.53153055	0.53154180	0.28105268	0.28091381	59976	27493	0
59976	27498	-0.00039733	0.03726834	0.48405545	0.03727574	0.48658135	0.53147820	0.53148946	0.28117536	0.28098020	0.53144739	0.53144805	0.28097297	0.28086787	59976	27496	0
59976	27501	0.00072077	0.03721422	0.48849666	0.03725519	0.48514236	0.53139069	0.53158363	0.28119779	0.28091521	0.53153408	0.53154205	0.28110346	0.28094043	59976	27499	0
59976	27504	0.00048382	0.03707942	0.48706845	0.03723802	0.48777930	0.53155191	0.53157648	0.28114052	0.28094339	0.53161206	0.53162735	0.28124430	0.28105440	59976	27503	0
59976	27507	0.00075801	0.03728772	0.48619719	0.03721369	0.48537464	0.53151691	0.53160935	0.28098078	0.28096730	0.53158848	0.53159078	0.28114496	0.28100559	59976	27506	0
59976	27838	0.00091461	0.03714449	0.48675976	0.03701439	0.48628996	0.53076758	0.53077580	0.28048800	0.28034107	0.53082494	0.53069034	0.28062621	0.28039646	59976	27836	0
59976	27841	-0.00031103	0.03678188	0.48518494	0.03686456	0.48886184	0.53078558	0.53083595	0.28065448	0.28041421	0.53072675	0.53068089	0.28041634	0.28039070	59976	27840	0
59976	27844	0.00030504	0.03697148	0.48783309	0.03705078	0.48598490	0.53069527	0.53067366	0.28065702	0.28033738	0.53076545	0.53060078	0.28040319	0.28035775	59976	27843	0
59976	27848	-0.00053619	0.03700081	0.48375703	0.03698688	0.48628070	0.53075731	0.53069815	0.28045250	0.28037887	0.53076808	0.53074548	0.28045833	0.28040040	59976	27846	0
59976	27851	0.00015756	0.03719061	0.48801737	0.03711735	0.48593614	0.53079947	0.53079634	0.28044091	0.28037895	0.53080037	0.53087811	0.28067337	0.28045924	59976	27849	0
59976	28181	0.00091580	0.03691414	0.48812717	0.03693905	0.48585242	0.53109586	0.53094779	0.28108070	0.28089302	0.53109512	0.53098057	0.28093616	0.28088809	59976	28180	0
59976	28185	0.00085154	0.03693467	0.48687485	0.03684864	0.48706765	0.53106077	0.53107030	0.28097568	0.28090592	0.53101393	0.53117516	0.28098209	0.28084618	59976	28183	0
59976	28188	0.00112588	0.03681410	0.48598346	0.03677532	0.48516044	0.53091968	0.53094861	0.28095769	0.28076015	0.53073628	0.53081138	0.28102400	0.28080132	59976	28186	0
59976	28191	0.00126280	0.03684775	0.48625548	0.03688562	0.48584472	0.53080621	0.53085066	0.28104528	0.28070575	0.53088147	0.53090580	0.28084363	0.28072375	59976	28190	0
59976	28194	-0.00040536	0.03685907	0.48333079	0.03686358	0.48833526	0.53092938	0.53093070	0.28102548	0.28070509	0.53090202	0.53092231	0.28094462	0.28067995	59976	28193	0
59976	28525	0.00098903	0.03674432	0.48866044	0.03677085	0.48447728	0.53085600	0.53096858	0.28092022	0.28066450	0.53084672	0.53082141	0.28065472	0.28061569	59976	28523	0
59976	28528	0.00009315	0.03675961	0.48504019	0.03669294	0.48772783	0.53089709	0.53085953	0.28071356	0.28062695	0.53097556	0.53092996	0.28072358	0.28071767	59976	28526	0
59976	28531	0.00110515	0.03674109	0.48852190	0.03682620	0.48548588	0.53079478	0.53075049	0.28083722	0.28075267	0.53088797	0.53090966	0.28103214	0.28078981	59976	28530	0
59976	28535	-0.00022387	0.03681554	0.48557466	0.03675551	0.48956172	0.53093300	0.53096521	0.28090222	0.28084676	0.53081286	0.53091673	0.28091389	0.28083944	59976	28533	0
59976	28538	0.00079335	0.03679113	0.48647375	0.03683179	0.48342209	0.53084318	0.53086833	0.28097125	0.28078069	0.53087654	0.53086414	0.28085703	0.28080238	59976	28536	0
59976	28868	0.00030840	0.03689735	0.48573679	0.03691270	0.48719165	0.53062403	0.53086701	0.28048003	0.28057214	0.53073628	0.53082223	0.28052284	0.28044551	59976	28867	0
59976	28872	0.00052573	0.03678332	0.48598554	0.03686130	0.48533354	0.53069651	0.53068878	0.28070657	0.28044058	0.53061261	0.53067194	0.28068332	0.28044847	59976	28870	0
59976	28875	0.00086115	0.03703612	0.48624635	0.03698335	0.48524009	0.53085986	0.53099898	0.28056532	0.28056951	0.53085370	0.53085132	0.28063599	0.28057534	59976	28873	0
59976	28878	0.00045335	0.03691150	0.48504605	0.03687222	0.48626946	0.53076898	0.53085428	0.28067683	0.28059359	0.53086882	0.53085395	0.28073172	0.28064996	59976	28876	0
59976	28881	-0.00013191	0.03685410	0.48546512	0.03686213	0.48722089	0.53085296	0.53094803	0.28089417	0.28063771	0.53083677	0.53093538	0.28082490	0.28069564	59976	28880	0
59976	29212	0.00136441	0.03718877	0.49004066	0.03712396	0.48555169	0.53096110	0.53103883	0.28093254	0.28072818	0.53104343	0.53109422	0.28111776	0.28082219	59976	29210	0
59976	29215	0.00074406	0.03698236	0.48676957	0.03705012	0.48863063	0.53107170	0.53106611	0.28100453	0.28088291	0.53105781	0.53122824	0.28113822	0.28101003	59976	29213	0
59976	29218	0.00073784	0.03722464	0.48666867	0.03700260	0.48668732	0.53121065	0.53111550	0.28111283	0.28082465	0.53100564	0.53109282	0.28105243	0.28077535	59976	29217	0
59976	29221	0.00005945	0.03718398	0.48425675	0.03694925	0.48629194	0.53103818	0.53113160	0.28104076	0.28089368	0.53095296	0.53117031	0.28103838	0.28083131	59976	29220	0
59976	29225	0.00134425	0.03698927	0.48875922	0.03699940	0.48490479	0.53114451	0.53118074	0.28094668	0.28089055	0.53106965	0.53119586	0.28110667	0.28092827	59976	29223	0
59976	29555	0.00078071	0.03705727	0.48497883	0.03716386	0.48666946	0.53109997	0.53121509	0.28114430	0.28098776	0.53104976	0.53113037	0.28121867	0.28101422	59976	29554	0
59976	29558	0.00057375	0.03703198	0.48611634	0.03697503	0.48673722	0.53113653	0.53106365	0.28095374	0.28090724	0.53113333	0.53111509	0.28123017	0.28092063	59976	29557	0
59976	29562	0.00043110	0.03705646	0.48546790	0.03709497	0.48589585	0.53116110	0.53117458	0.28108579	0.28098990	0.53109216	0.53111188	0.28122902	0.28094232	59976	29560	0
59976	29565	0.00005970	0.03704424	0.48593478	0.03719626	0.48704899	0.53112520	0.53125511	0.28124726	0.28107782	0.53104327	0.53114179	0.28120987	0.28100091	59976	29563	0
59976	29568	0.00126409	0.03717647	0.48806913	0.03707352	0.48445595	0.53115050	0.53109882	0.28128613	0.28097938	0.53115067	0.53123489	0.28126953	0.28108086	59976	29567	0
59976	29899	-0.00042225	0.03692467	0.48348222	0.03690785	0.48854126	0.53081787	0.53084959	0.28102277	0.28077888	0.53084877	0.53104656	0.28095202	0.28089836	59976	29897	0
59976	29902	0.00051801	0.03688403	0.48795939	0.03693793	0.48513861	0.53083694	0.53095058	0.28106040	0.28081003	0.53079799	0.53096734	0.28102992	0.28075349	59976	29900	0
59976	29905	0.00110421	0.03699674	0.48796875	0.03691365	0.48621016	0.53085888	0.53083077	0.28088883	0.28072884	0.53082486	0.53082847	0.28105999	0.28070287	59976	29904	0
59976	29908	0.00017120	0.03701887	0.48487912	0.03702042	0.48767813	0.53084294	0.53087038	0.28102532	0.28070838	0.53098140	0.53105338	0.28116419	0.28089039	59976	29907	0
59976	29912	0.00065215	0.03711415	0.48690981	0.03701760	0.48546698	0.53072814	0.53085691	0.28093254	0.28072358	0.53082363	0.53080407	0.28097881	0.28068126	59976	29910	0
59976	30242	-0.00034471	0.03715433	0.48421601	0.03709947	0.48720656	0.53023511	0.53044736	0.28028865	0.28019571	0.53059880	0.53032304	0.28035545	0.28006136	59976	30240	0
59976	30245	-0.00009699	0.03706972	0.48719869	0.03708429	0.48645553	0.53025451	0.53024423	0.28025874	0.28004254	0.53033265	0.53024941	0.28009858	0.28001682	59976	30244	0
59976	30249	-0.00005742	0.03701827	0.48567901	0.03696037	0.48556031	0.53020487	0.53024506	0.28026424	0.28008733	0.53035073	0.53042033	0.28021453	0.28008494	59976	30247	0
59976	30252	-0.00018454	0.03694149	0.48692230	0.03706306	0.48730365	0.53037365	0.53041022	0.28027920	0.28015561	0.53024637	0.53040135	0.28021658	0.28005208	59976	30250	0
59976	30255	0.00074912	0.03711300	0.48771825	0.03717516	0.48491727	0.53039494	0.53043356	0.28039424	0.28014189	0.53044120	0.53055492	0.28033902	0.28021527	59976	30254	0
59976	30586	0.00046243	0.03664305	0.48638823	0.03662609	0.48724829	0.53104450	0.53107696	0.28100970	0.28102285	0.53119964	0.53124870	0.28126148	0.28110215	59976	30584	0
59976	30589	0.00100796	0.03670544	0.48759522	0.03670666	0.48595864	0.53114237	0.53117351	0.28130108	0.28108037	0.53116176	0.53115839	0.28135384	0.28107125	59976	30587	0
59976	30592	0.00101066	0.03678896	0.48542897	0.03666766	0.48542089	0.53124229	0.53098402	0.28105013	0.28098029	0.53090325	0.53096208	0.28113239	0.28092622	59976	30590	0
59976	30595	0.00059768	0.03669986	0.48674954	0.03675252	0.48798848	0.53090826	0.53098189	0.28109713	0.28098341	0.53109808	0.53093998	0.28109097	0.28092589	59976	30594	0
59976	30599	0.00039535	0.03661743	0.48608725	0.03661638	0.48669425	0.53091615	0.53086594	0.28112088	0.28088045	0.53091336	0.53100473	0.28110338	0.28095859	59976	30597	0
59976	30929	0.00007628	0.03687554	0.48608048	0.03695415	0.48703769	0.53157319	0.53168725	0.28122343	0.28104413	0.53163236	0.53157591	0.28100625	0.28093246	59976	30928	0
59976	30933	0.00043862	0.03682667	0.48776695	0.03682302	0.48667992	0.53181535	0.53175882	0.28110773	0.28105210	0.53174806	0.53177862	0.28117717	0.28109064	59976	30931	0
59976	30936	0.00073639	0.03663858	0.48760080	0.03671025	0.48670750	0.53174050	0.53166334	0.28118029	0.28109056	0.53176359	0.53185332	0.28122129	0.28115120	59976	30934	0
59976	30939	0.00154667	0.03685376	0.48628857	0.03676548	0.48385775	0.53180484	0.53185250	0.28124266	0.28120872	0.53182160	0.53188101	0.28129484	0.28116443	59976	30938	0
59976	30942	-0.00038560	0.03667207	0.48304426	0.03681875	0.48884107	0.53183162	0.53185899	0.28137627	0.28121111	0.53180500	0.53186622	0.28138441	0.28125260	59976	30941	0
59976	31274	0.00136854	0.03633939	0.48876147	0.03621996	0.48349906	0.53190566	0.53191963	0.28144020	0.28128892	0.53175019	0.53175701	0.28132253	0.28107544	59976	31273	0
59976	31278	0.00068544	0.03632403	0.48563283	0.03626447	0.48768212	0.53169325	0.53189638	0.28126961	0.28118875	0.53191774	0.53187378	0.28130963	0.28108210	59976	31276	0
59976	31281	0.00131387	0.03631280	0.48804786	0.03628787	0.48616257	0.53170327	0.53182850	0.28134406	0.28111899	0.53177575	0.53185291	0.28134620	0.28112039	59976	31279	0
59976	31284	-0.00105683	0.03626837	0.48525009	0.03628467	0.49236219	0.53188339	0.53208512	0.28118826	0.28123485	0.53195768	0.53187559	0.28143560	0.28115482	59976	31283	0
59976	31288	0.00021702	0.03638265	0.48996784	0.03638145	0.48614630	0.53167024	0.53177640	0.28116230	0.28098801	0.53168150	0.53196293	0.28120100	0.28106706	59976	31286	0
59976	31623	0.00028835	0.03659635	0.48587100	0.03644449	0.48565701	0.53177928	0.53175142	0.28049892	0.28050928	0.53177279	0.53183064	0.28058504	0.28057000	59976	31621	0
59976	31626	0.00069534	0.03657564	0.48763797	0.03644321	0.48641700	0.53174082	0.53182415	0.28070731	0.28054412	0.53188150	0.53167320	0.28055340	0.28039605	59976	31624	0
59976	31629	0.00055214	0.03668753	0.48661250	0.03667918	0.48704209	0.53188873	0.53190221	0.28080074	0.28062448	0.53196655	0.53191429	0.28065727	0.28064700	59976	31628	0
59976	31633	0.00158488	0.03650009	0.48803130	0.03673016	0.48493307	0.53190698	0.53177928	0.28069433	0.28043820	0.53189235	0.53186244	0.28090600	0.28067387	59976	31631	0
59976	31636	0.00062741	0.03661160	0.48515158	0.03645706	0.48802402	0.53181190	0.53182168	0.28057263	0.28063032	0.53158922	0.53170557	0.28062333	0.28050952	59976	31634	0
59976	31966	0.00081142	0.03665089	0.48780679	0.03672965	0.48725476	0.53255005	0.53244142	0.28142163	0.28121275	0.53240551	0.53238760	0.28123962	0.28115630	59976	31965	0
59976	31969	-0.00041868	0.03665950	0.48529028	0.03671294	0.48898057	0.53253616	0.53250633	0.28158794	0.28127873	0.53238940	0.53247568	0.28139673	0.28127117	59976	31968	0
59976	31973	0.00098029	0.03681372	0.48857419	0.03668661	0.48437727	0.53243608	0.53244388	0.28141169	0.28115852	0.53241512	0.53249105	0.28127775	0.28123420	59976	31971	0
59976	31976	0.00047510	0.03674431	0.48601073	0.03668892	0.48752630	0.53243164	0.53244002	0.28123625	0.28121135	0.53240083	0.53249286	0.28150955	0.28123140	59976	31974	0
59976	31979	-0.00081595	0.03664934	0.48435362	0.03682889	0.48822677	0.53257741	0.53254109	0.28129821	0.28124291	0.53240781	0.53253468	0.28123066	0.28116098	59976	31978	0
