% File initiated 05/12/2022 17:18:52 UTC
% Raw fountain data
%
% File notes: maser 5 MHz RF amplitudes 280 800 1280 1740 2200 2660 1280 microwave leakage pio2 3pio2 5pio2 7pio2 9pio2 11pio2 no water cooling
%
%% fountain_code = ALPHA-CsF1
%% microwave_ref = ALPHA HM1
%% MJD_start = 59918.721446
%% clock_data = False
%% sequence = 11
%% density = HD
%
% Units: V.s, Hz
%
% Shot B MJD days	Shot B MJD seconds	freq error	shot A sum	shot A ratio	shot B sum	shot B ratio	shot A F=3 bg 1	shot A F=3 bg 2	shot A F=4 bg 1	shot A F=4 bg 2	shot B F=3 bg 1	shot B F=3 bg 2	shot B F=4 bg 1	shot B F=4 bg 2	Shot A MJD days	Shot A MJD seconds	Shot order (0=LF->HF)
59918	62907	0.00114441	0.04336520	0.50560468	0.04343660	0.50539868	0.58897544	0.58886566	0.32386201	0.32367761	0.58887313	0.58883870	0.32375264	0.32360982	59918	62905	0
59918	62910	0.00205649	0.04329421	0.50527200	0.04365457	0.50510783	0.58891882	0.58887100	0.32381689	0.32362124	0.58903592	0.58933198	0.32382133	0.32393243	59918	62908	0
59918	62913	0.00827902	0.04361377	0.50625809	0.04348849	0.50513803	0.58915597	0.58911743	0.32384376	0.32376603	0.58920100	0.58916073	0.32390671	0.32378690	59918	62912	0
59918	62916	0.01487679	0.04358606	0.50615457	0.04361246	0.50496697	0.58901422	0.58885119	0.32375231	0.32365083	0.58914849	0.58897659	0.32383662	0.32370933	59918	62915	0
59918	62920	0.02888703	0.04349100	0.50701314	0.04341266	0.50449130	0.58892326	0.58889836	0.32375099	0.32357030	0.58903616	0.58892194	0.32378296	0.32361451	59918	62918	0
59918	63707	0.05556047	0.04360987	0.50882035	0.04342814	0.50401913	0.58930322	0.58911866	0.32374245	0.32356044	0.58918333	0.58916739	0.32379216	0.32359643	59918	63706	0
59918	63710	0.09931243	0.04357062	0.51047181	0.04358481	0.50259646	0.58929467	0.58906574	0.32374697	0.32357884	0.58932319	0.58908579	0.32379791	0.32363242	59918	63709	0
59918	63714	0.18418990	0.04346735	0.51415601	0.04346034	0.49887807	0.58915679	0.58913403	0.32382248	0.32365715	0.58921242	0.58908785	0.32388888	0.32368082	59918	63712	0
59918	63717	0.33388029	0.04333299	0.51995364	0.04351742	0.49300937	0.58926066	0.58911349	0.32389685	0.32363760	0.58919985	0.58901118	0.32386472	0.32363513	59918	63715	0
59918	63720	0.57532077	0.04368571	0.52851143	0.04344757	0.48505215	0.58931612	0.58924718	0.32378970	0.32381238	0.58916945	0.58905424	0.32375190	0.32356882	59918	63719	0
59918	64508	0.57368843	0.04375442	0.52813741	0.04385926	0.48497194	0.58901767	0.58895153	0.32334745	0.32309666	0.58899688	0.58872309	0.32326503	0.32311145	59918	64506	0
59918	64511	0.57000619	0.04377936	0.52785920	0.04381516	0.48535654	0.58885884	0.58875530	0.32323890	0.32307168	0.58887790	0.58889055	0.32330571	0.32316412	59918	64509	0
59918	64514	0.57620920	0.04375705	0.52810751	0.04362669	0.48448830	0.58894594	0.58871808	0.32331967	0.32318056	0.58886615	0.58875168	0.32329165	0.32310184	59918	64513	0
59918	64517	0.58170165	0.04357084	0.52813088	0.04362509	0.48352304	0.58895958	0.58886541	0.32334318	0.32309674	0.58896229	0.58881430	0.32334630	0.32317374	59918	64516	0
59918	64521	0.57667837	0.04377992	0.52854772	0.04382361	0.48484406	0.58888727	0.58888940	0.32326289	0.32314490	0.58896977	0.58881241	0.32329042	0.32315550	59918	64519	0
59918	65308	0.58926973	0.04357972	0.52943779	0.04363571	0.48346769	0.58916813	0.58903238	0.32340505	0.32315319	0.58921291	0.58893674	0.32335838	0.32319921	59918	65307	0
59918	65311	0.57832684	0.04371635	0.52907997	0.04372156	0.48507959	0.58913502	0.58899384	0.32340858	0.32312427	0.58909845	0.58901233	0.32329987	0.32313783	59918	65310	0
59918	65315	0.57820760	0.04386650	0.52830090	0.04368475	0.48432199	0.58910790	0.58897314	0.32339955	0.32319814	0.58924973	0.58898563	0.32342444	0.32313380	59918	65313	0
59918	65318	0.59086359	0.04374880	0.52933285	0.04368738	0.48307585	0.58921653	0.58894791	0.32344351	0.32314054	0.58921768	0.58906805	0.32338171	0.32321565	59918	65316	0
59918	65321	0.57980448	0.04375936	0.52897582	0.04376460	0.48470947	0.58921037	0.58907823	0.32339601	0.32316191	0.58911891	0.58916821	0.32332567	0.32327193	59918	65320	0
59918	66109	0.57423983	0.04369606	0.52882666	0.04359710	0.48556195	0.58969551	0.58959937	0.32403112	0.32381090	0.58978795	0.58960775	0.32403711	0.32387261	59918	66107	0
59918	66112	0.57216610	0.04359295	0.52859246	0.04353218	0.48570101	0.58980537	0.58966543	0.32404270	0.32380432	0.58971934	0.58953108	0.32391731	0.32381353	59918	66110	0
59918	66115	0.57870438	0.04367227	0.52844709	0.04358480	0.48437875	0.58971745	0.58957702	0.32398099	0.32369914	0.58981794	0.58960052	0.32402725	0.32374491	59918	66114	0
59918	66118	0.58283174	0.04378507	0.52964272	0.04368144	0.48483146	0.58993726	0.58976576	0.32413268	0.32382503	0.58972829	0.58961095	0.32393818	0.32370720	59918	66117	0
59918	66122	0.58113437	0.04376149	0.52923376	0.04362581	0.48472803	0.58960282	0.58961375	0.32390687	0.32373505	0.58968450	0.58961030	0.32391336	0.32374171	59918	66120	0
59918	66909	0.57415826	0.04419949	0.52850692	0.04428858	0.48525688	0.58917947	0.58898859	0.32284218	0.32270413	0.58912951	0.58897585	0.32284103	0.32262795	59918	66908	0
59918	66912	0.57213974	0.04433880	0.52770295	0.04424069	0.48481625	0.58930651	0.58895941	0.32305369	0.32272097	0.58922721	0.58903033	0.32286707	0.32278260	59918	66911	0
59918	66916	0.57767795	0.04416738	0.52853564	0.04402172	0.48465206	0.58908949	0.58895448	0.32288540	0.32271366	0.58912631	0.58904372	0.32288277	0.32266312	59918	66914	0
59918	66919	0.57898600	0.04411040	0.52863729	0.04412640	0.48451827	0.58918062	0.58909845	0.32282632	0.32275088	0.58918498	0.58896681	0.32289115	0.32272122	59918	66917	0
59918	66922	0.57411050	0.04427390	0.52837760	0.04428557	0.48513616	0.58916484	0.58905457	0.32293988	0.32269690	0.58923075	0.58911768	0.32288827	0.32270462	59918	66921	0
59918	67710	0.58013534	0.04381115	0.52888677	0.04369918	0.48456086	0.59000472	0.58984153	0.32410836	0.32392947	0.59007506	0.59001466	0.32413621	0.32393424	59918	67708	0
59918	67713	0.57770462	0.04380111	0.52917741	0.04372046	0.48528904	0.59005698	0.58994243	0.32412068	0.32399176	0.59004490	0.58988623	0.32413071	0.32393103	59918	67711	0
59918	67716	0.57037367	0.04378339	0.52807907	0.04386250	0.48551026	0.58996676	0.58983898	0.32411477	0.32390359	0.58998171	0.58998220	0.32398214	0.32387852	59918	67715	0
59918	67719	0.56913651	0.04390719	0.52804257	0.04384094	0.48569645	0.59008410	0.58993734	0.32416908	0.32390967	0.59006594	0.58985319	0.32415446	0.32388123	59918	67718	0
59918	67723	0.57396896	0.04381804	0.52844483	0.04378158	0.48522887	0.59003488	0.58990661	0.32401706	0.32386546	0.59002050	0.58999206	0.32406423	0.32387647	59918	67721	0
59918	68510	0.57186599	0.04401071	0.52974575	0.04406368	0.48690832	0.58940470	0.58927356	0.32323192	0.32303257	0.58947381	0.58931883	0.32319798	0.32301046	59918	68509	0
59918	68513	0.57525911	0.04400256	0.52932298	0.04388660	0.48587479	0.58936411	0.58935408	0.32319256	0.32302624	0.58934291	0.58920774	0.32322296	0.32305820	59918	68512	0
59918	68517	0.58040569	0.04384215	0.53006583	0.04379436	0.48569126	0.58925531	0.58927947	0.32320283	0.32313430	0.58933749	0.58923740	0.32320578	0.32305097	59918	68515	0
59918	68520	0.57174546	0.04385804	0.52964691	0.04379120	0.48683118	0.58921916	0.58909467	0.32318286	0.32296593	0.58923510	0.58911653	0.32313183	0.32292657	59918	68518	0
59918	68523	0.57711457	0.04388616	0.52959293	0.04371914	0.48581076	0.58937742	0.58931234	0.32316141	0.32306453	0.58923584	0.58921924	0.32323060	0.32296675	59918	68522	0
59918	69311	0.56529072	0.04384335	0.52959656	0.04397528	0.48794269	0.59004983	0.58989946	0.32398822	0.32379380	0.58997103	0.58995805	0.32392996	0.32380416	59918	69309	0
59918	69314	0.56311396	0.04381809	0.52850282	0.04373874	0.48724076	0.58997859	0.58984687	0.32393876	0.32383859	0.58989609	0.58981835	0.32398017	0.32379520	59918	69312	0
59918	69317	0.57499763	0.04369874	0.52976987	0.04365365	0.48636875	0.58988146	0.58986766	0.32391673	0.32378945	0.58991302	0.58986585	0.32396045	0.32377992	59918	69316	0
59918	69320	0.57118412	0.04374131	0.52925855	0.04378488	0.48654386	0.59004038	0.58990989	0.32397335	0.32380769	0.58990677	0.58982567	0.32391098	0.32370892	59918	69319	0
59918	69324	0.56843814	0.04370657	0.52889722	0.04372653	0.48667681	0.58989535	0.58987152	0.32385675	0.32377622	0.58993315	0.58978064	0.32385675	0.32377129	59918	69322	0
59918	70111	0.57274438	0.04391789	0.52896811	0.04391134	0.48597257	0.58989223	0.58970545	0.32390983	0.32369676	0.58985032	0.58967192	0.32392659	0.32372823	59918	70110	0
59918	70114	0.57513683	0.04378611	0.52994077	0.04377539	0.48651459	0.58993906	0.58987678	0.32393719	0.32377121	0.58987916	0.58981589	0.32396842	0.32386981	59918	70113	0
59918	70118	0.57052720	0.04385290	0.52848788	0.04389480	0.48589143	0.58995246	0.58985730	0.32391435	0.32378205	0.59005945	0.58993545	0.32401846	0.32384894	59918	70116	0
59918	70121	0.57493427	0.04375296	0.52924821	0.04378246	0.48585850	0.58994786	0.58978573	0.32402199	0.32368936	0.58993241	0.58985771	0.32389422	0.32376546	59918	70119	0
59918	70124	0.56948316	0.04399789	0.52906604	0.04375669	0.48665753	0.59011130	0.59004917	0.32401830	0.32383859	0.58997719	0.58994695	0.32398346	0.32376143	59918	70123	0
59918	70912	0.57218263	0.04366854	0.52956262	0.04374020	0.48666820	0.58892030	0.58864593	0.32273864	0.32251719	0.58885719	0.58866598	0.32261407	0.32243806	59918	70910	0
59918	70915	0.57800790	0.04374950	0.52934185	0.04355502	0.48539888	0.58873492	0.58855661	0.32263683	0.32245244	0.58864207	0.58854658	0.32257980	0.32233189	59918	70913	0
59918	70918	0.58453264	0.04360592	0.53015680	0.04375388	0.48503937	0.58866861	0.58860410	0.32259747	0.32234874	0.58860624	0.58851552	0.32249697	0.32229631	59918	70917	0
59918	70921	0.57542272	0.04375607	0.52969628	0.04362953	0.48621864	0.58875300	0.58855094	0.32261522	0.32244003	0.58857904	0.58835817	0.32252795	0.32237109	59918	70920	0
59918	70925	0.57575766	0.04363867	0.52952735	0.04366339	0.48598942	0.58850501	0.58843434	0.32257282	0.32224988	0.58857608	0.58860542	0.32253025	0.32234586	59918	70923	0
59918	71712	0.56312367	0.04374333	0.52957302	0.04389100	0.48830921	0.58907930	0.58898900	0.32305590	0.32286724	0.58915630	0.58900921	0.32294185	0.32286609	59918	71710	0
59918	71715	0.55999421	0.04381919	0.52906066	0.04378394	0.48836016	0.58918013	0.58903214	0.32300989	0.32287143	0.58902704	0.58897051	0.32297874	0.32283881	59918	71714	0
59918	71719	0.55803796	0.04377078	0.52905413	0.04378426	0.48870575	0.58909467	0.58902926	0.32307004	0.32288910	0.58923132	0.58909138	0.32310940	0.32290635	59918	71717	0
59918	71722	0.56241237	0.04395834	0.52925090	0.04371147	0.48811513	0.58918448	0.58906057	0.32306240	0.32282139	0.58924258	0.58917676	0.32306535	0.32296124	59918	71720	0
59918	71725	0.56036816	0.04374802	0.52917428	0.04354277	0.48840646	0.58902178	0.58898670	0.32311153	0.32297258	0.58919237	0.58906566	0.32307669	0.32295220	59918	71724	0
59918	72513	0.55756766	0.04381805	0.52950590	0.04381304	0.48924217	0.58955532	0.58950569	0.32341228	0.32326388	0.58957817	0.58965327	0.32348837	0.32335131	59918	72511	0
59918	72516	0.55771561	0.04379973	0.52907234	0.04380476	0.48878198	0.58956050	0.58940799	0.32349938	0.32330455	0.58970939	0.58948145	0.32346643	0.32324202	59918	72514	0
59918	72519	0.55942873	0.04386609	0.52921894	0.04374805	0.48862022	0.58961753	0.58961292	0.32353891	0.32335032	0.58959518	0.58950742	0.32345255	0.32330653	59918	72518	0
59918	72522	0.56030666	0.04360223	0.52971500	0.04379293	0.48895826	0.58948088	0.58939994	0.32339766	0.32327317	0.58971128	0.58952500	0.32349371	0.32328237	59918	72521	0
59918	72526	0.55839954	0.04391763	0.52954254	0.04393139	0.48912908	0.58967521	0.58961087	0.32346446	0.32333249	0.58965886	0.58966790	0.32340275	0.32332428	59918	72524	0
59918	73313	0.55670960	0.04391091	0.52933100	0.04378008	0.48922172	0.58985788	0.58971235	0.32348048	0.32330538	0.58994597	0.58981194	0.32356085	0.32334153	59918	73312	0
59918	73316	0.55833430	0.04380888	0.52934585	0.04378410	0.48894413	0.58987045	0.58982156	0.32355756	0.32340209	0.58983191	0.58986725	0.32345805	0.32345937	59918	73315	0
59918	73320	0.56091940	0.04387048	0.52962190	0.04370775	0.48875487	0.58992353	0.58974826	0.32362034	0.32352461	0.58994350	0.58976363	0.32360251	0.32344096	59918	73318	0
59918	73323	0.56769892	0.04382239	0.53078491	0.04379789	0.48869756	0.58977398	0.58975746	0.32352256	0.32329511	0.58990406	0.58977595	0.32359437	0.32341080	59918	73321	0
59918	73326	0.55167482	0.04392160	0.52840766	0.04390933	0.48920465	0.58977373	0.58965237	0.32357819	0.32341475	0.58997629	0.58973709	0.32356734	0.32343200	59918	73325	0
59918	74114	0.56235826	0.04371891	0.53029504	0.04345259	0.48916901	0.58880773	0.58872835	0.32262261	0.32240026	0.58870115	0.58853122	0.32262278	0.32238522	59918	74112	0
59918	74117	0.55685888	0.04370451	0.53003590	0.04369925	0.48989975	0.58869794	0.58868973	0.32253510	0.32245753	0.58870854	0.58860969	0.32255490	0.32242984	59918	74115	0
59918	74120	0.55233067	0.04367770	0.52917429	0.04355442	0.48985322	0.58867946	0.58859819	0.32251530	0.32241702	0.58864577	0.58851281	0.32257545	0.32241899	59918	74119	0
59918	74124	0.55143958	0.04367344	0.52929187	0.04381535	0.49013120	0.58882564	0.58873468	0.32266362	0.32247906	0.58869293	0.58863541	0.32261185	0.32241735	59918	74122	0
59918	74127	0.54425458	0.04373284	0.52804791	0.04366797	0.49018053	0.58878948	0.58865193	0.32262754	0.32244981	0.58890871	0.58886368	0.32274521	0.32255868	59918	74125	0
59918	74914	0.54597311	0.04375451	0.52861061	0.04376645	0.49043390	0.58965902	0.58959707	0.32359174	0.32344375	0.58976198	0.58966519	0.32364647	0.32345912	59918	74913	0
59918	74918	0.55678518	0.04363312	0.52975920	0.04358736	0.48963632	0.58980102	0.58970109	0.32362954	0.32348739	0.58967332	0.58964399	0.32359396	0.32347054	59918	74916	0
59918	74921	0.54930504	0.04380524	0.52943466	0.04383777	0.49065820	0.58980307	0.58973158	0.32360900	0.32352387	0.59006257	0.58992616	0.32379479	0.32365395	59918	74919	0
59918	74924	0.55085263	0.04384970	0.52902515	0.04362262	0.48997013	0.58984711	0.58971079	0.32372987	0.32352814	0.58995813	0.58970052	0.32368238	0.32353110	59918	74922	0
59918	74927	0.54975931	0.04359945	0.52901564	0.04368347	0.49015742	0.58989822	0.58977669	0.32367918	0.32359552	0.58987752	0.58986577	0.32367926	0.32365000	59918	74926	0
59918	75715	0.55858442	0.04362204	0.53052827	0.04372735	0.49008153	0.58900321	0.58894602	0.32293289	0.32270832	0.58908210	0.58894619	0.32290849	0.32271580	59918	75713	0
59918	75718	0.55468435	0.04364747	0.52949387	0.04369833	0.48974914	0.58914414	0.58897799	0.32287324	0.32264151	0.58886952	0.58888743	0.32280388	0.32271514	59918	75716	0
59918	75721	0.54423442	0.04387829	0.52859907	0.04383002	0.49073533	0.58911694	0.58894052	0.32286790	0.32275080	0.58906829	0.58899310	0.32283330	0.32267356	59918	75720	0
59918	75725	0.55196675	0.04374973	0.53002217	0.04380834	0.49076661	0.58907240	0.58883624	0.32288326	0.32260725	0.58884396	0.58890469	0.32273716	0.32257775	59918	75723	0
59918	75728	0.54814411	0.04398922	0.52898248	0.04380443	0.49041499	0.58901110	0.58902655	0.32277800	0.32264464	0.58891208	0.58881151	0.32270511	0.32260486	59918	75726	0
59918	76515	0.55138303	0.04377820	0.52915529	0.04376129	0.49000480	0.58938202	0.58924734	0.32310225	0.32292706	0.58938917	0.58929993	0.32307308	0.32292944	59918	76514	0
59918	76519	0.55066274	0.04362406	0.53001753	0.04363825	0.49099669	0.58933149	0.58925926	0.32305253	0.32289928	0.58923280	0.58910617	0.32301244	0.32273009	59918	76517	0
59918	76522	0.55192474	0.04380744	0.52927445	0.04368064	0.49002645	0.58917725	0.58909623	0.32303750	0.32281046	0.58913485	0.58906369	0.32294226	0.32280109	59918	76520	0
59918	76525	0.55164480	0.04371430	0.52984075	0.04362386	0.49064313	0.58917355	0.58919344	0.32298121	0.32288351	0.58914249	0.58922968	0.32296379	0.32288753	59918	76523	0
59918	76528	0.55315020	0.04366707	0.53016199	0.04386232	0.49069340	0.58923699	0.58902869	0.32294136	0.32277028	0.58923403	0.58918243	0.32291818	0.32277545	59918	76527	0
59918	77316	0.54874759	0.04381194	0.52869062	0.04362510	0.49001451	0.58801452	0.58784065	0.32187715	0.32170344	0.58825422	0.58797648	0.32198381	0.32170837	59918	77314	0
59918	77319	0.54523186	0.04363256	0.52954425	0.04369960	0.49150097	0.58809390	0.58803967	0.32191084	0.32174001	0.58810113	0.58793515	0.32186968	0.32171610	59918	77317	0
59918	77322	0.55746051	0.04371580	0.53031239	0.04371653	0.49006795	0.58796366	0.58784353	0.32181454	0.32164789	0.58812718	0.58788108	0.32181265	0.32161059	59918	77321	0
59918	77326	0.55554049	0.04372008	0.52955214	0.04364680	0.48965330	0.58801921	0.58783449	0.32190624	0.32160443	0.58812299	0.58788560	0.32192859	0.32165291	59918	77324	0
59918	77329	0.55965449	0.04359588	0.53026062	0.04382751	0.48962127	0.58805627	0.58791641	0.32183204	0.32161100	0.58789538	0.58785528	0.32171774	0.32151174	59918	77327	0
59918	78116	0.54710292	0.04352199	0.52997849	0.04366248	0.49159842	0.58872473	0.58862991	0.32273256	0.32259977	0.58884470	0.58862572	0.32268350	0.32257052	59918	78115	0
59918	78120	0.55135743	0.04376257	0.53006259	0.04353354	0.49091671	0.58868094	0.58867198	0.32270413	0.32252828	0.58873369	0.58861446	0.32265548	0.32251530	59918	78118	0
59918	78123	0.55572351	0.04358973	0.53116017	0.04363590	0.49122839	0.58872884	0.58871635	0.32271169	0.32269114	0.58874059	0.58866803	0.32271070	0.32255129	59918	78121	0
59918	78126	0.54781619	0.04362021	0.52974635	0.04356765	0.49123788	0.58876705	0.58857592	0.32268202	0.32250609	0.58878924	0.58875612	0.32275039	0.32258876	59918	78124	0
59918	78129	0.55003849	0.04349927	0.53071969	0.04359695	0.49181121	0.58878258	0.58874413	0.32284349	0.32255926	0.58885111	0.58888883	0.32275910	0.32267800	59918	78128	0
59918	78917	0.55737862	0.04363454	0.53045388	0.04375970	0.49022418	0.58762667	0.58748164	0.32160722	0.32140048	0.58765042	0.58746085	0.32149999	0.32133178	59918	78915	0
59918	78920	0.55827156	0.04361537	0.52933908	0.04375935	0.48894866	0.58757926	0.58763202	0.32150730	0.32141938	0.58755321	0.58745058	0.32144082	0.32134485	59918	78918	0
59918	78923	0.54990289	0.04376814	0.53027809	0.04380182	0.49139402	0.58763867	0.58754952	0.32147936	0.32136868	0.58755617	0.58740637	0.32141592	0.32120277	59918	78922	0
59918	78927	0.55168706	0.04380559	0.52912446	0.04372049	0.48991924	0.58756841	0.58738887	0.32139020	0.32123087	0.58755675	0.58751229	0.32138404	0.32126473	59918	78925	0
59918	78930	0.55339793	0.04382047	0.53018234	0.04392907	0.49066916	0.58759339	0.58761780	0.32140384	0.32131124	0.58782980	0.58751098	0.32146851	0.32133507	59918	78928	0
59918	79717	0.54171908	0.04358861	0.52924863	0.04353699	0.49183765	0.58884059	0.58872104	0.32288778	0.32268564	0.58880863	0.58871561	0.32285409	0.32276050	59918	79716	0
59918	79721	0.54659040	0.04352977	0.53031379	0.04352074	0.49202597	0.58880386	0.58870772	0.32290931	0.32272755	0.58872621	0.58873624	0.32292813	0.32275064	59918	79719	0
59918	79724	0.54510869	0.04355092	0.52983296	0.04334020	0.49181184	0.58885341	0.58865316	0.32288088	0.32268810	0.58883780	0.58859671	0.32287496	0.32267718	59918	79722	0
59918	79727	0.54391317	0.04337091	0.53014298	0.04345751	0.49233707	0.58872358	0.58856368	0.32286190	0.32266822	0.58886212	0.58867034	0.32294275	0.32271037	59918	79726	0
59918	79730	0.54403480	0.04351558	0.52926908	0.04328363	0.49144127	0.58873952	0.58863730	0.32286247	0.32269345	0.58876138	0.58865407	0.32282977	0.32269328	59918	79729	0
59918	80518	0.54319439	0.04359894	0.53001895	0.04356877	0.49234241	0.58796489	0.58784780	0.32189145	0.32171766	0.58791123	0.58786670	0.32182185	0.32174905	59918	80516	0
59918	80521	0.53780883	0.04370774	0.52915210	0.04359175	0.49244496	0.58793334	0.58776111	0.32188340	0.32165537	0.58791181	0.58776333	0.32179202	0.32160804	59918	80520	0
59918	80524	0.54282955	0.04353278	0.53051348	0.04344288	0.49290261	0.58797385	0.58787155	0.32195201	0.32176277	0.58804887	0.58790277	0.32198332	0.32184921	59918	80523	0
59918	80528	0.53578083	0.04356813	0.52963623	0.04364154	0.49329413	0.58799316	0.58792948	0.32199293	0.32185349	0.58796990	0.58778831	0.32195530	0.32184149	59918	80526	0
59918	80531	0.54073178	0.04354236	0.52999432	0.04348399	0.49276105	0.58793096	0.58785602	0.32189408	0.32181791	0.58798733	0.58779463	0.32195078	0.32180114	59918	80529	0
59918	81318	0.53499486	0.04365204	0.52919611	0.04359943	0.49299549	0.58846211	0.58837107	0.32224791	0.32214750	0.58837797	0.58841511	0.32232318	0.32215424	59918	81317	0
59918	81322	0.54098401	0.04366071	0.53029831	0.04359557	0.49301964	0.58840804	0.58834231	0.32235769	0.32215497	0.58850287	0.58847773	0.32233304	0.32215514	59918	81320	0
59918	81325	0.53821670	0.04368636	0.52957758	0.04354234	0.49279702	0.58854494	0.58846055	0.32238086	0.32232269	0.58844946	0.58842546	0.32240971	0.32228513	59918	81323	0
59918	81328	0.54885149	0.04345495	0.53029186	0.04347423	0.49159704	0.58856910	0.58850147	0.32244290	0.32234315	0.58847814	0.58839276	0.32239483	0.32223476	59918	81327	0
59918	81331	0.53529658	0.04362883	0.52955989	0.04352652	0.49330496	0.58856384	0.58842875	0.32246558	0.32233378	0.58858332	0.58847740	0.32245350	0.32233427	59918	81330	0
59918	82119	0.53652341	0.04365691	0.52894188	0.04360335	0.49246612	0.58804739	0.58793186	0.32198710	0.32172357	0.58803416	0.58797656	0.32192194	0.32182867	59918	82117	0
59918	82122	0.54386703	0.04358187	0.53067282	0.04365938	0.49287521	0.58804172	0.58790869	0.32187272	0.32174617	0.58808026	0.58794484	0.32195324	0.32167583	59918	82121	0
59918	82125	0.53824518	0.04379390	0.53054713	0.04376819	0.49376145	0.58791271	0.58803318	0.32183845	0.32171240	0.58808396	0.58788100	0.32186023	0.32169391	59918	82124	0
59918	82129	0.54282543	0.04362814	0.53019158	0.04359584	0.49258145	0.58789883	0.58781871	0.32174297	0.32163015	0.58786242	0.58763218	0.32169522	0.32155824	59918	82127	0
59918	82132	0.53604824	0.04360965	0.52981090	0.04364762	0.49342067	0.58770523	0.58767737	0.32165439	0.32146925	0.58773884	0.58765831	0.32161552	0.32141896	59918	82130	0
59918	82919	0.54628336	0.04355207	0.53004046	0.04333785	0.49180791	0.58697974	0.58683536	0.32086102	0.32066011	0.58686231	0.58683142	0.32071196	0.32064211	59918	82918	0
59918	82923	0.54940663	0.04337322	0.53109652	0.04349036	0.49230178	0.58698779	0.58682747	0.32089126	0.32067958	0.58693413	0.58684802	0.32079101	0.32058238	59918	82921	0
59918	82926	0.55117899	0.04360085	0.53038401	0.04336052	0.49127024	0.58700431	0.58678754	0.32083883	0.32055863	0.58674752	0.58659838	0.32069125	0.32055140	59918	82924	0
59918	82929	0.54252455	0.04339347	0.52920424	0.04329657	0.49164827	0.58683635	0.58669395	0.32072166	0.32060694	0.58677702	0.58668285	0.32070966	0.32057038	59918	82928	0
59918	82933	0.54774787	0.04340123	0.52943848	0.04330897	0.49094231	0.58680611	0.58660298	0.32078296	0.32054959	0.58669329	0.58661703	0.32063891	0.32052987	59918	82931	0
59918	83720	0.54703923	0.04354727	0.53054891	0.04344044	0.49218030	0.58754927	0.58751813	0.32145947	0.32123827	0.58763736	0.58739627	0.32148125	0.32130269	59918	83718	0
59918	83723	0.54902697	0.04343281	0.53048268	0.04327476	0.49175628	0.58750785	0.58756242	0.32136457	0.32128412	0.58732141	0.58721894	0.32127097	0.32112906	59918	83722	0
59918	83727	0.54088683	0.04349999	0.52971718	0.04336212	0.49245600	0.58745247	0.58740678	0.32139719	0.32122216	0.58752856	0.58744697	0.32143343	0.32133096	59918	83725	0
59918	83730	0.54539207	0.04345018	0.52965143	0.04334951	0.49157931	0.58751278	0.58731064	0.32136580	0.32119316	0.58748164	0.58740933	0.32143326	0.32131814	59918	83728	0
59918	83733	0.54931636	0.04325863	0.53068767	0.04328836	0.49190918	0.58740440	0.58730530	0.32144904	0.32120745	0.58745683	0.58737589	0.32139908	0.32123375	59918	83731	0
59918	84520	0.54279887	0.04332631	0.53045034	0.04325201	0.49284500	0.58706684	0.58695722	0.32110236	0.32089602	0.58701811	0.58680290	0.32101632	0.32080892	59918	84519	0
59918	84524	0.53657202	0.04358915	0.52929049	0.04332151	0.49280598	0.58707062	0.58688828	0.32105100	0.32088830	0.58722190	0.58702082	0.32109496	0.32098025	59918	84522	0
59918	84527	0.54121091	0.04348727	0.53014887	0.04344072	0.49282936	0.58712263	0.58707037	0.32105182	0.32092322	0.58710554	0.58692674	0.32101361	0.32083308	59918	84525	0
59918	84530	0.54367942	0.04345087	0.53038253	0.04336421	0.49261869	0.58704999	0.58692682	0.32098403	0.32082486	0.58698680	0.58681605	0.32101402	0.32076759	59918	84529	0
59918	84534	0.53441021	0.04332285	0.52985409	0.04343742	0.49375871	0.58698952	0.58683166	0.32091328	0.32076233	0.58697251	0.58698985	0.32094993	0.32080235	59918	84532	0
59918	85321	0.54071516	0.04359121	0.53092789	0.04332380	0.49369761	0.58659928	0.58646962	0.32064663	0.32051705	0.58660142	0.58643494	0.32064483	0.32040053	59918	85319	0
59918	85324	0.53882558	0.04352302	0.52955506	0.04331752	0.49266491	0.58661325	0.58647093	0.32062897	0.32049330	0.58672533	0.58634529	0.32059873	0.32028993	59918	85323	0
59918	85328	0.53558603	0.04349742	0.52953558	0.04344505	0.49322855	0.58652163	0.58639410	0.32056643	0.32038779	0.58652763	0.58629377	0.32048566	0.32032641	59918	85326	0
59918	85331	0.53800726	0.04346367	0.52999240	0.04331142	0.49324955	0.58652558	0.58647874	0.32063266	0.32035599	0.58647011	0.58640035	0.32054096	0.32033750	59918	85329	0
59918	85334	0.54343265	0.04364931	0.53073653	0.04317662	0.49301711	0.58664867	0.58649986	0.32063349	0.32042888	0.58643552	0.58627306	0.32047588	0.32028754	59918	85332	0
59918	86121	0.53746258	0.04356391	0.53089676	0.04349829	0.49425195	0.58758362	0.58742412	0.32157665	0.32133079	0.58744508	0.58737416	0.32147566	0.32135503	59918	86120	0
59918	86125	0.53222514	0.04361515	0.53100195	0.04347508	0.49529988	0.58742429	0.58721590	0.32143137	0.32121559	0.58745050	0.58744130	0.32144049	0.32141091	59918	86123	0
59918	86128	0.52517598	0.04352632	0.53032718	0.04348455	0.49589396	0.58746406	0.58723578	0.32146301	0.32122652	0.58734869	0.58720538	0.32140442	0.32119045	59918	86126	0
59918	86131	0.53394490	0.04355463	0.53055556	0.04336338	0.49454393	0.58732691	0.58720308	0.32140598	0.32125520	0.58724671	0.58721927	0.32137114	0.32121230	59918	86130	0
59918	86135	0.52618234	0.04358980	0.53009202	0.04355962	0.49547765	0.58735806	0.58707982	0.32129135	0.32112635	0.58729068	0.58714885	0.32122512	0.32110384	59918	86133	0
59919	522	0.53896184	0.04366751	0.53115190	0.04356762	0.49423722	0.58709305	0.58706479	0.32126259	0.32108658	0.58726192	0.58719347	0.32126933	0.32111518	59919	520	0
59919	525	0.53948068	0.04355647	0.53118117	0.04356376	0.49417310	0.58712485	0.58702863	0.32124172	0.32103268	0.58705920	0.58698804	0.32111271	0.32097713	59919	524	0
59919	529	0.53440382	0.04346108	0.53029976	0.04346720	0.49420553	0.58711943	0.58702592	0.32120639	0.32102043	0.58710916	0.58711524	0.32114903	0.32111296	59919	527	0
59919	532	0.53352695	0.04366439	0.53016361	0.04360425	0.49422721	0.58717317	0.58699658	0.32122036	0.32105807	0.58698697	0.58697974	0.32106538	0.32095535	59919	530	0
59919	535	0.53829073	0.04346658	0.53065413	0.04337505	0.49386025	0.58706939	0.58692156	0.32107335	0.32088370	0.58693717	0.58683865	0.32099907	0.32086735	59919	533	0
59919	1323	0.52617254	0.04358043	0.53036336	0.04358470	0.49575076	0.58788297	0.58772503	0.32183015	0.32161264	0.58780039	0.58779439	0.32179794	0.32159415	59919	1321	0
59919	1326	0.51568401	0.04376563	0.52903280	0.04367996	0.49630814	0.58795101	0.58775823	0.32189474	0.32163927	0.58796596	0.58784681	0.32186055	0.32178635	59919	1324	0
59919	1329	0.53020796	0.04369901	0.53062143	0.04366945	0.49528245	0.58814731	0.58792701	0.32190246	0.32175809	0.58802110	0.58794451	0.32193525	0.32182070	59919	1327	0
59919	1332	0.51238501	0.04391057	0.52864418	0.04384064	0.49651333	0.58815274	0.58804263	0.32204815	0.32186655	0.58811444	0.58794435	0.32192728	0.32187000	59919	1331	0
59919	1336	0.52422374	0.04370792	0.52914806	0.04356723	0.49488624	0.58800655	0.58785035	0.32200345	0.32178717	0.58805454	0.58785519	0.32197083	0.32174823	59919	1334	0
59919	2123	0.53773336	0.04363993	0.53027918	0.04366429	0.49358563	0.58853286	0.58840237	0.32186236	0.32169038	0.58841585	0.58842160	0.32185834	0.32167197	59919	2121	0
59919	2126	0.53565541	0.04367247	0.53013975	0.04367358	0.49382023	0.58851224	0.58836646	0.32190838	0.32174453	0.58839785	0.58837608	0.32187814	0.32170320	59919	2125	0
59919	2130	0.53005410	0.04365921	0.52885984	0.04345868	0.49354855	0.58849999	0.58835028	0.32185883	0.32168405	0.58849301	0.58847066	0.32188685	0.32181133	59919	2128	0
59919	2133	0.53753906	0.04358987	0.53009544	0.04348634	0.49343686	0.58842892	0.58830796	0.32180838	0.32162587	0.58832160	0.58827238	0.32183820	0.32164559	59919	2131	0
59919	2136	0.54177260	0.04356266	0.52964651	0.04348632	0.49222589	0.58845628	0.58832546	0.32191019	0.32161125	0.58826646	0.58840418	0.32179391	0.32177814	59919	2135	0
59919	2924	0.52980474	0.04414211	0.52984190	0.04403624	0.49457550	0.58918949	0.58906377	0.32239122	0.32225999	0.58919032	0.58907750	0.32243855	0.32230905	59919	2922	0
59919	2927	0.54196748	0.04407154	0.53056527	0.04400362	0.49310958	0.58905473	0.58905646	0.32237084	0.32225424	0.58917191	0.58908949	0.32233608	0.32221504	59919	2925	0
59919	2930	0.53272141	0.04393932	0.53024358	0.04403434	0.49445217	0.58924110	0.58910190	0.32236772	0.32222079	0.58932787	0.58911102	0.32243058	0.32229171	59919	2929	0
59919	2933	0.52772088	0.04413209	0.52927661	0.04397325	0.49438531	0.58930478	0.58914767	0.32249196	0.32225070	0.58927232	0.58916747	0.32246632	0.32228218	59919	2932	0
59919	2937	0.53484085	0.04403435	0.53003671	0.04385147	0.49386381	0.58924036	0.58913239	0.32248333	0.32232803	0.58929435	0.58925860	0.32252384	0.32237906	59919	2935	0
59919	3724	0.53160070	0.04370092	0.53021444	0.04357888	0.49462476	0.58740530	0.58727087	0.32074943	0.32055485	0.58744557	0.58733110	0.32066184	0.32055723	59919	3723	0
59919	3727	0.54363565	0.04359904	0.53111122	0.04354115	0.49335526	0.58737465	0.58721171	0.32066027	0.32040521	0.58742281	0.58724745	0.32071130	0.32046635	59919	3726	0
59919	3731	0.53625718	0.04364893	0.53079915	0.04356289	0.49437131	0.58732354	0.58713176	0.32068369	0.32048402	0.58734606	0.58720522	0.32067917	0.32047095	59919	3729	0
59919	3734	0.53908197	0.04347820	0.53068446	0.04350711	0.49374815	0.58738714	0.58727662	0.32068977	0.32050596	0.58734778	0.58726956	0.32063423	0.32041277	59919	3732	0
59919	3737	0.54567125	0.04350939	0.53135210	0.04356815	0.49322973	0.58742437	0.58730078	0.32070120	0.32044047	0.58748287	0.58736923	0.32068468	0.32056060	59919	3736	0
59919	4525	0.52605614	0.04364907	0.52948703	0.04369286	0.49489538	0.58846918	0.58844946	0.32208283	0.32182563	0.58847994	0.58832464	0.32213295	0.32185694	59919	4523	0
59919	4528	0.53020601	0.04341530	0.53095524	0.04348582	0.49561661	0.58845135	0.58835743	0.32208538	0.32182555	0.58851174	0.58839794	0.32210181	0.32198603	59919	4526	0
59919	4531	0.52521566	0.04360433	0.53001788	0.04349939	0.49557751	0.58856622	0.58838750	0.32212679	0.32194881	0.58855792	0.58831930	0.32207412	0.32194848	59919	4530	0
59919	4534	0.53594804	0.04348184	0.53113457	0.04348070	0.49476237	0.58860074	0.58846688	0.32204355	0.32184182	0.58841536	0.58834116	0.32200920	0.32183220	59919	4533	0
59919	4538	0.53038040	0.04373838	0.53013002	0.04353438	0.49476000	0.58846910	0.58824132	0.32207494	0.32185373	0.58857518	0.58851002	0.32214783	0.32194642	59919	4536	0
59919	5325	0.52136277	0.04351987	0.52983804	0.04333228	0.49609120	0.58866803	0.58847526	0.32233477	0.32215432	0.58853245	0.58840714	0.32216352	0.32198389	59919	5324	0
59919	5328	0.51736546	0.04357476	0.52976364	0.04357993	0.49673631	0.58855710	0.58834658	0.32223542	0.32196705	0.58853442	0.58841470	0.32213953	0.32201701	59919	5327	0
59919	5332	0.53414011	0.04352814	0.53173453	0.04330324	0.49568777	0.58846597	0.58840451	0.32214511	0.32193533	0.58837649	0.58823622	0.32212983	0.32195291	59919	5330	0
59919	5335	0.52843381	0.04354439	0.53054271	0.04346638	0.49552307	0.58836030	0.58830295	0.32206664	0.32185012	0.58830705	0.58834806	0.32204552	0.32192958	59919	5333	0
59919	5338	0.52430410	0.04336854	0.53134395	0.04356629	0.49706767	0.58849712	0.58840114	0.32209992	0.32192391	0.58841733	0.58834535	0.32206196	0.32198077	59919	5337	0
59919	6126	0.52654872	0.04347641	0.53107503	0.04345390	0.49639471	0.58696100	0.58674111	0.32037317	0.32017415	0.58698483	0.58697801	0.32046101	0.32035377	59919	6124	0
59919	6129	0.52642868	0.04359493	0.53069925	0.04357441	0.49604054	0.58720867	0.58703233	0.32053751	0.32034539	0.58734442	0.58710530	0.32057909	0.32039535	59919	6127	0
59919	6132	0.51896491	0.04362819	0.53036286	0.04358283	0.49704762	0.58721409	0.58718344	0.32062067	0.32037235	0.58715895	0.58704309	0.32050596	0.32036281	59919	6131	0
59919	6135	0.52113930	0.04363622	0.52934981	0.04329470	0.49564319	0.58699313	0.58679789	0.32047662	0.32027473	0.58668351	0.58684259	0.32016815	0.32020439	59919	6134	0
59919	6139	0.52942303	0.04338125	0.53145842	0.04344085	0.49626073	0.58713718	0.58694169	0.32044967	0.32027867	0.58715715	0.58706594	0.32050439	0.32032912	59919	6137	0
59919	6926	0.52290035	0.04347736	0.53080919	0.04347272	0.49678558	0.58810434	0.58823803	0.32145512	0.32138486	0.58806785	0.58794936	0.32146284	0.32125240	59919	6925	0
59919	6930	0.52596352	0.04358843	0.53095471	0.04351151	0.49637973	0.58806900	0.58789390	0.32141214	0.32126982	0.58812233	0.58801321	0.32142595	0.32136933	59919	6928	0
59919	6933	0.53054964	0.04354261	0.53199370	0.04364768	0.49659322	0.58802102	0.58792882	0.32135158	0.32123646	0.58813630	0.58798502	0.32147583	0.32128535	59919	6931	0
59919	6936	0.52062412	0.04351884	0.53067839	0.04354391	0.49706450	0.58788083	0.58785117	0.32132932	0.32114583	0.58801066	0.58790606	0.32142110	0.32130261	59919	6934	0
59919	6939	0.52003273	0.04358120	0.53144412	0.04346667	0.49793668	0.58796917	0.58789192	0.32141099	0.32122611	0.58786489	0.58775511	0.32135923	0.32119480	59919	6938	0
59919	7727	0.52171553	0.04321991	0.53195036	0.04329177	0.49814002	0.58636863	0.58624792	0.31993421	0.31970232	0.58633058	0.58627068	0.31995261	0.31971464	59919	7725	0
59919	7730	0.51555517	0.04334760	0.53051713	0.04323115	0.49781565	0.58642146	0.58616616	0.31985992	0.31972516	0.58636008	0.58633403	0.31997521	0.31984365	59919	7728	0
59919	7733	0.52197469	0.04322741	0.53115571	0.04304308	0.49729872	0.58636386	0.58629500	0.31990997	0.31978063	0.58638827	0.58632450	0.31994883	0.31978638	59919	7732	0
59919	7737	0.51709366	0.04315635	0.53165145	0.04329215	0.49867305	0.58640322	0.58632376	0.32003667	0.31978219	0.58642072	0.58624759	0.32001597	0.31975828	59919	7735	0
59919	7740	0.52375594	0.04329194	0.53212232	0.04317021	0.49794470	0.58646666	0.58627109	0.31993675	0.31975614	0.58634348	0.58622097	0.31991884	0.31977751	59919	7738	0
59919	8527	0.51725089	0.04354984	0.53119985	0.04336217	0.49819314	0.58769948	0.58756102	0.32136424	0.32117056	0.58775314	0.58768518	0.32130392	0.32121345	59919	8526	0
59919	8530	0.50716915	0.04344882	0.53025240	0.04342531	0.49906041	0.58775996	0.58773095	0.32145126	0.32128001	0.58772397	0.58759077	0.32134706	0.32117911	59919	8529	0
59919	8534	0.51753734	0.04336486	0.53162865	0.04339724	0.49857038	0.58770326	0.58768740	0.32136547	0.32117738	0.58782676	0.58773646	0.32134772	0.32117697	59919	8532	0
59919	8537	0.51239157	0.04344667	0.53082425	0.04341800	0.49869222	0.58791033	0.58766406	0.32144830	0.32128240	0.58784837	0.58771641	0.32141716	0.32135167	59919	8535	0
59919	8540	0.51907911	0.04341361	0.53167392	0.04326390	0.49833813	0.58774073	0.58772479	0.32136687	0.32123580	0.58774952	0.58756110	0.32137451	0.32110548	59919	8539	0
59919	9328	0.50804329	0.04342329	0.53019722	0.04349137	0.49884788	0.58607232	0.58602893	0.31978613	0.31962508	0.58629393	0.58614488	0.31996494	0.31972171	59919	9326	0
59919	9331	0.52545573	0.04331301	0.53288027	0.04320205	0.49839669	0.58604200	0.58605186	0.31981925	0.31961037	0.58597067	0.58580690	0.31970700	0.31955786	59919	9329	0
59919	9334	0.50797610	0.04342954	0.53083251	0.04336169	0.49949527	0.58605334	0.58601997	0.31973552	0.31970536	0.58608505	0.58602819	0.31975795	0.31959147	59919	9333	0
59919	9338	0.52702422	0.04322834	0.53211486	0.04311117	0.49734896	0.58614348	0.58617709	0.31975795	0.31966937	0.58613395	0.58601110	0.31982352	0.31969854	59919	9336	0
59919	9341	0.51251720	0.04328533	0.53113472	0.04324518	0.49898007	0.58612598	0.58596771	0.31992032	0.31973699	0.58611727	0.58606320	0.31979903	0.31967175	59919	9339	0
59919	10128	0.51084512	0.04328295	0.53171109	0.04334444	0.49985743	0.58711064	0.58700349	0.32085469	0.32064458	0.58712535	0.58690644	0.32081270	0.32064828	59919	10127	0
59919	10132	0.51039785	0.04336214	0.53132042	0.04334298	0.49954726	0.58704120	0.58698311	0.32085264	0.32066816	0.58713323	0.58709815	0.32089759	0.32071434	59919	10130	0
59919	10135	0.51347690	0.04326298	0.53229273	0.04330291	0.49996534	0.58710883	0.58703783	0.32096883	0.32075190	0.58721031	0.58700570	0.32099356	0.32074508	59919	10133	0
59919	10138	0.50911911	0.04335374	0.53048437	0.04338472	0.49894138	0.58706290	0.58700464	0.32088025	0.32067194	0.58707785	0.58693931	0.32096579	0.32077178	59919	10136	0
59919	10141	0.50736983	0.04334798	0.53117840	0.04337613	0.49995028	0.58710390	0.58692896	0.32096160	0.32079865	0.58709009	0.58706429	0.32092478	0.32078805	59919	10140	0
59919	10929	0.51165745	0.04370564	0.53075020	0.04359384	0.49875031	0.58741418	0.58727958	0.32102421	0.32089972	0.58748969	0.58731459	0.32111320	0.32094377	59919	10927	0
59919	10932	0.50979641	0.04352959	0.53138444	0.04353444	0.49971954	0.58753440	0.58743686	0.32108305	0.32098658	0.58736184	0.58732363	0.32102249	0.32088025	59919	10930	0
59919	10935	0.50941745	0.04370785	0.53092003	0.04364513	0.49932334	0.58744918	0.58733086	0.32106554	0.32094073	0.58749068	0.58733661	0.32107138	0.32093818	59919	10934	0
59919	10939	0.50879419	0.04362990	0.53168937	0.04364415	0.50020487	0.58742535	0.58736726	0.32108650	0.32087581	0.58740128	0.58732395	0.32107672	0.32088436	59919	10937	0
59919	10942	0.50776921	0.04369449	0.53059229	0.04350422	0.49929229	0.58745510	0.58734565	0.32108329	0.32093941	0.58741278	0.58738986	0.32108157	0.32093506	59919	10940	0
59919	11729	0.51589603	0.04354522	0.53003900	0.04343672	0.49727617	0.58708631	0.58695558	0.32057284	0.32041187	0.58705920	0.58693257	0.32054154	0.32050481	59919	11728	0
59919	11732	0.51332507	0.04353675	0.52932249	0.04346086	0.49702244	0.58724910	0.58701080	0.32063595	0.32045287	0.58709404	0.58700332	0.32057539	0.32051368	59919	11731	0
59919	11736	0.52746773	0.04344073	0.53120810	0.04336067	0.49636236	0.58713948	0.58706298	0.32063332	0.32045361	0.58709502	0.58699749	0.32062445	0.32047506	59919	11734	0
59919	11739	0.52666736	0.04340944	0.53075824	0.04343014	0.49605656	0.58723965	0.58724540	0.32079454	0.32055830	0.58736027	0.58730160	0.32082388	0.32061335	59919	11737	0
59919	11742	0.51860406	0.04340191	0.52978441	0.04339483	0.49653413	0.58722494	0.58708204	0.32072001	0.32060810	0.58737811	0.58712584	0.32076603	0.32056479	59919	11741	0
59919	12530	0.52009813	0.04388567	0.53079370	0.04387063	0.49727449	0.58791551	0.58766209	0.32079462	0.32059265	0.58783030	0.58773276	0.32083062	0.32056652	59919	12528	0
59919	12533	0.51978367	0.04390309	0.52989383	0.04386062	0.49643122	0.58782389	0.58770153	0.32078337	0.32058903	0.58782956	0.58771986	0.32075921	0.32059618	59919	12531	0
59919	12536	0.52826574	0.04398108	0.53170706	0.04379317	0.49671768	0.58784016	0.58770556	0.32077589	0.32060316	0.58798691	0.58775289	0.32084245	0.32062946	59919	12535	0
59919	12540	0.53225222	0.04388932	0.53183888	0.04372237	0.49613193	0.58789653	0.58773177	0.32080711	0.32060966	0.58794016	0.58769233	0.32078370	0.32061935	59919	12538	0
59919	12543	0.51941271	0.04383448	0.53088608	0.04387233	0.49749025	0.58783506	0.58767663	0.32081484	0.32056380	0.58798922	0.58784780	0.32084845	0.32068723	59919	12541	0
59919	13330	0.52341527	0.04345603	0.53156316	0.04335990	0.49744687	0.58761829	0.58738969	0.32095133	0.32068838	0.58761377	0.58731130	0.32081385	0.32068723	59919	13329	0
59919	13334	0.52882470	0.04339772	0.53141028	0.04328061	0.49632028	0.58755173	0.58740530	0.32094722	0.32062626	0.58738747	0.58739972	0.32074836	0.32063998	59919	13332	0
59919	13337	0.52281004	0.04325991	0.53247193	0.04334717	0.49846458	0.58743604	0.58730012	0.32087080	0.32067186	0.58742075	0.58737235	0.32078082	0.32063349	59919	13335	0
59919	13340	0.51627798	0.04331955	0.53014014	0.04330238	0.49730855	0.58730382	0.58731664	0.32081024	0.32058254	0.58742807	0.58735263	0.32078074	0.32060160	59919	13338	0
59919	13343	0.52911655	0.04339757	0.53221624	0.04324583	0.49707372	0.58744927	0.58731294	0.32089356	0.32058542	0.58752684	0.58736956	0.32084656	0.32067087	59919	13342	0
59919	14131	0.51723183	0.04320799	0.53097060	0.04317601	0.49796732	0.58740267	0.58731418	0.32100326	0.32085913	0.58748698	0.58733505	0.32104821	0.32091673	59919	14129	0
59919	14134	0.52256970	0.04315584	0.53180830	0.04319329	0.49784421	0.58746044	0.58736200	0.32105609	0.32096267	0.58740826	0.58731861	0.32104319	0.32087203	59919	14132	0
59919	14137	0.51828369	0.04333530	0.53142920	0.04320141	0.49823659	0.58737737	0.58728772	0.32100581	0.32094023	0.58730678	0.58719527	0.32105338	0.32080687	59919	14136	0
59919	14141	0.52020019	0.04309937	0.53163827	0.04300892	0.49810069	0.58737013	0.58733907	0.32107327	0.32089635	0.58743185	0.58736800	0.32106407	0.32091114	59919	14139	0
59919	14144	0.52393829	0.04319664	0.53191488	0.04325023	0.49770444	0.58734877	0.58735699	0.32110983	0.32087285	0.58743628	0.58729840	0.32110638	0.32089430	59919	14142	0
59919	14931	0.51644712	0.04300757	0.53143121	0.04306809	0.49856918	0.58656091	0.58634587	0.32046528	0.32035016	0.58647562	0.58626304	0.32044014	0.32031228	59919	14930	0
59919	14935	0.51783006	0.04315983	0.53123339	0.04307022	0.49812243	0.58640865	0.58635113	0.32038968	0.32023668	0.58649304	0.58631086	0.32044433	0.32028886	59919	14933	0
59919	14938	0.51048742	0.04305297	0.53063569	0.04304521	0.49884640	0.58646280	0.58638301	0.32042674	0.32024629	0.58651695	0.58646362	0.32044408	0.32033233	59919	14936	0
59919	14941	0.51497194	0.04325665	0.53037225	0.04292498	0.49777576	0.58642064	0.58631251	0.32045098	0.32034211	0.58641201	0.58634882	0.32042691	0.32024901	59919	14939	0
59919	14944	0.51722946	0.04307415	0.53097523	0.04309966	0.49797238	0.58643888	0.58633716	0.32049577	0.32021951	0.58640766	0.58635006	0.32042617	0.32031614	59919	14943	0
59919	15732	0.51070542	0.04336353	0.53071065	0.04330188	0.49888212	0.58722066	0.58714918	0.32117023	0.32107097	0.58721122	0.58711664	0.32113728	0.32093538	59919	15730	0
59919	15735	0.51434058	0.04320217	0.53132931	0.04333623	0.49884645	0.58730078	0.58718484	0.32112758	0.32101969	0.58738698	0.58719338	0.32130631	0.32113917	59919	15733	0
59919	15738	0.52377208	0.04330035	0.53223658	0.04315339	0.49805606	0.58732313	0.58721286	0.32121271	0.32098945	0.58727720	0.58720103	0.32110343	0.32102249	59919	15737	0
59919	15742	0.50414625	0.04345713	0.53033406	0.04333746	0.49968619	0.58725518	0.58703471	0.32119225	0.32091953	0.58727087	0.58722814	0.32116818	0.32107442	59919	15740	0
59919	15745	0.52072637	0.04333215	0.53204987	0.04310765	0.49841758	0.58726956	0.58715402	0.32113901	0.32095354	0.58728813	0.58708812	0.32112298	0.32101945	59919	15743	0
59919	16532	0.50923365	0.04332284	0.53166407	0.04337801	0.50010046	0.58696626	0.58685862	0.32076718	0.32053225	0.58698089	0.58687152	0.32072503	0.32061746	59919	16531	0
59919	16536	0.51160607	0.04340331	0.53148041	0.04319060	0.49948977	0.58694120	0.58680603	0.32072774	0.32056882	0.58689321	0.58671367	0.32077934	0.32051458	59919	16534	0
59919	16539	0.50983520	0.04336961	0.53151465	0.04332658	0.49984276	0.58680603	0.58672082	0.32068871	0.32049626	0.58691983	0.58675566	0.32065756	0.32050801	59919	16537	0
59919	16542	0.50239175	0.04345995	0.53011972	0.04340613	0.49978766	0.58686527	0.58671786	0.32066438	0.32052675	0.58690734	0.58670652	0.32061623	0.32042395	59919	16540	0
59919	16545	0.50986489	0.04338721	0.53102623	0.04342188	0.49934900	0.58693528	0.58681728	0.32068008	0.32050768	0.58681285	0.58663593	0.32054622	0.32035221	59919	16544	0
59919	17333	0.50794418	0.04310241	0.53054561	0.04318965	0.49921411	0.58600255	0.58592235	0.31986050	0.31963732	0.58623781	0.58602351	0.31992024	0.31978268	59919	17331	0
59919	17336	0.51042603	0.04319253	0.53198264	0.04314088	0.50020440	0.58608481	0.58597199	0.31989674	0.31969492	0.58620092	0.58610905	0.31995056	0.31982763	59919	17334	0
59919	17339	0.50698787	0.04322773	0.53078678	0.04321978	0.49962742	0.58611258	0.58598259	0.31981621	0.31964767	0.58608908	0.58602934	0.31986929	0.31975072	59919	17338	0
59919	17343	0.50614675	0.04323585	0.53127293	0.04317863	0.50026497	0.58611307	0.58598374	0.31982180	0.31966945	0.58606977	0.58597149	0.31974669	0.31968243	59919	17341	0
59919	17346	0.50984974	0.04318535	0.53158674	0.04313082	0.49991224	0.58595013	0.58571208	0.31980438	0.31963321	0.58593953	0.58582613	0.31972196	0.31955236	59919	17344	0
59919	18133	0.50664126	0.04325005	0.53091168	0.04321364	0.49981470	0.58641834	0.58637561	0.32019962	0.32004793	0.58643141	0.58640667	0.32023356	0.32009033	59919	18132	0
59919	18137	0.51380940	0.04319893	0.53157236	0.04312935	0.49918512	0.58651555	0.58642261	0.32030275	0.32009321	0.58645474	0.58636715	0.32020718	0.32005064	59919	18135	0
59919	18140	0.51038008	0.04317133	0.53197151	0.04319000	0.50020154	0.58631029	0.58623329	0.32012131	0.32001490	0.58639985	0.58629032	0.32019075	0.32018943	59919	18138	0
59919	18143	0.50176933	0.04323643	0.53123892	0.04315259	0.50101889	0.58636756	0.58635827	0.32020932	0.32011959	0.58632352	0.58629196	0.32017012	0.32002410	59919	18142	0
59919	18146	0.49946585	0.04322471	0.53089159	0.04327362	0.50108619	0.58642196	0.58635918	0.32027703	0.32006486	0.58645236	0.58634800	0.32019642	0.32012534	59919	18145	0
59919	18934	0.49634731	0.04317312	0.53091198	0.04324927	0.50166792	0.58562941	0.58554897	0.31959911	0.31942992	0.58563796	0.58553303	0.31963403	0.31934060	59919	18932	0
59919	18937	0.50376737	0.04316423	0.53164583	0.04308485	0.50106615	0.58554527	0.58549309	0.31957643	0.31932285	0.58558003	0.58544486	0.31947577	0.31934274	59919	18936	0
59919	18940	0.50210458	0.04317811	0.53210663	0.04316471	0.50182626	0.58582572	0.58547690	0.31967397	0.31941940	0.58560895	0.58549342	0.31959492	0.31944011	59919	18939	0
59919	18944	0.50282528	0.04310789	0.53145196	0.04301033	0.50104186	0.58569581	0.58538775	0.31960199	0.31946082	0.58557649	0.58543384	0.31962360	0.31941266	59919	18942	0
59919	18947	0.50404443	0.04306968	0.53213885	0.04318419	0.50150930	0.58552933	0.58554888	0.31950839	0.31944060	0.58548528	0.58548257	0.31950009	0.31936944	59919	18945	0
59919	19734	0.50519598	0.04316728	0.53145860	0.04319009	0.50062178	0.58581085	0.58565998	0.31976386	0.31954028	0.58579384	0.58559022	0.31977866	0.31954660	59919	19733	0
59919	19738	0.49338482	0.04321364	0.52955981	0.04318188	0.50084899	0.58581109	0.58570846	0.31979591	0.31961045	0.58576401	0.58571389	0.31981054	0.31963231	59919	19736	0
59919	19741	0.51118917	0.04308117	0.53128276	0.04305499	0.49936716	0.58585785	0.58564494	0.31986650	0.31964447	0.58584027	0.58576385	0.31985056	0.31961464	59919	19739	0
59919	19744	0.50346864	0.04325529	0.53215500	0.04310146	0.50162910	0.58579096	0.58575661	0.31984530	0.31967142	0.58592219	0.58572769	0.31992517	0.31970618	59919	19743	0
59919	19747	0.50520600	0.04307779	0.53083130	0.04290444	0.49999267	0.58571085	0.58561618	0.31983445	0.31961267	0.58574544	0.58559301	0.31979862	0.31962738	59919	19746	0
59919	20535	0.49306612	0.04318692	0.53109698	0.04319517	0.50244353	0.58621373	0.58609179	0.32029149	0.32009608	0.58633198	0.58613485	0.32029289	0.32010488	59919	20533	0
59919	20538	0.50996053	0.04308385	0.53267615	0.04306274	0.50098171	0.58611948	0.58600420	0.32018162	0.31996223	0.58633354	0.58608473	0.32030422	0.32007825	59919	20536	0
59919	20541	0.50342469	0.04309191	0.53232692	0.04315587	0.50180892	0.58633461	0.58611160	0.32033915	0.32009650	0.58623354	0.58614578	0.32031540	0.32011392	59919	20540	0
59919	20545	0.49682888	0.04322302	0.53095797	0.04313000	0.50162722	0.58628876	0.58623420	0.32029872	0.32013807	0.58629410	0.58617676	0.32029897	0.32013281	59919	20543	0
59919	20548	0.50621891	0.04311411	0.53290510	0.04305345	0.50188415	0.58644077	0.58626320	0.32044416	0.32014859	0.58622245	0.58625811	0.32037843	0.32018565	59919	20546	0
59919	21335	0.50067601	0.04301134	0.53181919	0.04301725	0.50179596	0.58563254	0.58554946	0.31962499	0.31951793	0.58557970	0.58549408	0.31968835	0.31952532	59919	21334	0
59919	21339	0.50628201	0.04290140	0.53223890	0.04285099	0.50120659	0.58568447	0.58543048	0.31970782	0.31955392	0.58543212	0.58557970	0.31960051	0.31948917	59919	21337	0
59919	21342	0.49923022	0.04291846	0.53207296	0.04308314	0.50230997	0.58552662	0.58555965	0.31968736	0.31952294	0.58581340	0.58562859	0.31977085	0.31960363	59919	21340	0
59919	21345	0.49971868	0.04308117	0.53163398	0.04294205	0.50178307	0.58570731	0.58567116	0.31974768	0.31971604	0.58564741	0.58552070	0.31977915	0.31957479	59919	21344	0
59919	21348	0.49994145	0.04309901	0.53222180	0.04301063	0.50233079	0.58568307	0.58556203	0.31973256	0.31953436	0.58565530	0.58544543	0.31979279	0.31961990	59919	21347	0
59919	22136	0.49662050	0.04286617	0.53104220	0.04271275	0.50174897	0.58476710	0.58473374	0.31895694	0.31877353	0.58477483	0.58461854	0.31890032	0.31870738	59919	22134	0
59919	22139	0.51974017	0.04275717	0.53403366	0.04293259	0.50057889	0.58471764	0.58470408	0.31884667	0.31871536	0.58482257	0.58477812	0.31896713	0.31874387	59919	22138	0
59919	22142	0.49485810	0.04298113	0.53087023	0.04291462	0.50189423	0.58496317	0.58480153	0.31904996	0.31875874	0.58482997	0.58473259	0.31893664	0.31872464	59919	22141	0
59919	22146	0.50337898	0.04272097	0.53254821	0.04278253	0.50203844	0.58485158	0.58473514	0.31894692	0.31877304	0.58466669	0.58467384	0.31887723	0.31871264	59919	22144	0
59919	22149	0.49315129	0.04290786	0.53130677	0.04289487	0.50263799	0.58457630	0.58453900	0.31883303	0.31867205	0.58468280	0.58438468	0.31879030	0.31860221	59919	22147	0
59919	22936	0.50444663	0.04290945	0.53185342	0.04299365	0.50115148	0.58548545	0.58528487	0.31968539	0.31948087	0.58535447	0.58529407	0.31960059	0.31950141	59919	22935	0
59919	22940	0.49597506	0.04300391	0.53097591	0.04302203	0.50179885	0.58545233	0.58533351	0.31957766	0.31943033	0.58547197	0.58545439	0.31964151	0.31949475	59919	22938	0
59919	22943	0.50499192	0.04298570	0.53210346	0.04298537	0.50130337	0.58543401	0.58529802	0.31964135	0.31944101	0.58532751	0.58529785	0.31951940	0.31944192	59919	22941	0
59919	22946	0.49599749	0.04302235	0.53199547	0.04295222	0.50281437	0.58559490	0.58544116	0.31972927	0.31958555	0.58545784	0.58521823	0.31961571	0.31955227	59919	22945	0
59919	22949	0.50232943	0.04295519	0.53093353	0.04291407	0.50061268	0.58555792	0.58542916	0.31975294	0.31961661	0.58551856	0.58543927	0.31970248	0.31956558	59919	22948	0
59919	23737	0.48866757	0.04323750	0.53048814	0.04316440	0.50262643	0.58600149	0.58597067	0.32023323	0.32005738	0.58609368	0.58599918	0.32020488	0.32001638	59919	23735	0
59919	23740	0.48963985	0.04334126	0.53013137	0.04333240	0.50209465	0.58607799	0.58593509	0.32021030	0.32008212	0.58603419	0.58592630	0.32021145	0.32007045	59919	23739	0
59919	23744	0.48972113	0.04308579	0.53057631	0.04314370	0.50252495	0.58592014	0.58584963	0.32013684	0.31994703	0.58582794	0.58577757	0.32016724	0.32006921	59919	23742	0
59919	23747	0.48994821	0.04320312	0.52964194	0.04310360	0.50154972	0.58599236	0.58594109	0.32017398	0.32012583	0.58589516	0.58586188	0.32011088	0.32003684	59919	23745	0
59919	23750	0.49013850	0.04302544	0.53047512	0.04313296	0.50234864	0.58591784	0.58581118	0.32023808	0.31998712	0.58591956	0.58584133	0.32018836	0.32001761	59919	23748	0
59919	24538	0.50539352	0.04332630	0.53079537	0.04335057	0.49992299	0.58646329	0.58632237	0.32037555	0.32020077	0.58644751	0.58638925	0.32037834	0.32018877	59919	24536	0
59919	24541	0.49705042	0.04342504	0.52998392	0.04318970	0.50061330	0.58654530	0.58640322	0.32040595	0.32026528	0.58637331	0.58616764	0.32031006	0.32007546	59919	24539	0
59919	24544	0.49663994	0.04317824	0.52991069	0.04314942	0.50061395	0.58621168	0.58615827	0.32033036	0.32009625	0.58618744	0.58610946	0.32018212	0.32001884	59919	24542	0
59919	24547	0.50774440	0.04314448	0.53071028	0.04319108	0.49941474	0.58633198	0.58618892	0.32028138	0.32006609	0.58640807	0.58630519	0.32033668	0.32011153	59919	24546	0
59919	24551	0.51032074	0.04317520	0.53160825	0.04319237	0.49984897	0.58644028	0.58613050	0.32021852	0.32005656	0.58622376	0.58610699	0.32027062	0.32009041	59919	24549	0
59919	25338	0.51201675	0.04364552	0.53138674	0.04362845	0.49932218	0.58646691	0.58645902	0.31951760	0.31936057	0.58659016	0.58648408	0.31957701	0.31934117	59919	25336	0
59919	25341	0.52121965	0.04366147	0.53214822	0.04357105	0.49842713	0.58652936	0.58646140	0.31964258	0.31938785	0.58646362	0.58643757	0.31954767	0.31937519	59919	25340	0
59919	25345	0.50610397	0.04356868	0.53091167	0.04354621	0.49991141	0.58638128	0.58635507	0.31954184	0.31937026	0.58650027	0.58641842	0.31957364	0.31941644	59919	25343	0
59919	25348	0.51671087	0.04358248	0.53204784	0.04365646	0.49913834	0.58654217	0.58645105	0.31961357	0.31937191	0.58656206	0.58640939	0.31962804	0.31936090	59919	25346	0
59919	25351	0.50957044	0.04365596	0.53111587	0.04355362	0.49949164	0.58654908	0.58642056	0.31960421	0.31948152	0.58662246	0.58650610	0.31971136	0.31943386	59919	25350	0
59919	26139	0.50801403	0.04364436	0.53078886	0.04372018	0.49944479	0.58621390	0.58611332	0.31936714	0.31909877	0.58622664	0.58606509	0.31931628	0.31908694	59919	26137	0
59919	26142	0.49993108	0.04370511	0.53028513	0.04351379	0.50039599	0.58610847	0.58616887	0.31922104	0.31912219	0.58606673	0.58600272	0.31915358	0.31900041	59919	26140	0
59919	26145	0.50799136	0.04362496	0.53162655	0.04369962	0.50028656	0.58603805	0.58585226	0.31915333	0.31894692	0.58613017	0.58611086	0.31927174	0.31912473	59919	26143	0
59919	26148	0.51006248	0.04366491	0.53171339	0.04351504	0.50000059	0.58639509	0.58610280	0.31935835	0.31917511	0.58620264	0.58599918	0.31924610	0.31917864	59919	26147	0
59919	26152	0.50937823	0.04356741	0.53136697	0.04357148	0.49977734	0.58624151	0.58617109	0.31936624	0.31921931	0.58629443	0.58611020	0.31931965	0.31912482	59919	26150	0
59919	26939	0.51379017	0.04322620	0.53280062	0.04318611	0.50041684	0.58674136	0.58657397	0.32020365	0.32008935	0.58683520	0.58670676	0.32037448	0.32007760	59919	26937	0
59919	26942	0.50483579	0.04325824	0.53154454	0.04331522	0.50077255	0.58685837	0.58667948	0.32028943	0.32015081	0.58668729	0.58647397	0.32031869	0.32009617	59919	26941	0
59919	26946	0.51002716	0.04325351	0.53212601	0.04323365	0.50041957	0.58675360	0.58652829	0.32020414	0.31998359	0.58656107	0.58634488	0.32014621	0.31994119	59919	26944	0
59919	26949	0.50694691	0.04323734	0.53135453	0.04327788	0.50020254	0.58660158	0.58636764	0.32012846	0.31994283	0.58652821	0.58640495	0.32007677	0.31990898	59919	26947	0
59919	26952	0.51246946	0.04320004	0.53202798	0.04308307	0.49988193	0.58666453	0.58640404	0.32012813	0.31989098	0.58638095	0.58624578	0.31999337	0.31979090	59919	26951	0
59919	27740	0.49698632	0.04320800	0.53075927	0.04315746	0.50140018	0.58663289	0.58653231	0.32062395	0.32039585	0.58657225	0.58655787	0.32061188	0.32045337	59919	27738	0
59919	27743	0.49816027	0.04317422	0.53155827	0.04315088	0.50198787	0.58655803	0.58648014	0.32064532	0.32048377	0.58655836	0.58643864	0.32053726	0.32042198	59919	27741	0
59919	27746	0.49413734	0.04332294	0.53022142	0.04320687	0.50137515	0.58661481	0.58648350	0.32057638	0.32040784	0.58670142	0.58667957	0.32065033	0.32048188	59919	27745	0
59919	27749	0.50842559	0.04324504	0.53220667	0.04324879	0.50078851	0.58670701	0.58655721	0.32059856	0.32040168	0.58666724	0.58666264	0.32052683	0.32048048	59919	27748	0
59919	27753	0.50346488	0.04316856	0.53136924	0.04326743	0.50084401	0.58657291	0.58643839	0.32056241	0.32046438	0.58671605	0.58648120	0.32058032	0.32050941	59919	27751	0
59919	28540	0.49981947	0.04313672	0.53131173	0.04316093	0.50144268	0.58584569	0.58567206	0.31994201	0.31972146	0.58570394	0.58571389	0.31981235	0.31973182	59919	28538	0
59919	28543	0.49714903	0.04312715	0.53111371	0.04311587	0.50172534	0.58573089	0.58551881	0.31984283	0.31956180	0.58583722	0.58574248	0.31980742	0.31975852	59919	28542	0
59919	28547	0.50448072	0.04304218	0.53159039	0.04294428	0.50088232	0.58574651	0.58569819	0.31983667	0.31969509	0.58576919	0.58569992	0.31988203	0.31973132	59919	28545	0
59919	28550	0.51226230	0.04309482	0.53301624	0.04300851	0.50090748	0.58574700	0.58554420	0.31975737	0.31961193	0.58566688	0.58564075	0.31975203	0.31960305	59919	28548	0
59919	28553	0.49539019	0.04306296	0.53091366	0.04298147	0.50184188	0.58580888	0.58568849	0.31981284	0.31966698	0.58572785	0.58555324	0.31989583	0.31967956	59919	28552	0
59919	29341	0.50016131	0.04338416	0.53177580	0.04333674	0.50184521	0.58491214	0.58491148	0.31871757	0.31850179	0.58509448	0.58477360	0.31879334	0.31854600	59919	29339	0
59919	29344	0.50124635	0.04340026	0.53094768	0.04330561	0.50082179	0.58495355	0.58492044	0.31880747	0.31868273	0.58509382	0.58494164	0.31889342	0.31865175	59919	29342	0
59919	29347	0.50325451	0.04333333	0.53192062	0.04329768	0.50143326	0.58501666	0.58491575	0.31889400	0.31863524	0.58504526	0.58487763	0.31876425	0.31855496	59919	29345	0
59919	29350	0.49319632	0.04347146	0.53012724	0.04355682	0.50145036	0.58510623	0.58492701	0.31879440	0.31857854	0.58493597	0.58489924	0.31867542	0.31857698	59919	29349	0
59919	29354	0.50164022	0.04356540	0.53117007	0.04350655	0.50097328	0.58504452	0.58492570	0.31872094	0.31859530	0.58513515	0.58505084	0.31870278	0.31857279	59919	29352	0
59919	30141	0.50157818	0.04294199	0.53136340	0.04288444	0.50117778	0.58513211	0.58495018	0.31919746	0.31894790	0.58518396	0.58501518	0.31925424	0.31899819	59919	30139	0
59919	30144	0.50437459	0.04289455	0.53228083	0.04310643	0.50159186	0.58503917	0.58487894	0.31922564	0.31898217	0.58509900	0.58497533	0.31917190	0.31903377	59919	30143	0
59919	30148	0.49921460	0.04307927	0.53181986	0.04299240	0.50205968	0.58507007	0.58488699	0.31919376	0.31893903	0.58505134	0.58495741	0.31917075	0.31901438	59919	30146	0
59919	30151	0.50475431	0.04299647	0.53233396	0.04304926	0.50157664	0.58497253	0.58500401	0.31915128	0.31894009	0.58504378	0.58481822	0.31917716	0.31897773	59919	30149	0
59919	30154	0.49322626	0.04313561	0.53105514	0.04300766	0.50237287	0.58510023	0.58503112	0.31930896	0.31906072	0.58503482	0.58489603	0.31921956	0.31904330	59919	30153	0
59919	30942	0.49903668	0.04295845	0.53157546	0.04297983	0.50184731	0.58618555	0.58610461	0.32041294	0.32023463	0.58605342	0.58606287	0.32034794	0.32010882	59919	30940	0
59919	30945	0.49948788	0.04295081	0.53183869	0.04286940	0.50202933	0.58616156	0.58614192	0.32034547	0.32020398	0.58626485	0.58608760	0.32037719	0.32017612	59919	30943	0
59919	30948	0.49865302	0.04279959	0.53156974	0.04286662	0.50191065	0.58625170	0.58615112	0.32036216	0.32027119	0.58629435	0.58598012	0.32046898	0.32022329	59919	30947	0
59919	30951	0.49686472	0.04304449	0.53133652	0.04280180	0.50199932	0.58629517	0.58612417	0.32043578	0.32024851	0.58617298	0.58608826	0.32035994	0.32025459	59919	30950	0
59919	30955	0.49940889	0.04297339	0.53213112	0.04278009	0.50233597	0.58611628	0.58600724	0.32039757	0.32021499	0.58609911	0.58604890	0.32036462	0.32024325	59919	30953	0
59919	31742	0.49528431	0.04277321	0.53204025	0.04285516	0.50298753	0.58658967	0.58637676	0.32071878	0.32057440	0.58647537	0.58639246	0.32069783	0.32052896	59919	31741	0
59919	31745	0.49664464	0.04279898	0.53148759	0.04287882	0.50219001	0.58643913	0.58629656	0.32067465	0.32051582	0.58648005	0.58644045	0.32065115	0.32053011	59919	31744	0
59919	31749	0.49916087	0.04293833	0.53216934	0.04300089	0.50241884	0.58644866	0.58637923	0.32069906	0.32051590	0.58647036	0.58627257	0.32063250	0.32051146	59919	31747	0
59919	31752	0.49523506	0.04308193	0.53184773	0.04315003	0.50280387	0.58642672	0.58627610	0.32063184	0.32046799	0.58643601	0.58633724	0.32063842	0.32053718	59919	31750	0
59919	31755	0.48828565	0.04306381	0.53072796	0.04293903	0.50293500	0.58640807	0.58618350	0.32058665	0.32046364	0.58636222	0.58630651	0.32060694	0.32045156	59919	31754	0
59919	32543	0.48471446	0.04293583	0.53167025	0.04303861	0.50452010	0.58552251	0.58538816	0.31961743	0.31943658	0.58556318	0.58548915	0.31953502	0.31943033	59919	32541	0
59919	32546	0.48904950	0.04315163	0.53124596	0.04306953	0.50331550	0.58555004	0.58557189	0.31953592	0.31940042	0.58546515	0.58531642	0.31948530	0.31933937	59919	32544	0
59919	32549	0.49619873	0.04306971	0.53235041	0.04308032	0.50313309	0.58543754	0.58526671	0.31944405	0.31924479	0.58539843	0.58535685	0.31945589	0.31934758	59919	32548	0
59919	32552	0.48369392	0.04324204	0.53033995	0.04294339	0.50337350	0.58539613	0.58525537	0.31950494	0.31936533	0.58539596	0.58535866	0.31950174	0.31933230	59919	32551	0
59919	32556	0.48497265	0.04319186	0.53034046	0.04300679	0.50314383	0.58543039	0.58526671	0.31940379	0.31922482	0.58535611	0.58519259	0.31943625	0.31927552	59919	32554	0
59919	33343	0.49385238	0.04312089	0.53165526	0.04313558	0.50286028	0.58517763	0.58502274	0.31901955	0.31888446	0.58527271	0.58498732	0.31909293	0.31884823	59919	33341	0
59919	33346	0.48693857	0.04307279	0.53107854	0.04296325	0.50352805	0.58522957	0.58508815	0.31911044	0.31896631	0.58506826	0.58495224	0.31904700	0.31885603	59919	33345	0
59919	33350	0.49387069	0.04287306	0.53167936	0.04282585	0.50288109	0.58508807	0.58493383	0.31913525	0.31885340	0.58517451	0.58508396	0.31901873	0.31882464	59919	33348	0
59919	33353	0.49972048	0.04298431	0.53274895	0.04291298	0.50289772	0.58510384	0.58504871	0.31905982	0.31888783	0.58517993	0.58509661	0.31909556	0.31891889	59919	33351	0
59919	33356	0.49560540	0.04305373	0.53252346	0.04277554	0.50341294	0.58520097	0.58511140	0.31912728	0.31891396	0.58505964	0.58486333	0.31895357	0.31881470	59919	33355	0
59919	34144	0.49132647	0.04318267	0.53188928	0.04312723	0.50354897	0.58475026	0.58460901	0.31874666	0.31865652	0.58476579	0.58473547	0.31874855	0.31854419	59919	34142	0
59919	34147	0.48643173	0.04329934	0.53039814	0.04300810	0.50293888	0.58468296	0.58459512	0.31874305	0.31855446	0.58475478	0.58466217	0.31873705	0.31857008	59919	34145	0
59919	34150	0.49060549	0.04309755	0.53136738	0.04291017	0.50315685	0.58461690	0.58445592	0.31868372	0.31851897	0.58460482	0.58454508	0.31867098	0.31846120	59919	34149	0
59919	34153	0.49807254	0.04302720	0.53214159	0.04302722	0.50258698	0.58457926	0.58448821	0.31872752	0.31850409	0.58476982	0.58472651	0.31863433	0.31857156	59919	34152	0
59919	34157	0.49325222	0.04306988	0.53108067	0.04291785	0.50239373	0.58471517	0.58456809	0.31865603	0.31843310	0.58456677	0.58448230	0.31854074	0.31843466	59919	34155	0
59919	34944	0.47541937	0.04316763	0.53064371	0.04307848	0.50516667	0.58614956	0.58603074	0.32049149	0.32031039	0.58609179	0.58596147	0.32045928	0.32030406	59919	34943	0
59919	34947	0.47793656	0.04305194	0.53080744	0.04296258	0.50487731	0.58603337	0.58594166	0.32046980	0.32030817	0.58612663	0.58602039	0.32048558	0.32031441	59919	34946	0
59919	34951	0.48094800	0.04315933	0.53116685	0.04316094	0.50469467	0.58599771	0.58596484	0.32044112	0.32022419	0.58605317	0.58599697	0.32039248	0.32028015	59919	34949	0
59919	34954	0.48037464	0.04313758	0.53135325	0.04312215	0.50498426	0.58608218	0.58589943	0.32041935	0.32029601	0.58607971	0.58598283	0.32040990	0.32027234	59919	34952	0
59919	34957	0.48481456	0.04311837	0.53184323	0.04311416	0.50467506	0.58613222	0.58593731	0.32040415	0.32023931	0.58600822	0.58596985	0.32038862	0.32029379	59919	34956	0
59919	35745	0.47993516	0.04307424	0.53183491	0.04297039	0.50554503	0.58505142	0.58495100	0.31949590	0.31931085	0.58511543	0.58489266	0.31953699	0.31937191	59919	35743	0
59919	35748	0.47458789	0.04302117	0.53116476	0.04306241	0.50583739	0.58489784	0.58481025	0.31945038	0.31928817	0.58499554	0.58481115	0.31951825	0.31932351	59919	35746	0
59919	35751	0.48528293	0.04297061	0.53155753	0.04287472	0.50430505	0.58497944	0.58493950	0.31945679	0.31933205	0.58488773	0.58475544	0.31938505	0.31922490	59919	35750	0
59919	35755	0.48270912	0.04286789	0.53247055	0.04313889	0.50568136	0.58490351	0.58482397	0.31938719	0.31910772	0.58502167	0.58487598	0.31938998	0.31924906	59919	35753	0
59919	35758	0.48046617	0.04305544	0.53076581	0.04283932	0.50438035	0.58476316	0.58466636	0.31923082	0.31908340	0.58480277	0.58472742	0.31923304	0.31912473	59919	35756	0
59919	36545	0.48825055	0.04301499	0.53139144	0.04308847	0.50360479	0.58437638	0.58412304	0.31879128	0.31853137	0.58448304	0.58428887	0.31877649	0.31860623	59919	36544	0
59919	36548	0.48442643	0.04304042	0.53107541	0.04320728	0.50397710	0.58445699	0.58433275	0.31873820	0.31861387	0.58451377	0.58434647	0.31876942	0.31851872	59919	36547	0
59919	36552	0.48898867	0.04302061	0.53197945	0.04296361	0.50405994	0.58439027	0.58427317	0.31867107	0.31851042	0.58435378	0.58416766	0.31867485	0.31842611	59919	36550	0
59919	36555	0.50133382	0.04297766	0.53265636	0.04283753	0.50251473	0.58440292	0.58415953	0.31872702	0.31853162	0.58436742	0.58430095	0.31866498	0.31848519	59919	36553	0
59919	36558	0.48444666	0.04315900	0.53122246	0.04307587	0.50412052	0.58435838	0.58423340	0.31863335	0.31846498	0.58438509	0.58423800	0.31871552	0.31845767	59919	36557	0
59919	37346	0.47698766	0.04290069	0.53141957	0.04297722	0.50566025	0.58560887	0.58541404	0.32020652	0.32002295	0.58548150	0.58545069	0.32008121	0.32004448	59919	37344	0
59919	37349	0.45975176	0.04310858	0.52959350	0.04307964	0.50693663	0.58574166	0.58552538	0.32029773	0.32020167	0.58569260	0.58555390	0.32027440	0.32012846	59919	37347	0
59919	37352	0.47437661	0.04309216	0.53101743	0.04284176	0.50572809	0.58563015	0.58551330	0.32028524	0.32016683	0.58570320	0.58554962	0.32025854	0.32018762	59919	37351	0
59919	37356	0.48064904	0.04287944	0.53245456	0.04289199	0.50603618	0.58571569	0.58562333	0.32032879	0.32019288	0.58555636	0.58544666	0.32025394	0.32011531	59919	37354	0
59919	37359	0.48216277	0.04289811	0.53168005	0.04289234	0.50498921	0.58572235	0.58551971	0.32034498	0.32016149	0.58551971	0.58551676	0.32025065	0.32011556	59919	37357	0
59919	38146	0.48066704	0.04289295	0.53190291	0.04279903	0.50548130	0.58589910	0.58575481	0.32060456	0.32043373	0.58586508	0.58583361	0.32061763	0.32045731	59919	38145	0
59919	38150	0.47714508	0.04291289	0.53221169	0.04298088	0.50642403	0.58585826	0.58569129	0.32056208	0.32042921	0.58588990	0.58581331	0.32072453	0.32042157	59919	38148	0
59919	38153	0.47268316	0.04292256	0.53119190	0.04283312	0.50620739	0.58592112	0.58572054	0.32068394	0.32043110	0.58586648	0.58586771	0.32068065	0.32056085	59919	38151	0
59919	38156	0.47631537	0.04280929	0.53184859	0.04302175	0.50621027	0.58582260	0.58571306	0.32062437	0.32049659	0.58587831	0.58581455	0.32064359	0.32056405	59919	38154	0
59919	38159	0.45931640	0.04306429	0.53030154	0.04293510	0.50772304	0.58595752	0.58581052	0.32065962	0.32049478	0.58582153	0.58578217	0.32053603	0.32047103	59919	38158	0
59919	38947	0.46585506	0.04312128	0.53078107	0.04298714	0.50702561	0.58601398	0.58585925	0.32075995	0.32054753	0.58595046	0.58582769	0.32070366	0.32053118	59919	38945	0
59919	38950	0.47641512	0.04298376	0.53144969	0.04298241	0.50579342	0.58590789	0.58586294	0.32073554	0.32061204	0.58591907	0.58587239	0.32074442	0.32050086	59919	38948	0
59919	38953	0.47170765	0.04297899	0.53097135	0.04310087	0.50616242	0.58604873	0.58595457	0.32073300	0.32062691	0.58605194	0.58585177	0.32077564	0.32069175	59919	38952	0
59919	38957	0.46978559	0.04309496	0.53047416	0.04295782	0.50601121	0.58600674	0.58590978	0.32079668	0.32060801	0.58600888	0.58590469	0.32073620	0.32064885	59919	38955	0
59919	38960	0.47780495	0.04282958	0.53211707	0.04286978	0.50621063	0.58601143	0.58597116	0.32077992	0.32062330	0.58593912	0.58586221	0.32077655	0.32059807	59919	38958	0
59919	39747	0.47340558	0.04327892	0.53107288	0.04309003	0.50595832	0.58589442	0.58571898	0.32032896	0.32011186	0.58570033	0.58551117	0.32023824	0.32005796	59919	39746	0
59919	39751	0.47801810	0.04297855	0.53195443	0.04302136	0.50600962	0.58568726	0.58559104	0.32030620	0.32009699	0.58567255	0.58560205	0.32020011	0.32010274	59919	39749	0
59919	39754	0.47860223	0.04312543	0.53117676	0.04302523	0.50512681	0.58573418	0.58547238	0.32017612	0.32012254	0.58564371	0.58555965	0.32018779	0.32009099	59919	39752	0
59919	39757	0.48345783	0.04302376	0.53303658	0.04305730	0.50611263	0.58565259	0.58563328	0.32025377	0.32006502	0.58572301	0.58556704	0.32033561	0.32016651	59919	39756	0
59919	39760	0.47545902	0.04309042	0.53079827	0.04287085	0.50531410	0.58567305	0.58561733	0.32026182	0.32010184	0.58569490	0.58574018	0.32034638	0.32022674	59919	39759	0
59919	40548	0.47541167	0.04306061	0.53149569	0.04301296	0.50602004	0.58543516	0.58529440	0.32008236	0.31995500	0.58556253	0.58546326	0.32020241	0.32001095	59919	40546	0
59919	40551	0.47132600	0.04300608	0.53056461	0.04292097	0.50582438	0.58560936	0.58546318	0.32026766	0.32010701	0.58560829	0.58547016	0.32027867	0.32011490	59919	40549	0
59919	40554	0.47470826	0.04294940	0.53123773	0.04305224	0.50588870	0.58571216	0.58543048	0.32025706	0.32013134	0.58554700	0.58542308	0.32019905	0.32004185	59919	40553	0
59919	40558	0.48360381	0.04306740	0.53168786	0.04294509	0.50473763	0.58550911	0.58541503	0.32018779	0.31998614	0.58574864	0.58547994	0.32025106	0.32009272	59919	40556	0
59919	40561	0.46962631	0.04301867	0.53151895	0.04291900	0.50708467	0.58566434	0.58537731	0.32027727	0.32006675	0.58558504	0.58551503	0.32029699	0.32011211	59919	40559	0
59919	41348	0.48072745	0.04306054	0.53153536	0.04292789	0.50510287	0.58674382	0.58652196	0.32046397	0.32025961	0.58674654	0.58662114	0.32048829	0.32030735	59919	41347	0
59919	41352	0.47536959	0.04311692	0.53086594	0.04297005	0.50539787	0.58681318	0.58660290	0.32049462	0.32028319	0.58666354	0.58676486	0.32042329	0.32031910	59919	41350	0
59919	41355	0.47659040	0.04289826	0.53097117	0.04297323	0.50528335	0.58666108	0.58658794	0.32053357	0.32028319	0.58684465	0.58670167	0.32043447	0.32028500	59919	41353	0
59919	41358	0.47761421	0.04318023	0.52994227	0.04299223	0.50407016	0.58676831	0.58651810	0.32052954	0.32028524	0.58682624	0.58652459	0.32050103	0.32027390	59919	41357	0
59919	41361	0.47920543	0.04305004	0.53185609	0.04314341	0.50569756	0.58681334	0.58659928	0.32050974	0.32023183	0.58675188	0.58659131	0.32046306	0.32030406	59919	41360	0
59919	42149	0.49180805	0.04300243	0.53056629	0.04290276	0.50213930	0.58597708	0.58577026	0.31992065	0.31971275	0.58586007	0.58572054	0.31997348	0.31963962	59919	42147	0
59919	42152	0.49830695	0.04299445	0.53159469	0.04297875	0.50199790	0.58587765	0.58567937	0.31990183	0.31962409	0.58583977	0.58576565	0.31984234	0.31966066	59919	42150	0
59919	42155	0.49645326	0.04300109	0.53118951	0.04291419	0.50192638	0.58593443	0.58572383	0.31996683	0.31971752	0.58592400	0.58578841	0.31990380	0.31975992	59919	42154	0
59919	42159	0.49184315	0.04287711	0.53093497	0.04306328	0.50250166	0.58583747	0.58564346	0.31982862	0.31962820	0.58577108	0.58583090	0.31980733	0.31971834	59919	42157	0
59919	42162	0.49467459	0.04306642	0.53129050	0.04302259	0.50234752	0.58587601	0.58565801	0.31982853	0.31957290	0.58591332	0.58565760	0.31984686	0.31963658	59919	42160	0
59919	42949	0.50083628	0.04335071	0.53094014	0.04319211	0.50088806	0.58570287	0.58552259	0.31949779	0.31923542	0.58570082	0.58554856	0.31950453	0.31926418	59919	42948	0
59919	42953	0.50418751	0.04332313	0.53142305	0.04329466	0.50076775	0.58582556	0.58563147	0.31953477	0.31930789	0.58565365	0.58571109	0.31941151	0.31927404	59919	42951	0
59919	42956	0.50437674	0.04315393	0.53211396	0.04324279	0.50142459	0.58572284	0.58566861	0.31945515	0.31925563	0.58581487	0.58568036	0.31958301	0.31935342	59919	42954	0
59919	42959	0.49898523	0.04322864	0.53086673	0.04321129	0.50114784	0.58571339	0.58567691	0.31946336	0.31937437	0.58564716	0.58559728	0.31957594	0.31938464	59919	42958	0
59919	42962	0.50167452	0.04313127	0.53189493	0.04320852	0.50169197	0.58577486	0.58560312	0.31959254	0.31940387	0.58578915	0.58566138	0.31950922	0.31951940	59919	42961	0
59919	43750	0.49456259	0.04349456	0.52962749	0.04334995	0.50070467	0.58611825	0.58584322	0.31972475	0.31961793	0.58607577	0.58594487	0.31977118	0.31957660	59919	43748	0
59919	43753	0.49407490	0.04345026	0.52953469	0.04343493	0.50069966	0.58610330	0.58607043	0.31978137	0.31959665	0.58608941	0.58598941	0.31971119	0.31954833	59919	43751	0
59919	43756	0.49153831	0.04344143	0.52950774	0.04337520	0.50112930	0.58615326	0.58600773	0.31982484	0.31953937	0.58605325	0.58579170	0.31971908	0.31956649	59919	43755	0
59919	43760	0.49877031	0.04346373	0.52959141	0.04331417	0.49991120	0.58595227	0.58572350	0.31970963	0.31949204	0.58587979	0.58585440	0.31971481	0.31952549	59919	43758	0
59919	43763	0.49507118	0.04332973	0.52947924	0.04331149	0.50046488	0.58583969	0.58570189	0.31965819	0.31945046	0.58597453	0.58578390	0.31968136	0.31944126	59919	43761	0
59919	44550	0.50445981	0.04328112	0.52958347	0.04334422	0.49887916	0.58748838	0.58734573	0.32108732	0.32086127	0.58758764	0.58738501	0.32106891	0.32091279	59919	44549	0
59919	44554	0.50866270	0.04333824	0.53049573	0.04323251	0.49903489	0.58763645	0.58746356	0.32122183	0.32098986	0.58745033	0.58735189	0.32112610	0.32090038	59919	44552	0
59919	44557	0.50360691	0.04320621	0.53020981	0.04311832	0.49965902	0.58748008	0.58733357	0.32112742	0.32086012	0.58750588	0.58725920	0.32106448	0.32093193	59919	44555	0
59919	44560	0.49610273	0.04337241	0.52998222	0.04329618	0.50078219	0.58741870	0.58736890	0.32107360	0.32090449	0.58750785	0.58726964	0.32110375	0.32093177	59919	44558	0
59919	44563	0.49209623	0.04336665	0.52875811	0.04334417	0.50027924	0.58750038	0.58747047	0.32123038	0.32105963	0.58750473	0.58743004	0.32118929	0.32099521	59919	44562	0
59919	45351	0.50760919	0.04349738	0.52993666	0.04341310	0.49866546	0.58604044	0.58584281	0.31924848	0.31903582	0.58607347	0.58577272	0.31932425	0.31909088	59919	45349	0
59919	45354	0.51207468	0.04341719	0.53040500	0.04335761	0.49833001	0.58614036	0.58591414	0.31932679	0.31909088	0.58609615	0.58592901	0.31926089	0.31907699	59919	45352	0
59919	45357	0.51423013	0.04337337	0.52987638	0.04341030	0.49741341	0.58606796	0.58581874	0.31930091	0.31905694	0.58604923	0.58583312	0.31926410	0.31905998	59919	45356	0
59919	45361	0.50848179	0.04338018	0.53019583	0.04343846	0.49876756	0.58609837	0.58594101	0.31942581	0.31912030	0.58595909	0.58591553	0.31925383	0.31916179	59919	45359	0
59919	45364	0.51102836	0.04328705	0.53026478	0.04315538	0.49837813	0.58597116	0.58578702	0.31936484	0.31912482	0.58589154	0.58586763	0.31933255	0.31911430	59919	45362	0
