% File initiated 31/01/2023 10:31:45 UTC
% Raw fountain data
%
% File notes: maser 5 MHz RF amplitudes 200 220 180
%
%% fountain_code = ALPHA-CsF1
%% microwave_ref = ALPHA HM1
%% MJD_start = 59975.438721
%% clock_data = False
%% sequence = 5
%% density = HD
%
% Units: V.s, Hz
%
% Shot B MJD days	Shot B MJD seconds	freq error	shot A sum	shot A ratio	shot B sum	shot B ratio	shot A F=3 bg 1	shot A F=3 bg 2	shot A F=4 bg 1	shot A F=4 bg 2	shot B F=3 bg 1	shot B F=3 bg 2	shot B F=4 bg 1	shot B F=4 bg 2	Shot A MJD days	Shot A MJD seconds	Shot order (0=LF->HF)
59975	38136	0.00093922	0.03623893	0.45009306	0.03635964	0.44727540	0.52699616	0.52691752	0.27855721	0.27849402	0.52691078	0.52699723	0.27875681	0.27851933	59975	38135	0
59975	38140	0.00046990	0.03642124	0.44912235	0.03645070	0.45053031	0.52696994	0.52733536	0.27879469	0.27877981	0.52701366	0.52700158	0.27879912	0.27850487	59975	38138	0
59975	38143	0.00080648	0.03633952	0.45050834	0.03638792	0.44949858	0.52697446	0.52708318	0.27870249	0.27846025	0.52701908	0.52685885	0.27871473	0.27841275	59975	38141	0
59975	38146	0.00004030	0.03640659	0.44855264	0.03629830	0.45085119	0.52701670	0.52709682	0.27857553	0.27851522	0.52681522	0.52699106	0.27859600	0.27846419	59975	38145	0
59975	38149	0.00030733	0.03625027	0.44938961	0.03619879	0.44858851	0.52698202	0.52692064	0.27859509	0.27843823	0.52685474	0.52696329	0.27854957	0.27834776	59975	38148	0
59975	38480	0.00075854	0.03645985	0.45092716	0.03649846	0.44957355	0.52734087	0.52732230	0.27868219	0.27861038	0.52727447	0.52726330	0.27871268	0.27848145	59975	38478	0
59975	38483	0.00104765	0.03642063	0.44972033	0.03653532	0.44885298	0.52720800	0.52726724	0.27871506	0.27853174	0.52714177	0.52725902	0.27857652	0.27844316	59975	38481	0
59975	38486	0.00041064	0.03648163	0.44822326	0.03643097	0.45013429	0.52723643	0.52715869	0.27870832	0.27851645	0.52710199	0.52714275	0.27857751	0.27847594	59975	38485	0
59975	38490	0.00043140	0.03646191	0.44890721	0.03653929	0.44884495	0.52709238	0.52719723	0.27874768	0.27849180	0.52708811	0.52720775	0.27872599	0.27847233	59975	38488	0
59975	38493	0.00111932	0.03641183	0.45022628	0.03631812	0.44816250	0.52721564	0.52724201	0.27864670	0.27860849	0.52715039	0.52736297	0.27876510	0.27866855	59975	38491	0
59975	38823	0.00057476	0.03670448	0.44869110	0.03666839	0.45032480	0.52743520	0.52754005	0.27898738	0.27874333	0.52763882	0.52752444	0.27890348	0.27875705	59975	38822	0
59975	38827	-0.00028435	0.03667311	0.44804807	0.03659000	0.45062540	0.52759543	0.52747760	0.27883733	0.27873150	0.52746947	0.52740504	0.27877735	0.27861785	59975	38825	0
59975	38830	0.00046347	0.03650596	0.44895518	0.03652852	0.44671172	0.52768500	0.52766323	0.27885212	0.27886445	0.52749601	0.52757530	0.27881728	0.27880981	59975	38828	0
59975	38833	0.00149996	0.03662184	0.45135919	0.03667740	0.44824972	0.52759658	0.52755402	0.27874538	0.27865401	0.52740817	0.52740430	0.27881383	0.27858285	59975	38832	0
59975	38836	0.00119121	0.03653835	0.44872395	0.03648991	0.44965019	0.52754966	0.52766380	0.27896314	0.27868704	0.52758861	0.52755131	0.27867767	0.27855631	59975	38835	0
59975	39167	0.00044263	0.03656236	0.44698773	0.03664451	0.44923348	0.52763553	0.52761376	0.27890734	0.27871868	0.52762641	0.52764679	0.27889157	0.27870693	59975	39165	0
59975	39170	-0.00022362	0.03662707	0.44932422	0.03663338	0.45132296	0.52765197	0.52769018	0.27890488	0.27872106	0.52768993	0.52761959	0.27871646	0.27862985	59975	39168	0
59975	39173	0.00031673	0.03655202	0.45063789	0.03649825	0.44901681	0.52793341	0.52766438	0.27920185	0.27867809	0.52757621	0.52769379	0.27893619	0.27869493	59975	39172	0
59975	39177	0.00106024	0.03646950	0.44999338	0.03649213	0.44776286	0.52776232	0.52780719	0.27883216	0.27876560	0.52768484	0.52782987	0.27873955	0.27882517	59975	39175	0
59975	39180	0.00071675	0.03665326	0.44921188	0.03665598	0.45024235	0.52772732	0.52782650	0.27907004	0.27878844	0.52781993	0.52777966	0.27887308	0.27881211	59975	39178	0
59975	39510	0.00153491	0.03700227	0.45076490	0.03695814	0.44831043	0.52749962	0.52747834	0.27825539	0.27815794	0.52750159	0.52744802	0.27847101	0.27817585	59975	39509	0
59975	39514	0.00095782	0.03691901	0.44717835	0.03693413	0.44890962	0.52747653	0.52751786	0.27824060	0.27823206	0.52744136	0.52741359	0.27825014	0.27814832	59975	39512	0
59975	39517	0.00101122	0.03682598	0.44973459	0.03685846	0.44957439	0.52745755	0.52756980	0.27838095	0.27824537	0.52757423	0.52757719	0.27832195	0.27825088	59975	39515	0
59975	39520	0.00142387	0.03700510	0.45002217	0.03695633	0.44878421	0.52749642	0.52755731	0.27848087	0.27826862	0.52747637	0.52753611	0.27835910	0.27817930	59975	39518	0
59975	39523	0.00037272	0.03691714	0.44801468	0.03686986	0.45116812	0.52739346	0.52748820	0.27843634	0.27825285	0.52745180	0.52752740	0.27839541	0.27821669	59975	39522	0
59975	39854	0.00014263	0.03680850	0.44867403	0.03673750	0.44936431	0.52737719	0.52749403	0.27835425	0.27817306	0.52755262	0.52748754	0.27823518	0.27811250	59975	39852	0
59975	39857	0.00049052	0.03685919	0.44941550	0.03701154	0.44837183	0.52745607	0.52761557	0.27833863	0.27823526	0.52748910	0.52748048	0.27843954	0.27817035	59975	39855	0
59975	39860	0.00173343	0.03710032	0.45239466	0.03699314	0.44866593	0.52732304	0.52738179	0.27836978	0.27801800	0.52760250	0.52762839	0.27825424	0.27816550	59975	39859	0
59975	39864	0.00055912	0.03693258	0.44828828	0.03706558	0.45181120	0.52759847	0.52753463	0.27821776	0.27825507	0.52749001	0.52735410	0.27842524	0.27811981	59975	39862	0
59975	39867	0.00084616	0.03699709	0.45005421	0.03696701	0.44919309	0.52739921	0.52744794	0.27823789	0.27810083	0.52740644	0.52746338	0.27821110	0.27811307	59975	39865	0
59975	40197	0.00148538	0.03680701	0.45072804	0.03669087	0.44881039	0.52789495	0.52808863	0.27882525	0.27861958	0.52796323	0.52797819	0.27879789	0.27865877	59975	40196	0
59975	40201	0.00062658	0.03659030	0.44682057	0.03679216	0.44939697	0.52780892	0.52791385	0.27882369	0.27858383	0.52799569	0.52801352	0.27864661	0.27857545	59975	40199	0
59975	40204	0.00082262	0.03679716	0.44947522	0.03683101	0.44888709	0.52786052	0.52796874	0.27867299	0.27850479	0.52780481	0.52771393	0.27852993	0.27845105	59975	40202	0
59975	40207	0.00079235	0.03686488	0.44884931	0.03684960	0.44894013	0.52784326	0.52801344	0.27860117	0.27844940	0.52785633	0.52788238	0.27862344	0.27848079	59975	40205	0
59975	40210	0.00069554	0.03692896	0.44942466	0.03682370	0.44971509	0.52799964	0.52789824	0.27859567	0.27853806	0.52792157	0.52782732	0.27849870	0.27848687	59975	40209	0
59975	40541	-0.00002673	0.03687114	0.44843215	0.03684487	0.45059896	0.52793316	0.52798624	0.27846115	0.27835006	0.52797005	0.52793045	0.27862254	0.27838884	59975	40539	0
59975	40544	0.00129739	0.03691039	0.45184123	0.03691711	0.44786886	0.52797400	0.52792281	0.27873832	0.27846723	0.52798016	0.52806192	0.27873330	0.27847857	59975	40542	0
59975	40547	0.00184382	0.03678427	0.44947810	0.03684225	0.44783881	0.52788755	0.52796726	0.27859328	0.27847192	0.52797679	0.52800983	0.27859402	0.27844546	59975	40546	0
59975	40551	0.00053102	0.03679681	0.44704447	0.03683539	0.45098288	0.52785329	0.52800416	0.27865508	0.27850544	0.52797252	0.52792872	0.27887694	0.27845795	59975	40549	0
59975	40554	0.00050256	0.03681515	0.44794969	0.03688912	0.44803508	0.52790629	0.52795913	0.27869929	0.27852303	0.52797523	0.52806595	0.27860495	0.27846674	59975	40552	0
59975	40884	0.00116773	0.03689215	0.44887772	0.03704853	0.44688221	0.52801788	0.52818288	0.27875985	0.27844759	0.52817515	0.52815593	0.27862188	0.27852903	59975	40883	0
59975	40888	0.00074506	0.03704267	0.44900764	0.03714625	0.45027565	0.52805272	0.52811451	0.27876724	0.27849123	0.52806924	0.52808419	0.27875927	0.27850117	59975	40886	0
59975	40891	0.00110402	0.03711059	0.44919476	0.03703555	0.44811788	0.52798904	0.52810703	0.27871794	0.27841160	0.52801993	0.52817302	0.27845622	0.27843765	59975	40889	0
59975	40894	0.00038963	0.03718899	0.44652903	0.03711792	0.44867219	0.52808608	0.52810408	0.27856921	0.27841489	0.52805190	0.52808879	0.27877858	0.27851974	59975	40892	0
59975	40897	0.00044251	0.03712527	0.44764009	0.03712599	0.44748143	0.52799471	0.52808961	0.27873585	0.27846962	0.52809602	0.52832701	0.27874653	0.27863503	59975	40896	0
59975	41228	0.00124291	0.03685547	0.45096245	0.03703592	0.44856126	0.52840170	0.52843515	0.27889814	0.27880307	0.52840795	0.52826226	0.27881515	0.27876708	59975	41226	0
59975	41231	0.00094543	0.03697115	0.44862534	0.03699523	0.44951779	0.52828715	0.52834361	0.27885180	0.27870487	0.52834517	0.52837919	0.27878976	0.27870791	59975	41229	0
59975	41234	0.00087136	0.03708351	0.44931210	0.03692760	0.44953432	0.52849078	0.52836834	0.27877061	0.27878893	0.52832873	0.52835914	0.27889075	0.27870635	59975	41233	0
59975	41237	0.00021667	0.03697108	0.44786836	0.03692809	0.44983241	0.52834089	0.52838551	0.27905460	0.27884769	0.52835256	0.52837565	0.27896955	0.27883750	59975	41236	0
59975	41241	0.00057561	0.03695193	0.44882749	0.03704583	0.44775068	0.52843457	0.52834040	0.27886692	0.27875870	0.52866210	0.52835823	0.27910718	0.27879345	59975	41239	0
59975	41571	0.00012609	0.03695073	0.44950699	0.03686386	0.45085556	0.52935506	0.52947577	0.28003720	0.27982931	0.52944471	0.52948924	0.27997163	0.27973251	59975	41570	0
59975	41574	0.00142163	0.03694367	0.45021349	0.03704228	0.44632688	0.52934536	0.52945802	0.27990047	0.27976941	0.52938258	0.52944323	0.28000162	0.27981682	59975	41573	0
59975	41578	0.00053869	0.03718806	0.44789778	0.03701635	0.45054660	0.52932827	0.52945818	0.28002923	0.27979381	0.52944224	0.52944035	0.27998239	0.27981279	59975	41576	0
59975	41581	0.00105382	0.03691356	0.45103450	0.03692689	0.44948911	0.52940592	0.52946517	0.27990721	0.27988025	0.52940461	0.52948522	0.28015775	0.27992151	59975	41579	0
59975	41584	0.00076179	0.03684846	0.44973501	0.03703031	0.45061108	0.52941964	0.52937667	0.28000828	0.27983629	0.52957067	0.52939220	0.27988921	0.27985330	59975	41583	0
59975	41915	0.00108932	0.03725243	0.44922801	0.03724278	0.44824542	0.53029411	0.53016346	0.28050747	0.28030163	0.53001498	0.53011950	0.28058027	0.28022020	59975	41913	0
59975	41918	0.00101012	0.03728349	0.44953003	0.03726767	0.44976763	0.53005557	0.53021317	0.28056951	0.28037016	0.53010446	0.53017472	0.28063788	0.28033203	59975	41916	0
59975	41921	0.00059904	0.03738547	0.44865158	0.03730215	0.44988482	0.53014325	0.53014218	0.28038495	0.28033269	0.53021104	0.53012393	0.28048356	0.28035028	59975	41920	0
59975	41924	0.00103550	0.03724176	0.45119043	0.03724111	0.44988105	0.53003946	0.53021301	0.28049728	0.28039752	0.53020233	0.53024925	0.28053286	0.28041840	59975	41923	0
59975	41928	0.00191597	0.03717431	0.44992887	0.03715079	0.44728747	0.53008384	0.53021293	0.28044987	0.28036449	0.53004875	0.53007964	0.28062448	0.28031092	59975	41926	0
59975	42258	0.00020543	0.03673659	0.44810389	0.03662110	0.45323549	0.53007989	0.53023971	0.28082704	0.28059876	0.53016716	0.53021063	0.28070098	0.28053533	59975	42257	0
59975	42262	0.00049953	0.03663703	0.45130023	0.03672228	0.45041794	0.53032337	0.53021695	0.28083911	0.28066179	0.53026921	0.53032698	0.28091192	0.28059203	59975	42260	0
59975	42265	0.00090075	0.03671847	0.45132831	0.03664312	0.45012465	0.53038154	0.53030307	0.28073426	0.28067075	0.53022016	0.53018261	0.28078669	0.28063188	59975	42263	0
59975	42268	0.00022245	0.03678314	0.44928439	0.03669413	0.45131931	0.53015598	0.53005434	0.28060969	0.28048364	0.53010167	0.53017258	0.28083040	0.28057485	59975	42266	0
59975	42271	0.00107950	0.03677220	0.45026781	0.03671078	0.44769663	0.53021284	0.53020906	0.28069236	0.28065045	0.53011333	0.53022008	0.28074486	0.28057403	59975	42270	0
59975	42602	0.00060516	0.03726139	0.44982593	0.03716927	0.45124897	0.52904428	0.52907025	0.27932962	0.27922321	0.52906893	0.52903943	0.27936865	0.27920218	59975	42600	0
59975	42605	0.00123175	0.03711512	0.45002087	0.03713331	0.44814109	0.52903639	0.52913664	0.27949495	0.27921401	0.52912769	0.52916557	0.27936857	0.27924885	59975	42603	0
59975	42608	0.00156981	0.03713228	0.44988349	0.03714270	0.44886931	0.52915045	0.52913500	0.27948057	0.27923521	0.52916434	0.52923196	0.27955214	0.27934367	59975	42607	0
59975	42612	0.00055664	0.03718549	0.44851925	0.03721682	0.45155877	0.52912185	0.52912317	0.27949906	0.27918278	0.52910986	0.52915776	0.27953423	0.27927736	59975	42610	0
59975	42615	0.00034183	0.03720312	0.44883886	0.03716859	0.44948331	0.52911043	0.52907863	0.27956431	0.27921056	0.52916080	0.52917962	0.27947342	0.27930119	59975	42613	0
59975	42945	0.00046519	0.03689387	0.44903321	0.03686941	0.44866312	0.52994562	0.52983864	0.28026490	0.28018675	0.52998326	0.52998893	0.28038725	0.28022743	59975	42944	0
59975	42948	0.00140264	0.03680546	0.44939244	0.03685856	0.44658008	0.52999583	0.52984061	0.28034485	0.28020064	0.52986016	0.52995483	0.28053705	0.28034025	59975	42947	0
59975	42952	0.00155647	0.03677590	0.45065954	0.03686954	0.45019804	0.52991892	0.52993050	0.28040558	0.28016005	0.52985260	0.52982475	0.28026022	0.28015635	59975	42950	0
59975	42955	0.00128577	0.03688598	0.44944481	0.03692522	0.45025694	0.52998318	0.52992048	0.28044034	0.28025216	0.52991514	0.52986000	0.28046351	0.28021675	59975	42953	0
59975	42958	0.00138263	0.03685127	0.44936527	0.03682804	0.44907467	0.52990996	0.52988440	0.28054683	0.28017237	0.52982779	0.52976624	0.28044099	0.28010639	59975	42957	0
59975	43289	0.00137103	0.03685010	0.44975862	0.03686805	0.44979341	0.52974784	0.52975194	0.27986916	0.27974747	0.52986436	0.52977413	0.28007344	0.27971723	59975	43287	0
59975	43292	0.00122385	0.03670420	0.44926939	0.03662511	0.44971094	0.52972064	0.52975318	0.27983473	0.27970638	0.52969311	0.52979591	0.28006005	0.27980614	59975	43290	0
59975	43295	0.00094087	0.03664014	0.44849829	0.03665060	0.44934721	0.52967224	0.52973042	0.27998971	0.27972010	0.52980478	0.52977553	0.27995552	0.27973202	59975	43293	0
59975	43298	0.00079891	0.03683915	0.44914870	0.03674192	0.44957458	0.52968908	0.52975548	0.27989472	0.27974443	0.52971316	0.52967815	0.27998182	0.27966891	59975	43297	0
59975	43302	0.00104536	0.03682256	0.44930257	0.03675429	0.44856322	0.52980141	0.52984455	0.27993367	0.27980326	0.52973313	0.52961957	0.27992159	0.27959454	59975	43300	0
59975	43632	0.00117177	0.03693010	0.45006498	0.03680696	0.44968575	0.52991399	0.52988136	0.27971797	0.27952281	0.52998211	0.52988958	0.27975560	0.27950153	59975	43630	0
59975	43635	0.00032050	0.03684263	0.44874714	0.03697614	0.45130097	0.52987471	0.52991826	0.27957762	0.27947696	0.52999279	0.52995819	0.27967047	0.27956841	59975	43634	0
59975	43639	0.00124361	0.03691657	0.44972211	0.03693701	0.44695277	0.52991818	0.52998433	0.27976998	0.27953177	0.52988892	0.52993354	0.27983884	0.27957145	59975	43637	0
59975	43642	0.00107240	0.03685859	0.44808098	0.03692050	0.44859461	0.52993593	0.52997989	0.27977869	0.27956159	0.52997783	0.53001530	0.27962791	0.27957211	59975	43640	0
59975	43645	0.00107361	0.03682234	0.44894450	0.03687737	0.44894088	0.52984578	0.52989238	0.27978822	0.27950974	0.52992245	0.52998129	0.27957918	0.27960104	59975	43643	0
59975	43975	0.00098157	0.03667850	0.44862470	0.03674686	0.44890081	0.52971160	0.52980675	0.27963054	0.27950177	0.52980856	0.52979040	0.27959438	0.27951747	59975	43974	0
59975	43979	-0.00041197	0.03671488	0.44614784	0.03675729	0.45032847	0.52977561	0.52969697	0.27952141	0.27942749	0.52999460	0.52982787	0.27967039	0.27955009	59975	43977	0
59975	43982	0.00128646	0.03661414	0.45296644	0.03658877	0.44787113	0.52977873	0.52983099	0.27979603	0.27954269	0.52976928	0.52978465	0.27972947	0.27947334	59975	43980	0
59975	43985	0.00062499	0.03665778	0.44865564	0.03666208	0.45064007	0.52976756	0.52979352	0.27976480	0.27954762	0.52985408	0.52977594	0.27974755	0.27957154	59975	43984	0
59975	43989	0.00141895	0.03664696	0.45080672	0.03662122	0.44842483	0.52987348	0.52980864	0.27978222	0.27953670	0.52989320	0.52996880	0.27989735	0.27966455	59975	43987	0
59975	44319	0.00035101	0.03690184	0.44692308	0.03708043	0.45012689	0.53066627	0.53050217	0.28016547	0.27987031	0.53067062	0.53074795	0.28030574	0.28002808	59975	44317	0
59975	44322	0.00101200	0.03705359	0.44900563	0.03705940	0.44702267	0.53070546	0.53074466	0.28029152	0.28005980	0.53074433	0.53080021	0.28019941	0.28007089	59975	44321	0
59975	44325	0.00101310	0.03708320	0.44932874	0.03705503	0.44932543	0.53073332	0.53064334	0.28033787	0.28001510	0.53068295	0.53084047	0.28030903	0.28011395	59975	44324	0
59975	44329	0.00070072	0.03700924	0.44812847	0.03699986	0.44906563	0.53070744	0.53068024	0.28008034	0.28002660	0.53066536	0.53063455	0.28005002	0.27998650	59975	44327	0
59975	44332	0.00058970	0.03702979	0.45037349	0.03702733	0.45070653	0.53075181	0.53068237	0.28014370	0.28003696	0.53083028	0.53057497	0.28010483	0.27990400	59975	44330	0
59975	44662	0.00126298	0.03688004	0.45094708	0.03681048	0.44892725	0.53022139	0.53020224	0.27985322	0.27958978	0.53040373	0.53024949	0.27959947	0.27950835	59975	44661	0
59975	44666	0.00085442	0.03703315	0.44959069	0.03693238	0.45081636	0.53031301	0.53040258	0.27971049	0.27960309	0.53036601	0.53039765	0.27972495	0.27968953	59975	44664	0
59975	44669	0.00021774	0.03675915	0.44824322	0.03674918	0.45015326	0.53018754	0.53026297	0.27975889	0.27956398	0.53009600	0.53016330	0.27969874	0.27951623	59975	44667	0
59975	44672	0.00132875	0.03671495	0.45247988	0.03692992	0.44914686	0.53023487	0.53016823	0.27974648	0.27954787	0.53018803	0.53022377	0.27971106	0.27951377	59975	44671	0
59975	44675	0.00153294	0.03685864	0.44906934	0.03681210	0.44845677	0.53025714	0.53009575	0.27957039	0.27942609	0.53024234	0.53030332	0.27967910	0.27953357	59975	44674	0
59975	45006	0.00077017	0.03681517	0.44919656	0.03686315	0.45148487	0.53160656	0.53168914	0.28072802	0.28064634	0.53161822	0.53161486	0.28076426	0.28071914	59975	45004	0
59975	45009	0.00167865	0.03687281	0.44917965	0.03679656	0.44645421	0.53148823	0.53158010	0.28088168	0.28064404	0.53139151	0.53157319	0.28086837	0.28056080	59975	45007	0
59975	45012	0.00092490	0.03676686	0.44904349	0.03679933	0.45130475	0.53149217	0.53146908	0.28067526	0.28058751	0.53151617	0.53152225	0.28083295	0.28061569	59975	45011	0
59975	45016	-0.00029327	0.03675290	0.44946056	0.03682625	0.45311506	0.53156802	0.53159382	0.28065308	0.28057387	0.53153441	0.53156925	0.28084840	0.28059309	59975	45014	0
59975	45019	0.00078745	0.03697741	0.45136749	0.03686610	0.44812532	0.53148067	0.53150992	0.28083123	0.28053533	0.53143638	0.53150072	0.28080493	0.28048052	59975	45017	0
59975	45349	0.00050806	0.03668484	0.44826318	0.03673123	0.44910135	0.53052789	0.53050685	0.27979759	0.27961016	0.53041137	0.53052501	0.27974607	0.27965552	59975	45348	0
59975	45352	0.00117633	0.03676183	0.45023375	0.03674930	0.44822894	0.53044465	0.53061779	0.28004534	0.27972380	0.53051072	0.53065920	0.28001255	0.27969192	59975	45351	0
59975	45356	0.00039641	0.03680830	0.44906250	0.03680672	0.45140227	0.53052904	0.53054054	0.27975199	0.27962717	0.53040513	0.53042107	0.27985881	0.27960712	59975	45354	0
59975	45359	0.00123692	0.03679348	0.44979270	0.03688650	0.44727117	0.53051943	0.53056183	0.27987894	0.27973826	0.53071910	0.53055797	0.27998535	0.27970490	59975	45357	0
59975	45362	0.00147842	0.03689649	0.44929000	0.03684333	0.44856549	0.53064630	0.53051491	0.27977532	0.27970071	0.53049814	0.53048023	0.27986349	0.27965017	59975	45361	0
59975	45693	0.00122654	0.03692845	0.44889517	0.03683776	0.44965081	0.53028129	0.53032484	0.27928106	0.27922190	0.53049313	0.53033536	0.27936512	0.27924433	59975	45691	0
59975	45696	0.00062933	0.03683588	0.44906646	0.03684037	0.45085808	0.53065435	0.53036651	0.27942092	0.27925370	0.53028138	0.53036593	0.27956825	0.27918862	59975	45694	0
59975	45699	0.00100724	0.03679007	0.45011226	0.03677903	0.44897853	0.53023848	0.53031597	0.27929980	0.27926602	0.53036026	0.53053093	0.27937252	0.27941451	59975	45697	0
59975	45702	0.00100794	0.03679325	0.44984911	0.03691796	0.44984704	0.53038294	0.53044301	0.27947351	0.27925123	0.53056068	0.53031309	0.27952774	0.27921228	59975	45701	0
59975	45706	0.00149941	0.03700431	0.44922355	0.03683028	0.44774913	0.53041655	0.53029124	0.27939092	0.27915961	0.53037185	0.53035648	0.27946225	0.27930998	59975	45704	0
59975	46036	0.00197643	0.03673985	0.45144716	0.03662629	0.45001611	0.53205283	0.53216384	0.28119615	0.28104142	0.53196384	0.53192957	0.28120922	0.28096533	59975	46034	0
59975	46039	0.00039595	0.03667593	0.44724720	0.03671423	0.45198862	0.53210057	0.53195406	0.28122885	0.28098908	0.53201429	0.53203829	0.28119032	0.28104734	59975	46038	0
59975	46043	0.00113799	0.03656096	0.45107627	0.03677276	0.44885015	0.53223772	0.53210041	0.28116402	0.28110568	0.53207362	0.53202292	0.28118728	0.28104397	59975	46041	0
59975	46046	0.00103620	0.03679865	0.44996727	0.03660517	0.45027264	0.53203007	0.53209367	0.28121406	0.28108694	0.53203713	0.53218241	0.28121423	0.28118539	59975	46044	0
59975	46049	0.00125601	0.03669674	0.44991646	0.03668322	0.44925703	0.53200320	0.53202456	0.28132935	0.28105629	0.53203451	0.53205735	0.28118802	0.28099582	59975	46047	0
59975	46379	0.00036614	0.03640705	0.44956701	0.03643862	0.45223664	0.53146456	0.53165734	0.28070444	0.28053040	0.53150195	0.53158478	0.28082564	0.28061281	59975	46378	0
59975	46383	0.00098733	0.03640248	0.45022044	0.03639949	0.44835686	0.53150031	0.53157007	0.28051848	0.28039366	0.53154115	0.53147204	0.28069934	0.28042160	59975	46381	0
59975	46386	0.00065832	0.03649548	0.44921328	0.03642709	0.45020030	0.53162357	0.53147697	0.28063812	0.28043500	0.53145092	0.53140039	0.28049473	0.28030623	59975	46384	0
59975	46389	0.00050144	0.03639652	0.44911375	0.03645842	0.44958442	0.53132750	0.53135125	0.28068233	0.28034518	0.53139003	0.53143334	0.28058972	0.28036268	59975	46388	0
59975	46392	0.00020954	0.03647952	0.44942690	0.03640230	0.45030259	0.53129521	0.53146818	0.28058512	0.28032324	0.53133539	0.53137697	0.28048265	0.28029982	59975	46391	0
59975	46723	0.00223903	0.03652758	0.45321891	0.03646998	0.44713044	0.53177714	0.53176950	0.28090230	0.28067091	0.53167780	0.53180245	0.28098119	0.28074182	59975	46721	0
59975	46726	0.00092464	0.03647484	0.44805465	0.03649586	0.45199782	0.53172965	0.53169719	0.28084207	0.28064297	0.53171658	0.53190492	0.28076787	0.28082334	59975	46725	0
59975	46729	0.00004893	0.03647556	0.44910552	0.03650026	0.45173265	0.53175709	0.53168018	0.28077461	0.28062333	0.53174551	0.53184346	0.28086196	0.28065472	59975	46728	0
59975	46733	0.00040170	0.03653343	0.45013194	0.03644936	0.44907363	0.53183861	0.53177731	0.28077814	0.28062728	0.53181355	0.53171437	0.28069071	0.28061766	59975	46731	0
59975	46736	0.00148872	0.03651941	0.45236611	0.03661381	0.44910506	0.53173976	0.53166843	0.28085990	0.28062744	0.53169818	0.53179859	0.28088686	0.28065489	59975	46734	0
59975	47066	0.00107739	0.03678413	0.44875529	0.03680319	0.44998929	0.53144353	0.53150943	0.28001748	0.27992126	0.53132750	0.53139768	0.28002512	0.27993038	59975	47065	0
59975	47070	0.00062263	0.03688388	0.44881595	0.03693842	0.45018021	0.53122898	0.53133514	0.28009275	0.27979233	0.53141658	0.53131567	0.28007730	0.27987163	59975	47068	0
59975	47073	0.00034935	0.03692951	0.44812667	0.03682584	0.44894650	0.53141551	0.53123276	0.27995503	0.27978280	0.53141321	0.53130564	0.27996054	0.27986661	59975	47071	0
59975	47076	0.00085485	0.03689434	0.45106650	0.03681965	0.44954999	0.53121567	0.53129283	0.28005166	0.27978658	0.53113087	0.53120367	0.27998009	0.27972380	59975	47074	0
59975	47079	0.00078869	0.03679099	0.44930427	0.03682932	0.44950277	0.53120885	0.53124533	0.27995446	0.27975716	0.53129176	0.53127475	0.27984673	0.27973826	59975	47078	0
59975	47410	0.00097203	0.03692330	0.45005103	0.03697853	0.44950099	0.53141230	0.53138198	0.28013104	0.28001304	0.53135174	0.53143663	0.28021897	0.27998552	59975	47408	0
59975	47413	0.00113077	0.03686603	0.44984072	0.03692334	0.44936452	0.53143934	0.53151255	0.28029991	0.28009998	0.53155594	0.53144690	0.28012324	0.27998856	59975	47411	0
59975	47416	0.00028537	0.03697849	0.44834457	0.03688126	0.45088074	0.53141855	0.53148420	0.28025126	0.27998124	0.53135100	0.53132405	0.28028059	0.27996062	59975	47415	0
59975	47420	0.00063318	0.03695111	0.45013377	0.03686711	0.44909035	0.53129562	0.53127795	0.28015044	0.27991173	0.53133843	0.53128083	0.28019916	0.27997418	59975	47418	0
59975	47423	0.00058311	0.03689720	0.44973130	0.03687046	0.44988152	0.53126300	0.53129849	0.28008963	0.27994558	0.53131164	0.53127138	0.28017164	0.27991970	59975	47421	0
59975	47753	0.00091889	0.03658590	0.45089374	0.03655588	0.44988640	0.53248801	0.53239902	0.28126181	0.28115556	0.53233591	0.53255547	0.28144176	0.28127619	59975	47752	0
59975	47756	0.00032363	0.03663583	0.44932790	0.03672576	0.45111368	0.53246911	0.53253756	0.28136904	0.28125688	0.53252178	0.53246278	0.28131555	0.28120264	59975	47755	0
59975	47760	0.00133856	0.03685984	0.45236384	0.03676125	0.44931905	0.53262630	0.53248932	0.28142968	0.28127684	0.53258875	0.53259040	0.28145425	0.28129048	59975	47758	0
59975	47763	0.00035563	0.03675089	0.44952295	0.03671625	0.45247176	0.53270240	0.53252688	0.28144858	0.28124866	0.53257215	0.53245991	0.28150405	0.28124414	59975	47761	0
59975	47766	0.00014061	0.03668693	0.44943782	0.03664620	0.45008287	0.53245317	0.53249869	0.28151498	0.28121784	0.53256509	0.53249565	0.28138243	0.28125770	59975	47765	0
59975	48097	0.00152316	0.03640356	0.45064068	0.03643822	0.44649303	0.53140154	0.53136210	0.28019588	0.28006941	0.53133580	0.53127853	0.28031494	0.28013556	59975	48095	0
59975	48100	0.00087333	0.03631612	0.44895810	0.03640069	0.45090759	0.53123226	0.53131394	0.28034847	0.28004016	0.53133449	0.53136678	0.28035422	0.28016375	59975	48098	0
59975	48103	0.00125489	0.03638172	0.45088457	0.03639793	0.44973990	0.53133547	0.53130474	0.28016720	0.28010458	0.53130762	0.53134698	0.28011707	0.28003556	59975	48101	0
59975	48106	0.00090991	0.03643599	0.44992938	0.03647895	0.45096431	0.53129381	0.53126505	0.28026876	0.28009472	0.53141715	0.53140984	0.28021231	0.28007730	59975	48105	0
59975	48110	0.00109747	0.03641186	0.45010400	0.03644100	0.44954134	0.53141082	0.53142750	0.28018955	0.28006999	0.53150392	0.53134443	0.28017073	0.28002857	59975	48108	0
59975	48440	-0.00041923	0.03698804	0.44892445	0.03696331	0.45347454	0.53146193	0.53150762	0.28009932	0.27985692	0.53143202	0.53142923	0.27998839	0.27970087	59975	48438	0
59975	48443	0.00031851	0.03693575	0.45155157	0.03692377	0.44933837	0.53140351	0.53136399	0.28001272	0.27980909	0.53133309	0.53137245	0.28010869	0.27981583	59975	48442	0
59975	48447	0.00100418	0.03706232	0.44972881	0.03692198	0.44767179	0.53141822	0.53146736	0.27993925	0.27985897	0.53137385	0.53145487	0.28015824	0.27990170	59975	48445	0
59975	48450	0.00084292	0.03702465	0.44871707	0.03694152	0.44920087	0.53140704	0.53133695	0.27989283	0.27978921	0.53142405	0.53153638	0.27995906	0.27987565	59975	48448	0
59975	48453	0.00179096	0.03689573	0.45112464	0.03686748	0.44828051	0.53152258	0.53154460	0.28003359	0.27991296	0.53132356	0.53143170	0.28014320	0.27983646	59975	48451	0
59975	48784	0.00131689	0.03708603	0.44945518	0.03708476	0.45087739	0.53210854	0.53224840	0.28087519	0.28068726	0.53212070	0.53217888	0.28078537	0.28060772	59975	48782	0
59975	48787	0.00221617	0.03711070	0.44844265	0.03693827	0.44574481	0.53227634	0.53211487	0.28068882	0.28059909	0.53219564	0.53209038	0.28063139	0.28061627	59975	48785	0
59975	48790	0.00140734	0.03691523	0.44759036	0.03703940	0.45001684	0.53225834	0.53220156	0.28077091	0.28067658	0.53228201	0.53217255	0.28095128	0.28065883	59975	48788	0
59975	48793	0.00115962	0.03688444	0.44961976	0.03684422	0.45036293	0.53220107	0.53224823	0.28100601	0.28077190	0.53231331	0.53219137	0.28086368	0.28067042	59975	48792	0
59975	48797	0.00055251	0.03685943	0.44829328	0.03685405	0.45011459	0.53225514	0.53216245	0.28079219	0.28069696	0.53222202	0.53218849	0.28094060	0.28061701	59975	48795	0
59975	49138	0.00079896	0.03656869	0.44997540	0.03657463	0.44923606	0.53193196	0.53192086	0.28072383	0.28049556	0.53191519	0.53176852	0.28054864	0.28047148	59975	49136	0
59975	49141	-0.00005545	0.03658060	0.44873421	0.03659695	0.45129745	0.53179777	0.53181281	0.28048274	0.28047099	0.53180385	0.53182710	0.28072325	0.28046203	59975	49139	0
59975	49144	0.00050712	0.03668507	0.45059956	0.03668377	0.44891185	0.53200920	0.53205324	0.28069112	0.28059318	0.53200188	0.53196219	0.28067937	0.28050533	59975	49143	0
59975	49148	0.00081593	0.03668309	0.44966283	0.03666330	0.44873639	0.53194108	0.53196770	0.28081644	0.28057370	0.53193138	0.53210698	0.28081586	0.28058389	59975	49146	0
59975	49151	0.00151314	0.03671051	0.45087401	0.03668449	0.44878239	0.53195685	0.53193343	0.28060657	0.28049021	0.53187674	0.53193196	0.28073007	0.28050295	59975	49149	0
59975	49481	0.00116557	0.03641719	0.44958850	0.03633704	0.45063120	0.53166276	0.53158264	0.28039958	0.28035718	0.53141994	0.53142101	0.28027180	0.28018577	59975	49480	0
59975	49485	0.00015222	0.03635342	0.44896401	0.03648016	0.45200407	0.53166227	0.53179481	0.28050755	0.28046647	0.53147212	0.53156892	0.28044905	0.28031231	59975	49483	0
59975	49488	0.00176661	0.03640658	0.45241850	0.03634081	0.44757533	0.53142340	0.53155142	0.28051930	0.28027197	0.53161609	0.53160401	0.28038610	0.28023951	59975	49486	0
59975	49491	0.00090428	0.03641905	0.44960082	0.03637362	0.45218780	0.53154205	0.53149850	0.28042563	0.28021667	0.53164131	0.53149825	0.28034863	0.28029843	59975	49489	0
59975	49494	0.00038307	0.03634321	0.44894515	0.03640706	0.45050879	0.53139546	0.53147566	0.28057271	0.28026161	0.53160450	0.53169514	0.28037969	0.28036416	59975	49493	0
59975	49825	0.00067866	0.03706904	0.44948819	0.03688356	0.44860142	0.53186392	0.53189309	0.28046893	0.28024436	0.53182168	0.53192308	0.28047871	0.28025939	59975	49823	0
59975	49828	0.00107690	0.03687639	0.45023389	0.03695379	0.44903918	0.53224158	0.53183853	0.28059129	0.28022340	0.53177435	0.53188413	0.28053631	0.28022595	59975	49826	0
59975	49831	0.00091305	0.03690805	0.44973482	0.03700137	0.45022637	0.53199531	0.53188339	0.28039120	0.28026679	0.53193689	0.53195611	0.28044412	0.28033401	59975	49830	0
59975	49835	0.00051095	0.03705718	0.44914414	0.03706225	0.45035044	0.53192571	0.53191322	0.28045061	0.28027591	0.53181494	0.53188117	0.28032193	0.28023737	59975	49833	0
59975	49838	0.00046579	0.03703125	0.44841378	0.03702230	0.44854925	0.53180212	0.53179777	0.28055957	0.28030763	0.53170639	0.53175299	0.28040665	0.28019612	59975	49836	0
59975	50168	0.00116323	0.03718788	0.44992307	0.03713741	0.44783077	0.53199851	0.53215407	0.28071717	0.28047485	0.53205825	0.53219704	0.28074363	0.28055603	59975	50167	0
59975	50171	0.00074438	0.03710380	0.44963627	0.03698858	0.45089281	0.53211142	0.53214346	0.28067609	0.28047099	0.53214955	0.53201684	0.28064716	0.28050879	59975	50170	0
59975	50175	0.00088506	0.03687405	0.44985158	0.03694807	0.44942955	0.53201215	0.53204215	0.28069490	0.28053944	0.53207140	0.53209983	0.28055053	0.28052481	59975	50173	0
59975	50178	0.00139135	0.03692492	0.45114512	0.03706256	0.44962625	0.53209203	0.53214971	0.28066976	0.28056039	0.53203664	0.53217527	0.28076327	0.28053385	59975	50176	0
59975	50181	0.00079927	0.03697507	0.44926771	0.03715083	0.45104394	0.53214437	0.53215152	0.28064199	0.28054765	0.53203508	0.53211068	0.28074774	0.28047263	59975	50180	0
59975	50512	0.00172614	0.03667193	0.45171709	0.03657733	0.44893648	0.53181856	0.53204305	0.28077247	0.28058726	0.53200106	0.53200698	0.28070846	0.28063525	59975	50510	0
59975	50515	0.00053389	0.03655205	0.44712808	0.03649161	0.45070483	0.53191289	0.53188380	0.28065464	0.28052169	0.53194108	0.53194584	0.28079096	0.28064527	59975	50513	0
59975	50518	0.00028363	0.03635995	0.45001677	0.03645516	0.45076753	0.53207518	0.53197797	0.28078036	0.28067855	0.53198644	0.53190163	0.28073081	0.28059457	59975	50516	0
59975	50521	0.00050628	0.03645749	0.45038608	0.03649309	0.44971812	0.53197271	0.53192300	0.28085497	0.28052966	0.53195184	0.53184995	0.28067699	0.28053155	59975	50520	0
59975	50525	0.00176916	0.03648880	0.45107424	0.03647374	0.44728561	0.53195439	0.53200714	0.28069047	0.28054543	0.53196630	0.53192514	0.28067666	0.28060829	59975	50523	0
59975	50855	0.00070529	0.03639454	0.44809840	0.03649223	0.45129000	0.53167254	0.53159694	0.28065817	0.28030640	0.53147886	0.53151329	0.28031100	0.28023836	59975	50853	0
59975	50858	0.00034052	0.03643050	0.44913041	0.03636559	0.45022472	0.53161765	0.53159209	0.28034625	0.28022028	0.53176071	0.53185307	0.28042218	0.28050772	59975	50857	0
59975	50862	0.00085269	0.03640978	0.44980786	0.03635056	0.44827135	0.53152455	0.53156374	0.28041905	0.28021058	0.53160204	0.53160812	0.28037057	0.28024879	59975	50860	0
59975	50865	0.00122672	0.03636113	0.45011493	0.03637350	0.44899285	0.53166013	0.53158536	0.28030155	0.28026441	0.53163351	0.53151444	0.28028101	0.28014082	59975	50863	0
59975	50868	-0.00020288	0.03636041	0.44755672	0.03637764	0.45184553	0.53156950	0.53148346	0.28041749	0.28016375	0.53149702	0.53146539	0.28038964	0.28012595	59975	50866	0
59975	51198	0.00063528	0.03661158	0.45029755	0.03664926	0.44778305	0.53215735	0.53222408	0.28069170	0.28053492	0.53214478	0.53230518	0.28087338	0.28059539	59975	51197	0
59975	51202	0.00201823	0.03663446	0.45235631	0.03664944	0.44820746	0.53219597	0.53217058	0.28068439	0.28050468	0.53223640	0.53220008	0.28072827	0.28055135	59975	51200	0
59975	51205	0.00128297	0.03660500	0.44753386	0.03674945	0.44973965	0.53223648	0.53215949	0.28076434	0.28056951	0.53202686	0.53205883	0.28070830	0.28046178	59975	51203	0
59975	51208	0.00117073	0.03671986	0.45078005	0.03667340	0.45111675	0.53215530	0.53238932	0.28067485	0.28066351	0.53217905	0.53212029	0.28058677	0.28052867	59975	51207	0
59975	51212	0.00069005	0.03681168	0.44932447	0.03681499	0.45076653	0.53214979	0.53212654	0.28071693	0.28053705	0.53206836	0.53221610	0.28088858	0.28059876	59975	51210	0
59975	51542	0.00137959	0.03661077	0.45070539	0.03666603	0.44863676	0.53221988	0.53216154	0.28075768	0.28069959	0.53217469	0.53218217	0.28079228	0.28065793	59975	51540	0
59975	51545	0.00145584	0.03662522	0.45030094	0.03667075	0.45007219	0.53220008	0.53209950	0.28083838	0.28069063	0.53198627	0.53234914	0.28090181	0.28073352	59975	51544	0
59975	51548	0.00125835	0.03670365	0.44900140	0.03669563	0.44959387	0.53218521	0.53221101	0.28079006	0.28073016	0.53216549	0.53224248	0.28079006	0.28076976	59975	51547	0
59975	51552	0.00124964	0.03676300	0.45010128	0.03676266	0.45012741	0.53232802	0.53224790	0.28103435	0.28068882	0.53225111	0.53226648	0.28086475	0.28072613	59975	51550	0
59975	51555	0.00060626	0.03682640	0.44901668	0.03673424	0.45094682	0.53211512	0.53209235	0.28076031	0.28069252	0.53218266	0.53231109	0.28078587	0.28092235	59975	51553	0
59975	51885	0.00105587	0.03664378	0.45042052	0.03657697	0.44907167	0.53174912	0.53174666	0.28050081	0.28027887	0.53186696	0.53181741	0.28044428	0.28037937	59975	51884	0
59975	51889	-0.00014766	0.03659906	0.44863128	0.03671441	0.45224190	0.53169029	0.53168906	0.28055825	0.28022620	0.53185447	0.53184888	0.28038602	0.28032160	59975	51887	0
59975	51892	0.00094371	0.03645067	0.45144250	0.03660334	0.44816837	0.53175726	0.53180007	0.28044724	0.28034839	0.53167657	0.53165808	0.28036605	0.28026967	59975	51890	0
59975	51895	0.00045183	0.03655263	0.45036202	0.03651395	0.45183766	0.53185274	0.53181938	0.28048726	0.28035159	0.53195546	0.53184896	0.28042275	0.28033146	59975	51893	0
59975	51898	0.00012220	0.03653157	0.44897279	0.03652814	0.44996167	0.53168873	0.53178306	0.28060419	0.28031511	0.53184674	0.53182259	0.28044855	0.28038725	59975	51897	0
59975	52229	0.00089206	0.03682735	0.45147750	0.03679961	0.44916793	0.53184222	0.53186548	0.28039284	0.28018388	0.53200706	0.53177041	0.28051454	0.28009620	59975	52227	0
59975	52232	0.00067805	0.03660484	0.44898747	0.03680720	0.44962951	0.53179571	0.53192053	0.28041963	0.28017542	0.53175077	0.53184724	0.28046400	0.28013745	59975	52230	0
59975	52235	0.00058046	0.03683485	0.44969368	0.03674135	0.44998644	0.53175151	0.53198266	0.28019415	0.28024888	0.53159135	0.53168536	0.28027928	0.28005832	59975	52234	0
59975	52239	0.00082274	0.03674754	0.45108281	0.03660939	0.45035598	0.53166556	0.53176950	0.28028380	0.28006539	0.53182291	0.53171757	0.28041108	0.28007821	59975	52237	0
59975	52242	0.00177008	0.03685455	0.45164291	0.03680239	0.44880091	0.53170804	0.53170335	0.28020335	0.28003917	0.53173926	0.53160557	0.28017237	0.28002085	59975	52240	0
59975	52572	0.00090834	0.03686216	0.44781915	0.03693876	0.45040436	0.53189029	0.53192160	0.28057617	0.28032891	0.53188512	0.53195998	0.28062177	0.28036022	59975	52571	0
59975	52575	0.00208822	0.03690777	0.45082924	0.03690362	0.44728958	0.53183992	0.53201873	0.28060032	0.28040607	0.53185192	0.53183031	0.28062785	0.28032431	59975	52574	0
59975	52579	0.00130762	0.03695513	0.44952926	0.03695305	0.45187107	0.53190977	0.53196096	0.28050254	0.28041133	0.53188356	0.53191051	0.28044724	0.28030804	59975	52577	0
59975	52582	0.00057468	0.03697964	0.44771262	0.03697242	0.44991146	0.53201815	0.53216113	0.28053089	0.28043467	0.53192029	0.53211520	0.28059827	0.28041757	59975	52580	0
59975	52585	0.00119678	0.03690304	0.45065500	0.03698061	0.44878869	0.53193828	0.53197657	0.28055702	0.28032184	0.53196885	0.53205784	0.28061290	0.28038676	59975	52584	0
59975	52916	0.00085672	0.03671322	0.44972993	0.03669924	0.45075011	0.53269401	0.53268588	0.28135803	0.28124356	0.53261932	0.53276271	0.28153839	0.28125112	59975	52914	0
59975	52919	0.00106683	0.03670417	0.45032026	0.03661631	0.44968993	0.53257487	0.53269763	0.28146050	0.28118802	0.53263419	0.53268859	0.28148572	0.28127545	59975	52917	0
59975	52922	0.00117133	0.03670167	0.45033021	0.03672948	0.45001671	0.53264545	0.53265622	0.28124775	0.28117807	0.53259475	0.53269360	0.28154784	0.28122179	59975	52921	0
59975	52925	0.00006210	0.03674329	0.44805569	0.03682471	0.45138338	0.53246665	0.53251447	0.28137454	0.28116616	0.53255136	0.53254389	0.28142746	0.28116566	59975	52924	0
59975	52929	0.00041095	0.03678497	0.44915645	0.03675051	0.44810990	0.53263937	0.53269352	0.28146033	0.28126871	0.53260823	0.53262384	0.28131168	0.28124176	59975	52927	0
59975	53259	0.00127975	0.03638684	0.45067316	0.03644245	0.44806676	0.53234741	0.53219326	0.28118777	0.28101036	0.53215957	0.53221076	0.28101595	0.28093156	59975	53257	0
59975	53262	0.00065238	0.03650278	0.44825573	0.03649366	0.45013784	0.53213097	0.53213221	0.28099762	0.28095424	0.53210706	0.53211791	0.28117158	0.28096426	59975	53261	0
59975	53266	0.00043563	0.03641751	0.44942035	0.03639606	0.45007060	0.53210747	0.53205981	0.28119138	0.28097881	0.53223747	0.53221331	0.28131555	0.28100601	59975	53264	0
59975	53269	0.00155058	0.03639849	0.45204577	0.03634777	0.44870092	0.53228488	0.53232441	0.28105876	0.28100116	0.53213484	0.53217395	0.28117388	0.28095448	59975	53267	0
59975	53272	0.00090876	0.03633134	0.44791127	0.03632049	0.44983672	0.53241134	0.53227634	0.28106648	0.28100732	0.53220583	0.53217066	0.28102836	0.28096106	59975	53271	0
59975	53603	0.00042780	0.03664693	0.44910262	0.03665520	0.45054549	0.53163869	0.53174691	0.28036334	0.28019547	0.53158371	0.53156103	0.28014403	0.28010524	59975	53601	0
59975	53606	0.00035384	0.03670607	0.44882066	0.03673235	0.44904255	0.53170771	0.53160302	0.28045200	0.28015734	0.53171642	0.53163630	0.28020672	0.28013532	59975	53604	0
59975	53609	0.00110587	0.03664621	0.44962425	0.03647969	0.44736814	0.53162283	0.53167657	0.28036515	0.28001346	0.53152759	0.53145898	0.28029432	0.27996884	59975	53607	0
59975	53612	0.00054763	0.03658061	0.44900157	0.03648163	0.45067631	0.53170894	0.53165627	0.28016654	0.28005544	0.53148552	0.53151000	0.28009858	0.27992085	59975	53611	0
59975	53616	0.00149820	0.03652884	0.45188627	0.03658861	0.44903455	0.53153983	0.53142192	0.28014025	0.28001017	0.53137417	0.53147097	0.28013318	0.27993720	59975	53614	0
59975	53946	0.00053370	0.03680793	0.44894340	0.03676272	0.45183692	0.53131583	0.53158445	0.28007525	0.28016892	0.53142003	0.53149028	0.28031478	0.28010006	59975	53944	0
59975	53949	0.00119771	0.03672184	0.45109414	0.03666849	0.44910210	0.53127590	0.53135906	0.28015397	0.27991879	0.53133983	0.53132561	0.28004986	0.28000113	59975	53948	0
59975	53952	0.00073479	0.03667891	0.45044663	0.03665125	0.45183540	0.53135889	0.53141600	0.28013753	0.27996958	0.53163975	0.53156794	0.28014887	0.28016818	59975	53951	0
59975	53956	0.00079450	0.03668180	0.44930879	0.03662799	0.44912964	0.53149439	0.53140811	0.28013630	0.27999727	0.53149784	0.53150105	0.28034510	0.28005939	59975	53954	0
59975	53959	0.00111848	0.03652636	0.45064615	0.03653614	0.44967423	0.53122306	0.53131518	0.28015044	0.27997336	0.53134878	0.53133605	0.28011683	0.27997368	59975	53957	0
59975	54289	0.00229004	0.03634630	0.45091548	0.03624819	0.44740080	0.53191232	0.53196704	0.28095300	0.28082005	0.53205004	0.53208200	0.28103090	0.28082646	59975	54288	0
59975	54293	0.00083845	0.03621143	0.44658775	0.03619318	0.45094252	0.53192916	0.53204239	0.28097232	0.28082013	0.53195135	0.53213599	0.28111932	0.28089680	59975	54291	0
59975	54296	0.00107701	0.03632836	0.44963773	0.03628735	0.44892204	0.53198175	0.53199416	0.28085045	0.28081101	0.53204412	0.53199588	0.28097199	0.28078357	59975	54294	0
59975	54299	0.00108943	0.03634838	0.45011828	0.03647812	0.45008101	0.53226943	0.53204264	0.28098678	0.28085489	0.53221791	0.53222744	0.28101077	0.28096073	59975	54298	0
59975	54302	0.00105989	0.03649131	0.45070024	0.03652821	0.45078887	0.53213771	0.53204954	0.28106410	0.28070863	0.53206023	0.53206310	0.28091192	0.28085456	59975	54301	0
59975	54633	0.00080673	0.03628715	0.45019294	0.03634624	0.45095243	0.53210254	0.53170245	0.28082860	0.28055546	0.53189564	0.53181281	0.28073180	0.28063319	59975	54631	0
59975	54636	0.00083327	0.03627731	0.44878377	0.03633687	0.44870413	0.53193311	0.53193154	0.28079573	0.28068192	0.53177509	0.53191692	0.28073016	0.28071725	59975	54634	0
59975	54639	0.00041174	0.03631264	0.44903391	0.03632856	0.45029853	0.53172817	0.53187435	0.28068184	0.28059416	0.53184609	0.53179949	0.28071249	0.28060164	59975	54638	0
59975	54643	0.00211326	0.03634459	0.45197370	0.03626828	0.44686913	0.53191034	0.53180114	0.28082441	0.28066902	0.53172891	0.53178462	0.28087806	0.28065415	59975	54641	0
59975	54646	0.00084576	0.03631930	0.44590633	0.03635062	0.44970885	0.53193220	0.53188684	0.28082301	0.28071660	0.53193549	0.53186153	0.28074643	0.28069416	59975	54644	0
59975	54976	0.00213447	0.03688927	0.45016328	0.03692639	0.44629716	0.53238365	0.53236023	0.28090058	0.28072884	0.53236886	0.53237050	0.28088365	0.28090937	59975	54975	0
59975	54979	0.00091186	0.03689096	0.44838848	0.03694272	0.45205629	0.53240083	0.53242334	0.28100108	0.28082556	0.53233262	0.53236188	0.28098407	0.28073287	59975	54978	0
59975	54983	0.00048188	0.03698107	0.44824263	0.03689726	0.44953259	0.53236303	0.53237174	0.28095489	0.28071274	0.53233377	0.53227445	0.28078965	0.28070961	59975	54981	0
59975	54986	0.00075325	0.03690865	0.45191193	0.03684464	0.45109782	0.53235843	0.53247815	0.28085111	0.28090715	0.53226072	0.53238940	0.28091348	0.28076327	59975	54984	0
59975	54989	0.00042184	0.03670010	0.45060452	0.03691698	0.45159875	0.53237083	0.53235695	0.28084930	0.28078176	0.53234955	0.53240313	0.28095662	0.28080247	59975	54988	0
59975	55320	0.00190244	0.03652418	0.45188436	0.03656941	0.44744254	0.53269369	0.53262877	0.28140224	0.28130560	0.53285515	0.53284800	0.28155483	0.28144225	59975	55318	0
59975	55323	0.00058416	0.03644540	0.44761002	0.03643821	0.45156486	0.53264356	0.53263888	0.28148071	0.28130741	0.53254224	0.53261365	0.28154538	0.28131974	59975	55321	0
59975	55326	0.00123715	0.03641938	0.45124835	0.03641422	0.44928940	0.53257207	0.53257996	0.28140347	0.28127676	0.53264364	0.53260626	0.28160282	0.28137241	59975	55325	0
59975	55329	0.00043743	0.03642839	0.44818625	0.03651439	0.45058540	0.53259713	0.53267175	0.28148770	0.28139295	0.53250058	0.53256081	0.28155828	0.28126435	59975	55328	0
59975	55333	0.00117235	0.03655870	0.45106201	0.03662554	0.44885723	0.53252926	0.53261981	0.28152295	0.28132976	0.53272327	0.53269788	0.28166765	0.28147841	59975	55331	0
59975	55663	-0.00000669	0.03691754	0.44930373	0.03690776	0.45284087	0.53161116	0.53175644	0.28024058	0.28018043	0.53153178	0.53165775	0.28017336	0.28015216	59975	55661	0
59975	55666	0.00036547	0.03673939	0.45006496	0.03669264	0.44894847	0.53159563	0.53155356	0.28035397	0.28006243	0.53161149	0.53164781	0.28021001	0.28013556	59975	55665	0
59975	55670	0.00077263	0.03668654	0.44924657	0.03669667	0.44802508	0.53139792	0.53151272	0.28034567	0.28004230	0.53150236	0.53152849	0.28036408	0.28011305	59975	55668	0
59975	55673	0.00020575	0.03676523	0.44903680	0.03678558	0.45073744	0.53159168	0.53152578	0.28017172	0.28005150	0.53154419	0.53162907	0.28027821	0.28015578	59975	55671	0
59975	55676	0.00063015	0.03684365	0.44919153	0.03686017	0.44791834	0.53141312	0.53153876	0.28034633	0.28016629	0.53165726	0.53154205	0.28024123	0.28019998	59975	55675	0
59975	56007	0.00064446	0.03654282	0.44921350	0.03656685	0.44917056	0.53229466	0.53232449	0.28103559	0.28083764	0.53233476	0.53227436	0.28118802	0.28086533	59975	56005	0
59975	56010	0.00181617	0.03668261	0.45157488	0.03674861	0.44805977	0.53229877	0.53231660	0.28116558	0.28096007	0.53215374	0.53225612	0.28106238	0.28085555	59975	56008	0
59975	56013	0.00049566	0.03675995	0.44852581	0.03675046	0.45248734	0.53205324	0.53233032	0.28114414	0.28097946	0.53215316	0.53225637	0.28110050	0.28085538	59975	56011	0
59975	56016	0.00027798	0.03671485	0.44777983	0.03675676	0.44843286	0.53215078	0.53219038	0.28120511	0.28091356	0.53220312	0.53231882	0.28116246	0.28098481	59975	56015	0
59975	56020	0.00069732	0.03664241	0.44989588	0.03657268	0.44863786	0.53224166	0.53220493	0.28105465	0.28093871	0.53233221	0.53225514	0.28115235	0.28091899	59975	56018	0
59975	56350	0.00047102	0.03664919	0.44752484	0.03662230	0.44820377	0.53107671	0.53116488	0.27969759	0.27963941	0.53106348	0.53085781	0.27974007	0.27949914	59975	56348	0
59975	56353	-0.00003577	0.03657305	0.44835169	0.03658835	0.44987203	0.53106513	0.53102881	0.27980030	0.27966390	0.53104910	0.53103719	0.27986012	0.27961205	59975	56352	0
59975	56356	0.00051428	0.03649387	0.44911332	0.03652444	0.44746319	0.53105116	0.53121608	0.27987582	0.27970391	0.53119997	0.53119940	0.27980901	0.27972840	59975	56355	0
59975	56360	0.00172125	0.03660256	0.45181246	0.03655093	0.44819153	0.53105790	0.53109520	0.27973539	0.27966948	0.53093209	0.53103398	0.27989932	0.27963588	59975	56358	0
59975	56363	0.00107578	0.03656367	0.44877965	0.03656541	0.45071606	0.53087909	0.53094269	0.27970309	0.27959635	0.53136694	0.53109701	0.27998519	0.27964434	59975	56361	0
59975	56693	0.00115516	0.03683023	0.45016046	0.03667327	0.44992232	0.53086126	0.53093538	0.27988642	0.27957219	0.53101878	0.53101155	0.27970063	0.27966579	59975	56692	0
59975	56697	0.00174283	0.03677083	0.44921368	0.03667347	0.44745069	0.53127573	0.53105872	0.28005955	0.27978485	0.53113226	0.53096710	0.27986185	0.27971879	59975	56695	0
59975	56700	0.00124855	0.03679298	0.44820169	0.03687952	0.44968452	0.53106628	0.53099988	0.27980277	0.27974122	0.53098148	0.53112758	0.27990786	0.27975437	59975	56698	0
59975	56703	0.00138024	0.03675182	0.45084888	0.03685344	0.45045379	0.53101057	0.53110671	0.27982857	0.27970145	0.53110827	0.53112232	0.27979315	0.27974500	59975	56702	0
59975	56706	0.00088997	0.03676184	0.44781180	0.03677563	0.44928262	0.53112248	0.53107039	0.27997993	0.27976834	0.53110276	0.53112240	0.27985281	0.27973530	59975	56705	0
59975	57037	0.00003035	0.03661591	0.44756686	0.03656826	0.45014573	0.53110515	0.53108238	0.27988124	0.27967598	0.53130375	0.53120778	0.27991468	0.27972881	59975	57035	0
59975	57040	0.00038810	0.03660523	0.45064446	0.03674147	0.44957120	0.53115511	0.53121813	0.28005824	0.27983621	0.53122832	0.53124130	0.27992668	0.27971764	59975	57038	0
59975	57043	0.00057289	0.03662567	0.44928194	0.03650767	0.44872759	0.53116135	0.53115371	0.27981353	0.27970885	0.53107055	0.53120515	0.27982914	0.27972544	59975	57042	0
59975	57047	0.00133714	0.03663115	0.45175563	0.03662142	0.44946288	0.53102930	0.53116431	0.27991789	0.27961944	0.53128551	0.53117417	0.27987163	0.27965856	59975	57045	0
59975	57050	0.00096621	0.03653616	0.44814354	0.03666600	0.44925633	0.53097885	0.53109405	0.27992956	0.27971846	0.53114993	0.53126201	0.27984747	0.27964853	59975	57048	0
59975	57380	0.00135127	0.03670370	0.45042247	0.03676815	0.44926728	0.53095600	0.53088394	0.27969011	0.27962470	0.53089142	0.53092379	0.27971879	0.27956784	59975	57379	0
59975	57383	0.00084878	0.03666630	0.44914318	0.03674119	0.45065064	0.53084819	0.53098098	0.27970827	0.27965946	0.53094483	0.53087687	0.27974648	0.27961188	59975	57382	0
59975	57387	0.00040963	0.03673971	0.44892465	0.03684198	0.45024210	0.53096956	0.53093719	0.27966842	0.27955675	0.53087285	0.53092848	0.27972701	0.27953513	59975	57385	0
59975	57390	0.00148706	0.03692316	0.45026555	0.03684562	0.44703327	0.53086816	0.53089996	0.27976127	0.27954352	0.53106176	0.53093489	0.27970449	0.27957499	59975	57388	0
59975	57393	0.00103907	0.03678293	0.44711193	0.03669667	0.44845591	0.53094187	0.53089996	0.27971665	0.27960950	0.53089947	0.53088690	0.27973070	0.27962100	59975	57392	0
59975	57724	0.00148830	0.03636146	0.44944705	0.03639013	0.44809935	0.53169875	0.53165824	0.28059244	0.28052999	0.53171050	0.53162702	0.28067042	0.28050985	59975	57722	0
59975	57727	0.00066286	0.03650988	0.44942930	0.03658981	0.45190563	0.53162283	0.53156465	0.28069499	0.28048890	0.53167402	0.53177304	0.28078275	0.28059498	59975	57725	0
59975	57730	0.00084757	0.03647643	0.44908376	0.03647294	0.44852962	0.53152365	0.53154476	0.28078422	0.28047164	0.53170130	0.53156506	0.28077790	0.28044321	59975	57729	0
59975	57734	0.00086881	0.03648144	0.44911814	0.03639430	0.44905442	0.53160927	0.53158158	0.28063114	0.28047887	0.53149168	0.53163186	0.28070386	0.28054042	59975	57732	0
59975	57737	0.00131981	0.03639250	0.45008473	0.03631019	0.44873175	0.53178750	0.53172176	0.28068562	0.28060353	0.53159160	0.53149998	0.28075752	0.28047657	59975	57735	0
59975	58067	0.00181928	0.03668635	0.45000276	0.03659860	0.44850432	0.53069322	0.53064351	0.27962010	0.27938254	0.53055575	0.53069831	0.27968107	0.27937317	59975	58066	0
59975	58070	0.00042393	0.03663810	0.44650324	0.03667532	0.45068931	0.53068936	0.53076824	0.27950983	0.27943932	0.53058089	0.53079372	0.27968436	0.27939314	59975	58069	0
59975	58074	0.00119237	0.03661042	0.45017033	0.03665943	0.44786501	0.53074762	0.53066314	0.27950802	0.27937958	0.53072732	0.53064400	0.27948986	0.27932124	59975	58072	0
59975	58077	0.00116592	0.03679290	0.44837185	0.03674365	0.44845119	0.53068903	0.53068944	0.27948320	0.27934811	0.53059412	0.53074589	0.27957753	0.27932247	59975	58075	0
59975	58080	0.00040195	0.03684994	0.44788269	0.03675399	0.45017462	0.53073381	0.53059527	0.27969159	0.27927284	0.53070801	0.53081837	0.27952593	0.27938838	59975	58079	0
59975	58411	0.00107564	0.03684005	0.45053423	0.03681330	0.44851313	0.53120071	0.53124648	0.28014361	0.27997270	0.53119792	0.53116020	0.28018396	0.27991764	59975	58409	0
59975	58414	0.00060461	0.03685455	0.44989181	0.03676108	0.45130491	0.53121139	0.53110087	0.28002159	0.27997138	0.53118140	0.53112076	0.28001099	0.27989291	59975	58412	0
59975	58417	0.00087469	0.03670618	0.45049724	0.03670551	0.44968701	0.53121977	0.53125618	0.28000072	0.27997245	0.53110523	0.53122019	0.28026621	0.27993449	59975	58416	0
59975	58420	0.00033983	0.03666285	0.44833793	0.03671702	0.44994250	0.53115724	0.53117327	0.28009423	0.27994049	0.53119101	0.53113103	0.28018273	0.27990606	59975	58419	0
59975	58424	0.00068110	0.03675261	0.44938088	0.03676841	0.44835708	0.53114746	0.53123399	0.28001600	0.27990129	0.53102569	0.53112643	0.28008889	0.27996916	59975	58422	0
59975	58754	0.00076688	0.03660860	0.44956315	0.03657749	0.44930580	0.53055698	0.53072412	0.27956274	0.27932009	0.53066027	0.53052312	0.27938640	0.27924301	59975	58752	0
59975	58757	0.00070057	0.03657287	0.44943709	0.03656435	0.44963601	0.53061466	0.53060168	0.27959923	0.27929766	0.53060341	0.53062847	0.27961911	0.27934893	59975	58756	0
59975	58761	0.00103329	0.03651677	0.44940535	0.03656931	0.44840721	0.53051384	0.53058377	0.27949980	0.27936068	0.53053479	0.53062978	0.27957573	0.27931335	59975	58759	0
59975	58764	0.00064014	0.03666875	0.44800590	0.03658244	0.44918535	0.53062617	0.53068015	0.27944162	0.27931828	0.53058040	0.53060341	0.27943489	0.27929322	59975	58762	0
59975	58767	0.00151708	0.03655859	0.45126118	0.03656621	0.44863035	0.53063381	0.53048007	0.27938041	0.27929823	0.53055797	0.53060398	0.27930982	0.27928755	59975	58765	0
59975	59098	0.00000022	0.03676926	0.44671374	0.03678650	0.45126432	0.53074647	0.53086282	0.27966833	0.27948452	0.53072847	0.53088336	0.27967055	0.27955190	59975	59096	0
59975	59101	0.00140495	0.03675609	0.44993209	0.03677739	0.44571789	0.53074236	0.53072165	0.27980186	0.27953990	0.53086290	0.53083899	0.27983925	0.27959479	59975	59099	0
59975	59104	0.00187365	0.03681146	0.45025384	0.03676149	0.44884775	0.53078805	0.53081935	0.27984311	0.27960802	0.53085559	0.53080243	0.27965083	0.27952996	59975	59102	0
59975	59107	0.00125677	0.03675377	0.44900996	0.03673898	0.45086060	0.53086570	0.53085575	0.27970120	0.27961607	0.53073562	0.53074375	0.27981920	0.27959906	59975	59106	0
59975	59111	0.00101880	0.03669876	0.44875140	0.03687939	0.44946532	0.53084704	0.53084072	0.27973834	0.27954220	0.53089922	0.53082239	0.27970819	0.27962470	59975	59109	0
59975	59441	0.00064473	0.03660587	0.44922321	0.03654232	0.45034541	0.53100761	0.53093382	0.28029481	0.27996456	0.53116135	0.53091771	0.28027525	0.28003252	59975	59439	0
59975	59444	0.00115873	0.03653715	0.45085057	0.03658019	0.44930856	0.53111681	0.53104269	0.28024641	0.28006761	0.53090333	0.53086940	0.28003252	0.28002406	59975	59443	0
59975	59447	0.00124045	0.03648362	0.44817999	0.03663951	0.44793485	0.53101057	0.53121148	0.28012751	0.28021001	0.53103111	0.53092848	0.28010163	0.27990376	59975	59446	0
59975	59451	-0.00006803	0.03659542	0.44953763	0.03638313	0.45346307	0.53098123	0.53087400	0.28013334	0.27992340	0.53095214	0.53096603	0.28002570	0.27999801	59975	59449	0
59975	59454	0.00038360	0.03646570	0.44918420	0.03654302	0.44782930	0.53096611	0.53089610	0.28013499	0.27992874	0.53102371	0.53093710	0.28034444	0.27988831	59975	59452	0
59975	59784	0.00111437	0.03677521	0.45020896	0.03673278	0.44801663	0.53070571	0.53070760	0.27949257	0.27941985	0.53063159	0.53069084	0.27965165	0.27947827	59975	59783	0
59975	59788	0.00036156	0.03673799	0.44742729	0.03677893	0.44968575	0.53053479	0.53062748	0.27962388	0.27942511	0.53065698	0.53053282	0.27980457	0.27939733	59975	59786	0
59975	59791	0.00066059	0.03683152	0.45062125	0.03680284	0.44972414	0.53045484	0.53056051	0.27961172	0.27927621	0.53048812	0.53058032	0.27946710	0.27945387	59975	59789	0
59975	59794	0.00107027	0.03675141	0.44957670	0.03674676	0.44834768	0.53044580	0.53036897	0.27928878	0.27920965	0.53038787	0.53048171	0.27934606	0.27927358	59975	59793	0
59975	59797	0.00132750	0.03675146	0.44952498	0.03678780	0.44875326	0.53049716	0.53055394	0.27946792	0.27926085	0.53042460	0.53042427	0.27950374	0.27918599	59975	59796	0
59975	60128	0.00071799	0.03648973	0.44725815	0.03650492	0.44908667	0.53090202	0.53090054	0.28004345	0.27992290	0.53077309	0.53087580	0.28015709	0.27993523	59975	60126	0
59975	60131	0.00073901	0.03652571	0.44943691	0.03660987	0.44937385	0.53084721	0.53093513	0.28017443	0.27992307	0.53091615	0.53084910	0.27999135	0.27984558	59975	60129	0
59975	60134	0.00079921	0.03661316	0.44852902	0.03659567	0.44834841	0.53084474	0.53087868	0.28017336	0.27990951	0.53075411	0.53086167	0.28010943	0.27990589	59975	60133	0
59975	60138	0.00101013	0.03661458	0.44932372	0.03664919	0.44869097	0.53086307	0.53086290	0.28020656	0.27988666	0.53094031	0.53085370	0.27996465	0.27981172	59975	60136	0
59975	60141	0.00146059	0.03650749	0.45011010	0.03655072	0.44875870	0.53091434	0.53095214	0.28001304	0.27995544	0.53077818	0.53085362	0.28017714	0.27984320	59975	60139	0
59975	60471	0.00124997	0.03672279	0.44908746	0.03669624	0.44971934	0.53072970	0.53068837	0.27959052	0.27951015	0.53067646	0.53064112	0.27976053	0.27943513	59975	60470	0
59975	60475	-0.00012491	0.03677381	0.44703664	0.03684702	0.45116127	0.53061466	0.53059486	0.27967606	0.27939774	0.53055797	0.53064704	0.27973613	0.27950317	59975	60473	0
59975	60478	0.00082439	0.03685361	0.44904593	0.03690203	0.44619802	0.53073110	0.53071853	0.27966004	0.27946118	0.53070168	0.53078188	0.27970654	0.27954039	59975	60476	0
59975	60481	0.00074013	0.03686294	0.44910364	0.03683977	0.44935641	0.53065912	0.53066512	0.27977146	0.27945173	0.53068443	0.53063611	0.27961188	0.27948008	59975	60479	0
59975	60484	0.00051385	0.03691585	0.44753012	0.03699682	0.44820896	0.53077046	0.53068969	0.27960473	0.27946249	0.53081188	0.53083488	0.27974434	0.27959882	59975	60483	0
59975	60815	0.00097417	0.03673314	0.45000469	0.03663892	0.44862374	0.53141830	0.53135906	0.28056811	0.28039490	0.53126160	0.53123793	0.28068693	0.28036408	59975	60813	0
59975	60818	0.00075733	0.03659757	0.44891286	0.03661685	0.44956339	0.53167772	0.53129233	0.28066105	0.28041618	0.53130112	0.53123440	0.28052004	0.28043738	59975	60816	0
59975	60821	0.00172289	0.03664044	0.45025645	0.03659426	0.44735976	0.53125577	0.53121410	0.28062259	0.28038931	0.53115494	0.53127162	0.28064231	0.28041207	59975	60820	0
59975	60825	0.00067332	0.03661846	0.44788746	0.03660135	0.45103619	0.53147196	0.53127023	0.28057765	0.28040862	0.53132389	0.53127425	0.28062161	0.28044707	59975	60823	0
59975	60828	0.00072642	0.03653931	0.44753746	0.03664270	0.44737817	0.53123563	0.53136686	0.28075719	0.28046063	0.53136119	0.53149012	0.28059268	0.28049235	59975	60826	0
