% File initiated 26/04/2023 14:19:51 UTC
% Raw fountain data
%
% File notes: collisional shift map RF amps 380 3ms OP
%
%% fountain_code = ALPHA-CsF1
%% microwave_ref = ALPHA HM1
%% MJD_start = 60060.597121
%% clock_data = False
%% sequence = 1
%% density = HD
%
% Units: V.s, Hz
%
% Shot B MJD days	Shot B MJD seconds	freq error	shot A sum	shot A ratio	shot B sum	shot B ratio	shot A F=3 bg 1	shot A F=3 bg 2	shot A F=4 bg 1	shot A F=4 bg 2	shot B F=3 bg 1	shot B F=3 bg 2	shot B F=4 bg 1	shot B F=4 bg 2	Shot A MJD days	Shot A MJD seconds	Shot order (0=LF->HF)
60060	51607	0.00144059	0.04464617	0.48018805	0.04474833	0.47907549	0.64802234	0.64741978	0.33833414	0.33823956	0.64782957	0.64722076	0.33811039	0.33815271	60060	51606	0
60060	51611	0.00135746	0.04455905	0.47891579	0.04464256	0.47916518	0.64787254	0.64742660	0.33811318	0.33806848	0.64775101	0.64728148	0.33799749	0.33794490	60060	51609	0
60060	51614	0.00109581	0.04467187	0.47842604	0.04470404	0.47921100	0.64766950	0.64701098	0.33803175	0.33798409	0.64761403	0.64712347	0.33787653	0.33791499	60060	51612	0
60060	51617	0.00137175	0.04487900	0.47873393	0.04427872	0.47790612	0.64794617	0.64714508	0.33807456	0.33798212	0.64775397	0.64715124	0.33791663	0.33793906	60060	51615	0
60060	51620	0.00117597	0.04487921	0.47878720	0.04460039	0.47937453	0.64765331	0.64712848	0.33790455	0.33792485	0.64822029	0.64765117	0.33821877	0.33813348	60060	51619	0
60060	51722	0.00112855	0.04440994	0.47783896	0.04421827	0.47798121	0.64789867	0.64737384	0.33861903	0.33847301	0.64799917	0.64755955	0.33850703	0.33852265	60060	51721	0
60060	51725	0.00121121	0.04448624	0.47981607	0.04410071	0.47956812	0.64816261	0.64737376	0.33865815	0.33861073	0.64776194	0.64710654	0.33849734	0.33850342	60060	51724	0
60060	51729	0.00073814	0.04436254	0.47792905	0.04431157	0.47934824	0.64826606	0.64754254	0.33853579	0.33853809	0.64799350	0.64753120	0.33860621	0.33862462	60060	51727	0
60060	51732	0.00181039	0.04423566	0.48064279	0.04421181	0.47742607	0.64807690	0.64753630	0.33841114	0.33858929	0.64791774	0.64725363	0.33851270	0.33848419	60060	51730	0
60060	51735	0.00193955	0.04432599	0.47753845	0.04426028	0.47715095	0.64789982	0.64740795	0.33836118	0.33840678	0.64800394	0.64726489	0.33846595	0.33845403	60060	51734	0
60060	51837	0.00084829	0.04440425	0.47784004	0.04417378	0.48111384	0.64690892	0.64615508	0.33712491	0.33704002	0.64653586	0.64602188	0.33689064	0.33703476	60060	51835	0
60060	51840	0.00157835	0.04434307	0.47986776	0.04457501	0.47767758	0.64723119	0.64667432	0.33736271	0.33728120	0.64665813	0.64623199	0.33707421	0.33714882	60060	51839	0
60060	51844	0.00194163	0.04418024	0.47887782	0.04463574	0.47778799	0.64706094	0.64627587	0.33724299	0.33710182	0.64677021	0.64601769	0.33696393	0.33698144	60060	51842	0
60060	51847	0.00056363	0.04432066	0.47585742	0.04433365	0.47999141	0.64670784	0.64620060	0.33715728	0.33710584	0.64692100	0.64628113	0.33717700	0.33713510	60060	51845	0
60060	51850	0.00215769	0.04407897	0.48035804	0.04443135	0.47557583	0.64686134	0.64618195	0.33710798	0.33702063	0.64688640	0.64619386	0.33714594	0.33701554	60060	51848	0
60060	51952	0.00050718	0.04461601	0.47632753	0.04470447	0.48127907	0.64737146	0.64694170	0.33777907	0.33795533	0.64761543	0.64694779	0.33805657	0.33797596	60060	51950	0
60060	51955	0.00128870	0.04466131	0.47948045	0.04464559	0.47713590	0.64778446	0.64713629	0.33824006	0.33807185	0.64773499	0.64729586	0.33815731	0.33818319	60060	51954	0
60060	51958	0.00026563	0.04464229	0.47707335	0.04472191	0.48014256	0.64765610	0.64730720	0.33822444	0.33816881	0.64805710	0.64752356	0.33841747	0.33852684	60060	51957	0
60060	51962	0.00041805	0.04471799	0.47828761	0.04459050	0.47783036	0.64794214	0.64736653	0.33834967	0.33828484	0.64832703	0.64759053	0.33842922	0.33851681	60060	51960	0
60060	51965	0.00190025	0.04465092	0.48020009	0.04408878	0.47575348	0.64820164	0.64751452	0.33859356	0.33854960	0.64820386	0.64751666	0.33853020	0.33849980	60060	51963	0
60060	52067	0.00172514	0.04468318	0.47827526	0.04489150	0.47880059	0.64883970	0.64823928	0.33872594	0.33880006	0.64893642	0.64827962	0.33900384	0.33894090	60060	52065	0
60060	52070	0.00118142	0.04463491	0.47850110	0.04460028	0.48013229	0.64887372	0.64832268	0.33887672	0.33882421	0.64903412	0.64820715	0.33922119	0.33884435	60060	52068	0
60060	52073	0.00041643	0.04472154	0.47587646	0.04478037	0.47817143	0.64895409	0.64841175	0.33905725	0.33885634	0.64889451	0.64833270	0.33887155	0.33890244	60060	52072	0
60060	52077	0.00061389	0.04469609	0.48026011	0.04480687	0.47966771	0.64905039	0.64846960	0.33904567	0.33898470	0.64882294	0.64821520	0.33890836	0.33890606	60060	52075	0
60060	52080	0.00047395	0.04456588	0.47747723	0.04479091	0.47789705	0.64917981	0.64852835	0.33907024	0.33909341	0.64900774	0.64847601	0.33906859	0.33919489	60060	52078	0
60060	52182	0.00015121	0.04465329	0.47821865	0.04434090	0.47918689	0.64909526	0.64846130	0.33903761	0.33896432	0.64922106	0.64855687	0.33923335	0.33910467	60060	52180	0
60060	52185	0.00079901	0.04451295	0.48037837	0.04436886	0.47843497	0.64907488	0.64870256	0.33896555	0.33906563	0.64904743	0.64867043	0.33893728	0.33910220	60060	52183	0
60060	52188	0.00116907	0.04454231	0.47991631	0.04454060	0.47880611	0.64893182	0.64870527	0.33904953	0.33899176	0.64900355	0.64848316	0.33894525	0.33889028	60060	52187	0
60060	52192	0.00055893	0.04450865	0.47702051	0.04440160	0.47885095	0.64904135	0.64832835	0.33893523	0.33888108	0.64893034	0.64835842	0.33888420	0.33877335	60060	52190	0
60060	52195	0.00175505	0.04417075	0.48071395	0.04452752	0.47712558	0.64908926	0.64810369	0.33879077	0.33863128	0.64891670	0.64850707	0.33880844	0.33874558	60060	52193	0
60060	52297	0.00137785	0.04441891	0.47711904	0.04474445	0.47825065	0.64883280	0.64826943	0.33850498	0.33858666	0.64890240	0.64829170	0.33869323	0.33869085	60060	52295	0
60060	52300	0.00221718	0.04487319	0.47855868	0.04459897	0.47604069	0.64875909	0.64813755	0.33864196	0.33863563	0.64878054	0.64832482	0.33877483	0.33862996	60060	52298	0
60060	52303	0.00095300	0.04477527	0.47562117	0.04491315	0.47941372	0.64891735	0.64832810	0.33888625	0.33863982	0.64883617	0.64814889	0.33867212	0.33853366	60060	52302	0
60060	52306	0.00118688	0.04471387	0.47770592	0.04479720	0.47700428	0.64897989	0.64827617	0.33866135	0.33856266	0.64898761	0.64851595	0.33879545	0.33876546	60060	52305	0
60060	52310	0.00076066	0.04477434	0.47690199	0.04484527	0.47818062	0.64882368	0.64829375	0.33875872	0.33866899	0.64891349	0.64837765	0.33879619	0.33874508	60060	52308	0
60060	52411	0.00056046	0.04499207	0.47820879	0.04503228	0.47880938	0.64887627	0.64831397	0.33842798	0.33854434	0.64906970	0.64825283	0.33856554	0.33845707	60060	52410	0
60060	52415	0.00065605	0.04523103	0.47907468	0.04500611	0.47878793	0.64870420	0.64825809	0.33839396	0.33821080	0.64891604	0.64834133	0.33841319	0.33853735	60060	52413	0
60060	52418	0.00171295	0.04505036	0.48038232	0.04491111	0.47721161	0.64903568	0.64824108	0.33850884	0.33828813	0.64907710	0.64832580	0.33853177	0.33855272	60060	52416	0
60060	52421	0.00189355	0.04497100	0.47864880	0.04474481	0.47810703	0.64879484	0.64837313	0.33838090	0.33841451	0.64858620	0.64787254	0.33834055	0.33824482	60060	52420	0
60060	52425	0.00116327	0.04475090	0.47714413	0.04494447	0.47933497	0.64899082	0.64830863	0.33862856	0.33852223	0.64897093	0.64824626	0.33852330	0.33844713	60060	52423	0
60060	52526	0.00085909	0.04459016	0.47603820	0.04459587	0.47695073	0.64922533	0.64864216	0.33896728	0.33896654	0.64929008	0.64871792	0.33910138	0.33893860	60060	52525	0
60060	52530	0.00006822	0.04432020	0.47763505	0.04460351	0.48000764	0.64903642	0.64851923	0.33897319	0.33891477	0.64924752	0.64850066	0.33886489	0.33886267	60060	52528	0
60060	52533	0.00055776	0.04446121	0.47874246	0.04466352	0.47727386	0.64914850	0.64857462	0.33880285	0.33879734	0.64893017	0.64847716	0.33876168	0.33878124	60060	52531	0
60060	52536	0.00143529	0.04443905	0.47994993	0.04469335	0.47731735	0.64896025	0.64834413	0.33881140	0.33878338	0.64904571	0.64835095	0.33887040	0.33864796	60060	52535	0
60060	52539	0.00159949	0.04461757	0.48040265	0.04443949	0.47991004	0.64904201	0.64842564	0.33857515	0.33869825	0.64913675	0.64842975	0.33884352	0.33855576	60060	52538	0
60060	52641	0.00088656	0.04466996	0.47867260	0.04454976	0.48081140	0.64836459	0.64763425	0.33767135	0.33763741	0.64829022	0.64783647	0.33776420	0.33774366	60060	52640	0
60060	52645	0.00139158	0.04475620	0.47854505	0.04470156	0.47702997	0.64843493	0.64778676	0.33779280	0.33760610	0.64849343	0.64760664	0.33771498	0.33758268	60060	52643	0
60060	52648	0.00092160	0.04477847	0.47749721	0.04479574	0.47890715	0.64843287	0.64775150	0.33785960	0.33768844	0.64847174	0.64768371	0.33766190	0.33755261	60060	52646	0
60060	52651	0.00124024	0.04480128	0.47948165	0.04474841	0.47852574	0.64822777	0.64762307	0.33762706	0.33760216	0.64840148	0.64767837	0.33771572	0.33774086	60060	52649	0
60060	52654	0.00186041	0.04466862	0.47770607	0.04455160	0.47584557	0.64834289	0.64765479	0.33771137	0.33772427	0.64829696	0.64765421	0.33772459	0.33767792	60060	52653	0
60060	52756	0.00101851	0.04520864	0.47644628	0.04540367	0.47897197	0.64980530	0.64919238	0.33932283	0.33927073	0.64980694	0.64935295	0.33942325	0.33935808	60060	52755	0
60060	52759	0.00134991	0.04532591	0.47917828	0.04530650	0.47818406	0.64985978	0.64913453	0.33950336	0.33932012	0.64974671	0.64925155	0.33942366	0.33929251	60060	52758	0
60060	52763	0.00131980	0.04542366	0.47739024	0.04558816	0.47748058	0.64993308	0.64930693	0.33942965	0.33948068	0.64997022	0.64934193	0.33933581	0.33932152	60060	52761	0
60060	52766	0.00014062	0.04556424	0.47624355	0.04546652	0.47978110	0.65003522	0.64962452	0.33962489	0.33968233	0.65005773	0.64922788	0.33931412	0.33931749	60060	52764	0
60060	52769	0.00084878	0.04559423	0.47972992	0.04555096	0.47760543	0.64973554	0.64926880	0.33930262	0.33920081	0.64992231	0.64934070	0.33941643	0.33935652	60060	52768	0
60060	52871	0.00094121	0.04494653	0.47683651	0.04496201	0.47655923	0.65003776	0.64930808	0.33916128	0.33910089	0.65028148	0.64939888	0.33924000	0.33917755	60060	52869	0
60060	52874	0.00112629	0.04514289	0.47949435	0.04490974	0.47893911	0.65013579	0.64978829	0.33924041	0.33928766	0.65015223	0.64946043	0.33917410	0.33910064	60060	52873	0
60060	52878	0.00152836	0.04482064	0.47712799	0.04496597	0.47592177	0.65007474	0.64940529	0.33911748	0.33903909	0.64999561	0.64955714	0.33920368	0.33920319	60060	52876	0
60060	52881	0.00097392	0.04493911	0.47763324	0.04479410	0.47929657	0.65008370	0.64941030	0.33937665	0.33929202	0.65035840	0.64969346	0.33948118	0.33933680	60060	52879	0
60060	52884	0.00044068	0.04461009	0.47648273	0.04494667	0.47808246	0.65048823	0.64974063	0.33953829	0.33941133	0.65028436	0.64988698	0.33951602	0.33956409	60060	52882	0
60060	52986	0.00042935	0.04462805	0.47818567	0.04471574	0.47821966	0.65076054	0.64983209	0.34011644	0.33961175	0.65062356	0.64965304	0.33960526	0.33962859	60060	52984	0
60060	52989	0.00146410	0.04457927	0.48041118	0.04460113	0.47730693	0.65062537	0.64988016	0.33988357	0.33972539	0.65060351	0.65005297	0.33975473	0.33984520	60060	52988	0
60060	52993	0.00074600	0.04482024	0.47596672	0.04471309	0.47812101	0.65046021	0.64990448	0.33961503	0.33959211	0.65050285	0.64981738	0.33975062	0.33959350	60060	52991	0
60060	52996	0.00113401	0.04446846	0.47985254	0.04466490	0.47868851	0.65063671	0.64974351	0.33965965	0.33956614	0.65058905	0.64978106	0.33976376	0.33971619	60060	52994	0
60060	52999	0.00079508	0.04468605	0.47903393	0.04468399	0.48005071	0.65067870	0.64996973	0.33983624	0.33968874	0.65067377	0.64996981	0.33966401	0.33956195	60060	52997	0
60060	53101	0.00027905	0.04501532	0.47743701	0.04488193	0.47898512	0.65038995	0.64993809	0.33967247	0.33965596	0.65059037	0.64994039	0.33976869	0.33961462	60060	53099	0
60060	53104	0.00087425	0.04487699	0.47920246	0.04501212	0.47741686	0.65062110	0.65002610	0.33963155	0.33972432	0.65044665	0.64962723	0.33964478	0.33971767	60060	53103	0
60060	53107	0.00184032	0.04523221	0.47943631	0.04481494	0.47653808	0.65066407	0.64982272	0.33983295	0.33977716	0.65055610	0.64990514	0.33976902	0.33964388	60060	53106	0
60060	53111	-0.00048746	0.04487194	0.47595589	0.04488673	0.48293925	0.65044780	0.64983168	0.33976664	0.33960797	0.65053728	0.65002848	0.33974708	0.33967346	60060	53109	0
60060	53114	0.00148778	0.04498613	0.48145064	0.04495539	0.47552491	0.65078651	0.65033933	0.34000288	0.33994356	0.65091453	0.65037237	0.34007109	0.34018046	60060	53112	0
60060	53216	0.00131385	0.04525517	0.47834710	0.04517786	0.47886887	0.65058125	0.65023958	0.33948964	0.33949383	0.65089884	0.65027409	0.33954650	0.33949482	60060	53214	0
60060	53219	0.00123354	0.04500436	0.47915275	0.04514962	0.47939371	0.65083968	0.65013267	0.33966499	0.33948331	0.65073096	0.65024484	0.33958060	0.33955834	60060	53217	0
60060	53222	0.00176664	0.04508184	0.47970062	0.04517011	0.47810130	0.65063096	0.65008255	0.33938397	0.33962021	0.65055881	0.65005494	0.33948833	0.33944428	60060	53221	0
60060	53226	0.00172597	0.04505158	0.47916818	0.04518006	0.47929021	0.65084230	0.65017770	0.33954560	0.33938430	0.65090722	0.65033917	0.33964116	0.33944897	60060	53224	0
60060	53229	0.00148723	0.04519133	0.47990010	0.04516869	0.48061633	0.65056341	0.64994368	0.33951396	0.33955069	0.65085685	0.65011418	0.33963927	0.33952473	60060	53227	0
60060	53331	0.00124608	0.04490986	0.47886912	0.04501202	0.47959257	0.65112875	0.65063458	0.34025071	0.34024858	0.65124371	0.65077542	0.34025030	0.34025581	60060	53329	0
60060	53334	0.00073405	0.04481302	0.47855355	0.04481166	0.48008962	0.65103787	0.65052315	0.34025301	0.34016123	0.65107403	0.65039989	0.34002869	0.34010305	60060	53332	0
60060	53337	0.00146655	0.04482990	0.47906323	0.04518241	0.47686573	0.65140518	0.65053309	0.34023379	0.34006254	0.65116245	0.65040548	0.34036436	0.34012400	60060	53336	0
60060	53341	0.00038800	0.04492407	0.47662237	0.04472573	0.47985801	0.65135086	0.65053244	0.34022187	0.34028112	0.65131093	0.65044895	0.34011160	0.34000872	60060	53339	0
60060	53344	0.00052521	0.04491347	0.47867898	0.04474089	0.47826735	0.65126491	0.65041378	0.34021579	0.34008703	0.65084986	0.64975887	0.33988834	0.33969959	60060	53342	0
60060	53446	0.00069436	0.04509059	0.47895477	0.04483548	0.47844733	0.64986767	0.64916395	0.33872331	0.33866365	0.64987128	0.64911876	0.33884320	0.33859997	60060	53444	0
60060	53449	0.00171320	0.04518780	0.48071072	0.04496429	0.47765421	0.64996496	0.64912295	0.33879110	0.33870827	0.64983940	0.64893477	0.33872479	0.33860284	60060	53447	0
60060	53452	0.00122169	0.04499419	0.47845976	0.04508539	0.47993427	0.64990892	0.64940726	0.33862980	0.33866875	0.64994614	0.64941178	0.33884476	0.33867491	60060	53451	0
60060	53455	0.00095302	0.04515769	0.47860369	0.04497528	0.47940971	0.64988435	0.64919542	0.33877688	0.33857663	0.64979700	0.64928359	0.33880293	0.33859824	60060	53454	0
60060	53459	0.00111864	0.04493567	0.47797517	0.04528891	0.47747831	0.65013358	0.64929871	0.33883301	0.33868403	0.65020868	0.64976791	0.33881370	0.33894887	60060	53457	0
60060	53561	0.00100759	0.04515093	0.47820891	0.04505623	0.47854205	0.65067755	0.65024878	0.33965448	0.33969227	0.65078832	0.65011164	0.33969811	0.33970123	60060	53559	0
60060	53564	0.00150002	0.04461891	0.47794076	0.04535661	0.47646348	0.65056933	0.65016529	0.33978307	0.33980748	0.65085595	0.65024097	0.34003986	0.33985325	60060	53562	0
60060	53567	0.00018942	0.04534397	0.47659664	0.04560039	0.48052842	0.65094609	0.65011870	0.34022245	0.33982054	0.65087723	0.65043671	0.33983731	0.33994421	60060	53565	0
60060	53570	0.00113024	0.04524613	0.47967445	0.04541497	0.47685201	0.65079004	0.65007063	0.33976261	0.33958636	0.65076375	0.65024689	0.33991644	0.33981192	60060	53569	0
60060	53574	0.00022609	0.04519032	0.47796232	0.04544079	0.48067475	0.65119153	0.65035905	0.33996377	0.33990346	0.65079530	0.65045807	0.33981364	0.33981266	60060	53572	0
60060	53675	0.00093778	0.04463958	0.47950525	0.04475300	0.47737020	0.65070656	0.65011016	0.33942941	0.33950024	0.65112037	0.65011607	0.33981882	0.33953771	60060	53674	0
60060	53679	0.00070392	0.04463818	0.47846954	0.04476936	0.47917111	0.65083064	0.65023456	0.33967543	0.33949712	0.65066950	0.65024056	0.33955456	0.33971709	60060	53677	0
60060	53682	0.00144600	0.04443300	0.48036807	0.04468829	0.47814182	0.65091815	0.65028683	0.33971241	0.33976565	0.65085003	0.65018518	0.33970238	0.33957124	60060	53680	0
60060	53685	0.00086206	0.04466252	0.47758230	0.04457873	0.47933413	0.65089867	0.65037853	0.33975842	0.33967609	0.65097624	0.65033646	0.33975801	0.33974938	60060	53684	0
60060	53688	0.00042815	0.04502292	0.47843510	0.04463790	0.47973683	0.65091725	0.65034122	0.33983386	0.33973837	0.65117140	0.65040022	0.33986114	0.33981052	60060	53687	0
60060	53790	0.00158759	0.04488636	0.48028967	0.04415620	0.47681137	0.64963701	0.64911391	0.33833759	0.33827473	0.64988755	0.64914300	0.33848789	0.33843102	60060	53789	0
60060	53794	0.00083369	0.04471845	0.47708164	0.04477846	0.47934332	0.64975772	0.64920027	0.33845625	0.33841607	0.64990785	0.64908408	0.33854434	0.33822272	60060	53792	0
60060	53797	0.00097482	0.04486793	0.47747282	0.04489928	0.47704942	0.64986167	0.64920002	0.33839462	0.33838287	0.64992617	0.64933700	0.33838698	0.33835354	60060	53795	0
60060	53800	0.00128770	0.04498977	0.47934054	0.04461234	0.47840193	0.64995140	0.64943651	0.33843883	0.33842494	0.64983825	0.64940233	0.33850580	0.33827983	60060	53798	0
60060	53803	0.00089724	0.04476322	0.47838349	0.04488639	0.47955486	0.64991451	0.64936963	0.33843669	0.33839175	0.64997326	0.64943076	0.33845978	0.33839051	60060	53802	0
60060	53905	0.00107602	0.04521063	0.47832969	0.04523738	0.47779335	0.65002552	0.64927119	0.33853144	0.33851081	0.65012593	0.64943988	0.33874993	0.33869118	60060	53904	0
60060	53908	0.00073495	0.04513375	0.47847615	0.04517478	0.47949937	0.65021049	0.64957473	0.33876883	0.33867146	0.65027417	0.64964663	0.33884673	0.33885947	60060	53907	0
60060	53912	0.00129738	0.04545424	0.48008506	0.04509163	0.47839777	0.65022462	0.64969626	0.33882093	0.33888124	0.65024393	0.64970546	0.33887467	0.33884090	60060	53910	0
60060	53915	0.00119190	0.04516109	0.47966863	0.04510257	0.47998506	0.65039250	0.64977276	0.33884131	0.33889636	0.65024253	0.64983431	0.33885519	0.33895840	60060	53913	0
60060	53918	0.00183721	0.04493555	0.47745931	0.04509850	0.47552339	0.65050483	0.64968500	0.33910935	0.33898124	0.65057722	0.64983505	0.33919226	0.33906851	60060	53917	0
60060	54020	0.00082446	0.04499410	0.47735175	0.04491043	0.48039000	0.65235106	0.65190109	0.34080521	0.34084555	0.65273168	0.65207595	0.34108344	0.34108845	60060	54018	0
60060	54023	0.00142566	0.04553767	0.47896455	0.04473731	0.47716096	0.65218951	0.65164438	0.34075122	0.34080422	0.65228343	0.65164635	0.34086601	0.34087489	60060	54022	0
60060	54027	0.00183256	0.04460512	0.47847569	0.04488327	0.47725500	0.65238417	0.65172968	0.34078647	0.34081786	0.65250266	0.65182590	0.34083323	0.34089108	60060	54025	0
60060	54030	0.00120963	0.04476078	0.47707809	0.04490824	0.47894686	0.65245919	0.65192163	0.34092099	0.34093389	0.65232624	0.65179270	0.34097366	0.34079871	60060	54028	0
60060	54033	0.00059830	0.04461254	0.47737366	0.04460605	0.47920767	0.65220947	0.65156007	0.34080512	0.34069312	0.65207644	0.65152983	0.34074440	0.34071170	60060	54032	0
60060	54135	0.00166097	0.04501645	0.47937955	0.04493140	0.47619154	0.65162704	0.65086622	0.33980855	0.33992523	0.65175737	0.65100196	0.33999549	0.33997273	60060	54133	0
60060	54138	0.00066443	0.04480734	0.47633406	0.04492634	0.47932367	0.65163017	0.65100583	0.33993575	0.33994684	0.65173296	0.65098627	0.33991192	0.33978464	60060	54137	0
60060	54142	0.00011155	0.04501421	0.47799253	0.04509443	0.47965119	0.65155292	0.65099482	0.33974462	0.33975826	0.65160321	0.65117551	0.34004093	0.33982589	60060	54140	0
60060	54145	0.00057266	0.04495449	0.47951615	0.04509877	0.47813280	0.65164586	0.65094822	0.33983049	0.33995268	0.65167257	0.65105447	0.33990050	0.33981118	60060	54143	0
60060	54148	0.00148042	0.04493215	0.47835032	0.04507841	0.47562703	0.65187841	0.65097575	0.33997946	0.33989409	0.65174488	0.65103680	0.33993057	0.33979828	60060	54146	0
60060	54250	0.00128211	0.04523267	0.47954109	0.04531628	0.48013602	0.65210512	0.65153082	0.34020001	0.34018777	0.65210997	0.65141742	0.34034168	0.34039451	60060	54248	0
60060	54253	0.00107215	0.04538483	0.47747228	0.04528770	0.47810217	0.65211448	0.65137560	0.34028383	0.34016394	0.65204127	0.65134199	0.34023995	0.34015835	60060	54252	0
60060	54256	0.00172049	0.04524412	0.47887551	0.04543234	0.47693049	0.65212459	0.65150206	0.34026945	0.34023510	0.65220192	0.65146229	0.34034299	0.34032721	60060	54255	0
60060	54260	0.00165671	0.04520748	0.47855411	0.04529562	0.47874544	0.65210651	0.65148899	0.34010732	0.34027627	0.65202040	0.65139138	0.34025589	0.34027167	60060	54258	0
60060	54263	0.00033303	0.04524434	0.47694291	0.04530089	0.48091397	0.65204809	0.65142129	0.34023625	0.34019139	0.65200462	0.65142942	0.34021546	0.34018415	60060	54261	0
60060	54365	0.00092350	0.04600894	0.47835489	0.04601353	0.47658349	0.65259165	0.65189821	0.34099478	0.34079058	0.65256002	0.65227431	0.34109305	0.34116865	60060	54363	0
60060	54368	0.00128112	0.04578351	0.47886719	0.04581277	0.47779432	0.65275838	0.65204957	0.34108804	0.34097719	0.65273710	0.65203429	0.34106585	0.34096708	60060	54366	0
60060	54371	0.00152670	0.04564429	0.47969192	0.04589120	0.47895517	0.65270308	0.65223429	0.34116265	0.34116791	0.65274515	0.65197898	0.34099100	0.34086059	60060	54370	0
60060	54375	0.00153763	0.04587074	0.47692372	0.04579484	0.47689093	0.65242756	0.65174011	0.34075508	0.34076502	0.65235418	0.65169631	0.34075393	0.34071260	60060	54373	0
60060	54378	0.00082329	0.04598364	0.47656937	0.04548597	0.47871241	0.65239847	0.65168021	0.34057398	0.34049969	0.65223930	0.65156558	0.34062205	0.34033847	60060	54376	0
60060	54480	0.00076441	0.04497961	0.47927263	0.04481380	0.47944928	0.65240907	0.65172705	0.34068392	0.34062484	0.65226289	0.65174619	0.34069296	0.34050840	60060	54478	0
60060	54483	0.00035241	0.04486427	0.47776165	0.04476733	0.47899763	0.65228359	0.65170133	0.34057965	0.34066067	0.65243076	0.65190199	0.34061769	0.34075352	60060	54481	0
60060	54486	0.00013946	0.04446739	0.47688506	0.04472904	0.47752393	0.65240619	0.65194225	0.34083635	0.34092082	0.65238869	0.65209452	0.34070915	0.34089625	60060	54485	0
60060	54489	0.00065300	0.04491694	0.47974406	0.04474925	0.47820344	0.65237111	0.65186123	0.34063708	0.34050314	0.65256331	0.65183962	0.34080102	0.34066206	60060	54488	0
60060	54493	0.00148193	0.04483710	0.47849081	0.04479996	0.47600401	0.65257111	0.65159401	0.34073536	0.34063955	0.65250324	0.65181218	0.34072336	0.34081310	60060	54491	0
60060	54595	0.00132541	0.04516864	0.47956287	0.04513356	0.48003244	0.65101692	0.65014615	0.33906432	0.33907147	0.65110944	0.65046826	0.33911740	0.33900368	60060	54593	0
60060	54598	0.00127382	0.04502721	0.47820856	0.04518846	0.47836332	0.65102588	0.65045470	0.33931741	0.33924551	0.65113886	0.65035930	0.33909744	0.33898617	60060	54596	0
60060	54601	0.00051732	0.04528921	0.47607327	0.04521641	0.47834278	0.65122703	0.65056785	0.33931166	0.33922759	0.65082702	0.65024878	0.33912915	0.33903474	60060	54599	0
60060	54604	0.00070519	0.04522566	0.47765841	0.04494508	0.47709479	0.65111807	0.65054443	0.33916703	0.33900844	0.65102719	0.65030737	0.33908881	0.33886711	60060	54603	0
60060	54608	0.00112929	0.04520991	0.47714070	0.04520337	0.47586841	0.65098561	0.65050885	0.33902956	0.33898494	0.65076613	0.65026538	0.33901781	0.33896645	60060	54606	0
60060	54709	-0.00007045	0.04528758	0.47672688	0.04503682	0.48032611	0.65166903	0.65085816	0.33990083	0.33977814	0.65166780	0.65122161	0.33993115	0.33997445	60060	54708	0
60060	54713	0.00116100	0.04517975	0.48063290	0.04513672	0.47693855	0.65182705	0.65130041	0.34016419	0.34009360	0.65187430	0.65126302	0.34018366	0.33997790	60060	54711	0
60060	54716	0.00100831	0.04505229	0.47875284	0.04534058	0.47921089	0.65194866	0.65129877	0.34020010	0.34018695	0.65190938	0.65129236	0.34007298	0.34018670	60060	54714	0
60060	54719	0.00134231	0.04521386	0.47797223	0.04533955	0.47697024	0.65191744	0.65159031	0.34019541	0.34030659	0.65199969	0.65138546	0.34010683	0.34010100	60060	54718	0
60060	54722	0.00063199	0.04515726	0.47837308	0.04540175	0.48050404	0.65219649	0.65151340	0.34038934	0.34016723	0.65209468	0.65139778	0.34034086	0.34016903	60060	54721	0
60060	54824	0.00050926	0.04485476	0.47804620	0.04479796	0.47841438	0.65217085	0.65157404	0.33998061	0.34001480	0.65207102	0.65143788	0.34000066	0.33997881	60060	54823	0
60060	54828	0.00126855	0.04487590	0.48116418	0.04468659	0.47888631	0.65204678	0.65155473	0.34014890	0.34016369	0.65225163	0.65151702	0.34015515	0.34026452	60060	54826	0
60060	54831	-0.00014711	0.04485558	0.47743353	0.04487974	0.48168050	0.65225335	0.65161250	0.34037709	0.34025112	0.65223380	0.65147199	0.34031407	0.34017470	60060	54829	0
60060	54834	0.00058844	0.04460696	0.48137612	0.04472422	0.47916949	0.65229732	0.65158505	0.34028481	0.34022343	0.65218121	0.65154627	0.34022918	0.34021916	60060	54832	0
60060	54837	0.00032516	0.04487728	0.47701719	0.04449893	0.47780701	0.65235714	0.65152622	0.34032212	0.34029443	0.65213486	0.65168382	0.34028424	0.34019426	60060	54836	0
60060	54939	0.00036228	0.04490812	0.47957789	0.04465172	0.47946655	0.65088380	0.65025379	0.33889028	0.33875322	0.65092637	0.65025798	0.33895487	0.33883950	60060	54938	0
60060	54942	0.00184515	0.04405566	0.48112863	0.04492839	0.47668000	0.65089136	0.65048732	0.33890359	0.33904805	0.65118825	0.65044616	0.33911223	0.33890819	60060	54941	0
60060	54946	0.00100890	0.04493364	0.47786459	0.04468645	0.48037335	0.65100763	0.65030646	0.33895955	0.33881279	0.65095850	0.65034410	0.33887220	0.33884040	60060	54944	0
60060	54949	0.00087772	0.04473022	0.47832753	0.04481885	0.47872109	0.65095693	0.65039743	0.33897508	0.33887089	0.65088035	0.65030006	0.33893663	0.33881707	60060	54947	0
60060	54952	0.00114016	0.04490915	0.47826889	0.04496999	0.47748155	0.65094691	0.65034558	0.33893498	0.33889727	0.65101832	0.65021764	0.33888256	0.33867852	60060	54951	0
60060	55054	0.00036999	0.04545409	0.47745278	0.04528310	0.47976330	0.65127198	0.65039053	0.33902874	0.33880786	0.65118710	0.65045577	0.33904854	0.33889061	60060	55052	0
60060	55057	0.00132207	0.04513660	0.48002650	0.04520096	0.47717028	0.65128973	0.65052216	0.33907673	0.33908371	0.65131923	0.65064813	0.33904197	0.33892652	60060	55056	0
60060	55061	0.00089262	0.04513893	0.47694711	0.04539032	0.47823546	0.65120748	0.65058010	0.33896703	0.33895824	0.65127140	0.65042265	0.33890022	0.33885404	60060	55059	0
60060	55064	0.00170589	0.04560270	0.47998750	0.04502440	0.47754767	0.65116976	0.65060639	0.33896432	0.33898042	0.65117954	0.65065594	0.33901132	0.33897262	60060	55062	0
60060	55067	0.00105817	0.04567032	0.47781948	0.04458175	0.47976266	0.65134585	0.65054008	0.33918634	0.33902011	0.65133451	0.65057319	0.33906432	0.33901633	60060	55065	0
60060	55169	0.00103811	0.04553407	0.47943162	0.04547551	0.47949179	0.65328995	0.65265468	0.34101598	0.34105534	0.65366161	0.65298238	0.34132018	0.34122247	60060	55167	0
60060	55172	0.00100447	0.04542852	0.47911725	0.04500493	0.47921817	0.65329759	0.65281393	0.34122568	0.34100743	0.65346727	0.65303366	0.34129322	0.34122724	60060	55171	0
60060	55175	0.00042419	0.04548147	0.47739003	0.04541785	0.47913087	0.65349176	0.65262419	0.34114992	0.34123669	0.65348404	0.65284507	0.34123020	0.34119971	60060	55174	0
60060	55179	0.00135479	0.04561757	0.48077252	0.04544105	0.47798073	0.65343482	0.65277317	0.34118139	0.34106306	0.65335240	0.65287490	0.34126126	0.34112559	60060	55177	0
60060	55182	0.00100207	0.04555599	0.47933340	0.04545793	0.48039155	0.65343137	0.65264942	0.34116997	0.34098993	0.65327162	0.65252493	0.34112009	0.34095690	60060	55180	0
60060	55284	0.00146515	0.04487874	0.47814237	0.04476375	0.47675312	0.65326587	0.65270053	0.34121031	0.34130752	0.65342775	0.65275131	0.34142034	0.34127876	60060	55282	0
60060	55287	0.00082908	0.04477114	0.47813326	0.04465412	0.48004149	0.65340951	0.65267013	0.34133053	0.34115468	0.65340310	0.65275592	0.34112239	0.34111729	60060	55285	0
60060	55290	0.00093677	0.04473302	0.47892460	0.04486518	0.47860152	0.65318617	0.65295978	0.34118024	0.34118467	0.65353778	0.65264926	0.34124860	0.34115115	60060	55289	0
60060	55294	0.00060493	0.04472925	0.47899723	0.04460020	0.47999275	0.65328880	0.65266881	0.34111869	0.34108114	0.65315223	0.65259297	0.34106076	0.34091162	60060	55292	0
60060	55297	0.00048403	0.04463410	0.47808454	0.04475614	0.47844727	0.65339768	0.65261466	0.34106257	0.34098204	0.65311328	0.65244802	0.34088023	0.34081145	60060	55295	0
60060	55399	0.00122323	0.04540999	0.47903971	0.04563998	0.47682210	0.65268525	0.65230331	0.34022220	0.34019804	0.65279873	0.65245287	0.34032960	0.34024143	60060	55397	0
60060	55402	0.00034585	0.04540207	0.47689560	0.04506477	0.47952773	0.65257300	0.65208983	0.34019730	0.34018317	0.65296948	0.65227973	0.34022360	0.34033231	60060	55400	0
60060	55405	0.00118066	0.04525257	0.47996377	0.04513755	0.47745934	0.65285189	0.65213651	0.34033256	0.34032130	0.65283488	0.65203675	0.34037101	0.34022179	60060	55404	0
60060	55408	0.00176239	0.04513281	0.47886248	0.04514106	0.47711730	0.65288106	0.65224604	0.34037060	0.34033773	0.65300309	0.65212369	0.34064053	0.34019936	60060	55407	0
60060	55412	0.00089275	0.04521618	0.47765507	0.04516117	0.48026398	0.65280226	0.65204949	0.34029665	0.34027964	0.65293143	0.65210471	0.34025277	0.34017659	60060	55410	0
60060	55514	0.00096937	0.04556075	0.47882666	0.04580460	0.47859681	0.65364255	0.65293415	0.34120103	0.34114400	0.65383088	0.65313349	0.34135247	0.34136652	60060	55512	0
60060	55517	0.00071440	0.04599597	0.47849842	0.04581931	0.47926333	0.65391314	0.65321131	0.34138986	0.34144097	0.65429359	0.65360146	0.34189595	0.34164944	60060	55515	0
60060	55520	0.00115017	0.04572627	0.48003486	0.04564880	0.47872757	0.65404847	0.65342734	0.34175963	0.34154976	0.65407033	0.65329956	0.34162142	0.34146447	60060	55518	0
60060	55523	0.00091206	0.04511255	0.47783602	0.04549267	0.47855034	0.65406195	0.65366293	0.34162166	0.34162758	0.65398783	0.65352685	0.34167861	0.34170614	60060	55522	0
60060	55527	0.00132524	0.04551703	0.47854658	0.04568670	0.47730706	0.65430731	0.65369456	0.34208421	0.34189119	0.65411733	0.65347631	0.34170983	0.34163152	60060	55525	0
60060	55628	0.00124540	0.04484145	0.47715946	0.04482149	0.47739899	0.65381716	0.65334352	0.34152684	0.34148608	0.65394625	0.65348634	0.34151131	0.34153522	60060	55627	0
60060	55632	0.00067840	0.04500709	0.47720938	0.04505591	0.47891037	0.65394461	0.65329488	0.34154031	0.34139166	0.65372488	0.65304549	0.34150646	0.34149495	60060	55630	0
60060	55635	0.00150074	0.04483165	0.47973870	0.04498537	0.47727166	0.65389136	0.65307088	0.34155601	0.34150646	0.65372784	0.65335092	0.34141566	0.34155798	60060	55633	0
60060	55638	0.00107551	0.04485499	0.47941594	0.04492597	0.48069162	0.65392209	0.65317869	0.34152018	0.34138320	0.65398224	0.65315174	0.34157367	0.34132806	60060	55637	0
60060	55642	0.00096669	0.04484260	0.47888471	0.04474990	0.47921119	0.65389112	0.65318797	0.34150991	0.34132831	0.65345873	0.65301147	0.34135493	0.34137671	60060	55640	0
60060	55743	0.00002530	0.04526817	0.47688077	0.04519180	0.47970492	0.65303193	0.65226453	0.34035433	0.34024702	0.65314097	0.65235845	0.34039665	0.34033740	60060	55742	0
60060	55747	0.00023722	0.04513453	0.47799851	0.04508290	0.47736275	0.65322109	0.65264350	0.34040700	0.34049452	0.65326176	0.65267268	0.34026435	0.34049813	60060	55745	0
60060	55750	0.00127066	0.04522430	0.47981210	0.04468590	0.47671178	0.65349653	0.65252107	0.34062895	0.34034348	0.65313021	0.65252510	0.34037652	0.34026213	60060	55748	0
60060	55753	0.00159528	0.04496488	0.47777256	0.04519934	0.47679870	0.65320876	0.65261425	0.34055820	0.34045581	0.65326784	0.65262181	0.34062328	0.34046576	60060	55751	0
60060	55756	0.00120278	0.04527730	0.47561391	0.04513683	0.47679144	0.65328009	0.65250201	0.34042919	0.34030388	0.65337861	0.65268130	0.34069847	0.34058737	60060	55755	0
60060	55858	0.00182897	0.04571276	0.48058125	0.04562391	0.47870267	0.65302289	0.65241540	0.34028284	0.34010650	0.65316045	0.65248795	0.34023954	0.34023987	60060	55857	0
60060	55862	0.00015824	0.04595604	0.47518223	0.04576854	0.48019442	0.65317647	0.65230299	0.34028966	0.34021020	0.65286701	0.65223782	0.34018645	0.34010437	60060	55860	0
60060	55865	0.00121831	0.04576334	0.48203486	0.04572780	0.47885464	0.65301903	0.65239995	0.34015359	0.34018941	0.65285082	0.65227571	0.34019171	0.34013962	60060	55863	0
60060	55868	0.00042091	0.04578924	0.47764566	0.04595589	0.48003785	0.65288312	0.65219871	0.34010338	0.33997905	0.65270053	0.65228400	0.34008325	0.34012187	60060	55866	0
60060	55871	0.00121633	0.04585073	0.48111478	0.04581419	0.47872853	0.65274975	0.65230989	0.34004964	0.34012737	0.65286882	0.65247127	0.34004660	0.34016509	60060	55870	0
60060	55973	0.00169394	0.04599681	0.47868575	0.04574088	0.47725292	0.65310334	0.65271245	0.34039911	0.34047438	0.65335026	0.65285378	0.34073150	0.34078565	60060	55971	0
60060	55976	0.00057131	0.04578575	0.47743437	0.04567749	0.48080224	0.65350688	0.65281952	0.34074539	0.34059739	0.65332512	0.65262954	0.34059345	0.34065122	60060	55975	0
60060	55980	0.00079172	0.04579534	0.47998387	0.04569507	0.47932264	0.65311870	0.65241063	0.34051506	0.34055064	0.65332578	0.65300440	0.34065376	0.34074095	60060	55978	0
60060	55983	0.00015827	0.04555792	0.47802629	0.04559436	0.47992664	0.65350146	0.65281952	0.34066814	0.34055376	0.65341846	0.65276684	0.34077332	0.34070849	60060	55981	0
60060	55986	0.00205408	0.04562112	0.48231722	0.04586630	0.47662979	0.65333407	0.65287695	0.34079781	0.34060512	0.65317647	0.65263332	0.34060512	0.34048186	60060	55985	0
60060	56088	0.00121101	0.04498140	0.47697934	0.04491492	0.47950857	0.65282732	0.65248245	0.34046863	0.34039501	0.65300194	0.65244440	0.34052245	0.34040068	60060	56086	0
60060	56091	0.00086939	0.04479687	0.47595404	0.04476348	0.47697888	0.65295600	0.65249354	0.34042204	0.34052615	0.65290251	0.65236437	0.34033387	0.34029459	60060	56090	0
60060	56095	0.00083342	0.04481772	0.47859998	0.04479670	0.47870789	0.65300843	0.65223602	0.34048153	0.34029188	0.65298115	0.65217726	0.34036855	0.34020240	60060	56093	0
60060	56098	0.00076302	0.04478392	0.47839954	0.04506485	0.47861074	0.65283003	0.65234941	0.34034800	0.34030708	0.65295461	0.65217373	0.34024923	0.34033560	60060	56096	0
60060	56101	0.00193323	0.04503396	0.48045302	0.04518494	0.47694239	0.65308222	0.65225820	0.34011875	0.34003509	0.65268303	0.65201662	0.34018177	0.33999582	60060	56099	0
