% File initiated 27/04/2023 12:42:33 UTC
% Raw fountain data
%
% File notes: collisional shift map RF amps 360 mV 3ms OP
%
%% fountain_code = ALPHA-CsF1
%% microwave_ref = ALPHA HM1
%% MJD_start = 60061.529558
%% clock_data = True
%% sequence = 2
%% density = LD
%
% Units: V.s, Hz
%
% Shot B MJD days	Shot B MJD seconds	freq error	shot A sum	shot A ratio	shot B sum	shot B ratio	shot A F=3 bg 1	shot A F=3 bg 2	shot A F=4 bg 1	shot A F=4 bg 2	shot B F=3 bg 1	shot B F=3 bg 2	shot B F=4 bg 1	shot B F=4 bg 2	Shot A MJD days	Shot A MJD seconds	Shot order (0=LF->HF)
60061	45839	0.00026559	0.00583084	0.46277676	0.00584588	0.46544544	0.64445749	0.64278958	0.33710445	0.33704693	0.64455059	0.64300503	0.33705186	0.33700354	60061	45837	0
60061	45842	-0.00023529	0.00584903	0.46440927	0.00585588	0.46591190	0.64463950	0.64298925	0.33704898	0.33702499	0.64431123	0.64270108	0.33685571	0.33683270	60061	45840	0
60061	45845	0.00244361	0.00584623	0.46908056	0.00589031	0.46104387	0.64459489	0.64273354	0.33697075	0.33693838	0.64449406	0.64257355	0.33678899	0.33687018	60061	45843	0
60061	45848	0.00163225	0.00586488	0.46500647	0.00582508	0.46744056	0.64429069	0.64297890	0.33671257	0.33694479	0.64409890	0.64270182	0.33663599	0.33663155	60061	45847	0
60061	45852	0.00108287	0.00583658	0.46392840	0.00589368	0.46557652	0.64415568	0.64265087	0.33668874	0.33677609	0.64414508	0.64242991	0.33656203	0.33653409	60061	45850	0
60061	45855	0.00054842	0.00587638	0.46460036	0.00588563	0.46620373	0.64406044	0.64232038	0.33649679	0.33642308	0.64408879	0.64245350	0.33653146	0.33643360	60061	45853	0
60061	45858	0.00147546	0.00589963	0.46631540	0.00590045	0.46353427	0.64400465	0.64243903	0.33635578	0.33634058	0.64397375	0.64224675	0.33641166	0.33631848	60061	45856	0
60061	45861	0.00137816	0.00586413	0.46581301	0.00586832	0.46610491	0.64387531	0.64243254	0.33639399	0.33629423	0.64391179	0.64222235	0.33630360	0.33627953	60061	45860	0
60061	45865	0.00105034	0.00591566	0.46427504	0.00589612	0.46525851	0.64380308	0.64214773	0.33623606	0.33642974	0.64382017	0.64212966	0.33636819	0.33618675	60061	45863	0
60061	45868	0.00074125	0.00592826	0.46596193	0.00585887	0.46688919	0.64349420	0.64181576	0.33604452	0.33592192	0.64357193	0.64192932	0.33604690	0.33604583	60061	45866	0
60061	45871	0.00135279	0.00588257	0.46641801	0.00585060	0.46458339	0.64359667	0.64204420	0.33602792	0.33603161	0.64373480	0.64225185	0.33622233	0.33600918	60061	45870	0
60061	45874	0.00058800	0.00588550	0.46637529	0.00585595	0.46866966	0.64374112	0.64216220	0.33620072	0.33604369	0.64396857	0.64222029	0.33624148	0.33616712	60061	45873	0
60061	45878	0.00158513	0.00587417	0.46805201	0.00583437	0.46506062	0.64379371	0.64223623	0.33607574	0.33624312	0.64376216	0.64219893	0.33621708	0.33628306	60061	45876	0
60061	45881	0.00046704	0.00584384	0.46444825	0.00575132	0.46780252	0.64382954	0.64223459	0.33631889	0.33633713	0.64356511	0.64198783	0.33615742	0.33618766	60061	45879	0
60061	45884	0.00119874	0.00585500	0.46506557	0.00583696	0.46287046	0.64371236	0.64188487	0.33608018	0.33614575	0.64389569	0.64209983	0.33632801	0.33620878	60061	45883	0
60061	45887	0.00233613	0.00583782	0.46650067	0.00586740	0.46308853	0.64363652	0.64199465	0.33627624	0.33619809	0.64365410	0.64197838	0.33623285	0.33616802	60061	45886	0
60061	45891	0.00041166	0.00578818	0.46400443	0.00587595	0.46977783	0.64383398	0.64244487	0.33635742	0.33632431	0.64387917	0.64223015	0.33619530	0.33626539	60061	45889	0
60061	45894	0.00186089	0.00581549	0.46628530	0.00584058	0.46193761	0.64387572	0.64207699	0.33638627	0.33627188	0.64381483	0.64215275	0.33629645	0.33632382	60061	45892	0
60061	45897	0.00178270	0.00585457	0.46468152	0.00581248	0.46491607	0.64387942	0.64207953	0.33633770	0.33634888	0.64403916	0.64215776	0.33650837	0.33647813	60061	45896	0
60061	45901	0.00158488	0.00577019	0.46460308	0.00585890	0.46519657	0.64395362	0.64245251	0.33667625	0.33657764	0.64368180	0.64228356	0.33626991	0.33648775	60061	45899	0
60061	45904	0.00131783	0.00578539	0.46411260	0.00578090	0.46491375	0.64365106	0.64199416	0.33620261	0.33620606	0.64351030	0.64185389	0.33627123	0.33618610	60061	45902	0
60061	45907	0.00183053	0.00577144	0.46595880	0.00577022	0.46442070	0.64372798	0.64202686	0.33628676	0.33609472	0.64362592	0.64171724	0.33610080	0.33610894	60061	45905	0
60061	45910	0.00123822	0.00568788	0.46280135	0.00576290	0.46457827	0.64351096	0.64182094	0.33624460	0.33621239	0.64374474	0.64197452	0.33625068	0.33618651	60061	45909	0
60061	45914	0.00109891	0.00576948	0.46418858	0.00575515	0.46460652	0.64384047	0.64208348	0.33626202	0.33626794	0.64366544	0.64199021	0.33629391	0.33610713	60061	45912	0
60061	45917	0.00121182	0.00577671	0.46692069	0.00575165	0.46658196	0.64406135	0.64228940	0.33637682	0.33633721	0.64388706	0.64223500	0.33627714	0.33621535	60061	45915	0
60061	45920	-0.00002480	0.00574260	0.46309598	0.00572484	0.46680583	0.64388665	0.64213755	0.33626901	0.33632891	0.64368295	0.64211585	0.33632998	0.33625734	60061	45918	0
60061	45923	0.00174653	0.00577071	0.46648249	0.00573887	0.46116849	0.64364104	0.64210796	0.33614016	0.33614378	0.64356174	0.64190327	0.33618240	0.33613679	60061	45922	0
60061	45927	0.00174156	0.00573650	0.46534118	0.00576449	0.46535609	0.64354638	0.64209794	0.33621173	0.33606037	0.64366396	0.64215677	0.33623285	0.33619719	60061	45925	0
60061	45930	0.00193100	0.00574067	0.46563861	0.00571473	0.46507029	0.64392749	0.64211889	0.33623515	0.33633664	0.64371039	0.64238307	0.33622825	0.33635595	60061	45928	0
60061	45933	0.00139687	0.00575549	0.46195392	0.00576152	0.46355633	0.64371836	0.64215965	0.33617862	0.33630968	0.64348269	0.64205751	0.33622505	0.33610393	60061	45932	0
60061	46411	0.00236561	0.00574956	0.46795273	0.00572509	0.46504650	0.64681664	0.64557881	0.33817588	0.33832075	0.64706447	0.64521306	0.33836742	0.33818213	60061	46409	0
60061	46414	0.00078607	0.00572605	0.46079345	0.00574328	0.46553206	0.64706258	0.64551381	0.33844581	0.33837375	0.64715173	0.64543180	0.33850933	0.33843702	60061	46412	0
60061	46417	0.00085493	0.00581249	0.46670277	0.00573795	0.46649618	0.64720013	0.64548686	0.33842067	0.33840095	0.64724582	0.64569155	0.33841903	0.33844803	60061	46415	0
60061	46420	0.00041292	0.00573790	0.46453339	0.00577462	0.46585943	0.64721246	0.64559384	0.33854343	0.33849561	0.64745347	0.64561291	0.33849668	0.33851780	60061	46419	0
60061	46424	0.00071179	0.00570681	0.46500768	0.00572543	0.46411107	0.64727335	0.64569689	0.33847803	0.33843612	0.64696151	0.64517395	0.33840169	0.33833349	60061	46422	0
60061	46427	0.00153480	0.00574008	0.46516067	0.00572873	0.46269163	0.64716045	0.64557462	0.33850605	0.33847047	0.64733103	0.64553016	0.33856759	0.33847729	60061	46425	0
60061	46430	0.00154871	0.00576249	0.46445457	0.00572447	0.46441286	0.64718271	0.64563526	0.33869488	0.33860432	0.64736694	0.64574742	0.33870424	0.33867696	60061	46428	0
60061	46433	0.00142519	0.00572511	0.46682063	0.00574539	0.46719118	0.64737516	0.64570568	0.33872364	0.33868847	0.64720170	0.64582310	0.33872701	0.33874517	60061	46432	0
60061	46437	0.00098448	0.00574883	0.46184670	0.00571188	0.46316884	0.64746366	0.64558990	0.33880992	0.33863555	0.64731698	0.64573370	0.33879430	0.33865091	60061	46435	0
60061	46440	0.00125318	0.00573146	0.46311572	0.00574309	0.46230961	0.64737828	0.64571513	0.33879044	0.33866546	0.64736407	0.64572606	0.33876152	0.33875535	60061	46438	0
60061	46443	0.00110235	0.00571772	0.46313371	0.00571696	0.46358621	0.64726119	0.64574274	0.33871369	0.33877113	0.64773729	0.64597422	0.33907196	0.33892381	60061	46442	0
60061	46446	0.00099973	0.00572301	0.46281980	0.00573683	0.46312764	0.64753638	0.64586764	0.33893474	0.33889685	0.64766038	0.64591078	0.33892520	0.33885051	60061	46445	0
60061	46450	0.00160930	0.00574964	0.46500052	0.00566803	0.46317182	0.64755914	0.64577339	0.33877836	0.33879077	0.64761535	0.64600437	0.33900664	0.33902151	60061	46448	0
60061	46453	0.00147589	0.00572417	0.46572044	0.00567687	0.46612067	0.64758470	0.64599418	0.33897607	0.33892216	0.64775413	0.64594735	0.33897484	0.33878444	60061	46451	0
60061	46456	0.00112236	0.00572189	0.46402712	0.00571706	0.46508769	0.64734410	0.64574619	0.33874936	0.33882076	0.64736793	0.64566180	0.33879710	0.33894755	60061	46455	0
60061	46459	0.00173916	0.00569282	0.46690237	0.00572373	0.46505197	0.64749702	0.64592081	0.33891526	0.33877245	0.64742528	0.64547609	0.33888223	0.33874648	60061	46458	0
60061	46463	0.00063252	0.00572031	0.46072618	0.00572432	0.46404611	0.64713686	0.64541167	0.33879455	0.33870424	0.64744344	0.64563600	0.33895972	0.33872643	60061	46461	0
60061	46466	0.00143752	0.00573172	0.46864062	0.00569125	0.46622561	0.64709841	0.64561192	0.33873498	0.33862865	0.64729200	0.64573444	0.33877064	0.33864212	60061	46464	0
60061	46469	0.00047558	0.00570774	0.46441508	0.00569622	0.46730092	0.64734040	0.64570658	0.33852881	0.33869233	0.64707540	0.64575490	0.33870350	0.33850128	60061	46468	0
60061	46473	0.00134911	0.00568388	0.46444642	0.00572562	0.46182582	0.64716579	0.64558941	0.33862035	0.33862199	0.64734311	0.64551718	0.33866998	0.33856455	60061	46471	0
60061	46476	0.00098407	0.00573435	0.46531500	0.00572129	0.46641012	0.64733966	0.64548209	0.33856907	0.33848304	0.64696586	0.64553608	0.33849923	0.33841073	60061	46474	0
60061	46479	0.00045775	0.00570106	0.46414970	0.00572865	0.46572864	0.64719496	0.64534511	0.33855666	0.33829971	0.64713357	0.64550033	0.33848517	0.33846948	60061	46477	0
60061	46482	0.00082843	0.00575608	0.46425910	0.00570400	0.46314707	0.64712174	0.64542753	0.33845025	0.33846200	0.64729759	0.64556459	0.33848526	0.33835082	60061	46481	0
60061	46486	0.00167559	0.00572928	0.46268115	0.00567918	0.46013967	0.64702667	0.64538801	0.33846940	0.33834803	0.64668032	0.64534758	0.33837753	0.33833406	60061	46484	0
60061	46489	0.00064581	0.00574074	0.46215366	0.00573940	0.46524300	0.64704499	0.64538562	0.33821927	0.33830801	0.64688854	0.64521372	0.33823554	0.33813701	60061	46487	0
60061	46492	0.00144119	0.00569959	0.46662763	0.00574907	0.46424149	0.64682379	0.64522391	0.33830054	0.33822124	0.64694294	0.64532120	0.33822880	0.33813233	60061	46490	0
60061	46495	0.00119994	0.00569643	0.46403744	0.00572967	0.46476120	0.64686652	0.64537141	0.33814383	0.33824219	0.64681007	0.64535333	0.33816101	0.33807276	60061	46494	0
60061	46499	0.00119245	0.00572478	0.46376538	0.00570686	0.46378783	0.64681984	0.64517921	0.33828574	0.33811869	0.64715584	0.64544495	0.33845288	0.33825386	60061	46497	0
60061	46502	-0.00027186	0.00574294	0.46209690	0.00574515	0.46648983	0.64691976	0.64533903	0.33812526	0.33825567	0.64705247	0.64531865	0.33806898	0.33810973	60061	46500	0
60061	46505	0.00123138	0.00577649	0.46812574	0.00574956	0.46361602	0.64698279	0.64533739	0.33809979	0.33817013	0.64703316	0.64527288	0.33814079	0.33799445	60061	46504	0
60061	46982	0.00148470	0.00576281	0.46627113	0.00578955	0.46551119	0.64760130	0.64600306	0.33795377	0.33783717	0.64757952	0.64556936	0.33793315	0.33779691	60061	46981	0
60061	46986	0.00187480	0.00580366	0.46484945	0.00579914	0.46367914	0.64750729	0.64581571	0.33787168	0.33790759	0.64740811	0.64575539	0.33789009	0.33794892	60061	46984	0
60061	46989	0.00090000	0.00576230	0.46318937	0.00578736	0.46611379	0.64767213	0.64590823	0.33803101	0.33782238	0.64757574	0.64589903	0.33801540	0.33785434	60061	46987	0
60061	46992	0.00095391	0.00576860	0.46392842	0.00576775	0.46376667	0.64756029	0.64587775	0.33794884	0.33793183	0.64747820	0.64611054	0.33792542	0.33807350	60061	46991	0
60061	46996	0.00075354	0.00579944	0.46408509	0.00583668	0.46468621	0.64765561	0.64606510	0.33797349	0.33818032	0.64768503	0.64597430	0.33799272	0.33788598	60061	46994	0
60061	46999	0.00110584	0.00582299	0.46504176	0.00577983	0.46398485	0.64772324	0.64602040	0.33810957	0.33804654	0.64753720	0.64593740	0.33791737	0.33796856	60061	46997	0
60061	47002	0.00043088	0.00578104	0.46568782	0.00579010	0.46771272	0.64761231	0.64585269	0.33805780	0.33791441	0.64762570	0.64588711	0.33788080	0.33789272	60061	47000	0
60061	47005	0.00102672	0.00580546	0.46684247	0.00579584	0.46505494	0.64758190	0.64593173	0.33792509	0.33791384	0.64762628	0.64604078	0.33795541	0.33797489	60061	47004	0
60061	47009	0.00162986	0.00578557	0.46678331	0.00579960	0.46497388	0.64766966	0.64609164	0.33799215	0.33787727	0.64786860	0.64613881	0.33794572	0.33797538	60061	47007	0
60061	47012	0.00200508	0.00586776	0.46571686	0.00581490	0.46459121	0.64760056	0.64625500	0.33816052	0.33804580	0.64779530	0.64608129	0.33814835	0.33802025	60061	47010	0
60061	47015	0.00144798	0.00582499	0.46363149	0.00584738	0.46530279	0.64785759	0.64618877	0.33803315	0.33802945	0.64797214	0.64626231	0.33821894	0.33816429	60061	47013	0
60061	47018	0.00028653	0.00579891	0.46433179	0.00584567	0.46781613	0.64794576	0.64624308	0.33832872	0.33821031	0.64808282	0.64661515	0.33827293	0.33834154	60061	47017	0
60061	47022	0.00076436	0.00583082	0.46582065	0.00582261	0.46438717	0.64796474	0.64630874	0.33831598	0.33816750	0.64791108	0.64629337	0.33825033	0.33819445	60061	47020	0
60061	47025	0.00086215	0.00580359	0.46443384	0.00581623	0.46414046	0.64810854	0.64651170	0.33844623	0.33840498	0.64798216	0.64655073	0.33838838	0.33819289	60061	47023	0
60061	47028	0.00191198	0.00580705	0.46637101	0.00579268	0.46322153	0.64803434	0.64645040	0.33833381	0.33816865	0.64807444	0.64664490	0.33847482	0.33851295	60061	47027	0
60061	47031	0.00145386	0.00582665	0.46454023	0.00581767	0.46591459	0.64814724	0.64643643	0.33839413	0.33836841	0.64820789	0.64653717	0.33837424	0.33840629	60061	47030	0
60061	47035	0.00173913	0.00581382	0.46395880	0.00581678	0.46310298	0.64814026	0.64650340	0.33850103	0.33847038	0.64846344	0.64647735	0.33854385	0.33847860	60061	47033	0
60061	47038	0.00133132	0.00591036	0.46643524	0.00582707	0.46765866	0.64811322	0.64640488	0.33843809	0.33842042	0.64811479	0.64650324	0.33846102	0.33836759	60061	47036	0
60061	47041	0.00105689	0.00583579	0.46476048	0.00579250	0.46558376	0.64817814	0.64658590	0.33852388	0.33847268	0.64823369	0.64671154	0.33856570	0.33855560	60061	47040	0
60061	47045	0.00106063	0.00578421	0.46503753	0.00579584	0.46502632	0.64801544	0.64644909	0.33839627	0.33836997	0.64835464	0.64678410	0.33849783	0.33854089	60061	47043	0
60061	47048	0.00004570	0.00582293	0.46370022	0.00580248	0.46674502	0.64814124	0.64669527	0.33848501	0.33863193	0.64833689	0.64667374	0.33855362	0.33865609	60061	47046	0
60061	47051	-0.00024142	0.00582281	0.46504603	0.00580299	0.46590740	0.64842367	0.64682790	0.33871337	0.33864229	0.64834602	0.64667210	0.33864385	0.33852338	60061	47049	0
60061	47054	0.00070679	0.00584841	0.46628374	0.00584261	0.46343910	0.64827831	0.64660768	0.33846693	0.33854483	0.64839376	0.64679051	0.33862939	0.33861525	60061	47053	0
60061	47058	0.00041964	0.00584223	0.46492731	0.00582476	0.46578877	0.64840329	0.64682806	0.33867590	0.33865223	0.64853131	0.64682666	0.33857614	0.33869258	60061	47056	0
60061	47061	0.00059644	0.00585658	0.46478120	0.00581345	0.46425079	0.64836319	0.64667530	0.33855362	0.33865067	0.64851274	0.64691590	0.33861106	0.33868313	60061	47059	0
60061	47064	0.00113415	0.00586632	0.46552717	0.00586427	0.46391405	0.64847552	0.64661918	0.33875453	0.33845190	0.64832531	0.64668245	0.33864722	0.33851320	60061	47062	0
60061	47067	0.00091400	0.00585398	0.46538934	0.00587757	0.46604976	0.64838225	0.64664613	0.33856587	0.33853629	0.64817945	0.64669289	0.33845379	0.33849043	60061	47066	0
60061	47071	0.00072987	0.00588119	0.46537092	0.00583922	0.46592334	0.64829803	0.64680021	0.33841467	0.33850095	0.64863575	0.64687400	0.33850375	0.33834335	60061	47069	0
60061	47074	0.00027961	0.00588020	0.46490284	0.00586155	0.46625361	0.64845654	0.64676487	0.33847942	0.33842544	0.64837280	0.64669026	0.33842503	0.33842650	60061	47072	0
60061	47077	0.00136830	0.00594274	0.46890375	0.00591374	0.46563768	0.64828611	0.64679404	0.33831812	0.33825805	0.64830238	0.64673266	0.33819043	0.33821738	60061	47076	0
60061	47554	0.00081166	0.00585910	0.46334593	0.00589948	0.46501584	0.64971655	0.64803089	0.33894476	0.33869981	0.64958294	0.64786342	0.33879447	0.33884081	60061	47553	0
60061	47558	0.00163414	0.00585936	0.46650016	0.00589806	0.46403273	0.64966158	0.64803401	0.33885051	0.33881707	0.64953898	0.64804042	0.33877803	0.33877195	60061	47556	0
60061	47561	0.00126739	0.00585393	0.46407071	0.00584304	0.46517097	0.64965780	0.64810838	0.33884919	0.33878009	0.64965994	0.64813516	0.33889513	0.33896662	60061	47559	0
60061	47564	0.00214640	0.00584590	0.46584727	0.00587376	0.46321022	0.64994754	0.64808586	0.33897048	0.33886867	0.64961524	0.64802777	0.33887467	0.33886924	60061	47563	0
60061	47568	0.00113768	0.00588302	0.46382852	0.00586992	0.46685469	0.64973644	0.64789892	0.33885380	0.33866834	0.64976421	0.64797764	0.33882652	0.33869085	60061	47566	0
60061	47571	0.00109421	0.00581644	0.46611617	0.00582367	0.46624659	0.64984310	0.64813237	0.33894386	0.33872364	0.64985559	0.64828085	0.33906136	0.33895511	60061	47569	0
60061	47574	0.00120903	0.00582706	0.46645408	0.00583369	0.46610961	0.64974992	0.64813073	0.33895857	0.33880400	0.64971844	0.64788051	0.33882923	0.33878666	60061	47572	0
60061	47577	0.00113153	0.00585392	0.46382669	0.00581821	0.46405918	0.64988476	0.64801380	0.33899809	0.33891633	0.64971056	0.64834002	0.33898848	0.33902176	60061	47576	0
60061	47581	0.00342202	0.00587249	0.46824857	0.00584399	0.46137711	0.65007343	0.64841208	0.33903301	0.33901666	0.65010219	0.64833443	0.33922324	0.33900885	60061	47579	0
60061	47584	0.00169339	0.00582878	0.46461635	0.00582426	0.46980224	0.65008189	0.64850707	0.33913630	0.33902545	0.65011722	0.64843567	0.33912759	0.33895125	60061	47582	0
60061	47587	0.00128447	0.00583184	0.46320645	0.00579475	0.46443319	0.64996143	0.64827855	0.33911979	0.33908659	0.64990004	0.64814116	0.33905684	0.33899587	60061	47585	0
60061	47590	0.00102984	0.00583347	0.46432361	0.00584239	0.46508751	0.64986134	0.64840658	0.33900392	0.33905158	0.65011599	0.64829910	0.33913885	0.33905142	60061	47589	0
60061	47594	0.00095382	0.00580131	0.46653718	0.00582416	0.46676523	0.65002182	0.64837510	0.33915997	0.33916005	0.65029964	0.64850880	0.33942661	0.33911034	60061	47592	0
60061	47597	0.00145608	0.00584558	0.46655559	0.00580150	0.46504881	0.65034500	0.64846738	0.33929095	0.33929210	0.65027056	0.64846821	0.33934806	0.33915545	60061	47595	0
60061	47600	0.00085634	0.00580724	0.46386167	0.00579287	0.46566089	0.65031320	0.64852918	0.33934962	0.33939284	0.65022142	0.64848776	0.33940771	0.33939695	60061	47599	0
60061	47603	0.00082538	0.00578035	0.46339413	0.00577750	0.46348703	0.65027483	0.64844618	0.33939629	0.33925126	0.65045971	0.64870133	0.33965727	0.33928922	60061	47602	0
60061	47607	0.00128328	0.00579690	0.46564533	0.00576656	0.46427161	0.65029028	0.64863329	0.33949383	0.33943993	0.65030564	0.64865761	0.33951322	0.33931609	60061	47605	0
60061	47610	0.00073067	0.00582350	0.46352400	0.00575240	0.46518184	0.65037343	0.64868333	0.33952884	0.33951544	0.65037500	0.64869878	0.33963673	0.33949145	60061	47608	0
60061	47613	0.00139338	0.00574343	0.46597416	0.00577066	0.46398602	0.65038436	0.64895532	0.33968324	0.33959457	0.65049546	0.64886444	0.33965579	0.33954995	60061	47612	0
60061	47616	0.00048967	0.00582661	0.46433179	0.00584257	0.46704294	0.65057796	0.64878728	0.33962489	0.33956746	0.65052800	0.64865991	0.33966779	0.33953927	60061	47615	0
60061	47620	0.00067283	0.00576655	0.46686866	0.00579645	0.46631917	0.65073934	0.64886444	0.33982030	0.33958857	0.65034410	0.64871751	0.33965908	0.33949383	60061	47618	0
60061	47623	0.00099166	0.00581734	0.46557392	0.00578080	0.46461745	0.65035412	0.64869418	0.33978842	0.33960953	0.65054435	0.64868152	0.33974355	0.33975900	60061	47621	0
60061	47626	-0.00009535	0.00578397	0.46243194	0.00578995	0.46569296	0.65034599	0.64875819	0.33959400	0.33972514	0.65032331	0.64856985	0.33973574	0.33949137	60061	47625	0
60061	47630	0.00207506	0.00579277	0.46694177	0.00574593	0.46043054	0.65041518	0.64869319	0.33975464	0.33960591	0.65027245	0.64872244	0.33974528	0.33963615	60061	47628	0
60061	47633	-0.00016937	0.00576563	0.46093034	0.00579569	0.46766362	0.65047894	0.64864471	0.33983813	0.33968743	0.65031181	0.64873107	0.33962465	0.33976048	60061	47631	0
60061	47636	0.00121499	0.00576152	0.46688595	0.00577286	0.46273288	0.65055585	0.64875482	0.33980953	0.33966417	0.65022109	0.64856320	0.33962259	0.33965045	60061	47634	0
60061	47639	0.00035230	0.00579950	0.46343679	0.00581188	0.46602484	0.65032799	0.64867511	0.33954675	0.33958381	0.65019783	0.64865654	0.33963048	0.33966795	60061	47638	0
60061	47643	0.00073538	0.00579059	0.46549860	0.00579421	0.46434937	0.65035601	0.64870790	0.33965760	0.33947041	0.65040351	0.64865605	0.33968800	0.33949679	60061	47641	0
60061	47646	0.00082066	0.00574367	0.46544511	0.00578653	0.46518927	0.65010325	0.64847733	0.33955981	0.33946934	0.65012659	0.64859878	0.33933088	0.33941462	60061	47644	0
60061	47649	0.00107333	0.00575063	0.46467875	0.00576309	0.46392075	0.65008082	0.64845506	0.33944058	0.33935874	0.65017146	0.64837478	0.33943952	0.33923877	60061	47647	0
60061	48126	0.00075979	0.00579864	0.46603513	0.00579773	0.46697574	0.64961729	0.64808931	0.33809749	0.33801704	0.64921671	0.64767533	0.33792452	0.33788458	60061	48125	0
60061	48130	0.00011625	0.00580329	0.46458552	0.00583874	0.46651613	0.64985970	0.64806121	0.33809100	0.33808286	0.64959165	0.64795340	0.33805476	0.33800480	60061	48128	0
60061	48133	0.00142113	0.00584580	0.46560998	0.00580574	0.46169535	0.64952247	0.64783401	0.33813693	0.33797735	0.64960661	0.64793368	0.33818459	0.33813964	60061	48131	0
60061	48136	0.00125379	0.00582976	0.46291591	0.00581133	0.46341791	0.64952132	0.64807156	0.33807440	0.33806684	0.64965180	0.64807904	0.33809001	0.33826734	60061	48135	0
60061	48140	0.00038709	0.00581779	0.46442012	0.00576958	0.46702024	0.64977079	0.64814157	0.33812740	0.33824269	0.64952304	0.64789596	0.33815813	0.33809207	60061	48138	0
60061	48143	0.00152910	0.00583730	0.46588645	0.00582035	0.46246041	0.64942296	0.64786350	0.33817933	0.33802058	0.64992264	0.64822522	0.33833891	0.33807966	60061	48141	0
60061	48146	0.00101989	0.00577837	0.46129686	0.00578708	0.46282449	0.64989972	0.64839302	0.33831565	0.33845707	0.64956626	0.64791182	0.33819675	0.33823907	60061	48144	0
60061	48149	0.00226183	0.00580036	0.46433925	0.00584058	0.46061343	0.64968599	0.64774279	0.33823406	0.33807933	0.64989355	0.64818208	0.33827572	0.33833891	60061	48148	0
60061	48153	0.00162154	0.00582466	0.46469540	0.00580171	0.46661627	0.65003637	0.64827420	0.33850169	0.33842248	0.64993842	0.64833205	0.33847844	0.33830366	60061	48151	0
60061	48156	0.00094297	0.00584272	0.46317401	0.00584761	0.46520973	0.64992322	0.64837798	0.33846258	0.33833554	0.65001763	0.64819285	0.33841944	0.33841015	60061	48154	0
60061	48159	0.00094584	0.00580407	0.46502495	0.00580810	0.46501635	0.65009422	0.64847930	0.33841607	0.33825994	0.65014040	0.64857026	0.33851081	0.33844639	60061	48158	0
60061	48162	0.00136439	0.00585232	0.46615572	0.00581203	0.46490006	0.65006513	0.64834552	0.33833266	0.33836594	0.65007367	0.64839935	0.33855872	0.33839257	60061	48161	0
60061	48166	0.00084317	0.00581103	0.46373615	0.00578057	0.46529980	0.65011270	0.64859450	0.33837975	0.33856143	0.65006430	0.64836114	0.33844623	0.33839717	60061	48164	0
60061	48169	0.00066050	0.00581374	0.46366746	0.00583302	0.46421546	0.65027754	0.64858505	0.33849257	0.33861057	0.65015050	0.64851028	0.33858814	0.33843530	60061	48167	0
60061	48172	0.00150464	0.00581391	0.46653339	0.00583277	0.46400096	0.65016225	0.64856467	0.33856570	0.33847244	0.65017409	0.64854520	0.33853440	0.33841681	60061	48171	0
60061	48175	0.00141549	0.00582604	0.46647160	0.00582343	0.46673905	0.65023382	0.64840337	0.33839347	0.33835526	0.65007449	0.64846270	0.33851673	0.33841196	60061	48174	0
60061	48179	0.00196418	0.00581288	0.46745112	0.00580360	0.46580505	0.65031517	0.64862910	0.33864746	0.33875338	0.65044764	0.64875498	0.33872240	0.33864492	60061	48177	0
60061	48182	-0.00014657	0.00584004	0.46292915	0.00585502	0.46926141	0.65035815	0.64845719	0.33869167	0.33858403	0.65019356	0.64848645	0.33855313	0.33841747	60061	48180	0
60061	48185	0.00236409	0.00581244	0.46768615	0.00583885	0.46015420	0.65026185	0.64864594	0.33865905	0.33853933	0.65028395	0.64858538	0.33866587	0.33854820	60061	48184	0
60061	48189	0.00050826	0.00580088	0.46068154	0.00584269	0.46624901	0.65033342	0.64871702	0.33867483	0.33851648	0.65020276	0.64854988	0.33843456	0.33846899	60061	48187	0
60061	48192	0.00080674	0.00582958	0.46502600	0.00581073	0.46413057	0.65026111	0.64861422	0.33874780	0.33858312	0.65043851	0.64863871	0.33854902	0.33855576	60061	48190	0
60061	48195	0.00084832	0.00583860	0.46383139	0.00581251	0.46370667	0.65023843	0.64843583	0.33879521	0.33849791	0.65007129	0.64844150	0.33857507	0.33848501	60061	48193	0
60061	48198	0.00141407	0.00585870	0.46428119	0.00582485	0.46258392	0.65033095	0.64855531	0.33864508	0.33854089	0.64995904	0.64860683	0.33872208	0.33844738	60061	48197	0
60061	48202	0.00057647	0.00582809	0.46407353	0.00584959	0.46658634	0.65055265	0.64856558	0.33876291	0.33853398	0.65018033	0.64841307	0.33856406	0.33852380	60061	48200	0
60061	48205	0.00004710	0.00583433	0.46413478	0.00581068	0.46572287	0.65004992	0.64846607	0.33855864	0.33849183	0.65012470	0.64833073	0.33850662	0.33850506	60061	48203	0
60061	48208	0.00109714	0.00580351	0.46660538	0.00588409	0.46345526	0.65028987	0.64868563	0.33856989	0.33851796	0.65029077	0.64862614	0.33857129	0.33848033	60061	48206	0
60061	48211	0.00217485	0.00584723	0.46426590	0.00586265	0.46103278	0.65054287	0.64877586	0.33865938	0.33859948	0.65049562	0.64863633	0.33860819	0.33874056	60061	48210	0
60061	48215	0.00133114	0.00589109	0.46265702	0.00581410	0.46518814	0.65026563	0.64864224	0.33867121	0.33844581	0.65029997	0.64868251	0.33861706	0.33860802	60061	48213	0
60061	48218	0.00158768	0.00586683	0.46482760	0.00582803	0.46405797	0.65013473	0.64860494	0.33863423	0.33846529	0.65045232	0.64866994	0.33874097	0.33852133	60061	48216	0
60061	48221	0.00180672	0.00586173	0.46457778	0.00588926	0.46392067	0.65029143	0.64840197	0.33850884	0.33844351	0.65049612	0.64877561	0.33874122	0.33868469	60061	48220	0
60061	48698	0.00063282	0.00585703	0.46264751	0.00588147	0.46616921	0.65115086	0.64931416	0.33939136	0.33934452	0.65113952	0.64957703	0.33935734	0.33943836	60061	48697	0
60061	48702	0.00011767	0.00590150	0.46407322	0.00588332	0.46561866	0.65139639	0.64956684	0.33948578	0.33931174	0.65116245	0.64950332	0.33937024	0.33940541	60061	48700	0
60061	48705	0.00109315	0.00592029	0.46517350	0.00588785	0.46224707	0.65116877	0.64936083	0.33938175	0.33931379	0.65083606	0.64922394	0.33930755	0.33918413	60061	48703	0
60061	48708	0.00104679	0.00582410	0.46484048	0.00589627	0.46497956	0.65093762	0.64936108	0.33935537	0.33924880	0.65105455	0.64925639	0.33931724	0.33923893	60061	48707	0
60061	48711	0.00102499	0.00588295	0.46428317	0.00587425	0.46434857	0.65088232	0.64939929	0.33925997	0.33922020	0.65085504	0.64936198	0.33918791	0.33912940	60061	48710	0
60061	48715	0.00057761	0.00586985	0.46358383	0.00588319	0.46492597	0.65102760	0.64935615	0.33930377	0.33911387	0.65110936	0.64941457	0.33916005	0.33914698	60061	48713	0
60061	48718	-0.00043246	0.00587191	0.46328033	0.00583736	0.46631053	0.65119712	0.64948179	0.33943483	0.33920007	0.65107518	0.64957547	0.33925981	0.33937509	60061	48716	0
60061	48721	0.00176949	0.00590364	0.46828777	0.00589309	0.46168191	0.65078051	0.64918014	0.33910426	0.33905734	0.65078125	0.64890782	0.33923828	0.33879776	60061	48720	0
60061	48725	0.00069084	0.00588958	0.46309420	0.00584237	0.46633015	0.65090278	0.64926305	0.33920853	0.33914871	0.65100640	0.64929567	0.33913113	0.33910532	60061	48723	0
60061	48728	0.00048148	0.00590574	0.46533431	0.00588494	0.46596240	0.65108545	0.64911867	0.33923187	0.33895939	0.65105365	0.64927570	0.33913186	0.33907180	60061	48726	0
60061	48731	0.00149765	0.00585464	0.46741996	0.00585020	0.46437144	0.65090098	0.64916132	0.33914485	0.33897763	0.65105883	0.64915894	0.33907204	0.33916761	60061	48729	0
60061	48734	0.00196525	0.00584060	0.46549972	0.00584035	0.46409690	0.65102103	0.64933988	0.33908667	0.33900491	0.65086351	0.64912788	0.33901567	0.33896481	60061	48733	0
60061	48738	0.00065721	0.00586548	0.46305770	0.00582429	0.46698182	0.65068503	0.64896099	0.33899143	0.33898659	0.65104494	0.64941778	0.33910368	0.33906432	60061	48736	0
60061	48741	0.00122290	0.00586260	0.46717827	0.00580928	0.46548120	0.65111290	0.64918548	0.33920771	0.33889973	0.65090180	0.64927053	0.33902299	0.33905931	60061	48739	0
60061	48744	0.00194955	0.00583583	0.46603641	0.00583442	0.46385648	0.65081100	0.64899985	0.33891658	0.33870868	0.65101404	0.64920627	0.33906736	0.33898050	60061	48742	0
60061	48747	0.00236247	0.00584023	0.46680492	0.00582786	0.46556616	0.65083926	0.64921892	0.33894114	0.33898593	0.65113763	0.64926280	0.33914477	0.33900647	60061	48746	0
60061	48751	0.00173115	0.00590833	0.46332702	0.00582223	0.46522095	0.65120271	0.64915984	0.33919169	0.33899636	0.65102103	0.64946248	0.33906309	0.33916120	60061	48749	0
60061	48754	0.00143136	0.00583730	0.46460748	0.00581537	0.46550686	0.65092620	0.64918951	0.33910623	0.33916876	0.65110410	0.64929896	0.33911995	0.33905273	60061	48752	0
60061	48757	0.00125702	0.00581581	0.46596051	0.00581664	0.46648353	0.65083088	0.64921120	0.33920442	0.33892750	0.65105751	0.64921424	0.33905068	0.33909119	60061	48756	0
60061	48760	0.00158437	0.00582282	0.46464699	0.00582325	0.46366494	0.65111364	0.64948491	0.33926457	0.33896193	0.65100846	0.64914760	0.33916720	0.33892520	60061	48759	0
60061	48764	0.00106848	0.00579445	0.46260569	0.00577211	0.46415334	0.65075561	0.64909148	0.33904945	0.33899283	0.65090188	0.64926412	0.33921141	0.33908125	60061	48762	0
60061	48767	0.00010817	0.00580628	0.46308921	0.00577602	0.46597014	0.65073967	0.64932649	0.33902011	0.33912948	0.65088471	0.64915352	0.33899669	0.33894246	60061	48765	0
60061	48770	0.00184947	0.00580775	0.46619594	0.00584077	0.46097206	0.65104510	0.64917077	0.33911584	0.33909546	0.65108857	0.64930381	0.33923540	0.33916720	60061	48769	0
60061	48774	0.00125333	0.00576957	0.46307796	0.00580328	0.46486636	0.65096606	0.64938014	0.33931601	0.33915339	0.65098249	0.64916321	0.33913499	0.33907706	60061	48772	0
60061	48777	0.00094984	0.00578647	0.46184749	0.00575301	0.46275796	0.65081856	0.64913864	0.33909875	0.33919637	0.65096737	0.64924752	0.33919612	0.33911510	60061	48775	0
60061	48780	0.00177205	0.00575786	0.46653011	0.00577377	0.46406348	0.65108479	0.64940899	0.33926827	0.33915118	0.65107526	0.64913158	0.33927788	0.33906161	60061	48778	0
60061	48783	0.00032539	0.00577372	0.46202710	0.00582308	0.46636708	0.65085496	0.64908572	0.33908790	0.33900409	0.65116540	0.64929534	0.33919916	0.33909735	60061	48782	0
60061	48787	0.00095376	0.00575756	0.46549423	0.00576374	0.46360912	0.65122070	0.64957826	0.33920500	0.33933080	0.65118981	0.64947949	0.33932300	0.33927468	60061	48785	0
60061	48790	0.00020585	0.00578130	0.46339479	0.00577466	0.46563851	0.65116212	0.64964679	0.33942357	0.33934264	0.65115258	0.64952205	0.33928347	0.33919818	60061	48788	0
60061	48793	0.00063823	0.00577829	0.46453726	0.00575949	0.46324014	0.65116450	0.64953479	0.33934239	0.33933466	0.65130756	0.64948861	0.33927262	0.33926531	60061	48791	0
60061	49270	0.00143075	0.00582830	0.46555917	0.00583139	0.46318161	0.65177660	0.65024582	0.33932037	0.33920081	0.65180872	0.65027729	0.33929013	0.33927238	60061	49269	0
60061	49274	0.00005945	0.00585201	0.46069962	0.00582132	0.46481352	0.65166542	0.65004228	0.33924444	0.33921338	0.65184808	0.65016751	0.33925340	0.33923170	60061	49272	0
60061	49277	0.00174656	0.00581243	0.46550073	0.00579873	0.46043941	0.65198621	0.65035207	0.33950262	0.33940624	0.65208794	0.65029890	0.33948192	0.33946877	60061	49275	0
60061	49280	0.00192171	0.00587055	0.46540982	0.00582942	0.46488436	0.65229025	0.65030047	0.33954987	0.33948077	0.65221399	0.65046185	0.33963171	0.33951511	60061	49279	0
60061	49283	0.00061541	0.00583385	0.46206974	0.00584353	0.46598864	0.65221728	0.65034804	0.33957502	0.33938380	0.65218343	0.65066366	0.33955439	0.33966409	60061	49282	0
60061	49287	0.00037078	0.00579270	0.46172032	0.00582561	0.46245419	0.65226059	0.65064287	0.33966401	0.33985185	0.65212895	0.65041699	0.33982778	0.33970304	60061	49285	0
60061	49290	0.00098015	0.00581923	0.46630867	0.00583699	0.46448055	0.65254934	0.65056982	0.33979211	0.33983903	0.65232945	0.65061198	0.33992737	0.33970008	60061	49288	0
60061	49293	0.00105585	0.00585726	0.46527348	0.00583317	0.46504639	0.65249420	0.65087476	0.33994701	0.33980690	0.65229140	0.65091199	0.33992326	0.33994980	60061	49292	0
60061	49297	0.00132271	0.00581789	0.46683735	0.00582457	0.46603677	0.65266988	0.65099465	0.33986295	0.33999557	0.65231975	0.65076802	0.33987502	0.33985966	60061	49295	0
60061	49300	0.00056442	0.00585384	0.46201173	0.00582591	0.46428661	0.65236650	0.65073975	0.33996024	0.33993558	0.65242279	0.65077460	0.34011102	0.33992926	60061	49298	0
60061	49303	0.00218348	0.00579007	0.46732228	0.00577428	0.46246509	0.65238023	0.65047089	0.34003871	0.33982958	0.65257021	0.65069070	0.34007766	0.33996566	60061	49301	0
60061	49306	0.00075835	0.00579427	0.46352040	0.00580176	0.46779578	0.65247694	0.65070426	0.34006090	0.34012433	0.65228031	0.65098849	0.34006090	0.34030552	60061	49305	0
60061	49310	-0.00002429	0.00578362	0.46487399	0.00581967	0.46722192	0.65251367	0.65071305	0.34014463	0.34013460	0.65250710	0.65072053	0.34012811	0.33997790	60061	49308	0
60061	49313	0.00110125	0.00573656	0.46598559	0.00582454	0.46260898	0.65258853	0.65090065	0.34013534	0.34012655	0.65247522	0.65080689	0.34006862	0.33999738	60061	49311	0
60061	49316	0.00012142	0.00580059	0.46440757	0.00575762	0.46734706	0.65272034	0.65090065	0.34025104	0.34014685	0.65258722	0.65090221	0.34016271	0.34013748	60061	49314	0
60061	49319	0.00065219	0.00581602	0.46434484	0.00582735	0.46275252	0.65260932	0.65090574	0.34020659	0.34023666	0.65269388	0.65074238	0.34038778	0.34017512	60061	49318	0
60061	49323	0.00048763	0.00578148	0.46523676	0.00578813	0.46573044	0.65279569	0.65107764	0.34034307	0.34026476	0.65262115	0.65094190	0.34030018	0.34020404	60061	49321	0
60061	49326	0.00152877	0.00579719	0.46434270	0.00577859	0.46121930	0.65252321	0.65099408	0.34031481	0.34006698	0.65265098	0.65108808	0.34037898	0.34033091	60061	49324	0
60061	49329	-0.00019240	0.00578825	0.46358580	0.00578095	0.46874928	0.65249321	0.65088479	0.34032648	0.34027668	0.65247316	0.65092020	0.34021530	0.34016131	60061	49328	0
60061	49332	0.00062097	0.00579492	0.46578024	0.00576704	0.46334015	0.65236125	0.65071880	0.34008752	0.34013567	0.65284918	0.65086433	0.34026353	0.34032097	60061	49331	0
60061	49336	0.00237287	0.00578390	0.46725645	0.00580275	0.46200073	0.65263110	0.65086687	0.34023058	0.34019607	0.65245648	0.65080541	0.34037948	0.34018046	60061	49334	0
60061	49339	0.00071375	0.00579930	0.46282204	0.00576889	0.46779941	0.65238335	0.65077912	0.34029073	0.34004076	0.65257818	0.65079045	0.34038728	0.34024800	60061	49337	0
60061	49342	0.00095335	0.00579018	0.46505968	0.00582925	0.46434090	0.65261655	0.65084789	0.34038161	0.34019303	0.65273439	0.65083433	0.34030010	0.34009409	60061	49341	0
60061	49345	0.00045774	0.00573868	0.46386836	0.00578981	0.46535520	0.65272921	0.65089038	0.34025342	0.34018070	0.65242509	0.65067813	0.34025655	0.34026000	60061	49344	0
60061	49349	-0.00031504	0.00578856	0.46290723	0.00577390	0.46522555	0.65254679	0.65083672	0.34019056	0.34016312	0.65252781	0.65075685	0.34030462	0.34011036	60061	49347	0
60061	49352	0.00139949	0.00578584	0.46602847	0.00578373	0.46088490	0.65237472	0.65089227	0.34030905	0.34025178	0.65268648	0.65079736	0.34014915	0.34019180	60061	49350	0
60061	49355	0.00184581	0.00579120	0.46511861	0.00571419	0.46377964	0.65257604	0.65084313	0.34018876	0.34033338	0.65272379	0.65084707	0.34018144	0.34019163	60061	49354	0
60061	49359	0.00078896	0.00576958	0.46032242	0.00579069	0.46349299	0.65259412	0.65112333	0.34020889	0.34024808	0.65247333	0.65084576	0.34020429	0.34026797	60061	49357	0
60061	49362	0.00046903	0.00581806	0.46449834	0.00578794	0.46545813	0.65245681	0.65068601	0.34020322	0.34010453	0.65238294	0.65070031	0.34009089	0.34004841	60061	49360	0
60061	49365	0.00095544	0.00579632	0.46473827	0.00578859	0.46327902	0.65258771	0.65082825	0.34031201	0.34013534	0.65225639	0.65075619	0.34018604	0.34018005	60061	49363	0
60061	49842	0.00183307	0.00581341	0.46592354	0.00586487	0.46329065	0.65262050	0.65090393	0.33938512	0.33949120	0.65246725	0.65077714	0.33943828	0.33949334	60061	49841	0
60061	49846	0.00109808	0.00579805	0.46342911	0.00579027	0.46563410	0.65241170	0.65092144	0.33932809	0.33941815	0.65257916	0.65081075	0.33945094	0.33934650	60061	49844	0
60061	49849	0.00028562	0.00584786	0.46273334	0.00585625	0.46517072	0.65263693	0.65081470	0.33959761	0.33944880	0.65248910	0.65085562	0.33947641	0.33944823	60061	49847	0
60061	49852	0.00130834	0.00581597	0.46770886	0.00582304	0.46464070	0.65242904	0.65088479	0.33945480	0.33956803	0.65263406	0.65086301	0.33958594	0.33948528	60061	49851	0
60061	49855	0.00037344	0.00583156	0.46555333	0.00582331	0.46835803	0.65251902	0.65071782	0.33957600	0.33947616	0.65255008	0.65080032	0.33972901	0.33946425	60061	49854	0
60061	49859	0.00120507	0.00583705	0.46540805	0.00579170	0.46291313	0.65263784	0.65075323	0.33949227	0.33936507	0.65282543	0.65099810	0.33978250	0.33965530	60061	49857	0
60061	49862	0.00186954	0.00582766	0.46405258	0.00580450	0.46205918	0.65219731	0.65066062	0.33939391	0.33947838	0.65261573	0.65076301	0.33957403	0.33948980	60061	49860	0
60061	49865	0.00052356	0.00584668	0.46218646	0.00582101	0.46622438	0.65238253	0.65076104	0.33943072	0.33940780	0.65259642	0.65090163	0.33963837	0.33950197	60061	49864	0
60061	49868	0.00046426	0.00579685	0.46562692	0.00582985	0.46580483	0.65266873	0.65096786	0.33956039	0.33946392	0.65254260	0.65068051	0.33963393	0.33952160	60061	49867	0
60061	49872	0.00176512	0.00576902	0.46566246	0.00582573	0.46175987	0.65260603	0.65068265	0.33959876	0.33946934	0.65249436	0.65092201	0.33960402	0.33949391	60061	49870	0
60061	49875	0.00122727	0.00583315	0.46515450	0.00587129	0.46676806	0.65243068	0.65068166	0.33953418	0.33951635	0.65268533	0.65092637	0.33972383	0.33961512	60061	49873	0
60061	49878	0.00137472	0.00581507	0.46575607	0.00583506	0.46531373	0.65276997	0.65103828	0.33971717	0.33960098	0.65284630	0.65111470	0.33975234	0.33973303	60061	49877	0
60061	49882	-0.00021808	0.00585057	0.46069751	0.00583586	0.46547590	0.65285066	0.65107041	0.33989458	0.33985054	0.65281631	0.65111939	0.33983427	0.33980838	60061	49880	0
60061	49885	0.00095654	0.00587726	0.46602027	0.00585819	0.46249640	0.65272592	0.65113106	0.33991200	0.33991184	0.65288673	0.65113656	0.33994849	0.33987494	60061	49883	0
60061	49888	-0.00003644	0.00581801	0.46205632	0.00581063	0.46503528	0.65286463	0.65120879	0.34001989	0.33986122	0.65299832	0.65115982	0.34007602	0.33996780	60061	49886	0
60061	49891	0.00115104	0.00584078	0.46703480	0.00581540	0.46347234	0.65313358	0.65135177	0.34029541	0.34010059	0.65347442	0.65171431	0.34039418	0.34026411	60061	49890	0
60061	49895	0.00103168	0.00585824	0.46426462	0.00581748	0.46462272	0.65317877	0.65138817	0.34035450	0.34017150	0.65316768	0.65146878	0.34033067	0.34030199	60061	49893	0
60061	49898	0.00093202	0.00580700	0.46536350	0.00584809	0.46566248	0.65324106	0.65130329	0.34050890	0.34023995	0.65323547	0.65166435	0.34034833	0.34026961	60061	49896	0
60061	49901	-0.00017575	0.00576402	0.46506045	0.00583538	0.46838375	0.65348675	0.65165884	0.34058729	0.34032212	0.65337343	0.65176222	0.34048942	0.34057217	60061	49899	0
60061	49904	0.00069846	0.00581368	0.46424685	0.00581764	0.46162423	0.65366761	0.65194644	0.34088795	0.34078943	0.65356613	0.65195507	0.34080570	0.34078286	60061	49903	0
60061	49908	0.00071779	0.00583582	0.46412285	0.00581945	0.46406486	0.65382982	0.65198712	0.34096602	0.34097670	0.65388627	0.65210126	0.34099133	0.34078417	60061	49906	0
60061	49911	0.00076347	0.00582615	0.46338119	0.00580737	0.46324413	0.65386326	0.65215171	0.34106848	0.34091951	0.65404026	0.65228762	0.34110242	0.34102806	60061	49909	0
60061	49914	0.00172480	0.00586950	0.46709087	0.00582308	0.46420688	0.65395718	0.65229797	0.34109930	0.34097128	0.65408134	0.65235418	0.34124877	0.34114737	60061	49913	0
60061	49917	0.00003496	0.00590171	0.46245575	0.00592044	0.46752529	0.65412793	0.65235155	0.34125452	0.34128838	0.65409318	0.65235147	0.34126923	0.34110291	60061	49916	0
60061	49921	0.00022117	0.00587383	0.46682076	0.00593079	0.46626213	0.65415472	0.65258155	0.34133373	0.34121524	0.65397961	0.65235212	0.34119338	0.34126529	60061	49919	0
60061	49924	0.00123678	0.00593626	0.46510554	0.00590778	0.46205872	0.65408545	0.65268122	0.34126529	0.34134992	0.65429170	0.65263266	0.34144565	0.34134483	60061	49922	0
60061	49927	0.00064528	0.00586373	0.46397748	0.00591102	0.46575198	0.65421619	0.65246651	0.34135502	0.34121960	0.65401421	0.65226256	0.34127219	0.34120251	60061	49926	0
60061	49930	0.00120013	0.00590511	0.46597126	0.00587168	0.46430669	0.65398389	0.65227480	0.34121253	0.34118681	0.65428332	0.65258023	0.34128846	0.34124532	60061	49929	0
60061	49934	0.00053363	0.00588592	0.46481353	0.00588217	0.46681306	0.65420822	0.65260661	0.34131894	0.34122560	0.65413903	0.65258640	0.34120530	0.34125238	60061	49932	0
60061	49937	0.00055627	0.00589102	0.46520328	0.00588138	0.46513535	0.65441685	0.65263044	0.34137556	0.34130456	0.65402851	0.65255566	0.34119659	0.34120933	60061	49935	0
60061	50414	0.00101822	0.00597031	0.46581491	0.00598604	0.46442905	0.65636111	0.65466254	0.34102502	0.34107563	0.65652307	0.65457700	0.34106668	0.34112798	60061	50413	0
60061	50418	0.00089655	0.00591848	0.46435264	0.00597180	0.46471766	0.65641838	0.65469870	0.34118681	0.34119569	0.65645544	0.65468645	0.34115904	0.34107358	60061	50416	0
60061	50421	0.00135802	0.00591825	0.46619566	0.00598707	0.46481124	0.65659776	0.65474841	0.34108451	0.34097999	0.65661551	0.65461702	0.34111154	0.34094819	60061	50419	0
60061	50424	0.00104943	0.00596502	0.46363423	0.00596457	0.46456001	0.65650951	0.65472828	0.34101943	0.34110004	0.65640819	0.65477397	0.34101236	0.34103718	60061	50423	0
60061	50427	0.00137091	0.00594488	0.46496649	0.00598210	0.46400205	0.65658453	0.65487356	0.34110743	0.34099880	0.65689703	0.65497775	0.34138024	0.34103356	60061	50426	0
60061	50431	0.00156734	0.00595005	0.46373661	0.00591323	0.46314732	0.65656867	0.65469541	0.34125074	0.34104975	0.65686671	0.65478711	0.34163292	0.34116200	60061	50429	0
60061	50434	0.00088545	0.00593206	0.46328645	0.00593168	0.46533212	0.65660483	0.65494209	0.34114318	0.34125427	0.65678963	0.65508153	0.34120407	0.34106816	60061	50432	0
60061	50437	0.00116971	0.00595408	0.46676867	0.00598472	0.46591589	0.65654419	0.65514489	0.34104474	0.34113439	0.65671330	0.65488975	0.34125427	0.34106774	60061	50436	0
60061	50440	0.00069498	0.00587641	0.46480326	0.00597769	0.46622743	0.65681182	0.65509526	0.34116495	0.34109626	0.65682119	0.65484381	0.34110957	0.34092904	60061	50439	0
60061	50444	0.00118189	0.00598108	0.46711157	0.00597146	0.46565086	0.65665602	0.65496986	0.34113849	0.34097185	0.65676531	0.65492155	0.34104769	0.34104367	60061	50442	0
60061	50447	0.00001721	0.00595016	0.46347184	0.00597186	0.46696585	0.65677484	0.65500470	0.34114573	0.34099543	0.65683894	0.65498227	0.34112625	0.34109445	60061	50445	0
60061	50450	-0.00058600	0.00596384	0.46463585	0.00592407	0.46644550	0.65662176	0.65507554	0.34128558	0.34110012	0.65682571	0.65512057	0.34106955	0.34108007	60061	50449	0
60061	50454	0.00014587	0.00595245	0.46518334	0.00594310	0.46298770	0.65675455	0.65506025	0.34112789	0.34109314	0.65695685	0.65510331	0.34125296	0.34104769	60061	50452	0
60061	50457	0.00030540	0.00598819	0.46581244	0.00598138	0.46533386	0.65666342	0.65504899	0.34098837	0.34106413	0.65709186	0.65520183	0.34119330	0.34101803	60061	50455	0
60061	50460	0.00069670	0.00597072	0.46562761	0.00593753	0.46445373	0.65696302	0.65524037	0.34120514	0.34119634	0.65708948	0.65501637	0.34105074	0.34102945	60061	50458	0
60061	50463	0.00162956	0.00601119	0.46616820	0.00599820	0.46336961	0.65725546	0.65526987	0.34116200	0.34111688	0.65697329	0.65547694	0.34117268	0.34120127	60061	50462	0
60061	50467	0.00127309	0.00600509	0.46326688	0.00599954	0.46433628	0.65720756	0.65515163	0.34110472	0.34103578	0.65719227	0.65526133	0.34123833	0.34115518	60061	50465	0
60061	50470	0.00058999	0.00599983	0.46380880	0.00601002	0.46585813	0.65708225	0.65529715	0.34136274	0.34122814	0.65714503	0.65551507	0.34122477	0.34117588	60061	50468	0
60061	50473	0.00144973	0.00599999	0.46521792	0.00601431	0.46263869	0.65719203	0.65548352	0.34130095	0.34104523	0.65726861	0.65562650	0.34128854	0.34116027	60061	50471	0
60061	50476	0.00063387	0.00600541	0.46182831	0.00602073	0.46427587	0.65758399	0.65556503	0.34149988	0.34125312	0.65723722	0.65553036	0.34136899	0.34130119	60061	50475	0
60061	50480	0.00064019	0.00598191	0.46634028	0.00602022	0.46632131	0.65734988	0.65582601	0.34133521	0.34142001	0.65752482	0.65567835	0.34150564	0.34127958	60061	50478	0
60061	50483	0.00103114	0.00597471	0.46600621	0.00599205	0.46483338	0.65733073	0.65576528	0.34150490	0.34141393	0.65750502	0.65558245	0.34148337	0.34136233	60061	50481	0
60061	50486	0.00040072	0.00605593	0.46504177	0.00602363	0.46693301	0.65736163	0.65575320	0.34129495	0.34134425	0.65781193	0.65586356	0.34158452	0.34143793	60061	50485	0
60061	50489	0.00065371	0.00604005	0.46553727	0.00603201	0.46477831	0.65767068	0.65572190	0.34162585	0.34143505	0.65762483	0.65572946	0.34156628	0.34141632	60061	50488	0
60061	50493	0.00011669	0.00596813	0.46444899	0.00605430	0.46606006	0.65785745	0.65592881	0.34155420	0.34151164	0.65798581	0.65630186	0.34171945	0.34175708	60061	50491	0
60061	50496	0.00177294	0.00613655	0.46678810	0.00601463	0.46181933	0.65816001	0.65624911	0.34188280	0.34189710	0.65792237	0.65635864	0.34195684	0.34174936	60061	50494	0
60061	50499	0.00089365	0.00604108	0.46305640	0.00604724	0.46569428	0.65817398	0.65637442	0.34199686	0.34197155	0.65820619	0.65642340	0.34193786	0.34189850	60061	50498	0
60061	50503	0.00174159	0.00591170	0.46499312	0.00603759	0.46244931	0.65839658	0.65645906	0.34210343	0.34182570	0.65831211	0.65651025	0.34220763	0.34213482	60061	50501	0
60061	50506	-0.00033133	0.00607641	0.46013575	0.00603055	0.46635450	0.65824588	0.65645462	0.34212233	0.34202866	0.65850948	0.65667755	0.34215151	0.34215471	60061	50504	0
60061	50509	0.00067649	0.00605563	0.46384291	0.00603308	0.46081947	0.65874228	0.65677402	0.34252555	0.34213647	0.65845936	0.65684863	0.34221782	0.34226030	60061	50507	0
60061	50986	0.00018347	0.00632699	0.46391599	0.00638418	0.46539503	0.67347990	0.67161650	0.34906747	0.34896994	0.67337201	0.67150434	0.34899089	0.34890346	60061	50985	0
60061	50990	-0.00013423	0.00636464	0.46339480	0.00629702	0.46434790	0.67360735	0.67166810	0.34909007	0.34906263	0.67361639	0.67161625	0.34923428	0.34898481	60061	50988	0
60061	50993	0.00104531	0.00635939	0.46589921	0.00637720	0.46236060	0.67355246	0.67172291	0.34912171	0.34889327	0.67363414	0.67151107	0.34895112	0.34892688	60061	50991	0
60061	50996	0.00226923	0.00632707	0.46512582	0.00635466	0.46145406	0.67354737	0.67187197	0.34905737	0.34905926	0.67379454	0.67170492	0.34929197	0.34905466	60061	50994	0
60061	50999	0.00206313	0.00637534	0.46183454	0.00646128	0.46245282	0.67366635	0.67183031	0.34912278	0.34891751	0.67402363	0.67196696	0.34923593	0.34912935	60061	50998	0
60061	51003	0.00164818	0.00638654	0.46269713	0.00637695	0.46394201	0.67406012	0.67201947	0.34923083	0.34924858	0.67395017	0.67204010	0.34916156	0.34925507	60061	51001	0
60061	51006	0.00131877	0.00633921	0.46416567	0.00640523	0.46515389	0.67376142	0.67197921	0.34911867	0.34911571	0.67398255	0.67214141	0.34936329	0.34909015	60061	51004	0
60061	51009	0.00104089	0.00641033	0.46323883	0.00632541	0.46407247	0.67429340	0.67216253	0.34934735	0.34920659	0.67451370	0.67252211	0.34937890	0.34938499	60061	51008	0
60061	51012	0.00015856	0.00635395	0.46358697	0.00641075	0.46623397	0.67458051	0.67256928	0.34957234	0.34936461	0.67467591	0.67257306	0.34943519	0.34935976	60061	51011	0
60061	51016	0.00171336	0.00640251	0.46654038	0.00645878	0.46187597	0.67472612	0.67282146	0.34949518	0.34944349	0.67461979	0.67268407	0.34957981	0.34929665	60061	51014	0
60061	51019	0.00030205	0.00635262	0.46241385	0.00643565	0.46664777	0.67484518	0.67275063	0.34968039	0.34942739	0.67502013	0.67280897	0.34952879	0.34945697	60061	51017	0
60061	51022	0.00049270	0.00642204	0.46285880	0.00639846	0.46228686	0.67513237	0.67303527	0.34957234	0.34954736	0.67471338	0.67271711	0.34945187	0.34944505	60061	51021	0
60061	51026	0.00095501	0.00648056	0.46412437	0.00644765	0.46273744	0.67478808	0.67293930	0.34945656	0.34936592	0.67499326	0.67308269	0.34966511	0.34939222	60061	51024	0
60061	51029	0.00082364	0.00641416	0.46347141	0.00646019	0.46386552	0.67520271	0.67329239	0.34978064	0.34974145	0.67525990	0.67320857	0.34977842	0.34954497	60061	51027	0
60061	51032	0.00182572	0.00639798	0.46554751	0.00648167	0.46254126	0.67551472	0.67348977	0.34973060	0.34959493	0.67536829	0.67333167	0.34977785	0.34960447	60061	51030	0
60061	51035	0.00020144	0.00643291	0.46359068	0.00643510	0.46846352	0.67518053	0.67332312	0.34963429	0.34943396	0.67531808	0.67348557	0.34972879	0.34962756	60061	51034	0
60061	51039	0.00090197	0.00644688	0.46284669	0.00646492	0.46074509	0.67568753	0.67352009	0.34980357	0.34972657	0.67540329	0.67351458	0.34984071	0.34972526	60061	51037	0
60061	51042	0.00125562	0.00643066	0.46413122	0.00648667	0.46307027	0.67559459	0.67371040	0.34979058	0.34982436	0.67562540	0.67360744	0.34987990	0.34967028	60061	51040	0
60061	51045	0.00181345	0.00649800	0.46570273	0.00646525	0.46402924	0.67543493	0.67360883	0.34978631	0.34965706	0.67579681	0.67363743	0.34975172	0.34976265	60061	51043	0
60061	51048	0.00080822	0.00646428	0.46363540	0.00649705	0.46665108	0.67585121	0.67395625	0.34980965	0.34974334	0.67605623	0.67399093	0.34967661	0.34960479	60061	51047	0
60061	51052	0.00058926	0.00648555	0.46604334	0.00652208	0.46670023	0.67605943	0.67399044	0.34985394	0.34973873	0.67624900	0.67424887	0.34987875	0.34984605	60061	51050	0
60061	51055	0.00061697	0.00649497	0.46407090	0.00648368	0.46398777	0.67632460	0.67430787	0.35004154	0.34995287	0.67634679	0.67446999	0.35001163	0.34987612	60061	51053	0
60061	51058	0.00044644	0.00651516	0.46409119	0.00650045	0.46460276	0.67639954	0.67422117	0.34994351	0.34969354	0.67626716	0.67434386	0.34995008	0.34974564	60061	51057	0
60061	51061	0.00008186	0.00653680	0.46281899	0.00650353	0.46391273	0.67641203	0.67437697	0.35001820	0.34979519	0.67646158	0.67448199	0.35014557	0.34983644	60061	51060	0
60061	51065	0.00114889	0.00649528	0.46332239	0.00653012	0.46012132	0.67656101	0.67460664	0.34994646	0.34982542	0.67643299	0.67458840	0.34986388	0.34985509	60061	51063	0
60061	51068	0.00133768	0.00651593	0.46318038	0.00654439	0.46261402	0.67643257	0.67443770	0.34982518	0.34978335	0.67649256	0.67442143	0.34995575	0.34980907	60061	51066	0
60061	51071	0.00107702	0.00657578	0.46271750	0.00654719	0.46349948	0.67653061	0.67455495	0.34994959	0.34970685	0.67682322	0.67474946	0.35007671	0.34988656	60061	51070	0
60061	51074	0.00075761	0.00651414	0.46289653	0.00652301	0.46385474	0.67690243	0.67485883	0.34996331	0.34993989	0.67713498	0.67499030	0.35003168	0.34993890	60061	51073	0
60061	51078	0.00112326	0.00651337	0.46490916	0.00657357	0.46381223	0.67691459	0.67478438	0.34995493	0.34979173	0.67673562	0.67487772	0.34985912	0.34977292	60061	51076	0
60061	51081	0.00066078	0.00656166	0.46360428	0.00658295	0.46499172	0.67690958	0.67500468	0.35000530	0.34985903	0.67714204	0.67517535	0.35004696	0.34987933	60061	51079	0
60061	51558	0.00113611	0.00732512	0.46313532	0.00727044	0.46170931	0.70687614	0.70455175	0.36057749	0.36048981	0.70721781	0.70499441	0.36081275	0.36076977	60061	51557	0
60061	51562	0.00097423	0.00731558	0.46270649	0.00728361	0.46319215	0.70726769	0.70501496	0.36096049	0.36087668	0.70751806	0.70527347	0.36100051	0.36090889	60061	51560	0
60061	51565	0.00053418	0.00727771	0.46534709	0.00732899	0.46666724	0.70771544	0.70562311	0.36106049	0.36121292	0.70771240	0.70572122	0.36116321	0.36104020	60061	51563	0
60061	51568	0.00144334	0.00728027	0.46559271	0.00731910	0.46286522	0.70794125	0.70582607	0.36133692	0.36133158	0.70827437	0.70596141	0.36145155	0.36138861	60061	51567	0
60061	51571	0.00131127	0.00730594	0.46351970	0.00729544	0.46391591	0.70882788	0.70613988	0.36173118	0.36148927	0.70870643	0.70647531	0.36162279	0.36161614	60061	51570	0
60061	51575	0.00178802	0.00729067	0.46712409	0.00729565	0.46569384	0.70857865	0.70632033	0.36181023	0.36169708	0.70905648	0.70675880	0.36190834	0.36180858	60061	51573	0
60061	51578	0.00073078	0.00733086	0.46046550	0.00735490	0.46363721	0.70918771	0.70699817	0.36204581	0.36193916	0.70958065	0.70723490	0.36220112	0.36212486	60061	51576	0
60061	51581	0.00093469	0.00732194	0.46349079	0.00732843	0.46287905	0.70990983	0.70745142	0.36245569	0.36213793	0.70982035	0.70744937	0.36229644	0.36222100	60061	51580	0
60061	51585	0.00031999	0.00728820	0.46250187	0.00723953	0.46434599	0.70990227	0.70772760	0.36244525	0.36233366	0.71005355	0.70792785	0.36248708	0.36246768	60061	51583	0
60061	51588	0.00061819	0.00729772	0.46328225	0.00732204	0.46238764	0.71049341	0.70815539	0.36259949	0.36248560	0.71046079	0.70830157	0.36267591	0.36256160	60061	51586	0
60061	51591	0.00159196	0.00733175	0.46585175	0.00733570	0.46293042	0.71069243	0.70846830	0.36274288	0.36267048	0.71093155	0.70850347	0.36279242	0.36274312	60061	51589	0
60061	51594	0.00129315	0.00732237	0.46079470	0.00731731	0.46169115	0.71091545	0.70873009	0.36274304	0.36274559	0.71112704	0.70884891	0.36296605	0.36289818	60061	51593	0
60061	51598	0.00098272	0.00727674	0.46256905	0.00731193	0.46350034	0.71162845	0.70904596	0.36330945	0.36288273	0.71120896	0.70888926	0.36310205	0.36290590	60061	51596	0
60061	51601	0.00047534	0.00727948	0.46503065	0.00726352	0.46655279	0.71170421	0.70927925	0.36309071	0.36292604	0.71202369	0.70953332	0.36340148	0.36318890	60061	51599	0
60061	51604	0.00319893	0.00731982	0.46842163	0.00726233	0.46025084	0.71184859	0.70967638	0.36323344	0.36319761	0.71199329	0.70973300	0.36344503	0.36341849	60061	51602	0
60061	51607	0.00166500	0.00732007	0.46260184	0.00732754	0.46720363	0.71206807	0.70994533	0.36333163	0.36338036	0.71229059	0.71021863	0.36352244	0.36340452	60061	51606	0
60061	51611	0.00037926	0.00733453	0.46339257	0.00730776	0.46724980	0.71239182	0.71006793	0.36350091	0.36342761	0.71241656	0.71026835	0.36365095	0.36357914	60061	51609	0
60061	51614	0.00145481	0.00731240	0.46734697	0.00736549	0.46412033	0.71302463	0.71044543	0.36367906	0.36360773	0.71290359	0.71084659	0.36359779	0.36375539	60061	51612	0
60061	51617	0.00048479	0.00733148	0.46261092	0.00732862	0.46552097	0.71330302	0.71088258	0.36384069	0.36378588	0.71332595	0.71115391	0.36402944	0.36393987	60061	51616	0
60061	51620	0.00093487	0.00729907	0.46352344	0.00731328	0.46217317	0.71404257	0.71150766	0.36449436	0.36417948	0.71382300	0.71154841	0.36421958	0.36409649	60061	51619	0
60061	51624	0.00059745	0.00740486	0.46226325	0.00734436	0.46327552	0.71417527	0.71146394	0.36434284	0.36406444	0.71444077	0.71216766	0.36446034	0.36449905	60061	51622	0
60061	51627	0.00133681	0.00737270	0.46428647	0.00730066	0.46206840	0.71420017	0.71181449	0.36432854	0.36427209	0.71427026	0.71201449	0.36430545	0.36425935	60061	51625	0
60061	51630	0.00097193	0.00734215	0.46354113	0.00737837	0.46463577	0.71474776	0.71239396	0.36448113	0.36445878	0.71511721	0.71275568	0.36469585	0.36468623	60061	51629	0
60061	51634	0.00205295	0.00733659	0.46504145	0.00732155	0.46179839	0.71500973	0.71268172	0.36456569	0.36444276	0.71489657	0.71273711	0.36468673	0.36463520	60061	51632	0
60061	51637	0.00140493	0.00735147	0.46452181	0.00733624	0.46646587	0.71514679	0.71243578	0.36444350	0.36441055	0.71560654	0.71346416	0.36488344	0.36491722	60061	51635	0
60061	51640	0.00071484	0.00735471	0.46180461	0.00733009	0.46387487	0.71583760	0.71344953	0.36504261	0.36484211	0.71595733	0.71357024	0.36497334	0.36471294	60061	51638	0
60061	51643	0.00064430	0.00734642	0.46198322	0.00735490	0.46219485	0.71595116	0.71369851	0.36491188	0.36503267	0.71616867	0.71386992	0.36516192	0.36500818	60061	51642	0
60061	51647	0.00070545	0.00738571	0.46448381	0.00734850	0.46430037	0.71653056	0.71394659	0.36537680	0.36501278	0.71646457	0.71421357	0.36502741	0.36496167	60061	51645	0
60061	51650	0.00047513	0.00732944	0.46308529	0.00740559	0.46377624	0.71685505	0.71451472	0.36529463	0.36523161	0.71711118	0.71453584	0.36544533	0.36510835	60061	51648	0
60061	51653	0.00167126	0.00741140	0.46545019	0.00737539	0.46186180	0.71703657	0.71452097	0.36523136	0.36508994	0.71718793	0.71480158	0.36533859	0.36533629	60061	51651	0
