% File initiated 02/05/2023 20:52:45 UTC
% Raw fountain data
%
% File notes: Collional shift map 3ms OP 350 mV RF 450 350 350 ms MOT 380 ms RF
%
%% fountain_code = ALPHA-CsF1
%% microwave_ref = ALPHA HM1
%% MJD_start = 60066.869977
%% clock_data = False
%% sequence = 5
%% density = HD
%
% Units: V.s, Hz
%
% Shot B MJD days	Shot B MJD seconds	freq error	shot A sum	shot A ratio	shot B sum	shot B ratio	shot A F=3 bg 1	shot A F=3 bg 2	shot A F=4 bg 1	shot A F=4 bg 2	shot B F=3 bg 1	shot B F=3 bg 2	shot B F=4 bg 1	shot B F=4 bg 2	Shot A MJD days	Shot A MJD seconds	Shot order (0=LF->HF)
60066	75450	0.00005509	0.06263137	0.48047795	0.06236229	0.48212693	0.68063351	0.68092801	0.34987916	0.35004425	0.68057780	0.68039571	0.34982510	0.34972148	60066	75448	0
60066	75453	0.00086683	0.06230887	0.48268110	0.06235547	0.48024591	0.68019044	0.68072226	0.34967867	0.34988730	0.68035553	0.68045561	0.34985205	0.34987210	60066	75451	0
60066	75456	0.00155207	0.06245082	0.48066977	0.06244531	0.47861406	0.68058511	0.68079276	0.34990801	0.34989790	0.68066055	0.68081150	0.34999190	0.34990332	60066	75455	0
60066	75460	0.00024147	0.06236018	0.47860115	0.06259511	0.48253293	0.68070878	0.68070977	0.34996972	0.34995813	0.68057320	0.68086647	0.34994342	0.34994334	60066	75458	0
60066	75463	0.00204610	0.06159868	0.48254082	0.06241144	0.47712693	0.68073647	0.68075587	0.35009971	0.34988434	0.68054148	0.68099918	0.34998106	0.35010275	60066	75461	0
60066	75908	0.00127563	0.06264388	0.47974838	0.06214398	0.48205980	0.68021164	0.68043096	0.35056949	0.35053719	0.68067591	0.68072595	0.35048378	0.35046965	60066	75906	0
60066	75911	0.00149347	0.06246924	0.48053620	0.06249192	0.47988268	0.68094626	0.68110896	0.35076760	0.35055273	0.68064313	0.68078758	0.35067023	0.35048395	60066	75909	0
60066	75914	0.00100010	0.06235919	0.47926365	0.06253422	0.48074378	0.68068166	0.68070862	0.35075273	0.35060047	0.68085694	0.68100411	0.35077319	0.35069924	60066	75912	0
60066	75917	0.00113049	0.06241996	0.48131622	0.06271199	0.48092504	0.68113287	0.68125604	0.35086966	0.35079480	0.68123131	0.68106516	0.35076292	0.35074213	60066	75916	0
60066	75921	0.00055641	0.06237272	0.47939124	0.06255805	0.48111346	0.68111274	0.68099581	0.35084271	0.35065059	0.68091355	0.68113772	0.35064804	0.35067327	60066	75919	0
60066	76365	0.00033937	0.06267816	0.47906001	0.06267507	0.47971116	0.68129121	0.68147232	0.35117706	0.35100327	0.68152852	0.68144997	0.35105241	0.35117953	60066	76364	0
60066	76368	0.00103930	0.06247759	0.48035475	0.06218580	0.47825493	0.68128842	0.68136278	0.35100689	0.35110303	0.68140182	0.68143838	0.35106375	0.35108446	60066	76367	0
60066	76372	0.00221587	0.06259389	0.48265029	0.06262711	0.47912059	0.68145071	0.68164948	0.35113269	0.35107238	0.68157799	0.68163444	0.35116310	0.35099645	60066	76370	0
60066	76375	0.00070751	0.06258039	0.47904547	0.06261191	0.48357055	0.68144824	0.68169985	0.35113844	0.35115110	0.68150609	0.68161965	0.35116326	0.35120278	60066	76373	0
60066	76378	0.00069995	0.06277993	0.48049962	0.06234277	0.48052231	0.68139927	0.68160010	0.35120698	0.35108101	0.68154134	0.68142474	0.35131191	0.35122489	60066	76377	0
60066	76823	0.00066664	0.06258019	0.47943128	0.06231071	0.47953120	0.68144413	0.68145408	0.35119991	0.35119268	0.68143099	0.68152310	0.35115184	0.35127436	60066	76821	0
60066	76826	0.00038375	0.06236603	0.47944055	0.06227788	0.48028922	0.68137445	0.68153033	0.35119087	0.35106605	0.68150116	0.68146517	0.35111067	0.35114781	60066	76825	0
60066	76829	0.00051428	0.06254658	0.48132451	0.06213644	0.48093292	0.68148333	0.68132055	0.35109095	0.35093540	0.68126007	0.68144849	0.35106761	0.35099834	60066	76828	0
60066	76833	0.00089798	0.06237441	0.48017310	0.06212895	0.47902201	0.68125152	0.68139820	0.35102464	0.35110344	0.68127429	0.68130124	0.35109382	0.35087237	60066	76831	0
60066	76836	0.00121824	0.06263328	0.48151430	0.06228078	0.48055353	0.68154134	0.68144323	0.35106909	0.35103294	0.68133312	0.68139072	0.35100393	0.35094813	60066	76834	0
60066	77281	0.00115519	0.06227943	0.48215550	0.06245149	0.48234463	0.68063598	0.68089079	0.35019306	0.35029890	0.68055446	0.68073943	0.35022363	0.35017400	60066	77279	0
60066	77284	0.00107840	0.06222283	0.47967431	0.06249806	0.47990469	0.68051132	0.68076507	0.35024080	0.35019191	0.68056564	0.68067756	0.35007449	0.34999347	60066	77282	0
60066	77287	0.00214094	0.06224075	0.48162276	0.06260329	0.47843515	0.68052735	0.68039867	0.35018871	0.35006972	0.68041132	0.68067254	0.35003767	0.35018484	60066	77286	0
60066	77290	0.00073075	0.06158575	0.47864639	0.06242551	0.48287695	0.68052266	0.68060656	0.35015058	0.35010045	0.68034969	0.68042636	0.35012486	0.34996216	60066	77289	0
60066	77294	0.00132602	0.06232911	0.48204284	0.06246743	0.48025705	0.68056934	0.68044008	0.35020267	0.35007358	0.68060664	0.68063655	0.35008755	0.35004638	60066	77292	0
60066	77738	0.00261642	0.06260703	0.48282535	0.06221870	0.47895414	0.68066063	0.68076753	0.35022634	0.35013850	0.68054304	0.68070328	0.35010267	0.35002305	60066	77737	0
60066	77742	0.00136551	0.06215130	0.47872454	0.06250992	0.48247726	0.68054419	0.68058593	0.35010957	0.35020021	0.68055019	0.68054542	0.35019824	0.35010300	60066	77740	0
60066	77745	0.00060901	0.06233171	0.47992153	0.06229477	0.48219105	0.68056843	0.68051979	0.35012026	0.35006643	0.68071445	0.68040105	0.35014959	0.34997777	60066	77743	0
60066	77748	0.00177084	0.06246981	0.48218978	0.06236783	0.47870428	0.68023104	0.68040836	0.35016512	0.35001524	0.68026982	0.68030902	0.35018369	0.35014491	60066	77747	0
60066	77751	0.00124513	0.06243968	0.47990204	0.06231848	0.48147918	0.68017335	0.68030614	0.35006323	0.34998969	0.68109967	0.68094806	0.35073441	0.35046661	60066	77750	0
60066	78196	0.00105100	0.06263819	0.48097926	0.06257486	0.48156165	0.68162483	0.68169862	0.35125480	0.35110977	0.68165038	0.68162417	0.35132202	0.35095939	60066	78194	0
60066	78199	0.00176229	0.06273813	0.48113928	0.06263040	0.47900539	0.68168851	0.68176830	0.35101519	0.35105841	0.68138135	0.68120863	0.35103992	0.35090919	60066	78198	0
60066	78203	0.00003507	0.06271095	0.47879286	0.06267991	0.48397454	0.68147585	0.68173280	0.35112209	0.35107912	0.68143041	0.68154866	0.35097961	0.35095068	60066	78201	0
60066	78206	0.00062061	0.06266184	0.48211273	0.06282794	0.48035608	0.68145367	0.68171793	0.35087525	0.35082710	0.68129877	0.68134725	0.35093375	0.35077475	60066	78204	0
60066	78209	0.00054227	0.06255421	0.47936510	0.06256776	0.47960014	0.68118003	0.68142540	0.35072685	0.35076087	0.68114158	0.68131414	0.35057532	0.35054081	60066	78207	0
60066	78654	0.00180704	0.06228756	0.48455265	0.06221433	0.48075833	0.68181777	0.68200898	0.35118635	0.35115504	0.68173757	0.68199197	0.35122062	0.35136516	60066	78652	0
60066	78657	0.00139154	0.06231825	0.47978468	0.06234482	0.48103118	0.68198400	0.68209855	0.35127156	0.35128446	0.68161941	0.68141414	0.35109276	0.35097821	60066	78655	0
60066	78660	0.00041662	0.06235609	0.47881012	0.06191825	0.48173490	0.68207160	0.68238409	0.35147559	0.35164257	0.68201580	0.68217020	0.35143525	0.35150033	60066	78659	0
60066	78664	0.00188995	0.06229737	0.48328558	0.06258759	0.47886557	0.68139212	0.68149771	0.35123302	0.35125702	0.68186050	0.68189526	0.35148611	0.35147083	60066	78662	0
60066	78667	0.00115424	0.06194481	0.48042886	0.06245419	0.48263598	0.68202328	0.68210915	0.35153196	0.35152046	0.68226873	0.68210266	0.35164191	0.35154191	60066	78665	0
60066	79111	0.00048095	0.06210342	0.47936116	0.06239463	0.48138104	0.68230094	0.68215147	0.35197807	0.35176295	0.68216256	0.68214785	0.35186024	0.35167502	60066	79110	0
60066	79115	0.00111618	0.06203774	0.48051020	0.06202135	0.47860449	0.68194982	0.68193987	0.35180264	0.35164010	0.68199567	0.68220077	0.35171044	0.35163435	60066	79113	0
60066	79118	0.00113578	0.06170725	0.48113137	0.06215327	0.48107259	0.68215237	0.68220365	0.35167963	0.35150748	0.68210915	0.68195302	0.35173583	0.35144609	60066	79116	0
60066	79121	0.00154478	0.06194789	0.48140682	0.06190996	0.48017981	0.68186173	0.68191941	0.35155415	0.35146828	0.68220167	0.68220726	0.35164972	0.35148693	60066	79120	0
60066	79124	0.00081132	0.06209252	0.47914603	0.06201014	0.48134643	0.68213306	0.68216486	0.35157971	0.35149129	0.68189879	0.68208228	0.35154207	0.35141035	60066	79123	0
60066	79569	0.00036450	0.06192545	0.47852529	0.06224269	0.47986573	0.68077419	0.68080418	0.34998755	0.34987366	0.68060377	0.68082522	0.35003258	0.35013127	60066	79568	0
60066	79572	0.00107332	0.06202829	0.48322595	0.06218827	0.48109949	0.68077600	0.68073171	0.34995443	0.34979971	0.68090607	0.68054164	0.35010119	0.34994737	60066	79571	0
60066	79576	0.00249003	0.06182459	0.48153210	0.06213193	0.47728198	0.68048560	0.68061815	0.34994885	0.35000168	0.68062028	0.68072793	0.35000456	0.35002149	60066	79574	0
60066	79579	0.00131334	0.06184437	0.47855552	0.06207443	0.48208558	0.68078052	0.68069859	0.35000834	0.34990587	0.68043293	0.68047887	0.34995706	0.34994737	60066	79577	0
60066	79582	0.00270449	0.06211558	0.48333204	0.06211032	0.47915860	0.68065907	0.68060492	0.35014006	0.34988319	0.68086080	0.68079999	0.34989231	0.35007597	60066	79581	0
60066	80027	0.00084921	0.06225916	0.47879896	0.06229847	0.48436479	0.68112367	0.68145515	0.35050260	0.35051624	0.68122901	0.68139754	0.35055207	0.35061000	60066	80025	0
60066	80030	0.00137423	0.06215054	0.48248063	0.06219220	0.48090557	0.68114035	0.68148916	0.35049734	0.35048543	0.68134052	0.68141817	0.35047327	0.35056390	60066	80028	0
60066	80033	0.00059908	0.06235248	0.47976244	0.06216233	0.48208789	0.68123065	0.68149114	0.35075824	0.35057705	0.68136780	0.68145695	0.35067146	0.35061304	60066	80032	0
60066	80037	0.00115465	0.06233238	0.48162428	0.06212013	0.47995757	0.68128349	0.68134882	0.35056998	0.35059020	0.68147306	0.68147618	0.35066308	0.35057310	60066	80035	0
60066	80040	0.00104255	0.06239417	0.47995628	0.06223273	0.48029259	0.68132959	0.68152392	0.35065881	0.35071247	0.68156287	0.68175047	0.35083416	0.35080294	60066	80038	0
60066	80485	0.00086816	0.06233904	0.47983684	0.06265463	0.48036000	0.68276578	0.68289947	0.35201669	0.35196312	0.68307524	0.68301279	0.35209936	0.35200700	60066	80483	0
60066	80488	0.00153959	0.06243632	0.48205518	0.06263990	0.48004089	0.68299923	0.68304393	0.35214348	0.35208810	0.68288230	0.68293875	0.35200149	0.35193008	60066	80486	0
60066	80491	0.00220137	0.06250390	0.48224519	0.06230079	0.48025988	0.68287482	0.68289397	0.35204052	0.35183230	0.68297236	0.68283908	0.35205720	0.35186821	60066	80489	0
60066	80494	0.00029394	0.06229103	0.47823840	0.06249674	0.48396067	0.68264877	0.68301797	0.35171989	0.35184717	0.68284467	0.68303374	0.35190913	0.35193830	60066	80493	0
60066	80498	0.00023213	0.06234624	0.47940688	0.06249885	0.47959229	0.68273940	0.68271533	0.35179984	0.35169343	0.68251154	0.68269676	0.35177955	0.35174216	60066	80496	0
60066	80942	0.00025212	0.06200857	0.48171462	0.06187193	0.48165466	0.68279084	0.68285214	0.35179426	0.35169680	0.68245427	0.68273357	0.35166977	0.35174199	60066	80941	0
60066	80945	0.00047366	0.06207728	0.48092952	0.06180346	0.48026489	0.68282840	0.68293727	0.35177897	0.35186862	0.68279980	0.68287186	0.35169762	0.35168135	60066	80944	0
60066	80949	0.00126938	0.06206747	0.48269397	0.06218964	0.48030683	0.68274696	0.68292593	0.35181357	0.35175317	0.68273472	0.68296718	0.35180025	0.35165834	60066	80947	0
60066	80952	0.00067798	0.06214140	0.47990572	0.06193093	0.48167991	0.68280859	0.68278821	0.35170050	0.35177462	0.68278254	0.68273546	0.35183000	0.35171488	60066	80950	0
60066	80955	0.00165194	0.06230158	0.48207155	0.06204785	0.47914967	0.68293637	0.68310901	0.35196312	0.35206969	0.68282938	0.68301180	0.35181266	0.35194208	60066	80954	0
60066	81400	0.00036051	0.06179446	0.47876425	0.06163521	0.48263854	0.68235591	0.68231967	0.35116466	0.35089702	0.68221729	0.68217258	0.35096161	0.35082570	60066	81398	0
60066	81403	0.00051515	0.06183436	0.48013080	0.06178725	0.47966689	0.68230784	0.68238155	0.35096703	0.35101026	0.68206272	0.68248328	0.35103080	0.35102340	60066	81401	0
60066	81406	0.00174083	0.06176962	0.48206878	0.06178648	0.47839174	0.68242173	0.68226223	0.35110327	0.35099070	0.68236832	0.68234473	0.35123853	0.35105373	60066	81405	0
60066	81410	0.00123203	0.06163692	0.47990502	0.06149133	0.48143143	0.68269487	0.68261368	0.35154766	0.35132653	0.68245509	0.68264293	0.35120854	0.35119095	60066	81408	0
60066	81413	0.00124207	0.06186992	0.47925163	0.06149259	0.47922149	0.68251968	0.68257744	0.35132621	0.35131988	0.68243307	0.68249470	0.35131643	0.35126310	60066	81411	0
60066	81858	0.00068467	0.06165735	0.47981052	0.06163617	0.48148271	0.68273464	0.68271968	0.35171299	0.35167774	0.68241474	0.68265140	0.35150789	0.35167034	60066	81856	0
60066	81861	0.00027058	0.06151810	0.47945974	0.06151337	0.48070204	0.68235780	0.68278484	0.35163525	0.35154700	0.68253751	0.68279027	0.35167585	0.35154519	60066	81859	0
60066	81864	0.00091190	0.06144279	0.48094700	0.06140832	0.47902303	0.68281328	0.68315675	0.35185695	0.35185317	0.68268484	0.68266824	0.35170986	0.35163320	60066	81862	0
60066	81867	0.00170918	0.06156190	0.48097985	0.06154446	0.47858800	0.68291977	0.68270949	0.35182721	0.35161101	0.68290605	0.68293201	0.35190921	0.35178481	60066	81866	0
60066	81871	-0.00028380	0.06159204	0.47890910	0.06149380	0.48488803	0.68256931	0.68284697	0.35181726	0.35160132	0.68279471	0.68290597	0.35176352	0.35173575	60066	81869	0
60066	82315	0.00078228	0.06158183	0.48230208	0.06193394	0.47910384	0.68325248	0.68339678	0.35203420	0.35207816	0.68332751	0.68335265	0.35210651	0.35202080	60066	82314	0
60066	82318	0.00151861	0.06175288	0.48163971	0.06190835	0.47943071	0.68323128	0.68331337	0.35215104	0.35196057	0.68359234	0.68332693	0.35213666	0.35206328	60066	82317	0
60066	82322	0.00119947	0.06159239	0.48003492	0.06169176	0.48099235	0.68345413	0.68346654	0.35216386	0.35201587	0.68337894	0.68329258	0.35209377	0.35208794	60066	82320	0
60066	82325	0.00096946	0.06170226	0.48075906	0.06159032	0.48144910	0.68345150	0.68354321	0.35223223	0.35221160	0.68330088	0.68349415	0.35213855	0.35209993	60066	82323	0
60066	82328	0.00023956	0.06184111	0.47970195	0.06170395	0.48189165	0.68349908	0.68354477	0.35226937	0.35208909	0.68301230	0.68313161	0.35205375	0.35205047	60066	82327	0
60066	82773	-0.00013265	0.06136434	0.48085951	0.06168567	0.48197614	0.68272527	0.68293193	0.35161381	0.35161701	0.68283111	0.68306308	0.35181833	0.35162605	60066	82771	0
60066	82776	0.00149205	0.06134411	0.48206190	0.06161942	0.47718781	0.68281919	0.68310112	0.35165152	0.35160666	0.68320162	0.68331551	0.35188456	0.35186147	60066	82775	0
60066	82779	-0.00019401	0.06147259	0.47814265	0.06173907	0.48320082	0.68332389	0.68343877	0.35194594	0.35190527	0.68336498	0.68351897	0.35214061	0.35198999	60066	82778	0
60066	82783	0.00144017	0.06174671	0.48290238	0.06181382	0.47799984	0.68306447	0.68335898	0.35182959	0.35180198	0.68333424	0.68328954	0.35203814	0.35199968	60066	82781	0
60066	82786	0.00017783	0.06194757	0.48026848	0.06186315	0.48405552	0.68338338	0.68354477	0.35203009	0.35193000	0.68359144	0.68356786	0.35208769	0.35214496	60066	82784	0
60066	83231	0.00079366	0.06207707	0.48259274	0.06214455	0.48074524	0.68239601	0.68228401	0.35066629	0.35056801	0.68190692	0.68204966	0.35052931	0.35049011	60066	83229	0
60066	83234	0.00114784	0.06217382	0.48193926	0.06207824	0.48087673	0.68214029	0.68223717	0.35060885	0.35063851	0.68219526	0.68237160	0.35058091	0.35073843	60066	83232	0
60066	83237	0.00187786	0.06224048	0.48270488	0.06208777	0.48051481	0.68215771	0.68227357	0.35073539	0.35066012	0.68243471	0.68252198	0.35062446	0.35069127	60066	83236	0
60066	83240	0.00056590	0.06223088	0.47854018	0.06219518	0.48247605	0.68236380	0.68269018	0.35084164	0.35068026	0.68200537	0.68222222	0.35057606	0.35048781	60066	83239	0
60066	83244	0.00055722	0.06228891	0.48101634	0.06223375	0.48104238	0.68242419	0.68270136	0.35066292	0.35082825	0.68232542	0.68233561	0.35074665	0.35063358	60066	83242	0
60066	83689	0.00006305	0.06130660	0.47985779	0.06134141	0.48134031	0.68235780	0.68244539	0.35193313	0.35202162	0.68248558	0.68243685	0.35207257	0.35202064	60066	83687	0
60066	83692	0.00052552	0.06130300	0.48246591	0.06091379	0.48107850	0.68230948	0.68247210	0.35203839	0.35190231	0.68219066	0.68234194	0.35175867	0.35178587	60066	83690	0
60066	83695	-0.00006906	0.06118982	0.47720008	0.06146391	0.47898382	0.68236676	0.68236150	0.35190552	0.35168267	0.68221589	0.68227908	0.35166336	0.35181562	60066	83693	0
60066	83698	0.00012538	0.06144111	0.47996843	0.06145392	0.47938510	0.68227497	0.68235903	0.35170387	0.35169072	0.68214695	0.68233586	0.35175095	0.35172326	60066	83697	0
60066	83702	0.00063940	0.06155735	0.48167152	0.06140173	0.48012945	0.68198030	0.68202303	0.35160731	0.35163271	0.68203643	0.68210093	0.35146253	0.35147247	60066	83700	0
60066	84146	0.00047043	0.06163923	0.48233914	0.06175358	0.48284606	0.68133583	0.68135917	0.35105414	0.35096383	0.68129557	0.68145416	0.35104025	0.35107345	60066	84145	0
60066	84150	0.00061928	0.06176711	0.48027147	0.06150260	0.47982493	0.68129425	0.68140173	0.35100639	0.35092989	0.68116681	0.68115916	0.35100870	0.35091255	60066	84148	0
60066	84153	0.00086524	0.06178249	0.47970831	0.06129762	0.47897043	0.68110460	0.68133444	0.35101962	0.35097459	0.68132983	0.68140551	0.35107912	0.35106876	60066	84151	0
60066	84156	0.00089270	0.06128693	0.48196158	0.06116918	0.48187920	0.68130272	0.68160231	0.35109670	0.35116679	0.68116344	0.68130559	0.35089053	0.35104740	60066	84154	0
60066	84159	0.00111765	0.06148471	0.48147944	0.06147836	0.48080458	0.68117757	0.68134955	0.35113154	0.35111420	0.68131323	0.68136393	0.35110212	0.35102455	60066	84158	0
60066	84604	0.00125546	0.06156254	0.48174618	0.06128519	0.48133274	0.67944137	0.67973538	0.34978837	0.34976207	0.67961302	0.67967605	0.34982123	0.34983266	60066	84602	0
60066	84607	0.00079617	0.06170093	0.47946406	0.06139847	0.48084194	0.67964334	0.67994730	0.35004104	0.35006553	0.67954794	0.67966019	0.34991302	0.34975484	60066	84606	0
60066	84611	0.00103282	0.06138474	0.48076676	0.06168269	0.48005682	0.67960818	0.67977326	0.34992839	0.34988566	0.67961795	0.67965238	0.34989716	0.34991014	60066	84609	0
60066	84614	0.00090919	0.06176208	0.47964937	0.06165457	0.48002024	0.67969314	0.67999619	0.35001614	0.34995000	0.67969429	0.67989364	0.35001475	0.34997194	60066	84612	0
60066	84617	0.00017971	0.06164779	0.47913675	0.06136426	0.48132519	0.68000539	0.67996398	0.35035173	0.34998130	0.67989076	0.67976956	0.35015649	0.35006520	60066	84615	0
60066	85062	0.00082657	0.06161392	0.48122015	0.06180721	0.47927958	0.67890298	0.67925886	0.34932147	0.34934850	0.67909091	0.67907842	0.34924817	0.34924357	60066	85060	0
60066	85065	0.00103338	0.06173883	0.47845646	0.06185588	0.47783604	0.67890717	0.67909929	0.34935573	0.34925351	0.67895138	0.67939510	0.34944661	0.34943486	60066	85063	0
60066	85068	0.00105552	0.06192818	0.47984585	0.06149605	0.47977943	0.67898170	0.67920627	0.34926617	0.34929271	0.67912525	0.67927292	0.34942911	0.34944612	60066	85067	0
60066	85072	0.00060190	0.06163358	0.48134286	0.06179896	0.48270369	0.67919272	0.67872007	0.34938564	0.34896049	0.67899830	0.67935353	0.34933420	0.34940972	60066	85070	0
60066	85075	0.00173364	0.06175767	0.48091324	0.06168106	0.47751803	0.67918639	0.67908606	0.34941407	0.34923280	0.67912106	0.67918203	0.34933963	0.34937529	60066	85073	0
60066	85519	0.00093010	0.06187291	0.48027979	0.06172251	0.48269042	0.68082415	0.68111150	0.35126261	0.35114165	0.68097337	0.68106146	0.35129498	0.35118216	60066	85518	0
60066	85523	0.00128335	0.06151259	0.48146750	0.06199779	0.48040775	0.68088865	0.68090854	0.35118865	0.35108594	0.68073146	0.68098800	0.35128224	0.35121971	60066	85521	0
60066	85526	0.00230706	0.06130710	0.48230844	0.06179078	0.47923732	0.68103237	0.68113073	0.35116877	0.35107189	0.68089884	0.68099293	0.35110048	0.35120361	60066	85524	0
60066	85529	0.00139212	0.06160149	0.47858769	0.06164469	0.48133249	0.68090772	0.68088545	0.35098717	0.35110549	0.68086482	0.68111380	0.35125743	0.35121503	60066	85528	0
60066	85532	0.00082583	0.06185310	0.48016531	0.06151504	0.48186420	0.68086918	0.68097050	0.35121314	0.35121478	0.68073105	0.68092013	0.35110516	0.35114855	60066	85531	0
60066	85977	0.00153895	0.06148980	0.48367688	0.06179543	0.48153751	0.67979380	0.67996332	0.34994063	0.35007235	0.68014385	0.68060007	0.35012190	0.35027926	60066	85976	0
60066	85980	0.00112910	0.06154875	0.47888951	0.06177420	0.48011906	0.68036161	0.68047582	0.35035395	0.35022223	0.68025971	0.68032496	0.35023793	0.35014663	60066	85979	0
60066	85984	0.00193551	0.06175437	0.48369518	0.06188642	0.48127594	0.67961680	0.67968188	0.34991984	0.34982066	0.68024402	0.68029003	0.34999823	0.35017202	60066	85982	0
60066	85987	0.00143603	0.06187154	0.48033378	0.06171167	0.48183221	0.68002076	0.68009742	0.35020415	0.35007975	0.68012627	0.68021797	0.35016372	0.35020736	60066	85985	0
60066	85990	0.00192454	0.06154154	0.48218629	0.06205533	0.48072079	0.67996521	0.68014960	0.35026356	0.35012436	0.68031888	0.68062916	0.35022330	0.35008780	60066	85989	0
60067	35	0.00153393	0.06203382	0.48018881	0.06188262	0.48136063	0.68052455	0.68067895	0.35081666	0.35087648	0.68087238	0.68072998	0.35093877	0.35085446	60067	33	0
60067	38	0.00117336	0.06201002	0.47996619	0.06191782	0.48104789	0.68083837	0.68090147	0.35089407	0.35097640	0.68066786	0.68097650	0.35097270	0.35087336	60067	37	0
60067	42	0.00121991	0.06183116	0.47856749	0.06214441	0.47842784	0.68096902	0.68097921	0.35105381	0.35092652	0.68057977	0.68084576	0.35098593	0.35092217	60067	40	0
60067	45	0.00078660	0.06194324	0.47983151	0.06212437	0.48113145	0.68084157	0.68098529	0.35089850	0.35099826	0.68054789	0.68075430	0.35087648	0.35082652	60067	43	0
60067	48	0.00174627	0.06195716	0.48104403	0.06174674	0.47816501	0.68067599	0.68070533	0.35094156	0.35082964	0.68060237	0.68089235	0.35098643	0.35097648	60067	46	0
60067	493	0.00136563	0.06205112	0.47934069	0.06181380	0.48048264	0.68016900	0.68001443	0.35046949	0.35042380	0.67976693	0.67970021	0.35036398	0.35019257	60067	491	0
60067	496	0.00094539	0.06200210	0.47922867	0.06193373	0.48048939	0.68016686	0.68039176	0.35034508	0.35050712	0.68024813	0.68018937	0.35051369	0.35036981	60067	494	0
60067	499	0.00098991	0.06205965	0.48125403	0.06200006	0.48112045	0.68031534	0.68055134	0.35070745	0.35032684	0.68025273	0.68047977	0.35045576	0.35054089	60067	498	0
60067	503	0.00137430	0.06173719	0.48099987	0.06204391	0.47984670	0.68018748	0.68076310	0.35035149	0.35069562	0.68010334	0.68067665	0.35050367	0.35062471	60067	501	0
60067	506	0.00195737	0.06144934	0.48003881	0.06205594	0.47828959	0.68010416	0.68017253	0.35047976	0.35042602	0.68013958	0.68018494	0.35039890	0.35016142	60067	504	0
60067	951	0.00173604	0.06214712	0.47989868	0.06218986	0.48056268	0.67933504	0.67944498	0.34940142	0.34945861	0.67938409	0.67947366	0.34946625	0.34951794	60067	949	0
60067	954	0.00110963	0.06207029	0.47918924	0.06185188	0.48106847	0.67926166	0.67923454	0.34953643	0.34946699	0.67931869	0.67933315	0.34931046	0.34927857	60067	952	0
60067	957	0.00059818	0.06180577	0.47919156	0.06215660	0.48072591	0.67937407	0.67924342	0.34934390	0.34937669	0.67936963	0.67977096	0.34934505	0.34966355	60067	955	0
60067	960	0.00045820	0.06193816	0.47952228	0.06204970	0.47994224	0.67952609	0.67956504	0.34972863	0.34936214	0.67934835	0.67967284	0.34938975	0.34962065	60067	959	0
60067	964	0.00088442	0.06207003	0.48201282	0.06219090	0.48073417	0.67932715	0.67955871	0.34947266	0.34949534	0.67939815	0.67924038	0.34945598	0.34930742	60067	962	0
60067	1408	0.00173699	0.06196920	0.48117644	0.06245624	0.47861872	0.67954515	0.67937834	0.34944727	0.34921834	0.67961746	0.67941754	0.34953191	0.34932788	60067	1407	0
60067	1411	0.00056841	0.06191245	0.47792170	0.06210760	0.48142743	0.67919847	0.67928680	0.34954218	0.34940134	0.67947818	0.67948525	0.34935688	0.34934858	60067	1410	0
60067	1415	0.00084192	0.06223328	0.48032012	0.06221911	0.47949959	0.67947358	0.67954153	0.34955796	0.34944086	0.67931688	0.67983480	0.34939107	0.34950939	60067	1413	0
60067	1418	0.00090693	0.06220040	0.48019795	0.06212306	0.48000293	0.67966405	0.67951770	0.34954653	0.34951695	0.67939502	0.67949478	0.34945993	0.34942459	60067	1416	0
60067	1421	0.00098333	0.06203757	0.47941467	0.06234684	0.47918547	0.67936265	0.67952346	0.34953593	0.34947513	0.67938516	0.67975272	0.34953183	0.34967176	60067	1420	0
60067	1866	0.00122730	0.06204489	0.48054269	0.06231453	0.47981080	0.68019381	0.68030425	0.35052610	0.35057351	0.68036087	0.68073508	0.35057154	0.35067163	60067	1864	0
60067	1869	0.00061549	0.06202856	0.47862992	0.06203994	0.48046533	0.68008847	0.68030228	0.35050022	0.35034467	0.68015289	0.68033515	0.35040120	0.35041788	60067	1868	0
60067	1872	0.00098779	0.06229367	0.48073421	0.06215283	0.47961731	0.68019381	0.68039768	0.35039783	0.35039898	0.68017795	0.68027492	0.35043464	0.35039093	60067	1871	0
60067	1876	0.00139085	0.06224150	0.48232893	0.06199712	0.48111977	0.68019578	0.68031995	0.35026208	0.35036611	0.68013498	0.68060459	0.35036447	0.35054451	60067	1874	0
60067	1879	0.00116201	0.06213255	0.48000506	0.06199907	0.48069157	0.67997852	0.67992125	0.35040202	0.34999733	0.67979898	0.68025421	0.35016077	0.35019643	60067	1877	0
60067	2324	0.00122601	0.06204766	0.47899508	0.06218132	0.47880308	0.68037270	0.68039242	0.35046973	0.35048354	0.68058980	0.68047139	0.35051361	0.35047663	60067	2322	0
60067	2327	0.00236621	0.06207872	0.48304632	0.06228828	0.47962572	0.68027607	0.68043523	0.35043464	0.35067393	0.68047451	0.68051058	0.35055856	0.35053218	60067	2325	0
60067	2330	0.00089304	0.06188170	0.47714664	0.06216184	0.48156615	0.68052020	0.68073319	0.35060860	0.35047984	0.68066564	0.68062036	0.35062249	0.35056957	60067	2329	0
60067	2334	0.00121846	0.06220215	0.47974333	0.06216880	0.47876706	0.68029332	0.68027820	0.35052421	0.35053268	0.68036974	0.68052825	0.35048050	0.35052807	60067	2332	0
60067	2337	0.00148544	0.06203224	0.48088955	0.06212358	0.48008860	0.68028157	0.68060081	0.35038148	0.35047589	0.68043268	0.68043663	0.35058001	0.35058642	60067	2335	0
60067	2781	0.00106857	0.06239301	0.48084562	0.06221355	0.48209624	0.67895606	0.67897307	0.34914439	0.34901702	0.67907357	0.67911893	0.34921801	0.34904578	60067	2780	0
60067	2785	0.00160648	0.06243488	0.48082780	0.06259116	0.47921407	0.67893042	0.67921162	0.34918005	0.34926567	0.67875474	0.67915138	0.34915540	0.34923461	60067	2783	0
60067	2788	0.00072942	0.06225898	0.47990571	0.06237530	0.48253688	0.67894489	0.67904514	0.34916789	0.34901998	0.67919231	0.67906223	0.34926690	0.34912968	60067	2786	0
60067	2791	0.00065431	0.06197496	0.48107827	0.06230338	0.48130360	0.67868983	0.67887849	0.34917931	0.34912935	0.67900175	0.67914925	0.34928737	0.34932968	60067	2790	0
60067	2795	0.00107825	0.06212477	0.48156409	0.06234124	0.48029227	0.67928294	0.67939354	0.34957308	0.34943215	0.67938344	0.67956323	0.34938186	0.34941687	60067	2793	0
60067	3239	0.00109214	0.06212899	0.48104427	0.06200282	0.48100260	0.67936758	0.67959519	0.34942624	0.34929657	0.67953299	0.67942904	0.34922220	0.34933774	60067	3238	0
60067	3242	0.00229291	0.06231906	0.48325857	0.06231826	0.47965628	0.67916051	0.67929839	0.34922730	0.34916945	0.67928951	0.67950719	0.34939641	0.34930668	60067	3241	0
60067	3246	0.00162636	0.06173873	0.47902025	0.06233409	0.48101990	0.67922887	0.67932707	0.34919213	0.34917701	0.67952025	0.67940431	0.34914537	0.34909196	60067	3244	0
60067	3249	0.00016609	0.06214129	0.47830426	0.06250673	0.48268505	0.67920282	0.67932797	0.34923428	0.34912927	0.67946249	0.67953726	0.34915696	0.34922491	60067	3247	0
60067	3252	0.00097975	0.06227763	0.48070215	0.06240477	0.47826118	0.67934079	0.67941935	0.34927874	0.34930018	0.67952978	0.67971878	0.34929008	0.34932262	60067	3251	0
60067	3697	0.00073567	0.06228323	0.47865340	0.06249672	0.47938564	0.68212780	0.68215837	0.35171841	0.35169302	0.68197874	0.68220808	0.35186164	0.35179779	60067	3695	0
60067	3700	0.00045477	0.06225725	0.48026959	0.06222328	0.48111230	0.68191522	0.68204629	0.35188062	0.35189500	0.68197373	0.68208918	0.35163492	0.35175218	60067	3699	0
60067	3704	0.00123702	0.06252881	0.48186494	0.06205929	0.47951819	0.68196173	0.68198918	0.35188432	0.35177453	0.68189945	0.68232551	0.35185367	0.35175128	60067	3702	0
60067	3707	0.00057229	0.06243411	0.47860264	0.06222792	0.48059681	0.68186370	0.68201999	0.35187922	0.35180379	0.68200775	0.68207924	0.35185293	0.35175103	60067	3705	0
60067	3710	0.00156565	0.06224226	0.48092058	0.06230607	0.47794050	0.68212082	0.68238196	0.35190699	0.35191891	0.68187085	0.68199887	0.35192737	0.35188530	60067	3708	0
60067	4155	0.00092026	0.06256400	0.47991166	0.06258763	0.48184785	0.68130001	0.68141316	0.35108347	0.35121914	0.68133559	0.68146903	0.35106235	0.35103450	60067	4153	0
60067	4158	0.00056835	0.06243778	0.48042898	0.06219768	0.48148469	0.68133937	0.68128127	0.35126943	0.35098207	0.68119589	0.68120822	0.35099645	0.35089949	60067	4156	0
60067	4161	0.00149471	0.06250642	0.48130289	0.06219847	0.47852380	0.68118768	0.68127404	0.35098832	0.35093022	0.68124027	0.68174472	0.35099037	0.35128800	60067	4160	0
60067	4165	0.00070256	0.06249111	0.48002553	0.06205173	0.48240199	0.68101832	0.68129992	0.35095750	0.35088363	0.68117667	0.68116007	0.35099390	0.35096892	60067	4163	0
60067	4168	0.00039006	0.06230397	0.47975407	0.06229963	0.48069158	0.68111972	0.68134347	0.35099407	0.35096605	0.68131866	0.68128086	0.35090795	0.35094920	60067	4166	0
60067	4613	0.00168947	0.06204953	0.48360345	0.06260140	0.47970521	0.68067345	0.68047969	0.35019199	0.35000982	0.68042586	0.68037697	0.35015000	0.35015978	60067	4611	0
60067	4616	0.00075596	0.06241843	0.47907288	0.06242551	0.48187339	0.68064083	0.68075135	0.35028780	0.35038879	0.68066186	0.68057533	0.35039052	0.35018566	60067	4614	0
60067	4619	0.00092964	0.06240601	0.48059509	0.06251238	0.48007408	0.68085455	0.68075439	0.35044968	0.35020013	0.68073179	0.68071166	0.35040827	0.35040490	60067	4617	0
60067	4622	0.00160129	0.06260448	0.48158455	0.06247253	0.47956959	0.68073310	0.68110304	0.35053629	0.35069110	0.68099219	0.68085094	0.35044902	0.35050441	60067	4621	0
60067	4626	0.00059921	0.06259740	0.47884326	0.06259049	0.48184949	0.68100624	0.68107140	0.35055231	0.35062931	0.68054288	0.68083894	0.35049874	0.35061403	60067	4624	0
60067	5070	0.00116793	0.06285113	0.48077628	0.06256151	0.47907014	0.68078873	0.68090443	0.35004737	0.34999626	0.68129910	0.68079958	0.35041714	0.34999199	60067	5069	0
60067	5074	0.00192118	0.06252921	0.48282411	0.06281209	0.48056434	0.68072760	0.68057065	0.34992592	0.35000982	0.68070796	0.68106245	0.35008492	0.35019939	60067	5072	0
60067	5077	0.00191590	0.06264512	0.48007550	0.06298862	0.48009135	0.68072612	0.68088003	0.35019495	0.35027852	0.68082415	0.68100591	0.35004474	0.35010727	60067	5075	0
60067	5080	0.00033574	0.06266447	0.47899559	0.06283937	0.48373607	0.68100698	0.68082168	0.35026455	0.35011130	0.68065241	0.68075784	0.35015937	0.35008443	60067	5078	0
60067	5083	0.00083631	0.06298311	0.48221542	0.06278588	0.48071369	0.68067526	0.68089556	0.35018624	0.35019659	0.68098044	0.68101881	0.35036381	0.35012116	60067	5082	0
60067	5528	0.00128592	0.06258280	0.48149658	0.06277596	0.48014777	0.68077887	0.68088027	0.35002527	0.34998451	0.68085554	0.68073343	0.35014639	0.35002691	60067	5526	0
60067	5531	0.00097811	0.06260108	0.48133911	0.06258529	0.48226253	0.68096696	0.68135695	0.35018690	0.35021525	0.68106146	0.68109844	0.35024844	0.35005978	60067	5530	0
60067	5534	0.00052771	0.06247363	0.48071545	0.06269217	0.48206665	0.68073647	0.68093722	0.35000900	0.35025247	0.68117050	0.68117823	0.35023842	0.35021015	60067	5533	0
60067	5538	0.00164286	0.06267393	0.48199042	0.06263287	0.47864496	0.68110822	0.68115382	0.35019158	0.35020473	0.68120526	0.68131159	0.35022182	0.35028534	60067	5536	0
60067	5541	0.00023089	0.06258227	0.47684178	0.06244636	0.48107771	0.68121290	0.68129927	0.35031640	0.35030687	0.68129524	0.68134914	0.35019446	0.35033587	60067	5539	0
60067	5986	0.00127649	0.06280157	0.48279185	0.06282220	0.47965506	0.68198474	0.68233348	0.35129120	0.35141314	0.68213733	0.68211482	0.35143903	0.35136392	60067	5984	0
60067	5989	0.00202249	0.06282024	0.48124623	0.06295852	0.47900820	0.68208540	0.68210372	0.35137239	0.35139687	0.68196724	0.68215631	0.35124707	0.35127132	60067	5987	0
60067	5992	0.00116299	0.06282261	0.47936225	0.06291259	0.48194077	0.68192056	0.68196732	0.35127164	0.35120985	0.68178753	0.68164718	0.35104263	0.35100459	60067	5991	0
60067	5996	0.00145623	0.06275437	0.47988906	0.06265241	0.47900933	0.68168366	0.68181161	0.35125858	0.35106087	0.68188753	0.68203774	0.35124773	0.35125776	60067	5994	0
60067	5999	0.00126863	0.06276578	0.47963208	0.06285305	0.48019489	0.68192476	0.68206067	0.35123861	0.35133894	0.68238927	0.68239289	0.35156968	0.35149597	60067	5997	0
60067	6443	0.00092822	0.06228832	0.47857567	0.06281290	0.47959689	0.68229001	0.68222813	0.35154289	0.35136499	0.68252066	0.68256356	0.35169179	0.35158217	60067	6442	0
60067	6447	0.00129193	0.06272323	0.47995283	0.06271786	0.47886170	0.68239313	0.68253324	0.35150657	0.35162523	0.68259700	0.68254564	0.35173978	0.35140123	60067	6445	0
60067	6450	0.00123477	0.06283568	0.48050112	0.06262617	0.48067259	0.68237621	0.68248960	0.35159606	0.35159910	0.68239075	0.68241433	0.35169179	0.35161356	60067	6448	0
60067	6453	0.00022805	0.06267863	0.47956084	0.06261230	0.48258101	0.68236947	0.68292528	0.35150657	0.35178686	0.68228984	0.68232403	0.35164832	0.35147666	60067	6452	0
60067	6456	0.00193117	0.06273953	0.48311377	0.06278258	0.47800440	0.68248311	0.68259938	0.35169811	0.35165900	0.68252888	0.68245008	0.35177149	0.35166935	60067	6455	0
60067	6901	0.00078386	0.06283031	0.47988192	0.06297682	0.48332387	0.68081297	0.68104938	0.34996922	0.35025551	0.68135851	0.68147593	0.35016488	0.35001853	60067	6900	0
60067	6904	0.00117865	0.06271702	0.48062966	0.06301597	0.47944526	0.68132137	0.68127018	0.35013759	0.35020440	0.68139598	0.68166616	0.35025288	0.35018698	60067	6903	0
60067	6908	0.00113440	0.06282695	0.47931340	0.06269532	0.47944617	0.68155589	0.68165474	0.35029742	0.35027227	0.68157281	0.68156945	0.35034352	0.35037647	60067	6906	0
60067	6911	0.00045710	0.06289436	0.47951023	0.06267317	0.48154212	0.68151554	0.68152400	0.35041254	0.35037507	0.68131430	0.68144372	0.35024351	0.35046686	60067	6909	0
60067	6914	0.00068675	0.06287261	0.48068468	0.06277728	0.47999572	0.68131603	0.68156131	0.35036685	0.35041065	0.68155211	0.68127749	0.35053292	0.35037334	60067	6913	0
60067	7359	-0.00002642	0.06245972	0.47891647	0.06253073	0.48105598	0.68298690	0.68277581	0.35196665	0.35181940	0.68261459	0.68268517	0.35169565	0.35171069	60067	7357	0
60067	7362	0.00101991	0.06255537	0.48170466	0.06250950	0.47856566	0.68286003	0.68255329	0.35177593	0.35151413	0.68275608	0.68263759	0.35158069	0.35151865	60067	7361	0
60067	7365	0.00226593	0.06259262	0.48206273	0.06287392	0.47832467	0.68243660	0.68274918	0.35174734	0.35172219	0.68263176	0.68269421	0.35170115	0.35164939	60067	7364	0
60067	7369	0.00160113	0.06244230	0.48037784	0.06245121	0.48237224	0.68254819	0.68259692	0.35160132	0.35167946	0.68266561	0.68261910	0.35172556	0.35162120	60067	7367	0
60067	7372	0.00114819	0.06216435	0.48028883	0.06245791	0.48164767	0.68247235	0.68272560	0.35162457	0.35161397	0.68238163	0.68254071	0.35165563	0.35162860	60067	7370	0
60067	7817	0.00015199	0.06293232	0.47839601	0.06257786	0.48138461	0.68225993	0.68221663	0.35098109	0.35098618	0.68214982	0.68234309	0.35111174	0.35093762	60067	7815	0
60067	7820	0.00048708	0.06297547	0.47979478	0.06306650	0.47878952	0.68225771	0.68227924	0.35092373	0.35109103	0.68231063	0.68254047	0.35112801	0.35109161	60067	7818	0
60067	7823	0.00067288	0.06291780	0.48195624	0.06248080	0.48139883	0.68228869	0.68224983	0.35100048	0.35101379	0.68232772	0.68246528	0.35096391	0.35098988	60067	7822	0
60067	7826	-0.00001426	0.06309633	0.47838117	0.06298128	0.48044258	0.68222378	0.68216502	0.35100196	0.35089743	0.68208926	0.68226338	0.35088478	0.35091395	60067	7825	0
60067	7830	0.00081346	0.06276563	0.48306434	0.06281584	0.48058117	0.68220184	0.68221079	0.35098100	0.35089875	0.68224259	0.68225336	0.35115825	0.35100590	60067	7828	0
60067	8274	0.00181500	0.06286596	0.48116061	0.06261991	0.47815601	0.68259355	0.68270736	0.35144026	0.35150181	0.68305281	0.68292273	0.35163673	0.35164799	60067	8273	0
60067	8278	0.00089219	0.06291503	0.47863178	0.06265500	0.48140021	0.68295552	0.68282626	0.35159507	0.35163057	0.68279791	0.68295765	0.35155670	0.35155867	60067	8276	0
60067	8281	0.00042989	0.06253418	0.47860847	0.06273317	0.47999535	0.68277449	0.68288928	0.35153024	0.35149605	0.68277811	0.68291402	0.35154166	0.35132547	60067	8279	0
60067	8284	0.00103701	0.06211987	0.48030768	0.06235196	0.47848634	0.68263381	0.68280991	0.35121149	0.35140460	0.68266734	0.68268542	0.35133245	0.35130920	60067	8283	0
60067	8287	0.00062015	0.06256922	0.47992820	0.06264001	0.48117879	0.68274244	0.68272650	0.35143180	0.35126934	0.68262929	0.68264154	0.35142432	0.35122004	60067	8286	0
60067	8732	0.00096800	0.06265952	0.48023784	0.06276945	0.47919428	0.68351568	0.68337738	0.35212122	0.35205334	0.68333482	0.68324196	0.35199336	0.35189598	60067	8731	0
60067	8735	0.00000498	0.06297601	0.48081477	0.06299889	0.48370385	0.68338215	0.68333186	0.35190930	0.35188629	0.68332142	0.68337788	0.35201719	0.35186837	60067	8734	0
60067	8739	0.00095062	0.06319493	0.48264406	0.06307066	0.47980712	0.68344156	0.68345397	0.35196583	0.35202376	0.68341559	0.68344961	0.35195235	0.35187692	60067	8737	0
60067	8742	0.00137606	0.06301755	0.48140110	0.06293302	0.48012479	0.68334189	0.68335618	0.35209845	0.35189853	0.68351716	0.68335627	0.35206197	0.35171660	60067	8740	0
60067	8745	0.00143479	0.06257624	0.48063359	0.06280613	0.48045741	0.68321041	0.68322701	0.35181570	0.35170165	0.68312635	0.68323441	0.35173411	0.35172457	60067	8744	0
60067	9190	0.00004723	0.06282841	0.47848401	0.06289986	0.48264667	0.68348560	0.68365512	0.35233174	0.35215400	0.68333096	0.68310137	0.35221859	0.35212689	60067	9189	0
60067	9193	0.00074599	0.06288834	0.48066978	0.06283517	0.47857350	0.68342381	0.68376178	0.35209492	0.35237989	0.68333835	0.68342069	0.35236403	0.35219780	60067	9192	0
60067	9197	0.00091546	0.06288378	0.48160231	0.06282969	0.48109391	0.68336719	0.68375513	0.35245935	0.35252862	0.68351502	0.68364518	0.35229534	0.35237159	60067	9195	0
60067	9200	0.00047578	0.06264122	0.47997433	0.06295900	0.48129338	0.68336908	0.68354542	0.35222927	0.35218391	0.68352603	0.68346481	0.35218317	0.35223971	60067	9198	0
60067	9203	0.00163275	0.06263156	0.48110857	0.06273971	0.47763766	0.68353828	0.68380122	0.35225121	0.35233026	0.68332447	0.68339669	0.35215080	0.35201834	60067	9202	0
60067	9648	0.00190363	0.06254542	0.48162804	0.06243122	0.48081541	0.68342085	0.68357164	0.35198309	0.35214299	0.68333235	0.68340319	0.35210067	0.35204669	60067	9646	0
60067	9651	0.00082046	0.06263114	0.47770755	0.06267815	0.48095706	0.68327023	0.68333761	0.35211719	0.35218112	0.68348462	0.68350960	0.35213798	0.35210002	60067	9650	0
60067	9654	0.00145051	0.06281474	0.48057254	0.06253600	0.47868239	0.68346884	0.68349374	0.35211900	0.35208646	0.68362768	0.68347196	0.35224217	0.35201045	60067	9653	0
60067	9658	0.00070024	0.06265968	0.47831738	0.06230254	0.48056819	0.68331140	0.68332890	0.35199352	0.35200618	0.68297507	0.68322463	0.35208120	0.35203263	60067	9656	0
60067	9661	0.00020615	0.06274214	0.48012373	0.06237820	0.48160601	0.68304516	0.68295108	0.35199500	0.35189360	0.68314624	0.68321501	0.35193403	0.35184619	60067	9659	0
60067	10106	0.00100869	0.06276780	0.48036983	0.06275139	0.47796220	0.68197611	0.68213799	0.35034105	0.35037606	0.68202262	0.68200520	0.35039775	0.35018838	60067	10104	0
60067	10109	0.00039388	0.06313503	0.48008203	0.06276401	0.48192645	0.68176140	0.68207973	0.35031155	0.35029315	0.68168145	0.68167372	0.35031122	0.35013381	60067	10107	0
60067	10112	0.00115858	0.06277780	0.48248643	0.06283198	0.48019233	0.68182681	0.68176008	0.35025280	0.35012749	0.68155753	0.68202180	0.35025781	0.35030194	60067	10110	0
60067	10115	0.00025465	0.06277174	0.47916854	0.06290605	0.48188035	0.68191465	0.68204095	0.35040161	0.35031352	0.68189386	0.68217694	0.35037121	0.35032840	60067	10114	0
60067	10119	0.00084937	0.06268014	0.48107031	0.06290205	0.47928613	0.68185869	0.68189246	0.35039109	0.35034204	0.68187438	0.68210677	0.35059833	0.35046291	60067	10117	0
60067	10563	0.00052334	0.06256297	0.47989528	0.06312468	0.48087336	0.68199403	0.68218318	0.35040531	0.35042536	0.68201210	0.68212575	0.35043736	0.35047524	60067	10562	0
60067	10567	0.00020959	0.06284380	0.47929251	0.06284167	0.48023377	0.68197496	0.68217357	0.35041032	0.35038699	0.68230258	0.68199049	0.35055724	0.35025732	60067	10565	0
60067	10570	0.00063622	0.06294975	0.47970834	0.06306038	0.47842845	0.68217776	0.68212665	0.35055001	0.35025913	0.68177216	0.68188991	0.35033604	0.35015962	60067	10568	0
60067	10573	0.00072632	0.06301461	0.48063444	0.06321676	0.48036413	0.68163543	0.68198877	0.35020530	0.35029282	0.68186444	0.68193116	0.35036406	0.35022379	60067	10571	0
60067	10576	0.00177304	0.06293334	0.48149117	0.06311954	0.47835103	0.68219699	0.68221137	0.35050498	0.35040975	0.68208713	0.68193486	0.35039035	0.35024491	60067	10575	0
60067	11021	0.00151060	0.06267402	0.47911613	0.06251864	0.47990344	0.68150642	0.68151809	0.35039101	0.35007695	0.68165622	0.68173404	0.35022330	0.35013603	60067	11019	0
60067	11024	0.00118415	0.06272760	0.47987688	0.06242550	0.48085622	0.68166896	0.68179542	0.35036233	0.35019446	0.68174685	0.68185466	0.35037269	0.35026356	60067	11023	0
60067	11028	0.00100642	0.06272438	0.48015835	0.06277774	0.48069156	0.68151242	0.68167701	0.35033744	0.35032289	0.68144183	0.68175055	0.35031492	0.35026669	60067	11026	0
60067	11031	0.00139887	0.06254348	0.48057525	0.06259813	0.47939791	0.68182064	0.68180446	0.35054262	0.35054853	0.68160289	0.68163559	0.35024171	0.35056160	60067	11029	0
60067	11034	0.00057662	0.06252199	0.47882468	0.06219064	0.48129143	0.68151694	0.68176386	0.35057894	0.35047770	0.68187192	0.68210997	0.35061863	0.35063317	60067	11032	0
60067	11479	0.00089804	0.06295499	0.48135837	0.06291264	0.48039410	0.68272116	0.68250982	0.35100689	0.35070211	0.68193092	0.68217423	0.35058814	0.35060811	60067	11477	0
60067	11482	0.00110224	0.06279234	0.48210151	0.06265922	0.48148891	0.68201440	0.68208228	0.35072389	0.35055231	0.68183634	0.68230258	0.35063654	0.35076161	60067	11480	0
60067	11485	0.00026594	0.06288428	0.48083046	0.06256210	0.48333936	0.68216716	0.68226642	0.35052150	0.35059578	0.68231778	0.68222271	0.35063440	0.35054722	60067	11484	0
60067	11489	0.00119135	0.06306507	0.48110293	0.06265067	0.47832670	0.68228541	0.68221030	0.35065330	0.35057409	0.68217768	0.68234095	0.35049299	0.35060260	60067	11487	0
60067	11492	0.00127445	0.06277699	0.48005225	0.06286288	0.47980294	0.68208680	0.68241121	0.35045519	0.35072907	0.68203002	0.68187825	0.35051887	0.35043078	60067	11490	0
60067	11937	0.00131531	0.06266380	0.48038011	0.06283101	0.48025754	0.68314648	0.68340532	0.35186887	0.35178875	0.68307549	0.68334756	0.35164922	0.35172285	60067	11935	0
60067	11940	0.00106780	0.06259305	0.48026614	0.06264322	0.48100865	0.68325873	0.68329110	0.35167815	0.35167790	0.68312060	0.68342463	0.35164248	0.35168628	60067	11938	0
60067	11943	0.00101560	0.06210526	0.48069974	0.06276119	0.48085636	0.68350606	0.68358585	0.35185457	0.35185358	0.68363220	0.68381955	0.35202491	0.35193050	60067	11941	0
60067	11946	0.00085418	0.06273345	0.47828920	0.06257407	0.47877347	0.68348182	0.68360212	0.35195827	0.35191061	0.68377205	0.68392300	0.35213231	0.35210848	60067	11945	0
60067	11950	0.00029379	0.06270587	0.47980822	0.06276921	0.48148938	0.68371848	0.68378134	0.35207602	0.35222196	0.68365093	0.68420962	0.35218605	0.35220437	60067	11948	0
60067	12394	0.00035829	0.06257418	0.48139355	0.06269418	0.48120006	0.68315667	0.68360492	0.35188818	0.35200240	0.68340959	0.68337418	0.35198095	0.35182745	60067	12393	0
60067	12398	0.00002561	0.06277637	0.47986296	0.06277875	0.48086101	0.68323416	0.68327582	0.35172367	0.35178357	0.68342167	0.68317311	0.35197487	0.35182022	60067	12396	0
60067	12401	0.00096814	0.06277781	0.48014558	0.06226155	0.47731797	0.68323514	0.68344394	0.35189763	0.35175950	0.68300416	0.68328190	0.35160091	0.35170567	60067	12399	0
60067	12404	0.00135334	0.06261761	0.47996783	0.06263391	0.47881225	0.68310121	0.68305026	0.35170986	0.35155703	0.68319726	0.68338330	0.35194767	0.35163106	60067	12403	0
60067	12407	0.00163949	0.06276098	0.48119417	0.06264841	0.48033570	0.68321698	0.68331132	0.35175268	0.35173279	0.68324279	0.68328009	0.35170707	0.35168743	60067	12406	0
60067	12852	0.00099261	0.06271212	0.47915194	0.06283996	0.48109258	0.68166255	0.68177109	0.35023365	0.34999922	0.68159829	0.68171768	0.35004499	0.34998591	60067	12850	0
60067	12855	0.00063404	0.06278712	0.47895461	0.06269796	0.48003033	0.68161727	0.68157273	0.35012847	0.35008780	0.68157676	0.68179221	0.35025107	0.35020087	60067	12854	0
60067	12859	0.00153297	0.06294405	0.48206423	0.06276069	0.47936744	0.68178999	0.68171670	0.35010218	0.35011492	0.68174266	0.68169558	0.35007178	0.34995673	60067	12857	0
60067	12862	0.00178168	0.06254920	0.48103425	0.06254306	0.48028810	0.68140929	0.68169969	0.34994613	0.34987374	0.68136656	0.68144504	0.34996060	0.34988147	60067	12860	0
60067	12865	0.00238660	0.06298647	0.48106471	0.06303278	0.47924996	0.68149845	0.68175614	0.35008952	0.35000086	0.68153017	0.68163444	0.35005271	0.35004047	60067	12864	0
60067	13310	0.00067495	0.06220429	0.47752761	0.06285649	0.48266254	0.68186740	0.68198441	0.35047746	0.35046702	0.68207529	0.68201909	0.35060170	0.35059315	60067	13308	0
60067	13313	0.00117956	0.06260662	0.48081608	0.06279477	0.47930228	0.68197052	0.68228524	0.35063966	0.35071247	0.68185959	0.68211942	0.35060720	0.35066095	60067	13311	0
60067	13316	0.00157322	0.06268718	0.48169064	0.06305607	0.48050964	0.68212295	0.68215500	0.35079653	0.35068568	0.68217193	0.68245254	0.35094057	0.35091502	60067	13315	0
60067	13320	0.00110447	0.06268266	0.47865985	0.06269683	0.48006612	0.68228253	0.68226462	0.35107090	0.35083778	0.68220282	0.68234695	0.35105257	0.35097509	60067	13318	0
60067	13323	0.00013198	0.06266063	0.47893159	0.06245939	0.48184905	0.68224128	0.68239584	0.35099990	0.35088116	0.68216544	0.68206149	0.35100631	0.35087517	60067	13321	0
60067	13768	0.00043434	0.06286539	0.48158810	0.06284623	0.48068104	0.68251113	0.68260210	0.35091050	0.35097279	0.68230463	0.68232140	0.35093252	0.35099563	60067	13766	0
60067	13771	0.00055204	0.06244720	0.48211444	0.06263224	0.48176133	0.68237432	0.68252822	0.35097427	0.35096424	0.68251754	0.68273094	0.35117394	0.35098265	60067	13769	0
60067	13774	0.00159548	0.06261142	0.48256515	0.06245125	0.47943482	0.68240217	0.68240809	0.35092406	0.35088807	0.68238681	0.68253628	0.35092833	0.35108051	60067	13772	0
60067	13777	0.00044900	0.06252696	0.47977851	0.06243333	0.48321797	0.68245862	0.68249215	0.35098988	0.35093343	0.68211654	0.68233463	0.35101157	0.35099160	60067	13776	0
60067	13781	0.00067102	0.06245778	0.48096842	0.06247906	0.48030234	0.68229009	0.68241548	0.35107139	0.35096350	0.68259577	0.68229995	0.35098396	0.35089407	60067	13779	0
60067	14225	0.00091139	0.06267604	0.48125492	0.06286174	0.48053383	0.68233775	0.68248434	0.35104271	0.35096958	0.68237119	0.68244383	0.35113943	0.35092570	60067	14224	0
60067	14228	0.00046237	0.06269644	0.47912234	0.06254044	0.48046938	0.68239174	0.68255205	0.35090302	0.35104181	0.68235057	0.68233627	0.35109333	0.35087180	60067	14227	0
60067	14232	0.00202945	0.06252562	0.48273612	0.06253817	0.47803488	0.68225246	0.68225139	0.35075257	0.35073326	0.68249412	0.68258385	0.35092126	0.35091181	60067	14230	0
60067	14235	0.00099202	0.06262672	0.47795845	0.06279495	0.48107076	0.68218006	0.68222961	0.35078198	0.35078921	0.68232929	0.68233479	0.35099916	0.35079110	60067	14233	0
60067	14238	0.00143712	0.06276901	0.48132976	0.06280200	0.47999443	0.68235722	0.68241417	0.35083260	0.35078848	0.68226774	0.68243923	0.35077952	0.35088708	60067	14237	0
60067	14683	0.00146681	0.06291865	0.48044218	0.06298133	0.48035312	0.68246355	0.68264219	0.35082997	0.35088199	0.68266356	0.68269544	0.35104715	0.35092488	60067	14681	0
60067	14686	0.00100458	0.06314784	0.48006452	0.06284446	0.48145121	0.68268082	0.68284590	0.35092513	0.35103368	0.68277449	0.68289750	0.35113014	0.35096744	60067	14685	0
60067	14689	0.00238409	0.06296851	0.48167078	0.06286470	0.47753225	0.68270448	0.68276225	0.35127016	0.35098988	0.68282864	0.68275485	0.35112160	0.35104107	60067	14688	0
60067	14693	0.00032295	0.06282591	0.47663417	0.06296959	0.48281759	0.68230053	0.68273727	0.35101601	0.35104789	0.68268476	0.68314418	0.35098413	0.35128570	60067	14691	0
60067	14696	0.00203754	0.06282315	0.48250470	0.06310899	0.47736092	0.68298181	0.68300868	0.35137493	0.35124872	0.68287581	0.68302577	0.35123952	0.35112957	60067	14694	0
60067	15141	0.00087940	0.06291861	0.47818381	0.06292968	0.48165825	0.68305913	0.68328642	0.35126910	0.35140476	0.68312216	0.68328502	0.35148291	0.35140854	60067	15139	0
60067	15144	0.00221578	0.06321804	0.48278945	0.06274434	0.47878031	0.68287589	0.68300852	0.35146680	0.35143755	0.68297967	0.68335462	0.35129728	0.35135250	60067	15142	0
60067	15147	0.00057343	0.06274532	0.47825892	0.06282606	0.48318597	0.68302931	0.68319726	0.35149490	0.35146269	0.68291887	0.68315536	0.35130270	0.35147831	60067	15146	0
60067	15151	0.00048098	0.06282009	0.47958128	0.06296127	0.47985862	0.68272708	0.68290744	0.35123146	0.35114543	0.68249766	0.68281147	0.35111231	0.35113277	60067	15149	0
60067	15154	0.00049160	0.06284152	0.48009601	0.06302574	0.48006415	0.68290432	0.68293883	0.35120065	0.35121421	0.68289660	0.68295215	0.35127181	0.35125956	60067	15152	0
60067	15599	0.00069599	0.06247621	0.48128604	0.06298441	0.48067288	0.68265271	0.68245443	0.35093844	0.35062372	0.68229642	0.68276899	0.35085512	0.35095118	60067	15597	0
60067	15602	0.00065656	0.06281198	0.48006271	0.06272508	0.48018100	0.68247752	0.68282733	0.35088100	0.35089135	0.68299652	0.68280177	0.35112908	0.35094197	60067	15600	0
60067	15605	0.00092444	0.06273832	0.48096100	0.06279844	0.48015736	0.68306858	0.68285584	0.35107780	0.35099292	0.68281360	0.68294064	0.35116088	0.35100179	60067	15603	0
60067	15608	0.00111650	0.06262800	0.48065644	0.06269972	0.48008025	0.68252132	0.68310244	0.35102546	0.35122448	0.68274458	0.68302306	0.35107115	0.35104888	60067	15607	0
60067	15612	0.00200288	0.06279803	0.48156170	0.06301416	0.47890257	0.68282084	0.68295683	0.35096276	0.35103302	0.68244350	0.68267194	0.35084098	0.35101132	60067	15610	0
60067	16056	0.00078140	0.06292317	0.47775645	0.06279006	0.48142090	0.68350952	0.68356556	0.35152424	0.35135957	0.68363902	0.68362628	0.35160000	0.35147954	60067	16055	0
60067	16060	0.00211505	0.06269003	0.48277707	0.06309301	0.47877611	0.68324985	0.68327771	0.35141955	0.35128611	0.68332208	0.68341239	0.35149129	0.35140123	60067	16058	0
60067	16063	0.00066340	0.06283953	0.47704973	0.06300817	0.48140467	0.68347755	0.68387304	0.35148899	0.35171866	0.68370747	0.68370829	0.35173493	0.35166977	60067	16061	0
60067	16066	0.00031261	0.06297339	0.48045856	0.06276824	0.48151093	0.68356695	0.68356942	0.35171619	0.35170140	0.68374954	0.68366893	0.35163123	0.35157971	60067	16064	0
60067	16069	-0.00011647	0.06277514	0.47909671	0.06270985	0.48038395	0.68366712	0.68405168	0.35163862	0.35160452	0.68367550	0.68387871	0.35197413	0.35167535	60067	16068	0
60067	16514	0.00025837	0.06296132	0.48072348	0.06273580	0.47959895	0.68404421	0.68415045	0.35203781	0.35206706	0.68412153	0.68414207	0.35206739	0.35210470	60067	16513	0
60067	16518	0.00153332	0.06308285	0.48138714	0.06289658	0.47756229	0.68413747	0.68412383	0.35214168	0.35207076	0.68404281	0.68417831	0.35214110	0.35209040	60067	16516	0
60067	16521	0.00148935	0.06272915	0.48055491	0.06279974	0.48068684	0.68401684	0.68389868	0.35208136	0.35190256	0.68405053	0.68417009	0.35218104	0.35208670	60067	16519	0
60067	16524	0.00117487	0.06307927	0.48005772	0.06327578	0.48100116	0.68416204	0.68422465	0.35223658	0.35225031	0.68405604	0.68424873	0.35203658	0.35206230	60067	16522	0
60067	16527	0.00062854	0.06283650	0.48081850	0.06304619	0.48245747	0.68434019	0.68421644	0.35227348	0.35219123	0.68441521	0.68428259	0.35227011	0.35212713	60067	16526	0
