% File initiated 13/01/2023 17:30:28 UTC
% Raw fountain data
%
% File notes: maser 5 MHz no water cooling 200 mV 230mV 260 mV
%
%% fountain_code = ALPHA-CsF1
%% microwave_ref = ALPHA HM1
%% MJD_start = 59957.729492
%% clock_data = False
%% sequence = 3
%% density = HD
%
% Units: V.s, Hz
%
% Shot B MJD days	Shot B MJD seconds	freq error	shot A sum	shot A ratio	shot B sum	shot B ratio	shot A F=3 bg 1	shot A F=3 bg 2	shot A F=4 bg 1	shot A F=4 bg 2	shot B F=3 bg 1	shot B F=3 bg 2	shot B F=4 bg 1	shot B F=4 bg 2	Shot A MJD days	Shot A MJD seconds	Shot order (0=LF->HF)
59958	100	0.00121336	0.04299679	0.48313809	0.04295532	0.48132934	0.57848074	0.57864590	0.31311545	0.31285447	0.57857515	0.57864237	0.31328907	0.31283836	59958	98	0
59958	103	-0.00028272	0.04311146	0.47897333	0.04306782	0.48346159	0.57865289	0.57872092	0.31297510	0.31287920	0.57869438	0.57878748	0.31302366	0.31293122	59958	102	0
59958	106	0.00069594	0.04304524	0.48301768	0.04309494	0.48008167	0.57867828	0.57873539	0.31336188	0.31295455	0.57862856	0.57875166	0.31312087	0.31294363	59958	105	0
59958	110	0.00006917	0.04323765	0.48026198	0.04290945	0.48214229	0.57858066	0.57875281	0.31338324	0.31296935	0.57868740	0.57868690	0.31309507	0.31299046	59958	108	0
59958	113	0.00118354	0.04292726	0.48509267	0.04303723	0.48174956	0.57873530	0.57874508	0.31327100	0.31295858	0.57868600	0.57874475	0.31311249	0.31292900	59958	111	0
59958	443	0.00121317	0.04287303	0.48266320	0.04289318	0.48257433	0.57883021	0.57889759	0.31320263	0.31309983	0.57872520	0.57891608	0.31342195	0.31307954	59958	442	0
59958	447	0.00106975	0.04300117	0.48153368	0.04294956	0.48196393	0.57867425	0.57887697	0.31336574	0.31302185	0.57864984	0.57888354	0.31341003	0.31308570	59958	445	0
59958	450	0.00026509	0.04287984	0.47993189	0.04279249	0.48234587	0.57871723	0.57883136	0.31341340	0.31307822	0.57872298	0.57894517	0.31354964	0.31321405	59958	448	0
59958	453	0.00034409	0.04282288	0.48185405	0.04291022	0.48161706	0.57868074	0.57897401	0.31349574	0.31308948	0.57875544	0.57893095	0.31331118	0.31312260	59958	451	0
59958	456	-0.00045468	0.04300880	0.48075970	0.04300810	0.48315601	0.57889463	0.57900606	0.31318463	0.31318636	0.57878954	0.57895380	0.31362655	0.31314684	59958	455	0
59958	787	0.00020697	0.04326724	0.48234989	0.04327218	0.48036493	0.57862330	0.57876086	0.31319745	0.31303081	0.57897853	0.57880959	0.31321496	0.31302309	59958	785	0
59958	790	0.00049181	0.04321818	0.48182137	0.04315757	0.48096684	0.57870022	0.57882495	0.31326738	0.31310805	0.57888765	0.57890006	0.31324939	0.31311241	59958	788	0
59958	793	0.00096127	0.04331875	0.48371093	0.04318077	0.48230256	0.57891222	0.57906366	0.31323254	0.31315768	0.57890211	0.57903761	0.31321693	0.31316458	59958	792	0
59958	797	0.00035203	0.04329551	0.48104252	0.04308833	0.48287023	0.57870975	0.57889817	0.31335128	0.31308841	0.57893465	0.57911863	0.31325867	0.31316393	59958	795	0
59958	800	0.00122492	0.04329540	0.48348999	0.04317221	0.48087132	0.57894320	0.57903638	0.31322827	0.31306376	0.57903597	0.57897549	0.31317395	0.31311438	59958	798	0
59958	1130	0.00196136	0.04289710	0.48175047	0.04288717	0.47954117	0.57853300	0.57867384	0.31301618	0.31290574	0.57859200	0.57873276	0.31306417	0.31286310	59958	1129	0
59958	1133	0.00019320	0.04291514	0.48104479	0.04304159	0.48634925	0.57849717	0.57872930	0.31321249	0.31284370	0.57867828	0.57865732	0.31296606	0.31290311	59958	1132	0
59958	1137	-0.00024318	0.04289900	0.48115254	0.04293857	0.48246170	0.57850391	0.57869915	0.31332120	0.31286671	0.57843201	0.57866209	0.31304231	0.31285989	59958	1135	0
59958	1140	0.00063617	0.04286123	0.48230405	0.04307208	0.47966601	0.57851213	0.57867433	0.31321816	0.31277690	0.57853809	0.57856570	0.31298405	0.31281248	59958	1138	0
59958	1143	-0.00051771	0.04311823	0.48012159	0.04318057	0.48358322	0.57844318	0.57869644	0.31311586	0.31281388	0.57855584	0.57877450	0.31299334	0.31282119	59958	1142	0
59958	1474	0.00089604	0.04314565	0.48508790	0.04307314	0.48084666	0.57909283	0.57933844	0.31367758	0.31340190	0.57914509	0.57929719	0.31360700	0.31351611	59958	1472	0
59958	1477	0.00076313	0.04308732	0.48030208	0.04315220	0.48070081	0.57919686	0.57933170	0.31365934	0.31340576	0.57928782	0.57952481	0.31351398	0.31353658	59958	1475	0
59958	1480	0.00078193	0.04297893	0.48253675	0.04303809	0.48248033	0.57921995	0.57939818	0.31358062	0.31342745	0.57924132	0.57929292	0.31360166	0.31342638	59958	1479	0
59958	1483	0.00008487	0.04300461	0.48078764	0.04304105	0.48287883	0.57920204	0.57926925	0.31354446	0.31336475	0.57920623	0.57938733	0.31360355	0.31342704	59958	1482	0
59958	1487	0.00035418	0.04303375	0.48294005	0.04298205	0.48213211	0.57915298	0.57930574	0.31364660	0.31344898	0.57931741	0.57931502	0.31345103	0.31337084	59958	1485	0
59958	1817	-0.00011591	0.04335199	0.48031248	0.04331444	0.48172275	0.57896448	0.57898658	0.31332005	0.31315785	0.57887787	0.57902274	0.31353551	0.31319376	59958	1815	0
59958	1820	0.00032827	0.04337287	0.48326346	0.04326205	0.48193090	0.57896530	0.57896760	0.31351809	0.31314799	0.57890293	0.57909382	0.31343912	0.31312153	59958	1819	0
59958	1824	0.00054288	0.04333907	0.48272111	0.04341028	0.48207728	0.57885108	0.57900647	0.31326549	0.31314092	0.57902956	0.57908782	0.31333263	0.31313960	59958	1822	0
59958	1827	0.00169319	0.04337744	0.48302744	0.04339233	0.47957653	0.57914033	0.57912266	0.31324306	0.31314864	0.57904788	0.57914780	0.31323221	0.31316993	59958	1825	0
59958	1830	0.00113138	0.04336270	0.48056877	0.04335281	0.48225418	0.57901337	0.57909398	0.31335678	0.31318899	0.57881789	0.57898305	0.31345243	0.31314831	59958	1828	0
59958	2161	0.00110154	0.04313299	0.48136684	0.04305040	0.48145639	0.57880556	0.57892348	0.31332408	0.31310353	0.57879028	0.57899702	0.31329540	0.31314404	59958	2159	0
59958	2164	0.00097305	0.04302572	0.48298785	0.04295726	0.48337331	0.57895577	0.57899595	0.31325686	0.31313295	0.57899447	0.57898650	0.31324799	0.31310213	59958	2162	0
59958	2167	0.00088695	0.04302051	0.48213548	0.04296740	0.48239379	0.57886678	0.57901921	0.31317231	0.31315218	0.57890260	0.57895495	0.31326549	0.31304839	59958	2165	0
59958	2170	0.00007669	0.04309072	0.48161596	0.04301766	0.48404673	0.57885322	0.57897303	0.31340798	0.31314782	0.57896801	0.57908363	0.31340017	0.31320707	59958	2169	0
59958	2174	0.00058549	0.04292895	0.48314712	0.04294738	0.48162072	0.57886398	0.57901091	0.31351439	0.31315620	0.57892364	0.57907451	0.31333731	0.31313106	59958	2172	0
59958	2504	0.00061840	0.04291224	0.48078462	0.04304683	0.48068587	0.57911962	0.57924419	0.31328332	0.31333468	0.57917993	0.57922381	0.31341011	0.31326837	59958	2502	0
59958	2507	0.00016731	0.04314784	0.48176462	0.04315027	0.48311789	0.57918667	0.57924099	0.31342778	0.31339738	0.57916325	0.57927764	0.31337404	0.31327741	59958	2506	0
59958	2510	0.00027767	0.04308006	0.48215029	0.04303509	0.48181922	0.57902627	0.57929366	0.31361209	0.31335481	0.57902783	0.57924904	0.31368703	0.31338489	59958	2509	0
59958	2514	0.00088777	0.04295560	0.48297734	0.04301785	0.48114704	0.57922283	0.57925364	0.31350404	0.31329499	0.57916531	0.57923548	0.31365367	0.31331586	59958	2512	0
59958	2517	0.00096796	0.04314638	0.48230419	0.04317111	0.48206361	0.57909875	0.57928429	0.31352384	0.31331463	0.57921946	0.57925906	0.31351217	0.31335333	59958	2515	0
59958	2847	0.00099976	0.04304556	0.48138230	0.04302188	0.48128690	0.57884739	0.57902060	0.31317247	0.31298101	0.57881312	0.57884780	0.31338374	0.31296984	59958	2846	0
59958	2851	0.00102339	0.04315114	0.48287696	0.04322921	0.48280608	0.57888157	0.57905577	0.31323361	0.31297173	0.57874147	0.57901658	0.31335153	0.31297641	59958	2849	0
59958	2854	0.00036942	0.04312115	0.48201859	0.04317543	0.48398048	0.57880991	0.57890121	0.31311397	0.31294338	0.57888403	0.57893178	0.31327584	0.31288504	59958	2852	0
59958	2857	0.00082947	0.04308579	0.48265372	0.04318950	0.48127357	0.57889061	0.57901050	0.31300517	0.31287296	0.57889110	0.57894591	0.31305069	0.31300049	59958	2856	0
59958	2860	0.00101715	0.04309129	0.48154702	0.04306110	0.48098397	0.57882035	0.57916933	0.31332991	0.31307609	0.57898100	0.57899209	0.31311035	0.31300649	59958	2859	0
59958	3191	0.00147228	0.04319257	0.48197222	0.04304977	0.48060683	0.57836660	0.57866201	0.31304634	0.31274797	0.57853431	0.57868370	0.31291708	0.31269210	59958	3189	0
59958	3194	0.00160382	0.04307643	0.48141895	0.04303600	0.48102435	0.57844047	0.57854228	0.31287896	0.31268248	0.57848164	0.57848386	0.31299244	0.31258347	59958	3192	0
59958	3197	0.00125270	0.04300412	0.48011875	0.04298234	0.48117211	0.57850268	0.57863448	0.31299424	0.31263063	0.57829232	0.57851607	0.31300205	0.31256555	59958	3196	0
59958	3201	0.00020878	0.04294210	0.48026348	0.04292607	0.48339523	0.57852355	0.57849232	0.31274707	0.31261247	0.57847959	0.57864878	0.31297945	0.31264378	59958	3199	0
59958	3204	0.00083830	0.04289834	0.48227198	0.04285947	0.48038341	0.57863949	0.57867540	0.31265602	0.31260869	0.57844877	0.57853275	0.31275085	0.31256999	59958	3202	0
59958	3534	0.00001233	0.04303857	0.48109789	0.04312929	0.48357581	0.57921354	0.57922505	0.31335374	0.31334240	0.57938651	0.57930475	0.31351579	0.31343279	59958	3533	0
59958	3538	0.00022426	0.04318029	0.48208885	0.04312257	0.48145305	0.57911748	0.57915241	0.31350716	0.31339918	0.57916029	0.57928150	0.31348086	0.31344019	59958	3536	0
59958	3541	0.00084398	0.04295529	0.48305622	0.04305108	0.48119706	0.57919785	0.57916580	0.31341422	0.31338982	0.57909653	0.57919809	0.31353847	0.31326015	59958	3539	0
59958	3544	0.00037659	0.04317315	0.48226761	0.04296540	0.48366980	0.57923400	0.57931675	0.31352162	0.31340773	0.57913112	0.57929062	0.31359097	0.31338341	59958	3543	0
59958	3547	0.00031079	0.04299200	0.48024358	0.04292007	0.48044098	0.57908338	0.57920894	0.31352137	0.31344882	0.57898527	0.57913679	0.31379468	0.31339697	59958	3546	0
59958	3878	0.00073413	0.04306902	0.48277273	0.04315661	0.48150271	0.57885306	0.57914731	0.31336812	0.31308849	0.57900491	0.57894648	0.31301240	0.31294699	59958	3876	0
59958	3881	0.00111378	0.04313174	0.48264575	0.04313513	0.48150679	0.57880425	0.57884229	0.31307058	0.31286786	0.57871427	0.57897911	0.31325760	0.31295735	59958	3879	0
59958	3884	0.00062203	0.04316446	0.48110794	0.04314788	0.48258319	0.57871920	0.57890811	0.31324684	0.31291051	0.57870326	0.57885741	0.31326541	0.31289350	59958	3883	0
59958	3888	0.00077402	0.04300584	0.48190885	0.04308189	0.48145289	0.57880901	0.57899669	0.31312637	0.31291585	0.57883301	0.57907270	0.31310296	0.31301848	59958	3886	0
59958	3891	0.00090107	0.04325022	0.48208897	0.04323227	0.48170782	0.57881501	0.57900565	0.31326779	0.31301380	0.57897335	0.57910105	0.31320189	0.31302473	59958	3889	0
59958	4221	0.00032392	0.04301659	0.48149583	0.04294636	0.48322727	0.57840136	0.57868173	0.31318620	0.31277887	0.57864294	0.57871649	0.31289358	0.31284412	59958	4220	0
59958	4224	0.00145530	0.04293172	0.48425385	0.04294309	0.48085973	0.57863111	0.57862281	0.31297288	0.31276786	0.57868025	0.57876866	0.31297386	0.31279391	59958	4223	0
59958	4228	-0.00053538	0.04302327	0.47901484	0.04286524	0.48498687	0.57864828	0.57876193	0.31290977	0.31283656	0.57856151	0.57850284	0.31298701	0.31279424	59958	4226	0
59958	4231	0.00082778	0.04282279	0.48306144	0.04295236	0.47897197	0.57854754	0.57856759	0.31291371	0.31276515	0.57829462	0.57854927	0.31308406	0.31272234	59958	4229	0
59958	4234	0.00000972	0.04295976	0.48048583	0.04292603	0.48294000	0.57854302	0.57860958	0.31299252	0.31276457	0.57836512	0.57863966	0.31313089	0.31281182	59958	4233	0
59958	4565	0.00015212	0.04302659	0.48253967	0.04296895	0.48211247	0.57901099	0.57907870	0.31318776	0.31315900	0.57898839	0.57905972	0.31316105	0.31304330	59958	4563	0
59958	4568	-0.00022010	0.04289033	0.48090722	0.04317975	0.48202388	0.57891008	0.57896399	0.31332400	0.31308036	0.57888896	0.57901403	0.31325851	0.31304067	59958	4566	0
59958	4571	0.00092030	0.04318578	0.48425508	0.04307446	0.48083386	0.57911337	0.57921428	0.31320731	0.31319145	0.57903375	0.57907147	0.31328217	0.31315053	59958	4570	0
59958	4574	0.00006949	0.04298592	0.47990446	0.04294241	0.48245691	0.57901830	0.57919152	0.31354422	0.31313221	0.57897894	0.57912652	0.31339212	0.31312531	59958	4573	0
59958	4578	0.00134262	0.04304220	0.48455417	0.04292152	0.48073478	0.57892183	0.57906991	0.31329261	0.31308496	0.57887417	0.57925150	0.31343764	0.31337453	59958	4576	0
59958	4908	0.00152881	0.04302506	0.48153649	0.04307301	0.48097790	0.57892085	0.57894254	0.31312892	0.31301298	0.57882142	0.57889340	0.31330362	0.31302966	59958	4907	0
59958	4911	0.00066769	0.04316971	0.48041559	0.04312001	0.48299895	0.57912833	0.57911535	0.31324380	0.31311520	0.57897828	0.57915742	0.31333887	0.31311882	59958	4910	0
59958	4915	0.00073627	0.04308013	0.48307885	0.04323086	0.48287311	0.57897508	0.57910014	0.31349582	0.31314338	0.57901148	0.57900121	0.31317905	0.31313295	59958	4913	0
59958	4918	0.00039788	0.04306788	0.48276224	0.04309784	0.48377741	0.57896185	0.57917739	0.31345071	0.31315308	0.57906341	0.57912447	0.31340264	0.31319967	59958	4916	0
59958	4921	0.00031560	0.04311760	0.48096075	0.04326779	0.48120760	0.57887261	0.57905281	0.31345334	0.31310000	0.57909834	0.57907944	0.31323443	0.31312514	59958	4920	0
59958	5252	0.00066914	0.04303044	0.48400816	0.04301307	0.48294755	0.57875322	0.57886020	0.31324051	0.31297723	0.57875568	0.57888173	0.31314002	0.31295702	59958	5250	0
59958	5255	0.00124132	0.04293182	0.48360845	0.04297639	0.48189190	0.57856685	0.57871271	0.31320427	0.31284814	0.57872314	0.57881550	0.31303738	0.31285948	59958	5253	0
59958	5258	-0.00033134	0.04291758	0.47926219	0.04306343	0.48398018	0.57877549	0.57879808	0.31296836	0.31287255	0.57857088	0.57875741	0.31315818	0.31283927	59958	5257	0
59958	5261	-0.00012890	0.04311406	0.48198464	0.04296255	0.48137731	0.57858288	0.57876497	0.31300008	0.31282226	0.57874771	0.57872257	0.31290936	0.31281996	59958	5260	0
59958	5265	0.00080516	0.04288376	0.48389981	0.04290617	0.48109762	0.57860169	0.57872462	0.31292432	0.31277550	0.57855149	0.57861566	0.31293845	0.31271190	59958	5263	0
59958	5595	0.00025398	0.04298758	0.48033743	0.04305564	0.48199096	0.57891247	0.57894673	0.31306384	0.31286384	0.57870137	0.57887557	0.31310394	0.31280582	59958	5593	0
59958	5598	-0.00003766	0.04306406	0.48104187	0.04300233	0.48191681	0.57880844	0.57905133	0.31325440	0.31292629	0.57895930	0.57914879	0.31299975	0.31304182	59958	5597	0
59958	5602	0.00071879	0.04288158	0.48292810	0.04305600	0.48065873	0.57887943	0.57887697	0.31302580	0.31278964	0.57896489	0.57910573	0.31317453	0.31297633	59958	5600	0
59958	5605	0.00045045	0.04305492	0.48077542	0.04304758	0.48158047	0.57883473	0.57897902	0.31314626	0.31292004	0.57877861	0.57896119	0.31301495	0.31293031	59958	5603	0
59958	5608	0.00083827	0.04286882	0.48289301	0.04290829	0.48172953	0.57893021	0.57902159	0.31321422	0.31301372	0.57892693	0.57900499	0.31317313	0.31293763	59958	5607	0
59958	5939	0.00061458	0.04307683	0.48201088	0.04304381	0.48268196	0.57861977	0.57852979	0.31258758	0.31255347	0.57857170	0.57881476	0.31287789	0.31271272	59958	5937	0
59958	5942	0.00082686	0.04290400	0.48299893	0.04296905	0.48236208	0.57843825	0.57873070	0.31296088	0.31263491	0.57847720	0.57855929	0.31292415	0.31254715	59958	5940	0
59958	5945	0.00098757	0.04287190	0.48139440	0.04295925	0.48091226	0.57850629	0.57846742	0.31256112	0.31249201	0.57844483	0.57870087	0.31285250	0.31263852	59958	5944	0
59958	5948	0.00104956	0.04301236	0.48074685	0.04285630	0.48056089	0.57841467	0.57860695	0.31298709	0.31263532	0.57842256	0.57875256	0.31292670	0.31260672	59958	5947	0
59958	5952	0.00021115	0.04291719	0.48047023	0.04309643	0.48298545	0.57845830	0.57868312	0.31292777	0.31260968	0.57849438	0.57858476	0.31299704	0.31258215	59958	5950	0
59958	6282	0.00061135	0.04297934	0.48182489	0.04295946	0.48062429	0.57889184	0.57907401	0.31328760	0.31308841	0.57899110	0.57906736	0.31328677	0.31314026	59958	6280	0
59958	6285	0.00130856	0.04290146	0.48188062	0.04294759	0.47978898	0.57886250	0.57906194	0.31342499	0.31311462	0.57905010	0.57918774	0.31325317	0.31311224	59958	6284	0
59958	6289	0.00019020	0.04292123	0.48075460	0.04282650	0.48410968	0.57887730	0.57902175	0.31334553	0.31308471	0.57894353	0.57896308	0.31315094	0.31308397	59958	6287	0
59958	6292	0.00063387	0.04285883	0.48349529	0.04291045	0.48216430	0.57872881	0.57889965	0.31324676	0.31299654	0.57884673	0.57882939	0.31324059	0.31306812	59958	6290	0
59958	6295	0.00101432	0.04301391	0.48299407	0.04301685	0.48185270	0.57890088	0.57902389	0.31307083	0.31307855	0.57881575	0.57893046	0.31340420	0.31302843	59958	6294	0
59958	6626	0.00034369	0.04296073	0.48223777	0.04297912	0.48424969	0.57886727	0.57887960	0.31300312	0.31285578	0.57911970	0.57911263	0.31310181	0.31298759	59958	6624	0
59958	6629	0.00067397	0.04311923	0.48295493	0.04311382	0.48196407	0.57886193	0.57911502	0.31332014	0.31303862	0.57908544	0.57918807	0.31315185	0.31302111	59958	6627	0
59958	6632	0.00046160	0.04304642	0.48245616	0.04305261	0.48309326	0.57888108	0.57906769	0.31339516	0.31297132	0.57883457	0.57911625	0.31338776	0.31301627	59958	6630	0
59958	6635	0.00160423	0.04305375	0.48264432	0.04304292	0.47921643	0.57921527	0.57918511	0.31317453	0.31309326	0.57880564	0.57909341	0.31331948	0.31298759	59958	6634	0
59958	6639	0.00084998	0.04313908	0.48002963	0.04312564	0.48229240	0.57905043	0.57903153	0.31311808	0.31301060	0.57904525	0.57916021	0.31317132	0.31297271	59958	6637	0
59958	6969	0.00027575	0.04291337	0.47976544	0.04293142	0.48148814	0.57883317	0.57886801	0.31297230	0.31292054	0.57868994	0.57882314	0.31325497	0.31293303	59958	6967	0
59958	6972	0.00114675	0.04301773	0.48200054	0.04289121	0.47938753	0.57874771	0.57875954	0.31307781	0.31297904	0.57864368	0.57878157	0.31327601	0.31297732	59958	6971	0
59958	6975	0.00112919	0.04291208	0.48154781	0.04304990	0.48160047	0.57885774	0.57894106	0.31317436	0.31297428	0.57881739	0.57903967	0.31325481	0.31302498	59958	6974	0
59958	6979	0.00030346	0.04298971	0.48091114	0.04305331	0.48338834	0.57880967	0.57888321	0.31318743	0.31295497	0.57865897	0.57881115	0.31334865	0.31296236	59958	6977	0
59958	6982	0.00062311	0.04308472	0.48260106	0.04292014	0.48164210	0.57875667	0.57878378	0.31312555	0.31295990	0.57866439	0.57882512	0.31303040	0.31301018	59958	6980	0
59958	7312	0.00003266	0.04296041	0.48095352	0.04306385	0.48272487	0.57841147	0.57855411	0.31316935	0.31277304	0.57858904	0.57875083	0.31303442	0.31278479	59958	7311	0
59958	7316	0.00126777	0.04281107	0.48380418	0.04283181	0.48009886	0.57866110	0.57872339	0.31283877	0.31271724	0.57846849	0.57866217	0.31309457	0.31279046	59958	7314	0
59958	7319	0.00043538	0.04295865	0.47989159	0.04310822	0.48238875	0.57865971	0.57869011	0.31296811	0.31280311	0.57866546	0.57876521	0.31298192	0.31284050	59958	7317	0
59958	7322	0.00132785	0.04310704	0.48479167	0.04290195	0.48211427	0.57873851	0.57877606	0.31288118	0.31285439	0.57851286	0.57871862	0.31302974	0.31274543	59958	7320	0
59958	7325	0.00053052	0.04296850	0.48029718	0.04299295	0.48268915	0.57867581	0.57868049	0.31294938	0.31280418	0.57877606	0.57891329	0.31338168	0.31292382	59958	7324	0
59958	7656	0.00102552	0.04323172	0.48186652	0.04309022	0.48038152	0.57873037	0.57887253	0.31312629	0.31290246	0.57892701	0.57888395	0.31298397	0.31292982	59958	7654	0
59958	7659	0.00032896	0.04300939	0.48164909	0.04295856	0.48373878	0.57873259	0.57881485	0.31305973	0.31290410	0.57886505	0.57895963	0.31301553	0.31300024	59958	7657	0
59958	7662	0.00027132	0.04319557	0.48045414	0.04318805	0.48062707	0.57872347	0.57894862	0.31329088	0.31291791	0.57883153	0.57888913	0.31315251	0.31293812	59958	7661	0
59958	7666	0.00127553	0.04324560	0.48447044	0.04306246	0.48145780	0.57874122	0.57874401	0.31294026	0.31281946	0.57877203	0.57886513	0.31309761	0.31293968	59958	7664	0
59958	7669	0.00040092	0.04297352	0.48105509	0.04295860	0.48367892	0.57887417	0.57893087	0.31327782	0.31289851	0.57883013	0.57897434	0.31325637	0.31297025	59958	7667	0
59958	7999	0.00055198	0.04300156	0.48176389	0.04294529	0.48131070	0.57787489	0.57809584	0.31244287	0.31201804	0.57815829	0.57828476	0.31226004	0.31203809	59958	7998	0
59958	8003	0.00026619	0.04314864	0.48028525	0.04303726	0.48114264	0.57790241	0.57806758	0.31237960	0.31197104	0.57814958	0.57818229	0.31224944	0.31206488	59958	8001	0
59958	8006	0.00082878	0.04303794	0.48177793	0.04298187	0.48009015	0.57808935	0.57826413	0.31219907	0.31215552	0.57811072	0.57822329	0.31217721	0.31208879	59958	8004	0
59958	8009	0.00013427	0.04285556	0.48045004	0.04305803	0.48253356	0.57784530	0.57801671	0.31235766	0.31196767	0.57786675	0.57797809	0.31227269	0.31201591	59958	8007	0
59958	8012	0.00030405	0.04282100	0.48221697	0.04297128	0.48170763	0.57812452	0.57813964	0.31213760	0.31198460	0.57820308	0.57829544	0.31213571	0.31208214	59958	8011	0
59958	8343	0.00080550	0.04277264	0.48245452	0.04288844	0.48095018	0.57876127	0.57886702	0.31337560	0.31299868	0.57887417	0.57909102	0.31332465	0.31306664	59958	8341	0
59958	8346	-0.00014101	0.04282964	0.48119439	0.04300390	0.48403390	0.57897064	0.57892767	0.31312005	0.31296910	0.57903071	0.57900343	0.31325653	0.31308858	59958	8344	0
59958	8349	0.00035655	0.04288929	0.48156429	0.04288386	0.48007162	0.57872232	0.57892816	0.31334076	0.31297312	0.57869372	0.57888551	0.31329737	0.31293196	59958	8348	0
59958	8353	0.00069212	0.04274375	0.48241621	0.04286297	0.48140950	0.57866217	0.57894262	0.31322178	0.31290369	0.57866809	0.57877055	0.31329269	0.31289687	59958	8351	0
59958	8356	0.00060435	0.04287853	0.48369827	0.04302851	0.48396157	0.57860292	0.57890622	0.31326541	0.31293722	0.57872298	0.57878370	0.31301528	0.31287082	59958	8354	0
59958	8686	0.00114365	0.04323830	0.48257989	0.04316127	0.48096200	0.57863818	0.57883950	0.31284929	0.31275890	0.57852141	0.57874295	0.31305842	0.31277649	59958	8685	0
59958	8689	0.00075988	0.04328180	0.48147636	0.04316046	0.48262768	0.57877861	0.57880449	0.31315440	0.31283269	0.57872544	0.57891394	0.31304708	0.31280845	59958	8688	0
59958	8693	0.00044810	0.04323812	0.48180885	0.04318289	0.48274417	0.57867014	0.57887417	0.31319121	0.31281881	0.57871386	0.57881591	0.31276704	0.31278273	59958	8691	0
59958	8696	0.00131420	0.04306050	0.48493232	0.04307830	0.48233402	0.57861829	0.57875174	0.31296236	0.31276918	0.57870794	0.57874771	0.31280163	0.31271774	59958	8694	0
59958	8699	0.00050150	0.04304821	0.47965245	0.04307973	0.48209057	0.57843423	0.57878403	0.31305185	0.31279637	0.57871805	0.57891271	0.31296466	0.31274674	59958	8698	0
59958	9030	0.00114417	0.04299781	0.48260484	0.04308104	0.48067683	0.57869348	0.57857564	0.31271059	0.31259719	0.57846307	0.57875108	0.31279563	0.31270738	59958	9028	0
59958	9033	0.00085791	0.04305381	0.48067836	0.04307478	0.48153712	0.57866472	0.57859972	0.31273516	0.31261330	0.57857836	0.57862832	0.31297945	0.31268824	59958	9031	0
59958	9036	0.00134812	0.04293579	0.48245563	0.04312916	0.48098498	0.57853037	0.57872158	0.31302933	0.31271313	0.57866102	0.57867860	0.31278890	0.31266243	59958	9035	0
59958	9039	0.00009013	0.04290582	0.48163988	0.04300333	0.48541388	0.57861048	0.57872996	0.31316713	0.31274115	0.57882388	0.57874944	0.31284568	0.31269834	59958	9038	0
59958	9043	-0.00043835	0.04296456	0.48131457	0.04307157	0.48290001	0.57871813	0.57866940	0.31284979	0.31269900	0.57856989	0.57867943	0.31309408	0.31273097	59958	9041	0
59958	9373	0.00093768	0.04291808	0.48563625	0.04298032	0.48150817	0.57894722	0.57921962	0.31354422	0.31323846	0.57909004	0.57918914	0.31344512	0.31321570	59958	9371	0
59958	9376	-0.00023402	0.04313941	0.47946894	0.04295774	0.48298404	0.57907492	0.57922455	0.31328234	0.31320904	0.57887154	0.57903769	0.31336591	0.31307814	59958	9375	0
59958	9380	0.00063250	0.04283279	0.48528639	0.04312399	0.48268684	0.57908872	0.57917451	0.31325128	0.31315226	0.57912233	0.57921650	0.31351209	0.31323065	59958	9378	0
59958	9383	0.00050776	0.04306958	0.48180486	0.04306954	0.48217905	0.57912545	0.57925085	0.31333912	0.31321471	0.57922989	0.57930451	0.31334569	0.31318398	59958	9381	0
59958	9386	0.00001163	0.04290915	0.48176398	0.04292284	0.48325239	0.57914591	0.57924764	0.31340091	0.31317214	0.57908157	0.57915824	0.31340387	0.31316557	59958	9384	0
59958	9717	0.00186614	0.04303969	0.48623417	0.04309196	0.48067063	0.57893391	0.57904780	0.31334027	0.31295168	0.57905479	0.57915126	0.31305595	0.31301191	59958	9715	0
59958	9720	-0.00076404	0.04313086	0.47952397	0.04307954	0.48741452	0.57888864	0.57901485	0.31331668	0.31292522	0.57900096	0.57893145	0.31299654	0.31289383	59958	9718	0
59958	9723	0.00056755	0.04309623	0.48549672	0.04297973	0.48150195	0.57880038	0.57893071	0.31330699	0.31293368	0.57895536	0.57910162	0.31308775	0.31289621	59958	9721	0
59958	9726	0.00071495	0.04292296	0.48167612	0.04303887	0.48123392	0.57904230	0.57910877	0.31303040	0.31303434	0.57892939	0.57915914	0.31331537	0.31292111	59958	9725	0
59958	9730	0.00038378	0.04300713	0.48270560	0.04313361	0.48369912	0.57903252	0.57914328	0.31329894	0.31304996	0.57895026	0.57911469	0.31331874	0.31303311	59958	9728	0
59958	10060	0.00148217	0.04312509	0.48383050	0.04308597	0.48053532	0.57831278	0.57834195	0.31268347	0.31236103	0.57843078	0.57847564	0.31249275	0.31244953	59958	10058	0
59958	10063	0.00110213	0.04312810	0.48133306	0.04322144	0.48247317	0.57837252	0.57847153	0.31276441	0.31241945	0.57837876	0.57851377	0.31279489	0.31241255	59958	10062	0
59958	10067	0.00008162	0.04303204	0.48251178	0.04306452	0.48557332	0.57855214	0.57857458	0.31251863	0.31239924	0.57835896	0.57859471	0.31269185	0.31240614	59958	10065	0
59958	10070	0.00055961	0.04295525	0.48267243	0.04292944	0.48123845	0.57838928	0.57854475	0.31272899	0.31247081	0.57835657	0.57852445	0.31286030	0.31240943	59958	10068	0
59958	10073	0.00039207	0.04301202	0.48218044	0.04295565	0.48268307	0.57835682	0.57860334	0.31273170	0.31245002	0.57836192	0.57853908	0.31271281	0.31242488	59958	10071	0
59958	10403	0.00128965	0.04297814	0.48330407	0.04298951	0.48061131	0.57895174	0.57920910	0.31343789	0.31307707	0.57905980	0.57900507	0.31313895	0.31303475	59958	10402	0
59958	10407	-0.00013578	0.04279291	0.47968797	0.04291399	0.48396427	0.57891731	0.57902718	0.31316549	0.31305784	0.57877655	0.57899135	0.31337190	0.31302999	59958	10405	0
59958	10410	0.00093844	0.04279189	0.48330057	0.04296173	0.48007791	0.57872413	0.57897902	0.31336484	0.31297469	0.57884344	0.57901847	0.31334668	0.31303065	59958	10408	0
59958	10413	0.00013109	0.04302468	0.47911381	0.04299159	0.48153588	0.57899957	0.57916021	0.31310361	0.31313393	0.57904320	0.57901214	0.31341693	0.31306491	59958	10412	0
59958	10417	0.00063945	0.04295263	0.48223657	0.04285093	0.48071148	0.57905462	0.57913014	0.31322137	0.31307551	0.57908083	0.57917393	0.31327584	0.31313755	59958	10415	0
59958	10747	0.00120627	0.04294884	0.48377769	0.04296957	0.48207724	0.57922718	0.57939095	0.31338875	0.31320814	0.57909768	0.57921173	0.31341028	0.31314536	59958	10745	0
59958	10750	0.00033953	0.04282182	0.48108638	0.04314208	0.48368658	0.57908946	0.57937172	0.31328529	0.31319417	0.57957140	0.57971824	0.31341126	0.31344134	59958	10749	0
59958	10753	0.00062623	0.04314185	0.48468272	0.04318909	0.48382261	0.57914969	0.57938479	0.31343468	0.31328102	0.57919719	0.57937402	0.31333961	0.31325621	59958	10752	0
59958	10757	0.00102840	0.04318573	0.48254438	0.04287679	0.48133788	0.57921239	0.57927435	0.31331060	0.31321570	0.57905125	0.57922940	0.31340222	0.31317280	59958	10755	0
59958	10760	0.00024081	0.04299653	0.48144443	0.04303700	0.48380721	0.57905199	0.57923606	0.31353230	0.31315497	0.57918634	0.57928158	0.31340124	0.31313402	59958	10758	0
59958	11090	0.00129009	0.04280594	0.48475115	0.04288134	0.48160330	0.57905511	0.57908831	0.31320830	0.31301010	0.57918100	0.57914731	0.31353699	0.31310394	59958	11089	0
59958	11094	0.00066365	0.04290449	0.47946301	0.04294575	0.48134232	0.57899587	0.57914016	0.31339253	0.31310361	0.57916202	0.57918207	0.31329943	0.31313320	59958	11092	0
59958	11097	0.00096402	0.04289227	0.48212318	0.04290917	0.48122208	0.57895519	0.57921987	0.31338464	0.31320066	0.57896522	0.57921510	0.31349779	0.31311717	59958	11095	0
59958	11100	0.00113081	0.04298744	0.48121973	0.04302737	0.48071934	0.57917755	0.57948545	0.31323279	0.31332260	0.57894969	0.57914222	0.31344150	0.31312309	59958	11099	0
59958	11104	0.00073143	0.04288634	0.48157062	0.04297363	0.48276875	0.57905618	0.57909423	0.31335555	0.31308291	0.57899488	0.57906062	0.31339154	0.31308299	59958	11102	0
59958	11434	-0.00017706	0.04295965	0.48192073	0.04307226	0.48464623	0.57908182	0.57929325	0.31364356	0.31323920	0.57907870	0.57935208	0.31355679	0.31324273	59958	11432	0
59958	11437	0.00044718	0.04307493	0.48243057	0.04302430	0.48055784	0.57934896	0.57919604	0.31329187	0.31316311	0.57915339	0.57922694	0.31365375	0.31323016	59958	11435	0
59958	11440	0.00086503	0.04300044	0.48426549	0.04282185	0.48301194	0.57948085	0.57926194	0.31350223	0.31328636	0.57916079	0.57929834	0.31325826	0.31324002	59958	11439	0
59958	11444	0.00088314	0.04277582	0.48069141	0.04299664	0.48063707	0.57925980	0.57931979	0.31333098	0.31327593	0.57938717	0.57934576	0.31350420	0.31331414	59958	11442	0
59958	11447	0.00131955	0.04299371	0.48219273	0.04298437	0.48088350	0.57933516	0.57945159	0.31359040	0.31334659	0.57919341	0.57927854	0.31353238	0.31330370	59958	11445	0
59958	11777	0.00019939	0.04296991	0.48013528	0.04297227	0.48349576	0.57856365	0.57876982	0.31275052	0.31253458	0.57844803	0.57857893	0.31279366	0.31241896	59958	11776	0
59958	11781	0.00018583	0.04314617	0.48322865	0.04314409	0.48326933	0.57854984	0.57876160	0.31277945	0.31251839	0.57884180	0.57884574	0.31265249	0.31260442	59958	11779	0
59958	11784	0.00003018	0.04304639	0.48278814	0.04305471	0.48325509	0.57878954	0.57883342	0.31297239	0.31261551	0.57882914	0.57891345	0.31269760	0.31256128	59958	11782	0
59958	11787	0.00052906	0.04296374	0.48380661	0.04315136	0.48230996	0.57860284	0.57876924	0.31276737	0.31258938	0.57864319	0.57881772	0.31277821	0.31258971	59958	11785	0
59958	11790	0.00141792	0.04327962	0.48406529	0.04311696	0.48139872	0.57856356	0.57871616	0.31283310	0.31249300	0.57851796	0.57877910	0.31293919	0.31253499	59958	11789	0
59958	12121	0.00105422	0.04304097	0.48258708	0.04303152	0.48367820	0.57889233	0.57901789	0.31302391	0.31299580	0.57884763	0.57907936	0.31337182	0.31291848	59958	12119	0
59958	12124	-0.00033244	0.04323605	0.47969941	0.04313625	0.48385937	0.57887015	0.57882265	0.31317740	0.31288323	0.57877450	0.57894796	0.31321224	0.31286145	59958	12122	0
59958	12127	0.00116092	0.04304103	0.48397498	0.04313176	0.47949490	0.57880014	0.57890967	0.31288627	0.31282563	0.57881632	0.57892265	0.31329096	0.31289580	59958	12126	0
59958	12131	0.00044912	0.04334672	0.48101320	0.04322683	0.48314859	0.57879710	0.57900507	0.31325300	0.31287855	0.57898453	0.57905791	0.31292012	0.31291281	59958	12129	0
59958	12134	0.00008676	0.04319180	0.48045331	0.04326865	0.48154039	0.57899135	0.57890030	0.31311282	0.31286285	0.57897861	0.57898206	0.31301840	0.31288290	59958	12132	0
59958	12464	0.00001965	0.04297869	0.48194751	0.04288624	0.48214883	0.57870547	0.57892035	0.31348267	0.31308471	0.57894312	0.57903227	0.31350535	0.31316130	59958	12462	0
59958	12467	0.00113697	0.04285610	0.48430476	0.04290801	0.48095281	0.57909752	0.57903030	0.31322104	0.31318184	0.57910573	0.57899653	0.31346237	0.31312868	59958	12466	0
59958	12471	0.00065363	0.04274843	0.48194004	0.04288716	0.48339005	0.57904525	0.57908363	0.31321882	0.31312637	0.57884500	0.57907385	0.31343296	0.31321471	59958	12469	0
59958	12474	0.00140555	0.04294072	0.48323238	0.04291924	0.48097664	0.57897993	0.57913425	0.31334125	0.31318110	0.57898913	0.57906851	0.31325999	0.31316574	59958	12472	0
59958	12477	0.00124754	0.04301109	0.48125088	0.04289100	0.48172489	0.57906966	0.57912192	0.31326138	0.31320263	0.57897557	0.57911329	0.31352409	0.31323188	59958	12476	0
59958	12808	0.00118450	0.04294018	0.48348925	0.04288091	0.48367837	0.57839331	0.57862363	0.31283417	0.31244558	0.57841426	0.57857564	0.31250976	0.31247056	59958	12806	0
59958	12811	-0.00032397	0.04281995	0.47965470	0.04307091	0.48418012	0.57835559	0.57856776	0.31264592	0.31245125	0.57850226	0.57850136	0.31286244	0.31241296	59958	12809	0
59958	12814	0.00037807	0.04291386	0.48275831	0.04303532	0.48065218	0.57839240	0.57844507	0.31255380	0.31243318	0.57820768	0.57846208	0.31270327	0.31235117	59958	12812	0
59958	12817	0.00093697	0.04289817	0.48348829	0.04287800	0.48181160	0.57843628	0.57850958	0.31267476	0.31244254	0.57844688	0.57860375	0.31278775	0.31243046	59958	12816	0
59958	12821	0.00101370	0.04285307	0.48226931	0.04294127	0.48203914	0.57870301	0.57863423	0.31266071	0.31244575	0.57851517	0.57865773	0.31257320	0.31243342	59958	12819	0
59958	13151	-0.00018219	0.04276663	0.48084062	0.04264879	0.48442826	0.57786963	0.57798664	0.31204500	0.31183447	0.57778491	0.57808311	0.31228247	0.31194524	59958	13149	0
59958	13154	-0.00061548	0.04271437	0.48321543	0.04294563	0.48451531	0.57795706	0.57806199	0.31219611	0.31188690	0.57804572	0.57802320	0.31197984	0.31187540	59958	13153	0
59958	13157	0.00069948	0.04293850	0.48569096	0.04285721	0.48174610	0.57797719	0.57823496	0.31232405	0.31190350	0.57811663	0.57818927	0.31215724	0.31195896	59958	13156	0
59958	13161	0.00131682	0.04308699	0.48315710	0.04324314	0.48130508	0.57809141	0.57818196	0.31202733	0.31194738	0.57792427	0.57817580	0.31227286	0.31193711	59958	13159	0
59958	13164	0.00054641	0.04291725	0.48013201	0.04282724	0.48244324	0.57787423	0.57803520	0.31212857	0.31183349	0.57791400	0.57800956	0.31206307	0.31184869	59958	13162	0
59958	13494	-0.00043625	0.04281777	0.48161199	0.04280942	0.48455998	0.57831574	0.57836027	0.31265594	0.31240861	0.57831146	0.57854894	0.31273039	0.31253564	59958	13493	0
59958	13498	0.00084784	0.04277635	0.48445668	0.04285222	0.48060441	0.57834384	0.57846028	0.31269686	0.31251789	0.57843431	0.57844622	0.31278101	0.31248577	59958	13496	0
59958	13501	0.00020310	0.04290509	0.48210573	0.04270394	0.48403994	0.57817169	0.57834367	0.31279374	0.31244468	0.57808237	0.57830694	0.31266745	0.31240803	59958	13499	0
59958	13504	0.00073508	0.04273187	0.48370459	0.04298821	0.48210864	0.57811343	0.57834203	0.31280960	0.31246350	0.57826545	0.57833488	0.31253178	0.31246333	59958	13503	0
59958	13507	0.00032501	0.04280146	0.48107723	0.04285440	0.48230745	0.57818188	0.57838829	0.31269423	0.31240770	0.57853735	0.57858255	0.31272940	0.31260754	59958	13506	0
59958	13838	0.00126029	0.04275571	0.48276503	0.04267442	0.47995919	0.57833800	0.57829445	0.31252233	0.31236029	0.57804260	0.57822987	0.31262291	0.31234525	59958	13836	0
59958	13841	0.00090363	0.04278280	0.48156531	0.04277794	0.48263530	0.57822066	0.57833340	0.31273310	0.31231099	0.57824293	0.57816355	0.31243728	0.31227401	59958	13840	0
59958	13844	0.00105622	0.04273064	0.48194364	0.04277924	0.48148587	0.57808853	0.57824137	0.31273179	0.31238445	0.57815279	0.57836471	0.31272825	0.31241666	59958	13843	0
59958	13848	0.00093728	0.04273907	0.48149654	0.04280040	0.48185335	0.57833694	0.57832469	0.31246161	0.31237656	0.57830152	0.57853973	0.31277016	0.31246103	59958	13846	0
59958	13851	0.00074797	0.04277550	0.48124885	0.04277959	0.48181678	0.57820719	0.57838246	0.31239529	0.31229817	0.57813989	0.57825370	0.31266794	0.31232331	59958	13849	0
59958	14181	0.00057678	0.04268968	0.48293209	0.04303256	0.48344567	0.57821927	0.57845058	0.31269013	0.31240573	0.57836241	0.57844351	0.31236547	0.31240220	59958	14180	0
59958	14185	0.00083231	0.04297926	0.48194240	0.04288223	0.48117579	0.57832510	0.57843907	0.31272521	0.31241723	0.57821795	0.57845345	0.31253975	0.31238248	59958	14183	0
59958	14188	0.00071178	0.04277953	0.48307877	0.04273542	0.48344036	0.57832231	0.57844696	0.31256161	0.31244435	0.57820867	0.57843373	0.31271782	0.31245240	59958	14186	0
59958	14191	0.00050871	0.04281970	0.48299413	0.04262483	0.48360333	0.57848016	0.57853357	0.31250089	0.31242200	0.57840095	0.57849117	0.31266128	0.31249209	59958	14189	0
59958	14194	0.00080952	0.04256896	0.48237849	0.04267207	0.48147607	0.57838657	0.57848074	0.31260368	0.31247845	0.57832535	0.57852601	0.31280451	0.31247434	59958	14193	0
59958	14525	0.00033032	0.04291935	0.48179447	0.04304184	0.48323206	0.57826964	0.57834006	0.31229718	0.31218494	0.57824014	0.57831763	0.31224139	0.31216513	59958	14523	0
59958	14528	0.00071703	0.04311239	0.48310276	0.04314126	0.48194263	0.57823907	0.57843176	0.31228025	0.31221567	0.57810924	0.57830242	0.31238050	0.31217647	59958	14526	0
59958	14531	0.00020085	0.04304224	0.48236240	0.04298379	0.48391093	0.57816076	0.57842716	0.31245816	0.31228461	0.57832831	0.57831910	0.31252044	0.31222577	59958	14530	0
59958	14535	0.00044118	0.04289267	0.48333621	0.04292704	0.48261522	0.57825131	0.57821097	0.31247525	0.31222126	0.57827835	0.57842847	0.31265455	0.31222816	59958	14533	0
59958	14538	0.00063318	0.04291382	0.48208486	0.04297965	0.48150888	0.57851771	0.57862996	0.31270073	0.31239431	0.57843834	0.57846825	0.31254082	0.31236810	59958	14536	0
59958	14868	0.00043079	0.04284600	0.48266733	0.04304726	0.48327449	0.57815098	0.57837186	0.31279317	0.31237968	0.57841089	0.57849512	0.31267336	0.31251921	59958	14867	0
59958	14871	0.00039918	0.04280394	0.48370695	0.04303840	0.48380178	0.57847178	0.57848024	0.31268528	0.31249587	0.57836931	0.57842905	0.31251042	0.31247640	59958	14870	0
59958	14875	0.00081957	0.04282142	0.48272416	0.04305733	0.48146300	0.57843686	0.57847022	0.31266301	0.31240836	0.57836175	0.57849503	0.31246079	0.31238297	59958	14873	0
59958	14878	0.00016291	0.04285422	0.48208046	0.04314619	0.48405045	0.57833242	0.57842823	0.31251321	0.31236358	0.57824712	0.57847433	0.31238330	0.31240359	59958	14876	0
59958	14881	0.00141953	0.04287465	0.48516039	0.04298031	0.48139051	0.57825838	0.57851171	0.31272291	0.31245848	0.57817613	0.57824844	0.31245659	0.31223038	59958	14880	0
59958	15212	0.00068042	0.04284752	0.48100168	0.04276710	0.48321903	0.57866028	0.57883925	0.31315275	0.31284946	0.57878362	0.57890170	0.31292530	0.31292653	59958	15210	0
59958	15215	0.00039900	0.04285574	0.48153318	0.04294625	0.48237743	0.57873062	0.57886037	0.31280287	0.31280796	0.57865354	0.57875149	0.31284066	0.31272398	59958	15213	0
59958	15218	0.00095457	0.04279481	0.48215724	0.04271993	0.48049053	0.57877343	0.57880671	0.31308915	0.31284190	0.57875042	0.57875305	0.31294560	0.31284297	59958	15217	0
59958	15221	-0.00044882	0.04278743	0.48078990	0.04266268	0.48500006	0.57865297	0.57881148	0.31320460	0.31295513	0.57875897	0.57883251	0.31288479	0.31287427	59958	15220	0
59958	15225	0.00097267	0.04270569	0.48515067	0.04279538	0.48088621	0.57871731	0.57878863	0.31294223	0.31285233	0.57882725	0.57889225	0.31310320	0.31295069	59958	15223	0
59958	15555	0.00024423	0.04292880	0.48172781	0.04280238	0.48391312	0.57860925	0.57890162	0.31307559	0.31269251	0.57877023	0.57888371	0.31280048	0.31274428	59958	15553	0
59958	15558	0.00037071	0.04279827	0.48231181	0.04296436	0.48193239	0.57869397	0.57892775	0.31298874	0.31277123	0.57874032	0.57889168	0.31307001	0.31272258	59958	15557	0
59958	15562	0.00068798	0.04297405	0.48273324	0.04288981	0.48178143	0.57890934	0.57898913	0.31301889	0.31279572	0.57875568	0.57884262	0.31291248	0.31275118	59958	15560	0
59958	15565	0.00105506	0.04286562	0.48361952	0.04297281	0.48251828	0.57875765	0.57891362	0.31314560	0.31279448	0.57886538	0.57894665	0.31320616	0.31278569	59958	15563	0
59958	15568	0.00157459	0.04308804	0.48366609	0.04300511	0.48210749	0.57889233	0.57893194	0.31281388	0.31269210	0.57880564	0.57908141	0.31297863	0.31288274	59958	15566	0
59958	15898	0.00009244	0.04318495	0.48000270	0.04317495	0.48444914	0.57858731	0.57874582	0.31262800	0.31244567	0.57845765	0.57870030	0.31280114	0.31250154	59958	15897	0
59958	15902	0.00091563	0.04291883	0.48215791	0.04316225	0.47968835	0.57845477	0.57872331	0.31266884	0.31244714	0.57857548	0.57868616	0.31269612	0.31233991	59958	15900	0
59958	15905	0.00071912	0.04301221	0.48211629	0.04303084	0.48270581	0.57851426	0.57880885	0.31280303	0.31249283	0.57859241	0.57880071	0.31281338	0.31248240	59958	15903	0
59958	15908	0.00009327	0.04312577	0.48210408	0.04302201	0.48398164	0.57876069	0.57870367	0.31257361	0.31246415	0.57861344	0.57882816	0.31266605	0.31250631	59958	15907	0
59958	15912	0.00074949	0.04294845	0.48330121	0.04282782	0.48133254	0.57863086	0.57886686	0.31267534	0.31254049	0.57868280	0.57876776	0.31248741	0.31241608	59958	15910	0
59958	16242	0.00094405	0.04296622	0.48346429	0.04296356	0.48288062	0.57922759	0.57929415	0.31329458	0.31323114	0.57911124	0.57921864	0.31335325	0.31316072	59958	16240	0
59958	16245	0.00052325	0.04296744	0.48062563	0.04305532	0.48188803	0.57925520	0.57925512	0.31333739	0.31316549	0.57903046	0.57918100	0.31338867	0.31313706	59958	16244	0
59958	16248	0.00046929	0.04305362	0.48353473	0.04288982	0.48369662	0.57915438	0.57923737	0.31341176	0.31318348	0.57922579	0.57919259	0.31334257	0.31317535	59958	16247	0
59958	16252	0.00064022	0.04291816	0.48201667	0.04295283	0.48150387	0.57917977	0.57907451	0.31341011	0.31320740	0.57911658	0.57897122	0.31325086	0.31313640	59958	16250	0
59958	16255	0.00072273	0.04297817	0.48301947	0.04276467	0.48277195	0.57895881	0.57912176	0.31323747	0.31312432	0.57899119	0.57919325	0.31346451	0.31315629	59958	16253	0
59958	16585	0.00109429	0.04287927	0.48214206	0.04292419	0.48102738	0.57925816	0.57937041	0.31354619	0.31336582	0.57925339	0.57931552	0.31356813	0.31333279	59958	16584	0
59958	16589	0.00117681	0.04288593	0.48151357	0.04286432	0.48126600	0.57904049	0.57919259	0.31354742	0.31326122	0.57909472	0.57932998	0.31362729	0.31336993	59958	16587	0
59958	16592	0.00055560	0.04287565	0.48220621	0.04291021	0.48406986	0.57917287	0.57919522	0.31362113	0.31329976	0.57937747	0.57936088	0.31348966	0.31324955	59958	16590	0
59958	16595	0.00161217	0.04300032	0.48241897	0.04294675	0.47924926	0.57919661	0.57928618	0.31340905	0.31326640	0.57900557	0.57925397	0.31362286	0.31326927	59958	16594	0
59958	16598	0.00132952	0.04275726	0.48226756	0.04277323	0.48311551	0.57907541	0.57921642	0.31339195	0.31323402	0.57919357	0.57926202	0.31345095	0.31325999	59958	16597	0
59958	16929	0.00188771	0.04274164	0.48348211	0.04293603	0.48180751	0.57857326	0.57854138	0.31255964	0.31246185	0.57847942	0.57865642	0.31282982	0.31248281	59958	16927	0
59958	16932	-0.00016463	0.04290437	0.47925419	0.04273570	0.48541121	0.57848435	0.57865313	0.31256580	0.31240820	0.57858526	0.57878140	0.31263762	0.31249127	59958	16930	0
59958	16935	-0.00035743	0.04278820	0.48266643	0.04291500	0.48324485	0.57867244	0.57885807	0.31260491	0.31251872	0.57861640	0.57878042	0.31268027	0.31253679	59958	16934	0
59958	16939	0.00028359	0.04305468	0.48428058	0.04292589	0.48235751	0.57847030	0.57876341	0.31278923	0.31249612	0.57862823	0.57886670	0.31263540	0.31262570	59958	16937	0
59958	16942	0.00016000	0.04292261	0.48043482	0.04291206	0.48080560	0.57866373	0.57871024	0.31266145	0.31260919	0.57865149	0.57890129	0.31291873	0.31259021	59958	16940	0
59958	17272	0.00157213	0.04284428	0.48592271	0.04281945	0.48168633	0.57812953	0.57829881	0.31199134	0.31198986	0.57812625	0.57811992	0.31197597	0.31191607	59958	17271	0
59958	17276	0.00061097	0.04277069	0.48086403	0.04290299	0.48374752	0.57810020	0.57830653	0.31210564	0.31196817	0.57813052	0.57824433	0.31212626	0.31197301	59958	17274	0
59958	17279	0.00158268	0.04294574	0.48393177	0.04319283	0.48101662	0.57797185	0.57831812	0.31214631	0.31191665	0.57814334	0.57823825	0.31215379	0.31201722	59958	17277	0
59958	17282	0.00098332	0.04299231	0.48026016	0.04293866	0.48205825	0.57817498	0.57819059	0.31199422	0.31187351	0.57814096	0.57822420	0.31198230	0.31191533	59958	17281	0
59958	17285	0.00108021	0.04284477	0.48229726	0.04279992	0.48200658	0.57817744	0.57825797	0.31225182	0.31198904	0.57814038	0.57831730	0.31212700	0.31195206	59958	17284	0
59958	17616	0.00036407	0.04285670	0.48136491	0.04300320	0.48351333	0.57872035	0.57887450	0.31289712	0.31272250	0.57857384	0.57875979	0.31279021	0.31268339	59958	17614	0
59958	17619	0.00007817	0.04289163	0.48172538	0.04287584	0.48258307	0.57871755	0.57873678	0.31290385	0.31266211	0.57857310	0.57860917	0.31264658	0.31263556	59958	17618	0
59958	17622	0.00062335	0.04269056	0.48397065	0.04266532	0.48233512	0.57853686	0.57870260	0.31270336	0.31260623	0.57836956	0.57860777	0.31312383	0.31263376	59958	17621	0
59958	17626	0.00100617	0.04287524	0.48429961	0.04282215	0.48315114	0.57855839	0.57854450	0.31279785	0.31263195	0.57843809	0.57866989	0.31308061	0.31265553	59958	17624	0
59958	17629	0.00045107	0.04277372	0.48193228	0.04268221	0.48359757	0.57841418	0.57861591	0.31304379	0.31268142	0.57852585	0.57862150	0.31266967	0.31266424	59958	17627	0
59958	17959	-0.00035250	0.04296420	0.48106520	0.04294645	0.48347593	0.57811022	0.57824490	0.31239045	0.31204040	0.57808261	0.57833907	0.31238190	0.31204968	59958	17958	0
59958	17963	0.00110873	0.04289645	0.48507805	0.04271877	0.48069436	0.57802411	0.57803035	0.31205174	0.31199602	0.57805303	0.57815065	0.31217220	0.31200284	59958	17961	0
59958	17966	0.00030410	0.04274729	0.48184448	0.04279550	0.48425838	0.57788968	0.57809741	0.31214229	0.31199643	0.57819650	0.57820694	0.31214796	0.31193119	59958	17964	0
59958	17969	0.00119182	0.04282908	0.48514237	0.04278090	0.48247923	0.57812559	0.57812518	0.31216735	0.31198403	0.57829067	0.57836972	0.31225437	0.31212799	59958	17967	0
59958	17972	0.00090946	0.04263548	0.48229609	0.04269269	0.48314316	0.57828492	0.57836035	0.31222660	0.31211747	0.57823973	0.57844203	0.31230860	0.31209677	59958	17971	0
59958	18303	0.00096046	0.04261006	0.48253329	0.04264130	0.48238029	0.57762073	0.57777233	0.31146454	0.31138573	0.57798278	0.57781556	0.31159042	0.31145911	59958	18301	0
59958	18306	-0.00024215	0.04281886	0.48071576	0.04283555	0.48432358	0.57782361	0.57794876	0.31153266	0.31147070	0.57779132	0.57783240	0.31149691	0.31140767	59958	18304	0
59958	18309	-0.00016736	0.04296648	0.48394981	0.04287541	0.48372545	0.57780151	0.57790767	0.31165969	0.31151220	0.57787719	0.57797768	0.31175773	0.31153636	59958	18308	0
59958	18313	0.00029162	0.04269322	0.48272252	0.04260745	0.48134557	0.57788475	0.57788902	0.31172782	0.31149059	0.57770931	0.57786765	0.31167991	0.31147423	59958	18311	0
59958	18316	0.00062791	0.04274479	0.48394139	0.04279126	0.48293251	0.57776494	0.57791614	0.31190794	0.31153627	0.57763042	0.57774136	0.31157152	0.31137004	59958	18314	0
59958	18646	0.00093970	0.04301250	0.48224582	0.04292617	0.48131045	0.57825419	0.57854130	0.31274066	0.31248930	0.57837942	0.57859249	0.31273335	0.31244345	59958	18645	0
59958	18649	0.00107230	0.04285484	0.48268491	0.04292800	0.48228713	0.57846611	0.57869167	0.31290821	0.31255052	0.57851426	0.57854368	0.31275915	0.31246473	59958	18648	0
59958	18653	0.00098818	0.04279784	0.48222746	0.04290279	0.48247982	0.57832231	0.57840834	0.31255594	0.31238248	0.57825657	0.57858633	0.31269054	0.31249867	59958	18651	0
59958	18656	0.00073741	0.04274068	0.48175201	0.04286219	0.48250429	0.57829831	0.57835156	0.31275512	0.31233728	0.57830645	0.57835099	0.31251765	0.31240384	59958	18654	0
59958	18659	0.00115909	0.04283592	0.48236941	0.04271625	0.48110438	0.57823447	0.57853554	0.31260311	0.31244756	0.57828993	0.57854877	0.31278347	0.31244994	59958	18658	0
59958	18990	0.00083828	0.04265695	0.48254983	0.04272152	0.48351226	0.57883473	0.57895692	0.31306401	0.31290394	0.57887278	0.57900302	0.31307691	0.31281872	59958	18988	0
59958	18993	0.00114036	0.04278017	0.48345745	0.04268566	0.48255121	0.57880523	0.57891690	0.31313484	0.31287756	0.57859438	0.57891657	0.31309022	0.31279481	59958	18991	0
59958	18996	0.00068728	0.04272725	0.48276232	0.04277855	0.48412156	0.57859775	0.57883153	0.31309918	0.31277706	0.57877023	0.57880203	0.31290287	0.31277271	59958	18995	0
59958	18999	0.00126836	0.04274120	0.48316626	0.04278154	0.48142302	0.57865724	0.57875765	0.31285480	0.31272669	0.57872561	0.57880770	0.31283853	0.31272193	59958	18998	0
59958	19003	0.00192575	0.04271791	0.48349767	0.04252096	0.48152550	0.57886094	0.57891674	0.31287690	0.31283483	0.57876193	0.57890589	0.31318127	0.31277830	59958	19001	0
59958	19333	0.00032415	0.04290728	0.48102044	0.04285975	0.48582526	0.57876382	0.57882019	0.31282941	0.31256703	0.57871197	0.57886702	0.31292579	0.31260245	59958	19331	0
59958	19336	0.00047765	0.04288259	0.48212681	0.04284214	0.48166630	0.57874360	0.57882413	0.31275019	0.31253762	0.57864491	0.57883613	0.31290747	0.31258034	59958	19335	0
59958	19340	0.00082093	0.04275301	0.48289395	0.04282962	0.48186412	0.57876045	0.57878502	0.31258445	0.31253737	0.57876998	0.57890638	0.31293500	0.31265266	59958	19338	0
59958	19343	0.00080341	0.04292596	0.48254135	0.04278863	0.48259389	0.57891485	0.57889463	0.31280533	0.31254172	0.57885840	0.57903038	0.31296105	0.31265430	59958	19341	0
59958	19346	0.00033095	0.04276152	0.48116973	0.04271591	0.48258712	0.57884196	0.57897787	0.31306894	0.31266893	0.57877885	0.57896703	0.31300616	0.31276219	59958	19345	0
59958	19677	0.00163166	0.04281541	0.48506459	0.04294818	0.48116246	0.57844064	0.57866907	0.31234213	0.31219110	0.57845387	0.57844277	0.31248839	0.31204064	59958	19675	0
59958	19680	-0.00040559	0.04280380	0.47864236	0.04258620	0.48475412	0.57846315	0.57859693	0.31238141	0.31212709	0.57828320	0.57833751	0.31231567	0.31199208	59958	19678	0
59958	19683	0.00041985	0.04286905	0.48350283	0.04284503	0.48102650	0.57824581	0.57843957	0.31245142	0.31200777	0.57817087	0.57839939	0.31244312	0.31203579	59958	19681	0
59958	19686	0.00114443	0.04269124	0.48263168	0.04273264	0.48045795	0.57840021	0.57841327	0.31253375	0.31209668	0.57845107	0.57865601	0.31244452	0.31215593	59958	19685	0
59958	19690	0.00115905	0.04280197	0.48362062	0.04299373	0.48357674	0.57839437	0.57854697	0.31257188	0.31220367	0.57860416	0.57879997	0.31257895	0.31220786	59958	19688	0
59958	20020	0.00024648	0.04276613	0.48121158	0.04292532	0.48394928	0.57841286	0.57861394	0.31220268	0.31212388	0.57830555	0.57844376	0.31247804	0.31202215	59958	20018	0
59958	20023	0.00063332	0.04299686	0.48244897	0.04288581	0.48128846	0.57827005	0.57835148	0.31225922	0.31201057	0.57814991	0.57843102	0.31238420	0.31202544	59958	20022	0
59958	20027	-0.00034754	0.04290377	0.48087306	0.04293391	0.48381565	0.57836775	0.57845469	0.31221115	0.31200917	0.57839117	0.57839232	0.31225338	0.31201188	59958	20025	0
59958	20030	0.00095726	0.04276515	0.48509542	0.04269041	0.48118102	0.57862133	0.57863645	0.31271897	0.31219570	0.57858715	0.57851673	0.31230178	0.31202955	59958	20028	0
59958	20033	0.00111244	0.04266103	0.48232968	0.04266151	0.48186415	0.57823406	0.57830735	0.31208132	0.31192158	0.57821524	0.57850876	0.31240540	0.31203629	59958	20031	0
59958	20363	0.00063850	0.04285161	0.48268728	0.04289875	0.48410909	0.57920968	0.57921765	0.31361053	0.31311495	0.57908083	0.57932209	0.31347174	0.31318020	59958	20362	0
59958	20367	0.00040452	0.04272979	0.48190732	0.04248973	0.48260926	0.57921190	0.57924707	0.31336673	0.31317034	0.57913597	0.57928593	0.31352844	0.31322630	59958	20365	0
59958	20370	0.00021066	0.04254284	0.48218881	0.04278736	0.48277041	0.57919226	0.57913868	0.31344315	0.31315316	0.57919505	0.57921494	0.31320140	0.31315152	59958	20368	0
59958	20373	0.00088551	0.04286188	0.48417448	0.04281383	0.48214992	0.57904780	0.57936770	0.31347018	0.31315933	0.57913367	0.57933992	0.31339434	0.31315234	59958	20372	0
59958	20377	-0.00058614	0.04279493	0.48224999	0.04266433	0.48666494	0.57909423	0.57937723	0.31353008	0.31312531	0.57932225	0.57939876	0.31331907	0.31320148	59958	20375	0
59958	20707	0.00120427	0.04286376	0.48475174	0.04296972	0.47938052	0.57902940	0.57927648	0.31310854	0.31295587	0.57917303	0.57911247	0.31298068	0.31282916	59958	20705	0
59958	20710	0.00049132	0.04281837	0.48045793	0.04263066	0.48259678	0.57910664	0.57916588	0.31295965	0.31286729	0.57894320	0.57901880	0.31286285	0.31287362	59958	20709	0
59958	20713	0.00075476	0.04269290	0.48326558	0.04280736	0.48247524	0.57884722	0.57904616	0.31316302	0.31283039	0.57900713	0.57906695	0.31296433	0.31291881	59958	20712	0
59958	20717	0.00088427	0.04301286	0.48279219	0.04293527	0.48240366	0.57907451	0.57908379	0.31299285	0.31282990	0.57937246	0.57938865	0.31307724	0.31301207	59958	20715	0
59958	20720	0.00068482	0.04275788	0.48384537	0.04269592	0.48444372	0.57909078	0.57923926	0.31310526	0.31291865	0.57902151	0.57919234	0.31330691	0.31294642	59958	20718	0
59958	21050	-0.00110513	0.04295056	0.47978085	0.04285005	0.48515072	0.57831746	0.57842609	0.31237377	0.31197827	0.57864664	0.57864475	0.31225897	0.31219644	59958	21049	0
59958	21054	0.00029069	0.04259373	0.48440270	0.04254281	0.48021523	0.57832601	0.57852305	0.31241921	0.31204902	0.57846356	0.57862602	0.31204902	0.31208682	59958	21052	0
59958	21057	0.00013050	0.04275651	0.48111906	0.04279178	0.48159963	0.57836011	0.57860679	0.31223342	0.31200646	0.57848410	0.57864376	0.31217064	0.31196669	59958	21055	0
59958	21060	0.00030496	0.04259100	0.48324770	0.04263755	0.48272432	0.57844532	0.57883761	0.31249702	0.31222158	0.57862174	0.57870104	0.31228395	0.31217795	59958	21059	0
59958	21063	0.00095501	0.04273027	0.48382636	0.04286769	0.48187620	0.57837260	0.57859405	0.31245397	0.31209685	0.57845592	0.57872437	0.31229924	0.31207326	59958	21062	0
59958	21394	0.00019524	0.04253865	0.48066141	0.04254270	0.48294073	0.57800217	0.57810036	0.31221600	0.31177761	0.57823940	0.57826619	0.31186011	0.31183998	59958	21392	0
59958	21397	0.00101432	0.04257834	0.48544811	0.04269207	0.48299086	0.57819355	0.57848041	0.31192388	0.31186488	0.57799954	0.57816544	0.31211682	0.31180793	59958	21395	0
59958	21400	0.00001925	0.04268478	0.48084835	0.04271606	0.48383356	0.57806347	0.57814646	0.31183078	0.31182593	0.57812436	0.57822420	0.31198633	0.31182445	59958	21399	0
59958	21404	0.00055968	0.04274599	0.48284193	0.04279724	0.48122063	0.57818862	0.57837572	0.31189487	0.31181664	0.57805920	0.57813241	0.31177112	0.31172173	59958	21402	0
59958	21407	0.00076807	0.04274738	0.48148622	0.04268692	0.48086106	0.57806117	0.57825600	0.31209734	0.31170957	0.57816832	0.57827810	0.31177079	0.31174869	59958	21405	0
59958	21737	-0.00002726	0.04295020	0.48142763	0.04303583	0.48381361	0.57860827	0.57874418	0.31249817	0.31234583	0.57861615	0.57861007	0.31242521	0.31232898	59958	21736	0
59958	21740	0.00015080	0.04273402	0.48347001	0.04275819	0.48293584	0.57847005	0.57848739	0.31242759	0.31228634	0.57847244	0.57857729	0.31248059	0.31224024	59958	21739	0
59958	21744	0.00050979	0.04270167	0.48308013	0.04281665	0.48200317	0.57836479	0.57848156	0.31230712	0.31225281	0.57848747	0.57856011	0.31247919	0.31220959	59958	21742	0
59958	21747	0.00008341	0.04292991	0.48232785	0.04278477	0.48360697	0.57839593	0.57841270	0.31216283	0.31210112	0.57812699	0.57835600	0.31237467	0.31201410	59958	21745	0
59958	21750	0.00033697	0.04282250	0.48397268	0.04294005	0.48321202	0.57824696	0.57842018	0.31249308	0.31216965	0.57826849	0.57843258	0.31243827	0.31213259	59958	21749	0
59958	22081	0.00029192	0.04257690	0.48298376	0.04265751	0.48311890	0.57804457	0.57819486	0.31231945	0.31202084	0.57799699	0.57821475	0.31202536	0.31190580	59958	22079	0
59958	22084	0.00006034	0.04290648	0.48223872	0.04277460	0.48293347	0.57819010	0.57827177	0.31202996	0.31190539	0.57810299	0.57829544	0.31201665	0.31190835	59958	22082	0
59958	22087	0.00047317	0.04256153	0.48299021	0.04290820	0.48175171	0.57823619	0.57839511	0.31225273	0.31198288	0.57833291	0.57831204	0.31213062	0.31190489	59958	22086	0
59958	22090	0.00081273	0.04284027	0.48213727	0.04277303	0.48111859	0.57829445	0.57838229	0.31218913	0.31197992	0.57828352	0.57837260	0.31198879	0.31195231	59958	22089	0
59958	22094	-0.00011954	0.04266292	0.48057224	0.04276993	0.48336904	0.57811844	0.57821943	0.31222660	0.31195231	0.57827646	0.57831343	0.31201558	0.31195502	59958	22092	0
59958	22424	-0.00028823	0.04270546	0.48157626	0.04296348	0.48208235	0.57794670	0.57804802	0.31150373	0.31155484	0.57798171	0.57805566	0.31151524	0.31146051	59958	22422	0
59958	22427	0.00138435	0.04266199	0.48465416	0.04260803	0.47963640	0.57809305	0.57801597	0.31164342	0.31153890	0.57785319	0.57805616	0.31183562	0.31158311	59958	22426	0
59958	22431	0.00124964	0.04245510	0.48261133	0.04254243	0.48301548	0.57787226	0.57806848	0.31157604	0.31159766	0.57795122	0.57817218	0.31198797	0.31163513	59958	22429	0
59958	22434	0.00057851	0.04275825	0.48259936	0.04267598	0.48461275	0.57792813	0.57809354	0.31186069	0.31152625	0.57810990	0.57807703	0.31164145	0.31160037	59958	22432	0
59958	22437	0.00061062	0.04261759	0.48276370	0.04261224	0.48266735	0.57793430	0.57811326	0.31194171	0.31164589	0.57799165	0.57821130	0.31199857	0.31164523	59958	22436	0
59958	22768	0.00075331	0.04275752	0.48258000	0.04287759	0.48215194	0.57836438	0.57836956	0.31213719	0.31203382	0.57833784	0.57834934	0.31215486	0.31205289	59958	22766	0
59958	22771	0.00108062	0.04293451	0.48364661	0.04277126	0.48266467	0.57821121	0.57848813	0.31213826	0.31217762	0.57809494	0.57834795	0.31237681	0.31208321	59958	22769	0
59958	22774	0.00107736	0.04268840	0.48163865	0.04280727	0.48164844	0.57832732	0.57833899	0.31218600	0.31204902	0.57839257	0.57850079	0.31225396	0.31207959	59958	22772	0
59958	22777	0.00137992	0.04291516	0.48359221	0.04277502	0.48268452	0.57818410	0.57832387	0.31215535	0.31203916	0.57827251	0.57836644	0.31206990	0.31212207	59958	22776	0
59958	22781	0.00047536	0.04261618	0.48029530	0.04267392	0.48300897	0.57835411	0.57831836	0.31221550	0.31206234	0.57808689	0.57830251	0.31232052	0.31198304	59958	22779	0
59958	23111	0.00079720	0.04269178	0.48338929	0.04270464	0.48242377	0.57857014	0.57875617	0.31291035	0.31266432	0.57862519	0.57869044	0.31264929	0.31258692	59958	23109	0
59958	23114	0.00062490	0.04271328	0.48187262	0.04264523	0.48238954	0.57864508	0.57867022	0.31288109	0.31257459	0.57838755	0.57854491	0.31286984	0.31248946	59958	23113	0
59958	23118	0.00065197	0.04259256	0.48340446	0.04250791	0.48332324	0.57859216	0.57872996	0.31272686	0.31249283	0.57852716	0.57876571	0.31283360	0.31252340	59958	23116	0
59958	23121	0.00086054	0.04247306	0.48229134	0.04263515	0.48166564	0.57874032	0.57892282	0.31295842	0.31267090	0.57857819	0.57870350	0.31277953	0.31251395	59958	23119	0
59958	23124	0.00046664	0.04276185	0.48263991	0.04287309	0.48382159	0.57877277	0.57872643	0.31263951	0.31253121	0.57868797	0.57888905	0.31272037	0.31261929	59958	23122	0
59958	23454	0.00159443	0.04275435	0.48494566	0.04274594	0.48156229	0.57884352	0.57896883	0.31281240	0.31255931	0.57882816	0.57900096	0.31280319	0.31254534	59958	23453	0
59958	23458	0.00039496	0.04270218	0.48255023	0.04281992	0.48614863	0.57881476	0.57881016	0.31261453	0.31252291	0.57899291	0.57897467	0.31260368	0.31257426	59958	23456	0
59958	23461	0.00081142	0.04286822	0.48543641	0.04292840	0.48418706	0.57869701	0.57891033	0.31271215	0.31255290	0.57872380	0.57882536	0.31245306	0.31237179	59958	23459	0
59958	23464	0.00102645	0.04280644	0.48410062	0.04273890	0.48345552	0.57902110	0.57896382	0.31267944	0.31261716	0.57888116	0.57899135	0.31284864	0.31260122	59958	23463	0
59958	23467	0.00100756	0.04272245	0.48236967	0.04287686	0.48242634	0.57874755	0.57888272	0.31277254	0.31253047	0.57867499	0.57903071	0.31281026	0.31253515	59958	23466	0
59958	23800	0.00090418	0.04268403	0.48285818	0.04258112	0.48316831	0.57862717	0.57877910	0.31243342	0.31243449	0.57842683	0.57869759	0.31269078	0.31233728	59958	23799	0
59958	23803	0.00096724	0.04258179	0.48266175	0.04261393	0.48247259	0.57850268	0.57871303	0.31252167	0.31231822	0.57846044	0.57878880	0.31270360	0.31234870	59958	23802	0
59958	23807	0.00088488	0.04249185	0.48212683	0.04262135	0.48237389	0.57849265	0.57866800	0.31262694	0.31231715	0.57864984	0.57873161	0.31237097	0.31237073	59958	23805	0
59958	23810	-0.00008133	0.04276120	0.48117459	0.04273697	0.48407324	0.57850383	0.57866003	0.31241304	0.31232044	0.57855288	0.57872076	0.31237829	0.31221789	59958	23808	0
59958	23813	0.00003809	0.04292133	0.48337903	0.04286472	0.48302076	0.57852207	0.57872848	0.31249908	0.31222035	0.57851895	0.57869709	0.31255997	0.31226924	59958	23812	0
59958	24144	0.00194794	0.04283550	0.48708366	0.04276739	0.48135412	0.57863308	0.57879356	0.31248839	0.31244641	0.57848920	0.57868608	0.31280040	0.31248445	59958	24142	0
59958	24147	0.00073714	0.04263787	0.48068043	0.04258804	0.48431282	0.57857589	0.57856455	0.31278684	0.31242159	0.57869611	0.57872865	0.31276523	0.31249357	59958	24145	0
59958	24150	0.00104870	0.04264402	0.48289825	0.04270597	0.48196357	0.57866127	0.57870408	0.31262044	0.31249028	0.57868403	0.57873350	0.31253244	0.31247484	59958	24148	0
59958	24153	0.00019611	0.04271414	0.48171166	0.04267921	0.48426944	0.57878091	0.57872577	0.31262948	0.31252619	0.57850087	0.57868370	0.31280632	0.31242340	59958	24152	0
59958	24157	-0.00066173	0.04257338	0.48161564	0.04258484	0.48418915	0.57849125	0.57873259	0.31273146	0.31244172	0.57859512	0.57879890	0.31278643	0.31247517	59958	24155	0
59958	24487	0.00057868	0.04285983	0.48547781	0.04270842	0.48175658	0.57890211	0.57907130	0.31301183	0.31264189	0.57903235	0.57909300	0.31310509	0.31266194	59958	24485	0
59958	24490	0.00089535	0.04258632	0.48338725	0.04261180	0.48243724	0.57897779	0.57905816	0.31280426	0.31273631	0.57895240	0.57909028	0.31293565	0.31276211	59958	24489	0
59958	24494	0.00099044	0.04276789	0.48242836	0.04273442	0.48214310	0.57898289	0.57909127	0.31302703	0.31269555	0.57882618	0.57913145	0.31302062	0.31265857	59958	24492	0
59958	24497	0.00070949	0.04258789	0.48219415	0.04260336	0.48303700	0.57896103	0.57915216	0.31293393	0.31273072	0.57886620	0.57903235	0.31306721	0.31270459	59958	24495	0
59958	24500	-0.00011750	0.04273531	0.48136054	0.04265306	0.48384151	0.57889209	0.57909932	0.31304346	0.31273540	0.57894246	0.57908075	0.31311372	0.31274904	59958	24498	0
59958	24831	-0.00007527	0.04282740	0.48300060	0.04271360	0.48287393	0.57878715	0.57881460	0.31278553	0.31258437	0.57895330	0.57899932	0.31275266	0.31268709	59958	24829	0
59958	24834	0.00070865	0.04286672	0.48478078	0.04276536	0.48242902	0.57879636	0.57893736	0.31291667	0.31259218	0.57884919	0.57889151	0.31267575	0.31257640	59958	24832	0
59958	24837	-0.00001950	0.04296910	0.48142979	0.04282140	0.48361423	0.57871205	0.57883243	0.31262685	0.31252282	0.57887730	0.57889718	0.31263441	0.31248157	59958	24835	0
59958	24840	0.00109339	0.04316901	0.48402972	0.04292518	0.48069106	0.57881082	0.57891173	0.31282587	0.31253975	0.57868370	0.57881739	0.31290648	0.31246925	59958	24839	0
59958	24844	0.00147738	0.04275260	0.48403527	0.04299707	0.48288330	0.57864820	0.57878148	0.31272308	0.31251214	0.57869381	0.57891929	0.31291051	0.31254797	59958	24842	0
59958	25174	0.00053519	0.04259243	0.48167627	0.04284039	0.48450282	0.57863053	0.57897648	0.31286597	0.31259801	0.57882093	0.57899718	0.31263417	0.31247360	59958	25172	0
59958	25177	0.00061495	0.04273997	0.48446344	0.04281409	0.48422418	0.57861361	0.57888822	0.31278068	0.31238708	0.57875913	0.57892676	0.31282045	0.31242898	59958	25176	0
59958	25180	0.00006098	0.04261597	0.48135227	0.04289990	0.48301419	0.57878313	0.57886916	0.31281437	0.31243465	0.57865634	0.57889439	0.31263803	0.31231485	59958	25179	0
59958	25184	0.00072239	0.04272905	0.48435940	0.04289987	0.48237516	0.57873941	0.57883153	0.31265652	0.31243112	0.57853119	0.57871854	0.31271716	0.31233966	59958	25182	0
59958	25187	0.00110477	0.04265710	0.48228456	0.04265155	0.48113741	0.57852182	0.57875782	0.31273442	0.31238124	0.57864680	0.57874541	0.31243055	0.31231879	59958	25185	0
59958	25517	0.00081677	0.04303291	0.48324986	0.04311285	0.48411386	0.57825476	0.57832305	0.31158155	0.31140069	0.57815336	0.57830834	0.31168517	0.31142616	59958	25516	0
59958	25521	0.00005357	0.04307401	0.48046849	0.04305334	0.48275809	0.57824696	0.57823685	0.31152271	0.31140513	0.57815871	0.57825337	0.31152929	0.31140003	59958	25519	0
59958	25524	0.00158389	0.04304162	0.48675831	0.04300637	0.48216736	0.57836085	0.57839068	0.31177309	0.31157506	0.57814843	0.57827983	0.31162329	0.31146010	59958	25522	0
59958	25527	-0.00023623	0.04315085	0.48047120	0.04307111	0.48593156	0.57815788	0.57819478	0.31143134	0.31134679	0.57817752	0.57823923	0.31168813	0.31146889	59958	25526	0
59958	25530	0.00023755	0.04307032	0.48552615	0.04304526	0.48410480	0.57816840	0.57837999	0.31173291	0.31145008	0.57817769	0.57827342	0.31164384	0.31153249	59958	25529	0
