% File initiated 12/12/2022 11:58:01 UTC
% Raw fountain data
%
% File notes: maser 5 MHz RF amplitudes 2300 uwave leak  no water cooling
%
%% fountain_code = ALPHA-CsF1
%% microwave_ref = ALPHA HM1
%% MJD_start = 59925.498629
%% clock_data = True
%% sequence = 2
%% density = LD
%
% Units: V.s, Hz
%
% Shot B MJD days	Shot B MJD seconds	freq error	shot A sum	shot A ratio	shot B sum	shot B ratio	shot A F=3 bg 1	shot A F=3 bg 2	shot A F=4 bg 1	shot A F=4 bg 2	shot B F=3 bg 1	shot B F=3 bg 2	shot B F=4 bg 1	shot B F=4 bg 2	Shot A MJD days	Shot A MJD seconds	Shot order (0=LF->HF)
59925	43087	0.00026507	0.00588748	0.50982802	0.00589107	0.50903282	0.61883830	0.61806145	0.31530228	0.31511665	0.61856220	0.61822801	0.31521567	0.31531592	59925	43085	0
59925	43591	0.00001732	0.00589144	0.51016900	0.00589379	0.51091223	0.61914069	0.61861257	0.31606853	0.31592711	0.61914447	0.61854618	0.31604651	0.31597222	59925	43589	0
59925	44094	-0.00011231	0.00589482	0.50956348	0.00587848	0.50995238	0.61926937	0.61864840	0.31621446	0.31606105	0.61932771	0.61863304	0.31612128	0.31603163	59925	44093	0
59925	44598	0.00066627	0.00584906	0.51050230	0.00586295	0.50816655	0.61963413	0.61888275	0.31663765	0.31646336	0.61969773	0.61894422	0.31665860	0.31660429	59925	44596	0
59925	45101	0.00181832	0.00578924	0.51047483	0.00583205	0.50701868	0.61951564	0.61882655	0.31626467	0.31612975	0.61956248	0.61890839	0.31626278	0.31611331	59925	45100	0
59925	45605	0.00050628	0.00580787	0.50849244	0.00586312	0.51242856	0.61999478	0.61924562	0.31623854	0.31607132	0.61994794	0.61930799	0.31623353	0.31611315	59925	45603	0
59925	46108	0.00046359	0.00577500	0.51068677	0.00577788	0.51081486	0.61925269	0.61875679	0.31564189	0.31558988	0.61934234	0.61870190	0.31558437	0.31555874	59925	46107	0
59925	46612	0.00117308	0.00577445	0.51176189	0.00580204	0.50963341	0.61945401	0.61890050	0.31577937	0.31570484	0.61957037	0.61895449	0.31586532	0.31581256	59925	46610	0
59925	47115	0.00056721	0.00586254	0.50988974	0.00586844	0.51170736	0.61903198	0.61837493	0.31492018	0.31483143	0.61913461	0.61832736	0.31497778	0.31479643	59925	47114	0
59925	47619	-0.00010380	0.00586974	0.50680170	0.00583491	0.50881473	0.61812743	0.61756226	0.31457161	0.31448459	0.61822333	0.61760285	0.31450308	0.31450653	59925	47617	0
59925	48123	0.00006667	0.00588461	0.50949490	0.00586453	0.50898347	0.61818315	0.61765117	0.31440266	0.31443266	0.61826992	0.61763399	0.31450028	0.31441302	59925	48121	0
59925	48626	0.00027936	0.00590937	0.51017902	0.00589978	0.50954096	0.61880223	0.61816992	0.31494401	0.31484014	0.61884290	0.61818610	0.31499734	0.31487893	59925	48624	0
59925	49130	0.00056555	0.00587838	0.51219584	0.00584548	0.51133725	0.62008599	0.61946215	0.31588035	0.31569687	0.62020457	0.61947628	0.31584773	0.31580755	59925	49128	0
59925	49633	0.00041418	0.00579791	0.51164287	0.00580863	0.51209699	0.62064353	0.62003307	0.31599326	0.31594018	0.62079020	0.62007613	0.31604683	0.31590468	59925	49632	0
59925	50137	0.00143354	0.00582370	0.51126903	0.00584727	0.50821094	0.62055659	0.61990661	0.31652261	0.31636632	0.62051115	0.61981803	0.31643772	0.31631841	59925	50135	0
59925	50640	0.00068177	0.00586526	0.50967164	0.00591375	0.51192696	0.62070203	0.61991376	0.31677118	0.31653263	0.62058847	0.61991335	0.31666920	0.31660494	59925	50639	0
59925	51144	0.00046039	0.00577438	0.51070727	0.00574655	0.51137142	0.62218161	0.62164947	0.31563647	0.31553967	0.62221933	0.62156993	0.31569613	0.31555528	59925	51142	0
59925	51647	0.00016965	0.00576137	0.51192123	0.00577336	0.51279344	0.62134116	0.62063169	0.31493489	0.31470842	0.62121281	0.62075446	0.31484179	0.31482568	59925	51646	0
59925	52151	-0.00011525	0.00579371	0.51133814	0.00579733	0.51219285	0.62058987	0.61993858	0.31516193	0.31501854	0.62073901	0.62007120	0.31513933	0.31504640	59925	52149	0
59925	52654	-0.00004370	0.00582804	0.51270555	0.00579596	0.51249090	0.62276363	0.62214365	0.31583056	0.31566622	0.62276881	0.62217635	0.31587468	0.31574740	59925	52653	0
59925	53158	0.00045859	0.00582792	0.51507482	0.00584617	0.51356794	0.62273948	0.62208309	0.31557985	0.31547262	0.62266495	0.62207159	0.31555249	0.31545569	59925	53156	0
59925	53662	-0.00127159	0.00579182	0.51115826	0.00578853	0.51634882	0.62112275	0.62058091	0.31554805	0.31546473	0.62156837	0.62052832	0.31583228	0.31550779	59925	53660	0
59925	54165	0.00045171	0.00581944	0.51982902	0.00578232	0.51465909	0.62433254	0.62372381	0.31523169	0.31519110	0.62438324	0.62366588	0.31536374	0.31514615	59925	54163	0
59925	54669	0.00075387	0.00578559	0.51451758	0.00579286	0.51361111	0.62240167	0.62173583	0.31517253	0.31499233	0.62248327	0.62181102	0.31516620	0.31505354	59925	54667	0
59925	55172	0.00106798	0.00577580	0.51399134	0.00577439	0.51304901	0.62296783	0.62228038	0.31572078	0.31555947	0.62279223	0.62221777	0.31567542	0.31556095	59925	55171	0
59925	55676	0.00185905	0.00576994	0.51511550	0.00577834	0.51274230	0.62334524	0.62268565	0.31524254	0.31512142	0.62326965	0.62260348	0.31522380	0.31512972	59925	55674	0
59925	56179	0.00049877	0.00576612	0.51117978	0.00580532	0.51526063	0.62326546	0.62273718	0.31526900	0.31517631	0.62338288	0.62258918	0.31527138	0.31505650	59925	56178	0
59925	56683	0.00101951	0.00577259	0.51251983	0.00575945	0.51095759	0.62130517	0.62072849	0.31512298	0.31509151	0.62130649	0.62063465	0.31511871	0.31500917	59925	56681	0
59925	57186	0.00057390	0.00576681	0.51111887	0.00576444	0.51245572	0.62120262	0.62069340	0.31527672	0.31524065	0.62119564	0.62057993	0.31529628	0.31511501	59925	57185	0
59925	57690	0.00095038	0.00578387	0.51220105	0.00576590	0.51107160	0.62138332	0.62072496	0.31582160	0.31564156	0.62133903	0.62087418	0.31576926	0.31574617	59925	57688	0
59925	58194	0.00056883	0.00581386	0.51084317	0.00578832	0.51198781	0.62071091	0.62002420	0.31633887	0.31621372	0.62069957	0.62007490	0.31635268	0.31618916	59925	58192	0
59925	58697	0.00059433	0.00581729	0.51211825	0.00579624	0.51204176	0.61997901	0.61942287	0.31610698	0.31605242	0.62008312	0.61934842	0.31611356	0.31602029	59925	58695	0
59925	59201	0.00128326	0.00585124	0.50977626	0.00581768	0.50770948	0.62023694	0.61972123	0.31598315	0.31595045	0.62031131	0.61974975	0.31608833	0.31595891	59925	59199	0
59925	59704	0.00056701	0.00582547	0.51078885	0.00586083	0.51293758	0.62061855	0.61989807	0.31601191	0.31586400	0.62061805	0.61990439	0.31600312	0.31588011	59925	59703	0
59925	60208	0.00035300	0.00579268	0.51235158	0.00579078	0.51299362	0.62126803	0.62060704	0.31581002	0.31571757	0.62125299	0.62060269	0.31582407	0.31575874	59925	60206	0
59925	60711	0.00043940	0.00577810	0.51264215	0.00571975	0.51238294	0.62204759	0.62135497	0.31487137	0.31476783	0.62182162	0.62120344	0.31491509	0.31480982	59925	60710	0
59925	61215	0.00052276	0.00576094	0.51177948	0.00574079	0.51152940	0.62125587	0.62068790	0.31462543	0.31449831	0.62136080	0.62066703	0.31462814	0.31455657	59925	61213	0
59925	61718	0.00111219	0.00576772	0.51426111	0.00576257	0.51249284	0.62135258	0.62067598	0.31490662	0.31482067	0.62164331	0.62083696	0.31507351	0.31485946	59925	61717	0
59925	62222	0.00087533	0.00573737	0.51153943	0.00574440	0.51224999	0.62088782	0.62030473	0.31502454	0.31493801	0.62097271	0.62026792	0.31505609	0.31488961	59925	62220	0
59925	62725	0.00012164	0.00574064	0.51097775	0.00573852	0.51323883	0.62076941	0.62011097	0.31524410	0.31517401	0.62070598	0.62012511	0.31523991	0.31520614	59925	62724	0
59925	63229	0.00063988	0.00577895	0.51203114	0.00577346	0.51047642	0.62113631	0.62048296	0.31612087	0.31610855	0.62111659	0.62049964	0.31609638	0.31606902	59925	63227	0
59925	63733	0.00096083	0.00577963	0.51154888	0.00580170	0.51058605	0.62135439	0.62078207	0.31644422	0.31641151	0.62151668	0.62082373	0.31653403	0.31641159	59925	63731	0
59925	64236	0.00125767	0.00582144	0.51156786	0.00577503	0.51067733	0.62094740	0.62041164	0.31635941	0.31634117	0.62097846	0.62031665	0.31644035	0.31635013	59925	64235	0
59925	64740	0.00031143	0.00584383	0.51014272	0.00584837	0.51298144	0.62025083	0.61962969	0.31598504	0.31594363	0.62024401	0.61971096	0.31612301	0.31609351	59925	64738	0
59925	65243	0.00049836	0.00586906	0.51055443	0.00585603	0.50999362	0.61901809	0.61842342	0.31541000	0.31534114	0.61896747	0.61846023	0.31544123	0.31536695	59925	65242	0
59925	65747	0.00069199	0.00583038	0.51110871	0.00580864	0.51052784	0.61878834	0.61815603	0.31507754	0.31500227	0.61887536	0.61829761	0.31528888	0.31522857	59925	65745	0
59925	66250	0.00018388	0.00585455	0.50858333	0.00583582	0.51010764	0.61884816	0.61816310	0.31538552	0.31533490	0.61889886	0.61820780	0.31540253	0.31527705	59925	66249	0
59925	66754	0.00043570	0.00589953	0.51057430	0.00586653	0.50981886	0.61883953	0.61821297	0.31541641	0.31529800	0.61873074	0.61822341	0.31535799	0.31533326	59925	66752	0
59925	67258	0.00037794	0.00583602	0.50853456	0.00586388	0.50870785	0.61943881	0.61888185	0.31613237	0.31600526	0.61946954	0.61894356	0.31611758	0.31600213	59925	67256	0
59925	67761	0.00124634	0.00586575	0.51085848	0.00587483	0.50825325	0.61960874	0.61887339	0.31572694	0.31570812	0.61953355	0.61884348	0.31578536	0.31568503	59925	67759	0
59925	68265	0.00022906	0.00587183	0.50985253	0.00586267	0.51290437	0.61905318	0.61860921	0.31491057	0.31489413	0.61898210	0.61839433	0.31487285	0.31483012	59925	68263	0
59925	68768	0.00102648	0.00588656	0.51156469	0.00586356	0.50917246	0.61783186	0.61718271	0.31430315	0.31421605	0.61771773	0.61724877	0.31424629	0.31413980	59925	68767	0
59925	69272	0.00150299	0.00575907	0.51121971	0.00580097	0.50979016	0.61924595	0.61848439	0.31484697	0.31458895	0.61907536	0.61827288	0.31457547	0.31449437	59925	69270	0
59925	69775	0.00124780	0.00576116	0.51474573	0.00579318	0.51551132	0.62347697	0.62271671	0.31566572	0.31552940	0.62339989	0.62269658	0.31564198	0.31557427	59925	69774	0
59925	70279	0.00081292	0.00578486	0.51518703	0.00582739	0.51649166	0.62548212	0.62484307	0.31564682	0.31549481	0.62561942	0.62481743	0.31568536	0.31556325	59925	70277	0
59925	70782	0.00082847	0.00581253	0.51730739	0.00579330	0.51726073	0.62675273	0.62616808	0.31617510	0.31609983	0.62681436	0.62623818	0.31621093	0.31614339	59925	70781	0
59925	71286	0.00142898	0.00577898	0.51598511	0.00576530	0.51418358	0.62645889	0.62576684	0.31578298	0.31563893	0.62642290	0.62566602	0.31577205	0.31559136	59925	71284	0
59925	71789	0.00119188	0.00581929	0.51231515	0.00581064	0.51302643	0.62295000	0.62243906	0.31549308	0.31541625	0.62310802	0.62241950	0.31560722	0.31549941	59925	71788	0
59925	72293	0.00080321	0.00581876	0.51093262	0.00579288	0.51209866	0.62159581	0.62101083	0.31490991	0.31479659	0.62162129	0.62090804	0.31482059	0.31480851	59925	72291	0
59925	72797	-0.00010954	0.00574009	0.50911868	0.00574702	0.51185691	0.62193535	0.62121347	0.31611537	0.31601684	0.62186123	0.62135300	0.31615464	0.31613451	59925	72795	0
59925	73300	0.00063445	0.00578226	0.51230706	0.00579138	0.51007509	0.61960258	0.61895038	0.31555849	0.31553762	0.61974966	0.61905647	0.31563992	0.31550393	59925	73299	0
59925	73804	0.00079964	0.00576036	0.51004918	0.00578565	0.50955362	0.61890404	0.61821429	0.31565175	0.31549785	0.61891365	0.61824330	0.31560837	0.31542200	59925	73802	0
59925	74307	0.00073273	0.00580246	0.50991680	0.00580365	0.51011752	0.61902844	0.61835201	0.31587378	0.31582283	0.61897314	0.61827427	0.31593952	0.31586236	59925	74306	0
59925	74811	0.00005464	0.00582206	0.50905379	0.00584524	0.51108806	0.61936822	0.61879311	0.31643756	0.31635309	0.61945968	0.61868028	0.31644791	0.31624446	59925	74809	0
59925	75314	0.00096434	0.00580458	0.51194602	0.00580425	0.50921692	0.61892655	0.61824223	0.31591248	0.31579005	0.61893855	0.61832070	0.31598767	0.31584272	59925	75313	0
59925	75818	-0.00015750	0.00584683	0.50758474	0.00580337	0.51095027	0.61867683	0.61802110	0.31530425	0.31519200	0.61858948	0.61783762	0.31526078	0.31509923	59925	75816	0
59925	76321	0.00056651	0.00588140	0.51234913	0.00587562	0.51017708	0.61817961	0.61750605	0.31516669	0.31501698	0.61815406	0.61755651	0.31504853	0.31505716	59925	76320	0
59925	76825	-0.00022891	0.00590617	0.50791201	0.00588243	0.51029828	0.61819769	0.61756546	0.31528519	0.31520836	0.61837707	0.61771091	0.31534073	0.31525125	59925	76823	0
59925	77329	0.00025313	0.00583799	0.50974581	0.00586929	0.50829969	0.61813039	0.61743596	0.31522348	0.31509241	0.61815381	0.61741797	0.31526941	0.31521288	59925	77327	0
59925	77832	0.00023121	0.00588219	0.51078065	0.00590636	0.51084643	0.61784057	0.61718065	0.31452403	0.31446133	0.61794772	0.61724927	0.31465230	0.31452099	59925	77830	0
59925	78336	0.00083974	0.00586077	0.51056964	0.00588058	0.50874405	0.61750646	0.61688007	0.31430726	0.31420134	0.61747549	0.61687226	0.31426544	0.31425664	59925	78334	0
59925	78839	0.00077309	0.00589036	0.51169281	0.00586968	0.51189276	0.61796087	0.61742889	0.31463850	0.31459264	0.61795159	0.61720991	0.31467679	0.31464893	59925	78838	0
59925	79343	-0.00020500	0.00593498	0.50899091	0.00589728	0.51192517	0.61839022	0.61772011	0.31505593	0.31508345	0.61839959	0.61763539	0.31517072	0.31507631	59925	79341	0
59925	79846	0.00044709	0.00589099	0.51089342	0.00588571	0.50893717	0.61799629	0.61748239	0.31482346	0.31481418	0.61786909	0.61740671	0.31477490	0.31476184	59925	79845	0
59925	80350	0.00026179	0.00588314	0.51020037	0.00589093	0.51075628	0.61719043	0.61650586	0.31381842	0.31373864	0.61712806	0.61650742	0.31379525	0.31368687	59925	80348	0
59925	80853	0.00086219	0.00586981	0.51175559	0.00587466	0.50995437	0.61744705	0.61670381	0.31405836	0.31384850	0.61727112	0.61669913	0.31397348	0.31397069	59925	80852	0
59925	81357	0.00040700	0.00592453	0.50777071	0.00591035	0.50913628	0.61812998	0.61735929	0.31480851	0.31464129	0.61804173	0.61743473	0.31478468	0.31464663	59925	81355	0
59925	81860	0.00006420	0.00588336	0.50979804	0.00586247	0.51082644	0.61878538	0.61811519	0.31553638	0.31528486	0.61886599	0.61822793	0.31556367	0.31543178	59925	81859	0
59925	82364	0.00022142	0.00585010	0.51092040	0.00583516	0.51044874	0.61906649	0.61844799	0.31447777	0.31434514	0.61902697	0.61846491	0.31447136	0.31442970	59925	82362	0
59925	82868	0.00033108	0.00574659	0.51351450	0.00578004	0.51318551	0.62290086	0.62221637	0.31508600	0.31494434	0.62278935	0.62217718	0.31505757	0.31495017	59925	82866	0
59925	83371	0.00037575	0.00581528	0.51691091	0.00580677	0.51677692	0.62564071	0.62511136	0.31605111	0.31589835	0.62577851	0.62525754	0.31605045	0.31605472	59925	83369	0
59925	83875	0.00102710	0.00583206	0.51667768	0.00582105	0.51472361	0.62567752	0.62509640	0.31499455	0.31495609	0.62542747	0.62494176	0.31495091	0.31484721	59925	83873	0
59925	84378	0.00085586	0.00578640	0.51440622	0.00580350	0.51491994	0.62461857	0.62395981	0.31578939	0.31569259	0.62439112	0.62400163	0.31573162	0.31562710	59925	84377	0
59925	84882	0.00005703	0.00583684	0.51049161	0.00583934	0.51288811	0.62246067	0.62160896	0.31575784	0.31560237	0.62262197	0.62174068	0.31589999	0.31565405	59925	84880	0
59925	85385	0.00041473	0.00583311	0.51434043	0.00585885	0.51326734	0.62230438	0.62143098	0.31548215	0.31529381	0.62206214	0.62140000	0.31537968	0.31524969	59925	85384	0
59925	85889	0.00043199	0.00581321	0.51228845	0.00582882	0.51223667	0.62071247	0.62003225	0.31604281	0.31602580	0.62071345	0.62027014	0.31609367	0.31608028	59925	85887	0
59925	86392	0.00002231	0.00582579	0.51025988	0.00581995	0.51148893	0.61973767	0.61919961	0.31608488	0.31595152	0.61975418	0.61911152	0.31600649	0.31588422	59925	86391	0
59926	496	-0.00028985	0.00579965	0.50892103	0.00577167	0.50985751	0.61954235	0.61877018	0.31593763	0.31576326	0.61952320	0.61878916	0.31587411	0.31575151	59926	494	0
59926	1000	-0.00011161	0.00581378	0.51265755	0.00577631	0.51212283	0.61918852	0.61864298	0.31525618	0.31509874	0.61927627	0.61870198	0.31522726	0.31513342	59926	998	0
59926	1503	0.00137972	0.00587725	0.51289222	0.00581028	0.50841820	0.61898563	0.61829104	0.31508444	0.31500720	0.61904521	0.61832621	0.31506267	0.31497252	59926	1501	0
59926	2007	0.00027158	0.00584451	0.50960558	0.00587138	0.51293001	0.61826137	0.61765519	0.31501205	0.31497006	0.61828792	0.61786703	0.31499882	0.31499791	59926	2005	0
59926	2510	0.00040115	0.00587909	0.51113993	0.00592947	0.51075122	0.61824691	0.61745445	0.31515733	0.31497860	0.61817854	0.61754056	0.31502388	0.31493530	59926	2509	0
59926	3014	0.00093932	0.00590120	0.51126168	0.00589852	0.50964719	0.61891143	0.61826992	0.31592785	0.31578421	0.61894710	0.61842752	0.31590336	0.31583237	59926	3012	0
59926	3517	0.00048240	0.00587608	0.51027863	0.00583924	0.51164938	0.61875481	0.61810812	0.31570188	0.31563121	0.61876204	0.61812234	0.31578216	0.31565307	59926	3516	0
59926	4021	0.00039073	0.00586564	0.51155493	0.00584348	0.51182993	0.61850477	0.61750967	0.31540401	0.31510885	0.61804518	0.61757401	0.31519734	0.31512651	59926	4019	0
59926	4525	0.00040941	0.00579272	0.51097750	0.00586291	0.51092148	0.61846943	0.61781379	0.31522701	0.31516982	0.61858266	0.61786547	0.31535429	0.31528083	59926	4523	0
59926	5028	-0.00035244	0.00590363	0.50887693	0.00590022	0.51116245	0.61887980	0.61828981	0.31530335	0.31520523	0.61880001	0.61815455	0.31525823	0.31509553	59926	5026	0
59926	5532	0.00096101	0.00590244	0.51208681	0.00590767	0.50814646	0.61770557	0.61718008	0.31443619	0.31437735	0.61774213	0.61722264	0.31441384	0.31439206	59926	5530	0
59926	6035	0.00172648	0.00590082	0.51135265	0.00590577	0.50905626	0.61759998	0.61707063	0.31442526	0.31451146	0.61756538	0.61696775	0.31446043	0.31447654	59926	6034	0
59926	6539	0.00077543	0.00584115	0.50861428	0.00584018	0.51146743	0.61842374	0.61781773	0.31502446	0.31497367	0.61853870	0.61776711	0.31515338	0.31494541	59926	6537	0
59926	7042	0.00132185	0.00581575	0.51507021	0.00581869	0.51343094	0.62165629	0.62086761	0.31503810	0.31493867	0.62145111	0.62081600	0.31507023	0.31494187	59926	7041	0
59926	7546	0.00125179	0.00584493	0.51404630	0.00585178	0.51425649	0.62433714	0.62350835	0.31483324	0.31472445	0.62413639	0.62353843	0.31486825	0.31471853	59926	7544	0
59926	8050	0.00052091	0.00581368	0.51604066	0.00581201	0.51823330	0.62565155	0.62498054	0.31544591	0.31533597	0.62554120	0.62484101	0.31536185	0.31526834	59926	8048	0
59926	8553	0.00102699	0.00578109	0.51699755	0.00577268	0.51547930	0.62406901	0.62332561	0.31479791	0.31470193	0.62399062	0.62339019	0.31483234	0.31470497	59926	8551	0
59926	9057	0.00039747	0.00585915	0.51076946	0.00587783	0.51265804	0.62319331	0.62252599	0.31578775	0.31568684	0.62324689	0.62258401	0.31578775	0.31564378	59926	9055	0
59926	9560	0.00033031	0.00584004	0.51333230	0.00583653	0.51353376	0.62228753	0.62158562	0.31512265	0.31499019	0.62225836	0.62158275	0.31520753	0.31497261	59926	9558	0
59926	10064	0.00180461	0.00579430	0.51392142	0.00579671	0.50949853	0.62126745	0.62063178	0.31616204	0.31597608	0.62113278	0.62052849	0.31608504	0.31595332	59926	10062	0
59926	10567	0.00036807	0.00585582	0.50880346	0.00584630	0.51311310	0.61977202	0.61906953	0.31600715	0.31599531	0.61984071	0.61927077	0.31608751	0.31603829	59926	10566	0
59926	11071	0.00110166	0.00582743	0.51409861	0.00582339	0.51189784	0.61953364	0.61894348	0.31624010	0.31611956	0.61968812	0.61899402	0.31623944	0.31620263	59926	11069	0
59926	11574	0.00137514	0.00579432	0.51122010	0.00573895	0.51039967	0.61891990	0.61825102	0.31499381	0.31492174	0.61877314	0.61814231	0.31487679	0.31479405	59926	11573	0
59926	12078	0.00142221	0.00584014	0.51245803	0.00578195	0.51231679	0.61898235	0.61839614	0.31501698	0.31491377	0.61908235	0.61843500	0.31516283	0.31491467	59926	12076	0
59926	12581	0.00051742	0.00591269	0.50962351	0.00587849	0.51233790	0.61891176	0.61802028	0.31544871	0.31526308	0.61874315	0.61801634	0.31539267	0.31531879	59926	12580	0
59926	13085	0.00086727	0.00594024	0.51121284	0.00589103	0.51016329	0.61858020	0.61791264	0.31568249	0.31560738	0.61860354	0.61788371	0.31552817	0.31550138	59926	13083	0
59926	13589	0.00116124	0.00585352	0.51125739	0.00583803	0.51037547	0.61878177	0.61816170	0.31577386	0.31567197	0.61868423	0.61813886	0.31579054	0.31571979	59926	13587	0
59926	14092	-0.00004277	0.00581428	0.50950375	0.00581053	0.51311577	0.61892713	0.61822851	0.31420052	0.31407127	0.61874988	0.61818717	0.31416223	0.31410126	59926	14091	0
59926	14596	0.00052642	0.00577969	0.51538290	0.00577743	0.51367533	0.62295501	0.62224784	0.31513144	0.31506727	0.62297342	0.62228638	0.31515511	0.31502725	59926	14594	0
59926	15099	0.00039421	0.00586702	0.51677941	0.00583603	0.51717603	0.62575410	0.62529731	0.31589326	0.31585644	0.62580176	0.62523535	0.31595776	0.31586729	59926	15098	0
59926	15603	0.00132620	0.00583251	0.51753268	0.00583183	0.51473671	0.62520955	0.62464471	0.31521493	0.31512750	0.62546067	0.62495531	0.31543835	0.31534082	59926	15601	0
59926	16106	0.00100064	0.00573481	0.51576576	0.00574952	0.51674245	0.62531761	0.62471315	0.31537352	0.31527089	0.62525655	0.62451578	0.31543761	0.31528313	59926	16105	0
59926	16610	0.00019954	0.00583313	0.51339966	0.00581720	0.51580295	0.62309725	0.62237200	0.31526949	0.31520178	0.62314129	0.62239789	0.31538700	0.31515010	59926	16608	0
59926	17113	0.00026491	0.00580257	0.51317539	0.00581123	0.51297928	0.62159022	0.62083605	0.31508945	0.31501813	0.62151750	0.62087903	0.31508625	0.31500556	59926	17112	0
59926	17617	0.00123745	0.00584787	0.51314217	0.00581071	0.51022457	0.62091165	0.62038945	0.31509504	0.31502955	0.62100212	0.62024573	0.31514829	0.31499298	59926	17615	0
59926	18121	0.00112771	0.00581469	0.51136365	0.00579800	0.51169286	0.62055774	0.61993545	0.31517828	0.31513013	0.62068026	0.61996528	0.31530236	0.31517713	59926	18119	0
59926	18624	0.00041478	0.00579913	0.51208987	0.00586507	0.51422868	0.61993726	0.61930339	0.31529373	0.31527204	0.61989544	0.61929074	0.31538659	0.31531017	59926	18622	0
59926	19128	0.00079942	0.00587833	0.51208019	0.00582635	0.51092627	0.61829901	0.61777623	0.31526727	0.31521099	0.61835111	0.61778182	0.31524804	0.31527837	59926	19126	0
59926	19631	-0.00002404	0.00583521	0.50791556	0.00585113	0.51038594	0.61932213	0.61868489	0.31596524	0.31587395	0.61925590	0.61859137	0.31585505	0.31577353	59926	19630	0
59926	20135	0.00034395	0.00583558	0.51218812	0.00581972	0.51108415	0.61929887	0.61874766	0.31593755	0.31584642	0.61928498	0.61871619	0.31594700	0.31584781	59926	20133	0
59926	20638	-0.00053648	0.00589548	0.50916852	0.00591509	0.51180980	0.61811807	0.61739471	0.31482387	0.31473759	0.61802669	0.61736160	0.31478345	0.31467991	59926	20637	0
59926	21142	0.00029375	0.00587229	0.51434242	0.00580597	0.51185173	0.61871414	0.61810270	0.31507787	0.31502503	0.61871858	0.61818758	0.31504097	0.31500958	59926	21140	0
59926	21645	0.00117999	0.00581878	0.51478386	0.00589462	0.51212514	0.62259781	0.62187273	0.31572678	0.31553039	0.62245878	0.62179508	0.31563113	0.31552357	59926	21644	0
59926	22149	0.00123214	0.00582051	0.51740789	0.00583253	0.51725143	0.62414929	0.62350926	0.31449979	0.31436536	0.62406556	0.62351123	0.31448426	0.31435090	59926	22147	0
59926	22653	0.00169995	0.00586023	0.51768335	0.00585269	0.51627995	0.62544834	0.62476081	0.31576400	0.31568249	0.62545582	0.62478694	0.31572801	0.31565233	59926	22651	0
59926	23156	0.00095522	0.00588327	0.51591294	0.00585056	0.51814713	0.62661041	0.62587153	0.31639919	0.31631028	0.62653506	0.62594967	0.31639154	0.31631710	59926	23154	0
59926	23660	0.00163456	0.00572887	0.51627123	0.00576413	0.51423320	0.62431150	0.62369069	0.31514171	0.31500950	0.62428225	0.62386646	0.31522167	0.31516431	59926	23658	0
59926	24163	0.00106115	0.00582629	0.51374907	0.00579627	0.51546931	0.62309109	0.62236288	0.31482051	0.31467268	0.62304195	0.62246478	0.31471130	0.31466389	59926	24162	0
59926	24667	0.00091637	0.00578497	0.51376716	0.00577353	0.51420150	0.62118832	0.62045445	0.31534969	0.31517286	0.62108758	0.62045659	0.31533153	0.31522758	59926	24665	0
59926	25170	0.00059734	0.00580361	0.51125565	0.00579098	0.51221274	0.61969223	0.61926526	0.31498756	0.31497022	0.61991951	0.61932648	0.31513925	0.31502183	59926	25169	0
59926	25674	0.00027805	0.00577599	0.51354986	0.00578453	0.51450774	0.62019397	0.61954448	0.31483160	0.31475937	0.62031394	0.61970274	0.31492388	0.31479922	59926	25672	0
59926	26177	0.00130494	0.00592593	0.51493950	0.00589259	0.51185881	0.61965813	0.61893617	0.31590492	0.31578093	0.61974219	0.61911136	0.31597378	0.31590739	59926	26176	0
59926	26681	0.00017226	0.00582751	0.50979773	0.00588215	0.51319578	0.61900223	0.61831133	0.31565652	0.31554608	0.61905647	0.61827584	0.31570352	0.31551132	59926	26679	0
59926	27184	0.00040612	0.00587136	0.51202232	0.00589364	0.51132074	0.61785988	0.61722585	0.31432090	0.31426946	0.61795685	0.61724902	0.31438869	0.31425599	59926	27183	0
59926	27688	0.00113361	0.00592051	0.51148422	0.00591580	0.50930177	0.61729002	0.61673027	0.31448705	0.31444137	0.61727573	0.61677875	0.31456397	0.31443956	59926	27686	0
59926	28192	0.00150776	0.00593542	0.50936682	0.00592144	0.50824437	0.61638490	0.61576015	0.31377454	0.31366986	0.61649173	0.61574824	0.31380528	0.31371029	59926	28190	0
59926	28695	0.00078622	0.00590442	0.50847131	0.00592529	0.51063594	0.61825957	0.61755815	0.31528921	0.31522405	0.61822062	0.61751747	0.31533391	0.31518420	59926	28693	0
59926	29199	0.00183325	0.00598711	0.51354227	0.00590734	0.51040118	0.61941457	0.61876204	0.31542365	0.31526316	0.61943569	0.61877076	0.31538963	0.31529332	59926	29197	0
59926	29702	0.00051851	0.00592887	0.51017825	0.00594246	0.51412246	0.61779127	0.61720465	0.31465871	0.31463809	0.61784074	0.61728172	0.31467334	0.31465493	59926	29701	0
59926	30206	0.00066715	0.00591232	0.51284241	0.00591435	0.51239649	0.61998977	0.61929320	0.31399526	0.31389616	0.61997736	0.61927866	0.31395894	0.31387340	59926	30204	0
59926	30709	0.00054859	0.00588353	0.51436195	0.00585815	0.51471763	0.62303538	0.62253857	0.31440349	0.31440480	0.62317022	0.62259757	0.31456388	0.31443775	59926	30708	0
59926	31213	0.00047226	0.00585258	0.51736726	0.00587392	0.51759625	0.62490659	0.62448833	0.31534377	0.31533441	0.62497035	0.62438907	0.31532931	0.31528313	59926	31211	0
59926	31717	0.00035421	0.00579207	0.51641430	0.00579686	0.51676844	0.62513231	0.62412653	0.31561379	0.31525963	0.62476903	0.62416852	0.31530885	0.31524484	59926	31715	0
59926	32220	-0.00006552	0.00583945	0.51488745	0.00590834	0.51614665	0.62320424	0.62262838	0.31480687	0.31465756	0.62324426	0.62259247	0.31483094	0.31471286	59926	32218	0
59926	32724	-0.00038611	0.00583091	0.51347043	0.00587949	0.51443220	0.62062331	0.61999141	0.31457465	0.31448130	0.62059225	0.61988714	0.31457432	0.31440620	59926	32722	0
59926	33227	0.00029337	0.00581955	0.51334226	0.00580999	0.51130382	0.62014023	0.61945607	0.31497795	0.31487688	0.62014705	0.61937036	0.31495929	0.31486250	59926	33226	0
59926	33731	0.00040573	0.00580519	0.51237054	0.00581689	0.51203347	0.62075183	0.62021155	0.31523580	0.31509077	0.62077114	0.62001007	0.31525445	0.31512766	59926	33729	0
59926	34234	-0.00012265	0.00586937	0.51206224	0.00591125	0.51364738	0.61886443	0.61819975	0.31494458	0.31488279	0.61898399	0.61826967	0.31498773	0.31479413	59926	34233	0
59926	34738	0.00072446	0.00591513	0.51245708	0.00588942	0.50991574	0.61775725	0.61719972	0.31475214	0.31465115	0.61788856	0.61724351	0.31482930	0.31462477	59926	34736	0
59926	35242	0.00150576	0.00584653	0.51341702	0.00585595	0.51107311	0.61801609	0.61732232	0.31433019	0.31429609	0.61778675	0.61728682	0.31431827	0.31420060	59926	35240	0
59926	35745	0.00042633	0.00595009	0.50961579	0.00588944	0.51285407	0.61781255	0.61715863	0.31442953	0.31436363	0.61780130	0.61718328	0.31441063	0.31436881	59926	35744	0
59926	36249	0.00040176	0.00590050	0.51096499	0.00591261	0.51103871	0.61819210	0.61761304	0.31454318	0.31450932	0.61836327	0.61759274	0.31460078	0.31449297	59926	36247	0
59926	36752	-0.00018204	0.00591413	0.51254533	0.00589887	0.51429675	0.62021558	0.61960208	0.31507663	0.31503580	0.62034976	0.61969313	0.31509956	0.31506258	59926	36751	0
59926	37256	0.00062111	0.00589365	0.51273003	0.00591160	0.51032058	0.61745100	0.61681483	0.31414070	0.31406954	0.61757360	0.61684852	0.31410808	0.31409953	59926	37254	0
59926	37759	0.00055266	0.00594770	0.51259720	0.00596244	0.51280255	0.61767886	0.61712987	0.31419937	0.31410520	0.61774542	0.61720604	0.31429222	0.31413791	59926	37758	0
59926	38263	0.00008737	0.00590523	0.51125677	0.00591646	0.51265261	0.61908490	0.61850518	0.31483637	0.31477580	0.61911086	0.61847255	0.31482059	0.31470300	59926	38261	0
59926	38766	0.00044777	0.00594474	0.51245447	0.00594632	0.51137328	0.61821454	0.61750351	0.31381004	0.31374389	0.61824116	0.61756374	0.31385047	0.31374094	59926	38765	0
59926	39270	0.00059456	0.00594086	0.51308391	0.00592785	0.51264355	0.61860206	0.61796531	0.31464548	0.31455969	0.61857190	0.61805627	0.31461927	0.31455600	59926	39268	0
59926	39774	0.00042394	0.00595927	0.51088967	0.00596690	0.51140153	0.61836590	0.61781592	0.31479183	0.31477876	0.61841150	0.61780039	0.31476520	0.31474351	59926	39772	0
59926	40277	0.00047966	0.00599315	0.51131486	0.00597038	0.51114770	0.61881546	0.61798815	0.31518034	0.31488246	0.61858809	0.61792628	0.31504097	0.31492454	59926	40275	0
59926	40781	0.00015120	0.00595047	0.51259742	0.00596308	0.51358279	0.61974063	0.61907232	0.31515470	0.31503966	0.61984991	0.61926387	0.31512314	0.31505658	59926	40779	0
59926	41284	-0.00020195	0.00589375	0.51088805	0.00592272	0.51194748	0.61707013	0.61639140	0.31357405	0.31346139	0.61706331	0.61643191	0.31359582	0.31347388	59926	41283	0
59926	41788	0.00036820	0.00590216	0.51174016	0.00589624	0.51002972	0.61589442	0.61532670	0.31331726	0.31327930	0.61602844	0.61532892	0.31336738	0.31321874	59926	41786	0
59926	42291	0.00099887	0.00589646	0.51401998	0.00586005	0.51212797	0.61882474	0.61818052	0.31473866	0.31456725	0.61886386	0.61817452	0.31474540	0.31469823	59926	42290	0
59926	42795	0.00118169	0.00585618	0.51533069	0.00590392	0.51478223	0.62194553	0.62129876	0.31501838	0.31491640	0.62192573	0.62130575	0.31499783	0.31486940	59926	42793	0
59926	43298	-0.00012216	0.00591792	0.51389277	0.00587764	0.51780432	0.62420501	0.62349176	0.31496192	0.31484779	0.62425628	0.62371617	0.31498279	0.31490153	59926	43297	0
59926	43802	0.00044825	0.00589847	0.51770606	0.00592753	0.51599483	0.62518704	0.62456204	0.31597551	0.31581708	0.62527430	0.62468308	0.31593303	0.31588906	59926	43800	0
59926	44305	0.00023100	0.00586128	0.51401273	0.00587410	0.51466450	0.62417000	0.62370014	0.31610896	0.31603862	0.62427074	0.62377122	0.31620526	0.31609679	59926	44304	0
59926	44809	0.00092330	0.00591092	0.51419113	0.00586277	0.51211422	0.62135899	0.62061197	0.31480013	0.31466939	0.62153361	0.62084296	0.31494532	0.31475485	59926	44807	0
59926	45313	0.00002845	0.00592301	0.51191915	0.00588370	0.51460371	0.61995649	0.61935048	0.31392599	0.31384414	0.62000760	0.61925976	0.31389846	0.31378342	59926	45311	0
59926	45816	0.00064289	0.00587790	0.51337169	0.00587716	0.51152838	0.61959896	0.61898908	0.31519455	0.31511698	0.61970365	0.61904480	0.31514615	0.31513563	59926	45814	0
59926	46320	0.00014778	0.00584980	0.51001354	0.00583551	0.51149885	0.61885046	0.61824831	0.31511756	0.31508567	0.61886698	0.61826162	0.31519595	0.31502832	59926	46318	0
59926	46823	0.00103263	0.00584062	0.51404173	0.00587137	0.51138720	0.61907167	0.61860789	0.31484713	0.31478279	0.61932821	0.61869573	0.31500038	0.31486537	59926	46822	0
59926	47327	-0.00039649	0.00590599	0.51217222	0.00591414	0.51645956	0.61989905	0.61914702	0.31549152	0.31537697	0.61990513	0.61915836	0.31536892	0.31528576	59926	47325	0
59926	47830	0.00076339	0.00596940	0.51259436	0.00595300	0.50911471	0.61821018	0.61759973	0.31514377	0.31513999	0.61823508	0.61756686	0.31510433	0.31504426	59926	47829	0
59926	48334	0.00022401	0.00592608	0.51129455	0.00592622	0.51291269	0.61844897	0.61779365	0.31516982	0.31510318	0.61846417	0.61778905	0.31511386	0.31506694	59926	48332	0
59926	48838	0.00008138	0.00588620	0.51068312	0.00585549	0.51111102	0.61857790	0.61809226	0.31479816	0.31474400	0.61847494	0.61794493	0.31476668	0.31468648	59926	48836	0
59926	49341	0.00061286	0.00597778	0.51220803	0.00593560	0.51061358	0.61834182	0.61773087	0.31495814	0.31489857	0.61835604	0.61771304	0.31486907	0.31486471	59926	49340	0
59926	49845	0.00050807	0.00596679	0.51270920	0.00598769	0.51302358	0.61820122	0.61752701	0.31495790	0.31495921	0.61835053	0.61762109	0.31506119	0.31501246	59926	49843	0
59926	50348	0.00045952	0.00594399	0.51047806	0.00597836	0.51062371	0.61818380	0.61757730	0.31534673	0.31527516	0.61823697	0.61760071	0.31539275	0.31530893	59926	50347	0
59926	50852	0.00115246	0.00596289	0.51182400	0.00591393	0.50974516	0.61823491	0.61751090	0.31537377	0.31528034	0.61822744	0.61774698	0.31545331	0.31544797	59926	50850	0
